0.429116592871, 0.897971797614, 2.09706472532, 0.653537155395, 68.5462119904, 31.8862080799, 0.936864857866, 2.48076321468, 25.6892636368, 48.1248670086, 0.407273482937, 0.111111111111
0.168674349023, 0.859794831921, 2.00669366413, 0.59124754067, 57.5326039754, 1.10180984055, 0.612527081748, 1.22130863355, 14.0834844438, 46.9480474054, 0.0225455076349, 0.466666666667
0.104566224259, 0.86915758897, 2.01821820474, 0.529631050728, 58.1897020681, 7.11768382829, 0.809126445192, 1.19550963573, 14.0264981081, 51.485988446, 0.0353677114465, 0.0
0.150063884141, 0.859465547083, 2.02451462091, 0.579488504032, 57.229431051, 37.7139838474, 0.896490311898, 1.21974346789, 13.6339620634, 61.7100445658, 0.0, 0.0
0.255115986166, 0.968205571889, 2.0242793771, 0.516477953907, 59.3091169629, 1.27253095325, 0.584942878795, 0.989889868269, 14.0118912632, 54.358439711, 0.0209274532841, 0.0
0.269272711445, 1.05010726925, 2.1108318357, 0.531643385997, 77.3669622251, 15.7088324705, 0.951518061628, 1.98954237302, 26.3196096101, 50.716812467, 0.411793164966, 0.0
0.268770556716, 0.866667632334, 2.02413620011, 0.535455617189, 63.3183847873, 1.35170859603, 0.973587363444, 1.62687082211, 13.8996130958, 53.2984131869, 0.0236264908511, 0.0
0.152434718241, 0.867163329447, 2.02430466197, 0.529631050728, 57.229431051, 1.27270406818, 0.813009455591, 1.19292285486, 10.6418799536, 59.1191337101, 0.00425419165371, 0.0
0.165337220042, 0.870812509623, 2.002744597, 0.55171106931, 44.2263205067, 3.40548619652, 0.753393385529, 1.45878568386, 8.34501659599, 29.1574811067, 0.087258479483, 0.571428571429
0.144823470009, 0.868788260156, 2.05774716879, 0.566864418811, 57.23326299, 7.11959414469, 0.813028667007, 1.20302697519, 21.9769981247, 35.3467926661, 0.0569746774482, 0.454545454545
0.395404482411, 1.071657896, 3.95778400685, 0.618746217733, 69.9024675147, 27.8571389644, 0.835214115307, 1.76497694535, 25.646810984, 287.214556951, -2.22044604925e-16, 0.25
0.41929587597, 0.900290383168, 2.05052642157, 0.622133964446, 82.3606435879, 29.1579888478, 0.807019406573, 2.09313683937, 27.4285845236, 47.1445721753, 0.278496286291, 0.4
0.207725390698, 0.970126406519, 2.02428196273, 0.549945545064, 59.3091169629, 1.27253095325, 0.910813653945, 0.996200346114, 14.0246605452, 47.3456235737, 0.0171438441688, 0.384615384615
0.252837574067, 0.859494781901, 2.14193594926, 0.525937727547, 56.7216194601, 13.6806985295, 0.892113922076, 2.56926855891, 22.1484219141, 52.1733165311, 0.210876319398, 0.333333333333
0.207164816751, 0.868960528449, 2.00144291397, 0.653018877856, 57.6631555429, 1.49536274459, 0.880428243352, 2.32439794054, 13.6322389421, 101.169993803, 6.1040496335e-05, 0.0
0.106940013668, 0.893386455289, 2.00243073315, 0.555327684426, 79.3039029346, 1.08130706652, 0.467585290296, 1.45772989649, 14.049366663, 86.9631544642, 0.00201235364381, 0.0
0.131276960074, 0.88513933744, 2.11746026001, 0.545418429274, 68.1599536818, 1.27253095325, 0.486722712844, 1.59843228937, 13.9631114809, 75.104171936, 0.00321194339373, 0.0
0.204437355382, 0.868733638461, 2.00249220482, 0.552059989235, 58.5011100763, 1.08705321438, 0.688907921569, 1.45523754361, 13.9916533639, 74.8309466157, 0.00243284434739, 0.125
0.41929587597, 0.900188648114, 3.89966296921, 0.621703579666, 73.950931785, 28.7206092165, 0.937784732263, 1.62644948554, 21.8751953445, 191.246257843, 0.0, 0.0
0.153342469496, 0.98209353394, 2.02472709949, 0.654266977749, 58.5856545839, 39.2590096872, 0.970961956268, 1.19555717126, 14.0246605452, 52.4164328875, 0.451539730191, 0.0
0.146822460783, 1.06850871355, 2.02272038141, 0.542319157084, 78.4551356417, 6.80293832446, 0.836579802904, 1.76612839675, 13.5508943398, 58.7263246114, 0.058400101351, 0.222222222222
0.343237505872, 0.866691790403, 2.55445117643, 0.528275744281, 63.9957877633, 7.11893837761, 0.892090311533, 1.62658766035, 22.3590267509, 53.5422413574, 0.152864877272, 0.0
0.300583826383, 0.869336014113, 2.05831924132, 0.515713956855, 69.8954176827, 7.1179420324, 0.585705951814, 2.22639472739, 16.1559826311, 61.1524566985, 0.121820145491, 0.0
0.14339662632, 0.858058244908, 2.00644907425, 0.530534298575, 57.5326039754, 1.11916664069, 0.793164868287, 1.19239341916, 14.1008911779, 62.3747906287, 0.0156761720712, 0.0
0.123533276913, 0.885204043529, 2.15092475953, 0.552044171122, 68.4057424883, 1.27224637806, 0.819344172256, 1.20988957492, 13.9671608392, 70.1307978259, 0.00755464790687, 0.0
0.151096951103, 0.897489673821, 2.00669507488, 0.52982289614, 69.9819213133, 1.01776081723, 0.498042691907, 1.35848819167, 13.460561772, 68.6514026228, 0.0110675344201, 0.0
0.129144129556, 0.88380999449, 2.01032481863, 0.529631050728, 56.1732511624, 1.27253095325, 0.941116159826, 1.19292285486, 13.8449799843, 64.987362088, 0.0112832715049, 0.416666666667
0.151125545423, 0.88477731649, 2.02313098905, 0.545377722762, 69.9819213133, 1.25571199905, 0.493762410156, 0.989658740585, 13.4662220218, 74.8038915556, 0.00660517764487, 0.0
0.229096156055, 0.979059074402, 2.10893452133, 0.527698311276, 82.1321297436, 1.08960156328, 0.921041911198, 2.55895970208, 14.0400262948, 60.4907226977, 0.0232789682661, 0.2
0.205082212998, 0.870662443899, 2.00914020783, 0.551624043598, 58.8190516154, 7.11140191733, 0.918380144306, 1.45966208213, 14.0128868111, 60.8033307036, 0.0396585938155, 0.125
0.252174633862, 0.868865966347, 2.02542956978, 0.557286972522, 57.23326299, 7.11893837761, 0.808998578911, 1.19295312714, 22.1177697212, 48.8765751844, 0.18690008531, 0.5
0.168674349023, 0.859794831921, 2.00669366413, 0.591122933641, 69.1061979631, 1.10180984055, 0.584823632436, 1.22130863355, 16.761827159, 53.122101802, 0.0176989006889, 0.529411764706
0.206559422251, 0.868960528449, 2.0059933836, 0.579262970924, 58.4236331675, 1.1440739145, 0.747004628522, 1.2199752419, 13.6322389421, 53.9257807056, 0.021534245904, 0.5
0.152813999917, 0.899874566741, 2.05067708259, 0.537359239242, 57.229431051, 1.05858610574, 0.813252809076, 2.0850125583, 10.5633859528, 51.1943302519, 0.0245140706721, 0.5625
0.269325092194, 0.91548743122, 2.10882324173, 0.531763801173, 36.3973298405, 21.7361144084, 0.414515671236, 2.07110026024, 25.6739143163, 49.6412536781, 0.319136691362, 0.428571428571
0.150236473489, 0.869173276717, 2.25556736146, 0.529631050728, 54.7659801708, 1.27253095325, 0.625173061821, 1.20303313811, 13.4309776596, 52.3428016893, 0.0399433433822, 0.533333333333
0.121920292453, 0.859504414012, 2.25366715696, 0.528327684071, 45.2021978147, 1.02573406483, 0.486559529102, 2.52928177022, 15.3166383383, 110.595250019, 0.00200566185029, 0.0
0.252941707125, 0.868870573907, 2.00136750646, 0.599202241529, 68.2608086733, 2.32425622744, 0.4931148965, 1.20963528312, 14.0838515415, 102.618300453, 0.000766574968542, 0.333333333333
0.150818955502, 0.897489673821, 2.00669507488, 0.52982289614, 69.9819213133, 1.25647539227, 0.49387710125, 1.35848819167, 13.460561772, 78.3615559668, 0.00473613621404, 0.0
0.107984526334, 0.884995571596, 2.00136750646, 0.552044171122, 68.2620282598, 1.27224637806, 0.4931148965, 1.20988957492, 14.0818334875, 84.6375178685, 0.00367257465555, 0.0
0.150062952522, 0.88793456361, 2.01900835158, 0.529631050728, 57.4428166933, 1.27253095325, 0.275710752544, 1.19539559876, 20.5889274331, 97.0558655787, 0.00328649841194, 0.222222222222
0.395977747063, 1.071657896, 3.95778400685, 0.621579790864, 69.9024675147, 28.1484692868, 0.849764314381, 1.76497694535, 25.646810984, 200.955399583, 0.0, 0.0
0.711163349163, 1.07224551414, 2.01398044106, 0.524844481678, 63.4401445969, 30.2053886151, 0.813545325511, 2.5346223763, 21.2326459113, 52.9668045279, 0.612423563846, 0.2
0.20813172107, 0.868616528381, 2.0059933836, 0.54209145345, 58.4236331675, 6.9650897282, 0.969490973551, 1.2199752419, 13.6224486357, 59.7497044358, 0.147325105252, 0.333333333333
0.146989758067, 0.868788260156, 2.05754506311, 0.557946628274, 57.23326299, 13.3465358744, 0.813028667007, 1.20302697519, 21.9769981247, 54.1937906546, 0.155840795474, 0.333333333333
0.429116592871, 0.921295590021, 2.16678604976, 0.524817281801, 70.1648247276, 31.8862080799, 0.938750761354, 3.12238776344, 13.9819224474, 53.8257623035, 0.369233336887, 0.0
0.447379068506, 0.868992006606, 2.00972943027, 0.552223492234, 56.5274968237, 6.18527968109, 0.886731484853, 1.46518037654, 21.6321470074, 56.769929874, 0.225339424192, 0.0
0.145669512556, 0.838953454148, 2.04866951183, 0.496862953481, 78.9575507941, 13.7831282062, 0.888045036268, 2.54313067863, 22.7597124885, 56.0636205143, 0.232223492732, 0.307692307692
0.269183088436, 0.866667632334, 2.01260632576, 0.551542448447, 63.2411206892, 16.7076728254, 0.973587363444, 1.62687082211, 22.1954300734, 59.5537909358, 0.174119864917, 0.0
0.150196233829, 0.859384126156, 2.47856760875, 0.600672679826, 58.7911839989, 38.6700657979, 0.918405281298, 1.21974346789, 13.6339620634, 57.8731889781, 0.21767836739, 0.0
0.268878453857, 0.921418947249, 2.10882324173, 0.531586586158, 45.2645531317, 1.08555632468, 0.414515671236, 2.07110026024, 25.6739143163, 63.4600107025, 0.0158756904924, 0.0
0.207689502626, 0.835784290214, 2.02451462091, 0.529631050728, 69.8970716992, 1.33293523997, 0.819578643421, 1.22004194584, 14.0407288266, 69.3437117551, 0.0123330927805, 0.0
0.168674349023, 0.859747122051, 2.00669507488, 0.59124754067, 57.5326039754, 1.25647539227, 0.612527081748, 1.21986572851, 14.0834844438, 69.1125461926, 0.0140324447124, 0.0
0.131276960074, 0.88513933744, 2.0027443908, 0.545418429274, 68.1415495861, 1.27253095325, 0.486722712844, 1.59843228937, 14.052198259, 72.1042776903, 0.0111887678605, 0.47619047619
0.123533276913, 0.885204043529, 2.00041377915, 0.55219950426, 68.306796988, 1.27224637806, 0.487967007675, 1.20988957492, 13.9671608392, 71.4237155372, 0.0120723652406, 0.473684210526
0.131276960074, 0.88513933744, 2.00032434674, 0.545418429274, 68.3069838375, 1.17935351472, 0.486722712844, 1.59843228937, 12.5164463138, 78.0000795866, 0.0102039883163, 0.166666666667
0.150818955502, 0.893323791829, 2.00669507488, 0.52982289614, 80.825052075, 1.25647539227, 0.466926492969, 1.46284197783, 13.460561772, 77.2403207852, 0.0104908590362, 0.125
0.252109917188, 0.968205571889, 2.0242793771, 0.516477953907, 59.3091169629, 1.25604400009, 0.492812000905, 0.988637115482, 14.0118912632, 61.1120640387, 0.0386546747021, 0.428571428571
0.229325726447, 0.921418970637, 2.08774333254, 0.527690080023, 61.9338036258, 6.52540926952, 0.920853504029, 2.56454951215, 22.258392609, 60.9329408675, 0.132459060026, 0.4
0.207863061573, 0.921818053115, 2.08838437655, 0.527699077764, 70.1542940058, 6.52540926952, 0.920853504029, 2.59790702275, 22.3494544502, 62.6803153099, 0.0725795518528, 0.142857142857
0.204437355382, 0.86889164074, 2.00914020783, 0.552253366929, 59.0002597851, 1.08705321438, 0.688907921569, 1.46536559616, 13.9916533639, 61.5796712045, 0.0383259658621, 0.538461538462
0.133624024351, 0.914208416647, 2.06159405898, 0.601191870203, 58.8400649553, 3.54257315752, 0.624185440183, 2.92416624533, 22.4308168678, 59.8374469686, 0.0513441807309, 0.5
0.134765099974, 0.916570851378, 2.02840249651, 0.602299302383, 58.8400649553, 3.20584794864, 0.624185440183, 2.11264969266, 8.34490372258, 52.1537694339, 0.064017741111, 0.625
0.444949517567, 0.897627375998, 2.00915556813, 0.542728129351, 55.2811694564, 6.38526484365, 0.886731484853, 1.45772412056, 13.998215057, 54.1667454554, 0.348131764653, 0.461538461538
0.150980572872, 0.86915758897, 2.02451462091, 0.529631050728, 57.229431051, 1.27253095325, 0.813009455591, 1.19292285486, 13.8449799843, 124.890697584, 0.00364257119287, 0.142857142857
0.107202576714, 0.88513933744, 2.00178717523, 0.545635353216, 68.2620282598, 1.27044500278, 0.4931148965, 1.20715115245, 14.0818334875, 120.373503698, 0.0027904239489, 0.222222222222
0.139941731907, 0.858058244908, 2.00644907425, 0.527034740757, 77.964917076, 1.12164119111, 0.793109416515, 1.28463358078, 24.2625061032, 126.593280464, 0.00362939560106, 0.142857142857
0.150062952522, 0.88793456361, 2.00328580675, 0.529631050728, 57.532571348, 1.27253095325, 0.275710752544, 1.21487090709, 14.052648028, 133.920452176, 0.00356095891848, 0.142857142857
0.107202576714, 0.885131073443, 2.00178717523, 0.529785601189, 68.2620282598, 1.27044500278, 0.4931148965, 1.06284969703, 14.0818334875, 82.6087934359, 0.00708983819171, 0.181818181818
0.108491255528, 0.884949826031, 2.00242593664, 0.555508840914, 79.331785632, 1.07949382672, 0.4931148965, 1.45516394203, 14.0826318196, 81.9039373427, 0.00521663237672, 0.307692307692
0.109404241035, 0.88499981522, 2.00602935425, 0.563352019794, 58.4236331675, 1.1440739145, 0.983530546501, 1.20984473873, 11.8142982094, 79.1023115618, 0.0122131247366, 0.0
0.107984526334, 0.869217188806, 2.0249018465, 0.552044171122, 68.1660110987, 1.27253305177, 0.49600089323, 1.20988957492, 14.0856186376, 105.487168232, 0.00418870008045, 0.0
0.117596519119, 0.968205571889, 2.15817399116, 0.516477953907, 56.2652513791, 1.25604400009, 0.49414601359, 0.988637115482, 13.8427160638, 94.4570448974, 0.00792482760143, 0.0
0.152019751594, 0.866648271947, 2.02413620011, 0.535455617189, 62.9642384892, 1.35136722979, 0.973587363444, 0.814729360896, 13.8996130958, 87.1958304157, 0.00901558481591, 0.0
0.15000737668, 0.859465547083, 2.00851641507, 0.536945607494, 68.8108148413, 1.36934593803, 0.917892124903, 1.21117665415, 17.4749219725, 105.127099779, 0.00553707531939, 0.111111111111
0.148889411753, 0.859643593747, 2.02239514318, 0.579487261719, 77.2919872955, 37.8433452912, 0.682430290099, 1.54329780061, 20.6148420115, 54.6466086795, 0.374714948555, 0.0
0.269325092194, 0.921418947249, 2.10882324173, 0.53166861139, 36.4437651592, 21.7361144084, 0.414515671236, 2.07110026024, 25.6739143163, 57.8479009125, 0.335796920762, 0.25
0.429116592871, 0.89771212185, 2.09706472532, 0.653537155395, 70.1648247276, 31.8862080799, 0.936945216315, 2.48076321468, 13.6251638871, 61.2911824132, 0.335477189804, 0.0
0.250858962285, 0.874781591098, 2.00841248506, 0.564941782491, 58.8190516154, 7.08059467912, 0.918054528201, 1.45966208213, 14.0128868111, 63.7925284029, 0.0378888677378, 0.111111111111
0.207859794549, 0.921418970637, 2.08774333254, 0.527699077764, 61.9338036258, 6.52540926952, 0.920853504029, 2.59790702275, 22.2622692748, 64.6658686404, 0.0454558371453, 0.0
0.252292753916, 0.868890539768, 2.02413620011, 0.556695911658, 57.2444578088, 1.27929165617, 0.973587363444, 1.19180965553, 13.8996130958, 63.4721107333, 0.0227446168678, 0.25
0.152813999917, 0.867163329447, 2.02430466197, 0.537359239242, 57.229431051, 1.27269565831, 0.813477076939, 1.19292285486, 10.5633859528, 66.4630139644, 0.027864524668, 0.0
0.150818955502, 0.897489673821, 2.01399933615, 0.52982289614, 69.9250914403, 1.40751619514, 0.49387710125, 2.54388820785, 13.460561772, 75.5287838408, 0.0124695849478, 0.25
0.130819927839, 0.88477731649, 2.00671348176, 0.545475232286, 69.9819213133, 1.25640183732, 0.493762410156, 1.36079861371, 14.0545028836, 75.2803804416, 0.0127637908625, 0.333333333333
0.130819927839, 0.885138842223, 2.02324447659, 0.545418827438, 69.9819213133, 1.25571199905, 0.486771272847, 1.60570142531, 14.0121331797, 70.6525821554, 0.0127647295673, 0.0
0.145669512556, 0.892606829113, 2.04866951183, 0.501268609306, 56.5914581739, 12.7766829501, 0.880680579233, 2.54313067863, 6.69617780562, 60.255798777, 0.198826348968, 0.571428571429
0.252752355435, 0.868865966347, 2.03703258054, 0.564881894861, 57.3621318479, 5.38760268225, 0.805980976545, 1.20686286536, 8.43506362022, 55.0786788461, 0.195965072707, 0.625
0.123450936637, 0.878168515407, 2.00538653907, 0.528297886077, 45.5423801736, 6.99112045491, 0.884838237724, 1.14848716004, 21.7780448192, 52.4743036884, 0.171175556958, 0.714285714286
0.108500912926, 0.884995571596, 2.00136750646, 0.596437906824, 68.2608086733, 2.32425622744, 0.4931148965, 1.20988957492, 14.0819032055, 68.6333810186, 0.0333085167865, 0.222222222222
0.255115986166, 0.968205571889, 2.02405132544, 0.553091945288, 58.4306955832, 1.27253095325, 0.911266699488, 0.996200346114, 14.0246605452, 75.773887506, 0.0131131524556, 0.125
0.445086539224, 0.869489957151, 2.03556604018, 0.566214019953, 78.9802685098, 15.707474895, 0.891725205914, 1.99975483132, 24.2971923637, 63.8319388378, 0.334653119353, 0.25
0.251789904828, 0.868865966347, 2.0237291485, 0.557286972522, 58.4667809835, 7.11893837761, 0.808998578911, 1.20397268557, 22.1518169789, 65.5296970443, 0.096030596864, 0.0
