0.772933360452, 0.450008066455, 0.548833834145, 0.572652796962, 0.4808699172, 0.4893509499, 0.497563234672, 0.52057282608, 0.522576405259, 0.405343957443, 0.534719511182, 0.51796151775, 1.01956923464, 3.36175811896e-35, 1.04409933916e-11
0.993440720573, 0.452537356765, 0.387462858653, 0.490414349128, 0.4808699172, 0.33734072093, 0.497563234672, 0.52057282608, 0.522576405259, 0.35401367299, 0.534719511182, 0.508401358703, 0.730372092262, 4.21801026048e-35, 0.772498514654
0.999999589277, 1.67949766786e-05, 0.437816922655, 0.584242294319, 0.54610737119, 0.367035582798, 0.406217164014, 0.52057282608, 0.522576405259, 0.445030855489, 0.482918488048, 0.613994678216, 6.81796278324e-05, 0.0, 1.05680525011
0.993039438896, 0.000387636937747, 0.538153066114, 0.490414349128, 0.541508365341, 0.598137558396, 0.36301221505, 0.547089764758, 0.519675732577, 0.660900536154, 0.534719511182, 0.613994678216, 0.762860487051, 0.0, 0.756501982215
0.995113898881, 0.00150742182638, 0.518481683783, 0.490414349128, 0.4808699172, 0.482305417876, 0.406217164014, 0.52057282608, 0.353357869986, 0.35401367299, 0.534719511182, 0.472418605072, 0.602968862278, 6.30804361923e-283, 0.86584765184
0.992366888194, 3.47937165688e-05, 0.387462858653, 0.490414349128, 0.510615060757, 0.367035582798, 0.497563234672, 0.52057282608, 0.562006749284, 0.35401367299, 0.534719511182, 0.508401358703, 0.787927560265, 0.0, 0.705186269151
0.995770419908, 0.00150742182638, 0.518481683783, 0.490414349128, 0.4808699172, 0.580856801245, 0.406217164014, 0.52057282608, 0.353357869986, 0.35401367299, 0.534719511182, 0.472418605072, 0.548110233952, 5.73413235777e-283, 0.908852627897
0.993039438896, 0.00134401447974, 0.518481683783, 0.490414349128, 0.541508365341, 0.598137558396, 0.497563234672, 0.513292945936, 0.522576405259, 0.660900536154, 0.482918488048, 0.462588761415, 0.738504842968, 8.03281908754e-288, 0.732349344426
0.99636744857, 0.000169737842255, 0.463695331129, 0.560640912275, 0.464525131457, 0.367035582798, 0.497563234672, 0.409329437466, 0.602889328616, 0.486575973657, 0.655353521159, 0.613994678216, 0.497954772216, 0.0, 0.958416814434
0.993440720573, 6.16787947441e-05, 0.387462858653, 0.490414349128, 0.4808699172, 0.384332826622, 0.497563234672, 0.52057282608, 0.657167989513, 0.388768105373, 0.534719511182, 0.508401358703, 0.731865297064, 0.0, 0.774077844565
0.995770419908, 0.00150742182638, 0.518481683783, 0.490414349128, 0.4808699172, 0.580856801245, 0.406217164014, 0.52057282608, 0.353357869986, 0.35401367299, 0.534719511182, 0.472418605072, 0.548110233952, 5.73413235777e-283, 0.908852627897
0.993039438896, 0.999016255245, 0.518481683783, 0.490414349128, 0.541508365341, 0.4893509499, 0.514579865979, 0.547089764758, 0.522576405259, 0.660900536154, 0.482918488048, 0.462588761415, 0.107585964024, 0.725407871438, 0.727230095794
0.991338931277, 0.00495658229677, 0.387462858653, 0.490414349128, 0.51391205721, 0.367035582798, 0.497563234672, 0.52057282608, 0.386734901628, 0.388587471338, 0.534719511182, 0.51825912485, 0.836872330477, 4.33522083966e-231, 0.647046169543
0.995113898881, 0.000283794009425, 0.584875119617, 0.490414349128, 0.510615060757, 0.580856801245, 0.406217164014, 0.52057282608, 0.602889328616, 0.35401367299, 0.534719511182, 0.577151380001, 0.607030641613, 0.0, 0.871680261648
0.998935149146, 0.00134401447974, 0.463695331129, 0.523534685361, 0.494071144375, 0.580896464603, 0.500704984107, 0.52057282608, 0.542450275272, 0.457470006475, 0.655353521159, 0.51796151775, 0.163922824681, 1.78301118472e-288, 1.02390453699
0.996552265904, 0.00125051810175, 0.463695331129, 0.560640912275, 0.541508365341, 0.580896464603, 0.351474359336, 0.464951084944, 0.522576405259, 0.388587471338, 0.534719511182, 0.51796151775, 0.465400207469, 3.74062971344e-291, 0.94234093773
0.988962140112, 0.911474395471, 0.448689512992, 0.584242294319, 0.654380305137, 0.450050552434, 0.514579865979, 0.473751103149, 0.47707850133, 0.632774454317, 0.475034723894, 0.577151380001, 0.922560077105, 0.00013663496895, 0.525421007026
8.33059069505e-06, 2.79158860219e-05, 0.518481683783, 0.490414349128, 0.584889237323, 0.367035582798, 0.497563234672, 0.52057282608, 0.522576405259, 0.501074015638, 0.42145564871, 0.508401358703, 1.03249900072, 0.0, 0.0
0.993039438896, 0.999839650606, 0.518481683783, 0.490414349128, 0.541508365341, 0.4893509499, 0.514579865979, 0.547089764758, 0.522576405259, 0.660900536154, 0.482918488048, 0.612931752346, 0.0185248420349, 0.741173102632, 0.735224902945
0.993826812422, 0.999016255245, 0.463695331129, 0.518508575167, 0.438646377908, 0.367035582798, 0.675606752328, 0.409329437466, 0.522576405259, 0.486575973657, 0.51085273898, 0.51796151775, 0.103460772567, 0.697593403431, 0.79577166709
0.995113898881, 0.0012115562636, 0.584875119617, 0.490414349128, 0.4808699172, 0.482305417876, 0.406217164014, 0.52057282608, 0.353357869986, 0.35401367299, 0.534719511182, 0.472418605072, 0.606890433371, 2.05868020125e-292, 0.871478926248
0.995113898881, 0.999016255245, 0.424026120416, 0.490414349128, 0.55872701239, 0.620970753256, 0.36301221505, 0.464951084944, 0.537102232105, 0.753132609712, 0.335417080435, 0.51796151775, 0.0953081527272, 0.642623643593, 0.932884609906
0.995500409876, 0.000387636937747, 0.538153066114, 0.490414349128, 0.541508365341, 0.53836426975, 0.36301221505, 0.547089764758, 0.519675732577, 0.660900536154, 0.534719511182, 0.613994678216, 0.575525210889, 0.0, 0.897528218707
0.999999985411, 2.57958297945e-07, 0.437816922655, 0.490414349128, 0.618587541864, 0.482305417876, 0.406217164014, 0.593454572041, 0.522576405259, 0.486575973657, 0.534719511182, 0.657523242004, 2.43509755632e-06, 0.0, 1.06257261528
0.991203361901, 0.00150742182638, 0.518481683783, 0.490414349128, 0.4808699172, 0.580856801245, 0.406217164014, 0.52057282608, 0.353357869986, 0.35401367299, 0.534719511182, 0.472418605072, 0.845410134389, 8.84437711048e-283, 0.641653826039
0.993039438896, 0.999016255245, 0.518481683783, 0.490414349128, 0.541508365341, 0.4893509499, 0.514579865979, 0.547089764758, 0.522576405259, 0.660900536154, 0.482918488048, 0.462588761415, 0.107585964024, 0.725407871438, 0.727230095794
0.995880284491, 0.000555718154159, 0.584875119617, 0.490414349128, 0.4808699172, 0.482305417876, 0.406217164014, 0.484844968394, 0.353357869986, 0.35401367299, 0.534719511182, 0.549083218197, 0.538768942966, 0.0, 0.916848796892
0.991338931277, 0.00495658229677, 0.387462858653, 0.490414349128, 0.51391205721, 0.367035582798, 0.497563234672, 0.52057282608, 0.386734901628, 0.388587471338, 0.534719511182, 0.51825912485, 0.836872330477, 4.33522083966e-231, 0.647046169543
0.999686226419, 0.00126298797785, 0.518481683783, 0.584242294319, 0.4808699172, 0.479684394701, 0.406217164014, 0.52057282608, 0.622876320008, 0.486575973657, 0.534719511182, 0.613994678216, 0.0507865105853, 1.10100657444e-291, 1.04568193872
0.999434900497, 0.000525080277514, 0.437816922655, 0.490414349128, 0.553703862942, 0.580896464603, 0.406217164014, 0.464951084944, 0.622876320008, 0.445030855489, 0.534719511182, 0.505394762136, 0.0899079177956, 0.0, 1.03888216383
0.997140809625, 0.150307943892, 0.548833834145, 0.490414349128, 0.4808699172, 0.4893509499, 0.497563234672, 0.52057282608, 0.522576405259, 0.416156163664, 0.534719511182, 0.51796151775, 0.385955849172, 3.02587444638e-83, 0.936001377361
0.994751258985, 0.00495658229677, 0.518481683783, 0.490414349128, 0.51391205721, 0.367035582798, 0.497563234672, 0.52057282608, 0.522576405259, 0.381524484665, 0.482918488048, 0.51825912485, 0.61972283984, 3.21032883063e-231, 0.827591297394
0.632090488023, 0.999971752584, 0.38060368554, 0.490414349128, 0.73854507136, 0.449296105272, 0.36301221505, 0.473751103149, 0.340537468414, 0.710039387425, 0.482918488048, 0.388618278461, 0.00520858522096, 1.17550762826, 2.20940373651e-20
0.999434900497, 0.626977243689, 0.518481683783, 0.584242294319, 0.553703862942, 0.580896464603, 0.406217164014, 0.464951084944, 0.606694626981, 0.445030855489, 0.534719511182, 0.505394762136, 0.0898876447648, 7.49890248596e-22, 1.03864790983
0.995113898881, 0.999199154494, 0.448689512992, 0.468730490211, 0.55872701239, 0.620970753256, 0.775284424595, 0.593454572041, 0.537102232105, 0.35401367299, 0.534719511182, 0.401894412206, 0.0785776951929, 0.646566345045, 0.935283868452
0.993826812422, 0.000169737842255, 0.463695331129, 0.560640912275, 0.54610737119, 0.4893509499, 0.497563234672, 0.409329437466, 0.522576405259, 0.486575973657, 0.655353521159, 0.496380355553, 0.689973120097, 0.0, 0.778562799399
0.999999589277, 0.065868632781, 0.437816922655, 0.584242294319, 0.4808699172, 0.367035582798, 0.497563234672, 0.52057282608, 0.522576405259, 0.445030855489, 0.482918488048, 0.613994678216, 6.74990470404e-05, 7.8213625507e-123, 1.04625603803
0.632090488023, 0.999539534465, 0.38060368554, 0.584242294319, 0.54610737119, 0.449296105272, 0.497563234672, 0.473751103149, 0.522576405259, 0.605482520621, 0.482918488048, 0.388618278461, 0.0742552545511, 1.04845165547, 1.97551470585e-20
0.140754851868, 0.999455626728, 0.468151045813, 0.626400124551, 0.424519765709, 0.620970753256, 0.514579865979, 0.513292945936, 0.705725651536, 0.445030855489, 0.482918488048, 0.475363543388, 0.0901309680875, 1.08020149642, 1.19527714137e-85
0.999999995205, 0.000813222299315, 0.518481683783, 0.490414349128, 0.4808699172, 0.580856801245, 0.406217164014, 0.52057282608, 0.522576405259, 0.35401367299, 0.655353521159, 0.472418605072, 8.00910498323e-07, 1.32017575217e-315, 1.06327285284
0.99536835102, 0.999016255245, 0.798791740269, 0.490414349128, 0.541508365341, 0.4893509499, 0.497563234672, 0.547089764758, 0.562006749284, 0.733559850165, 0.482918488048, 0.462588761415, 0.0932180689884, 0.628531069251, 0.962733024938
0.991338931277, 0.00495658229677, 0.387462858653, 0.490414349128, 0.51391205721, 0.367035582798, 0.497563234672, 0.52057282608, 0.386734901628, 0.388587471338, 0.534719511182, 0.51825912485, 0.836872330477, 4.33522083966e-231, 0.647046169543
0.99793402255, 0.999316750538, 0.387462858653, 0.490414349128, 0.4808699172, 0.4893509499, 0.497563234672, 0.593454572041, 0.705725651536, 0.388269888522, 0.534719511182, 0.51796151775, 0.0323118828456, 0.310247917417, 1.03220890087
0.998189930227, 1.61963979133e-05, 0.518481683783, 0.490414349128, 0.521273560227, 0.367035582798, 0.497563234672, 0.52057282608, 0.522576405259, 0.501074015638, 0.534719511182, 0.508401358703, 0.262711569549, 0.0, 0.986396335272
0.992366888194, 0.999539534465, 0.540221565195, 0.490414349128, 0.510615060757, 0.367035582798, 0.497563234672, 0.52057282608, 0.340537468414, 0.35401367299, 0.534719511182, 0.508401358703, 0.0562192072828, 0.793790571471, 0.712213136832
0.999999985411, 2.57958297945e-07, 0.437816922655, 0.490414349128, 0.618587541864, 0.482305417876, 0.406217164014, 0.593454572041, 0.522576405259, 0.486575973657, 0.534719511182, 0.657523242004, 2.43509755632e-06, 0.0, 1.06257261528
0.993039438896, 0.999016255245, 0.518481683783, 0.490414349128, 0.541508365341, 0.4893509499, 0.514579865979, 0.547089764758, 0.522576405259, 0.660900536154, 0.482918488048, 0.462588761415, 0.107585964024, 0.725407871438, 0.727230095794
0.991338931277, 0.00495658229677, 0.387462858653, 0.490414349128, 0.51391205721, 0.367035582798, 0.497563234672, 0.52057282608, 0.386734901628, 0.388587471338, 0.534719511182, 0.51825912485, 0.836872330477, 4.33522083966e-231, 0.647046169543
0.998929083682, 0.150307943892, 0.548833834145, 0.490414349128, 0.4808699172, 0.4893509499, 0.497563234672, 0.52057282608, 0.380501055207, 0.416156163664, 0.534719511182, 0.508401358703, 0.163056578071, 1.27835537137e-83, 1.01293090143
0.984593804599, 2.79158860219e-05, 0.518481683783, 0.490414349128, 0.4808699172, 0.367035582798, 0.514579865979, 0.52057282608, 0.522576405259, 0.501074015638, 0.42145564871, 0.51796151775, 0.969906484786, 0.0, 0.334960332034
0.994751258985, 0.00495658229677, 0.518481683783, 0.490414349128, 0.51391205721, 0.367035582798, 0.497563234672, 0.52057282608, 0.522576405259, 0.381524484665, 0.482918488048, 0.51825912485, 0.61972283984, 3.21032883063e-231, 0.827591297394
0.350142339386, 0.999971752584, 0.38060368554, 0.490414349128, 0.630070858697, 0.449296105272, 0.36301221505, 0.473751103149, 0.110803014818, 0.710039387425, 0.972890267277, 0.388618278461, 0.00657947356754, 1.48489868946, 6.19846093955e-46
0.999434900497, 0.626977243689, 0.518481683783, 0.584242294319, 0.553703862942, 0.580896464603, 0.406217164014, 0.464951084944, 0.606694626981, 0.445030855489, 0.534719511182, 0.505394762136, 0.0898876447648, 7.49890248596e-22, 1.03864790983
0.995113898881, 0.999199154494, 0.448689512992, 0.468730490211, 0.55872701239, 0.620970753256, 0.775284424595, 0.593454572041, 0.537102232105, 0.35401367299, 0.534719511182, 0.401894412206, 0.0785776951929, 0.646566345045, 0.935283868452
0.993826812422, 0.000169737842255, 0.463695331129, 0.560640912275, 0.54610737119, 0.4893509499, 0.497563234672, 0.409329437466, 0.522576405259, 0.486575973657, 0.655353521159, 0.496380355553, 0.689973120097, 0.0, 0.778562799399
0.984925635377, 0.999016255245, 0.424026120416, 0.490414349128, 0.55872701239, 0.450050552434, 0.36301221505, 0.473751103149, 0.537102232105, 0.660900536154, 0.442177046286, 0.401894412206, 0.147989615466, 0.997833062373, 0.361292447817
0.982975207117, 0.999971752584, 0.457388734776, 0.584242294319, 0.55872701239, 0.449296105272, 0.675606752328, 0.473751103149, 0.340537468414, 0.710039387425, 0.482918488048, 0.388618278461, 0.00480348558959, 1.0840820901, 0.314181429956
0.991203361901, 0.000283794009425, 0.463695331129, 0.495916391028, 0.54610737119, 0.635613967446, 0.675606752328, 0.504845719352, 0.522576405259, 0.613628164589, 0.482918488048, 0.613994678216, 0.859813992724, 0.0, 0.652586142123
0.991203361901, 0.999016255245, 0.463695331129, 0.495916391028, 0.54610737119, 0.33734072093, 0.675606752328, 0.504845719352, 0.522576405259, 0.613628164589, 0.482918488048, 0.613994678216, 0.127082807079, 0.856867058971, 0.657463149886
0.996488827273, 0.00150742182638, 0.463695331129, 0.490414349128, 0.4808699172, 0.482305417876, 0.406217164014, 0.52057282608, 0.602889328616, 0.462480298167, 0.655353521159, 0.472418605072, 0.470778974996, 4.925120508e-283, 0.936527490975
0.988962140112, 0.911474395471, 0.543152970774, 0.584242294319, 0.337393120887, 0.450050552434, 0.514579865979, 0.473751103149, 0.47707850133, 0.632774454317, 0.475034723894, 0.591620036023, 0.926278358026, 0.000137185661757, 0.527538660884
0.995113898881, 0.00150742182638, 0.518481683783, 0.490414349128, 0.4808699172, 0.482305417876, 0.406217164014, 0.547089764758, 0.353357869986, 0.35401367299, 0.496553562593, 0.472418605072, 0.603312110947, 6.3116345635e-283, 0.866340548029
0.997140809625, 0.150307943892, 0.548833834145, 0.572652796962, 0.4808699172, 0.4893509499, 0.497563234672, 0.52057282608, 0.522576405259, 0.416156163664, 0.534719511182, 0.51796151775, 0.387933005287, 3.04137525088e-83, 0.94079628033
0.99124828777, 0.911474395471, 0.448689512992, 0.584242294319, 0.654380305137, 0.450050552434, 0.514579865979, 0.473751103149, 0.47707850133, 0.632774454317, 0.442177046286, 0.577151380001, 0.845955451538, 0.000125289506583, 0.646008655944
0.991203361901, 0.00150742182638, 0.518481683783, 0.490414349128, 0.4808699172, 0.580856801245, 0.406217164014, 0.52057282608, 0.353357869986, 0.35401367299, 0.534719511182, 0.396276607547, 0.8533739032, 8.92769119878e-283, 0.647698209137
0.997140809625, 0.150307943892, 0.548833834145, 0.572652796962, 0.4808699172, 0.4893509499, 0.497563234672, 0.52057282608, 0.522576405259, 0.416156163664, 0.42145564871, 0.51796151775, 0.389825238176, 3.05621026156e-83, 0.945385231614
0.994751258985, 0.00495658229677, 0.387462858653, 0.490414349128, 0.51391205721, 0.367035582798, 0.497563234672, 0.52057282608, 0.386734901628, 0.388587471338, 0.534719511182, 0.51825912485, 0.634067833001, 3.28463970343e-231, 0.846747911833
0.632090488023, 0.999971752584, 0.38060368554, 0.584242294319, 0.73854507136, 0.449296105272, 0.675606752328, 0.473751103149, 0.340537468414, 0.710039387425, 0.482918488048, 0.388618278461, 0.00529311294506, 1.19458439868, 2.2452591294e-20
0.853762997216, 0.727576463759, 0.548833834145, 0.572652796962, 0.4808699172, 0.4893509499, 0.514579865979, 0.52057282608, 0.522576405259, 0.405343957443, 0.534719511182, 0.51796151775, 1.01977586931, 2.46881631433e-14, 2.17950278405e-07
0.772933360452, 0.451508841333, 0.518481683783, 0.584242294319, 0.553703862942, 0.580896464603, 0.406217164014, 0.547089764758, 0.522576405259, 0.486575973657, 0.534719511182, 0.462588761415, 1.03117428973, 4.74327004895e-35, 1.05598360355e-11
0.984925635377, 0.999016255245, 0.424026120416, 0.50214167476, 0.55872701239, 0.496786822833, 0.36301221505, 0.593454572041, 0.537102232105, 0.660900536154, 0.534719511182, 0.401894412206, 0.148450198679, 1.00093858539, 0.362416886418
0.992366888194, 0.999539534465, 0.387462858653, 0.490414349128, 0.510615060757, 0.367035582798, 0.497563234672, 0.52057282608, 0.340537468414, 0.35401367299, 0.534719511182, 0.508401358703, 0.0568007380311, 0.802001530809, 0.719580260248
0.994751258985, 0.00495658229677, 0.387462858653, 0.490414349128, 0.51391205721, 0.367035582798, 0.36301221505, 0.52057282608, 0.386734901628, 0.388587471338, 0.534719511182, 0.51825912485, 0.645312387614, 3.34288948146e-231, 0.861764133509
0.995113898881, 0.999016255245, 0.448689512992, 0.490414349128, 0.55872701239, 0.620970753256, 0.775284424595, 0.593454572041, 0.522576405259, 0.660900536154, 0.534719511182, 0.401894412206, 0.0957900499054, 0.645872877909, 0.937601462014
0.993039438896, 0.999839650606, 0.387462858653, 0.490414349128, 0.541508365341, 0.4893509499, 0.514579865979, 0.547089764758, 0.149860678956, 0.660900536154, 0.534719511182, 0.612931752346, 0.0209257238012, 0.837231626881, 0.830512520531
0.993039438896, 0.00134401447974, 0.518481683783, 0.490414349128, 0.541508365341, 0.598137558396, 0.497563234672, 0.513292945936, 0.522576405259, 0.660900536154, 0.530091624341, 0.462588761415, 0.738940626405, 8.03755916413e-288, 0.732781495573
0.993039438896, 0.000387636937747, 0.425019615075, 0.490414349128, 0.541508365341, 0.598137558396, 0.36301221505, 0.52057282608, 0.519675732577, 0.660900536154, 0.534719511182, 0.613994678216, 0.764544888688, 0.0, 0.758172344225
0.998935149146, 0.00134401447974, 0.463695331129, 0.523534685361, 0.494071144375, 0.589016405569, 0.500704984107, 0.52057282608, 0.542450275272, 0.457470006475, 0.655353521159, 0.51796151775, 0.164140928671, 1.78538353192e-288, 1.02526687115
0.996552265904, 0.00125051810175, 0.463695331129, 0.560640912275, 0.541508365341, 0.580896464603, 0.351474359336, 0.464951084944, 0.562006749284, 0.388587471338, 0.534719511182, 0.51796151775, 0.466877062108, 3.752499855e-291, 0.945331268551
0.998935149146, 0.999016255245, 0.448689512992, 0.584242294319, 0.54610737119, 0.367035582798, 0.514579865979, 0.473751103149, 0.340537468414, 0.605482520621, 0.482918488048, 0.51796151775, 0.0247596273555, 0.166943975829, 1.05418157331
0.998935149146, 0.999016255245, 0.448689512992, 0.584242294319, 0.54610737119, 0.367035582798, 0.514579865979, 0.473751103149, 0.340537468414, 0.605482520621, 0.482918488048, 0.51796151775, 0.0247596273555, 0.166943975829, 1.05418157331
0.984593804599, 2.79158860219e-05, 0.518481683783, 0.490414349128, 0.4808699172, 0.367035582798, 0.514579865979, 0.52057282608, 0.380501055207, 0.501074015638, 0.42145564871, 0.508401358703, 0.982684221109, 0.0, 0.339373164475
0.984593804599, 2.79158860219e-05, 0.518481683783, 0.490414349128, 0.4808699172, 0.367035582798, 0.514579865979, 0.52057282608, 0.380501055207, 0.501074015638, 0.42145564871, 0.508401358703, 0.982684221109, 0.0, 0.339373164475
0.998935149146, 0.999384843022, 0.448689512992, 0.572652796962, 0.4808699172, 0.367035582798, 0.514579865979, 0.473751103149, 0.340537468414, 0.405343957443, 0.482918488048, 0.500823293844, 0.0157083270162, 0.16707413899, 1.04819086162
0.992366888194, 3.47937165688e-05, 0.387462858653, 0.412916955312, 0.510615060757, 0.367035582798, 0.497563234672, 0.52057282608, 0.562006749284, 0.35401367299, 0.534719511182, 0.508401358703, 0.793509890472, 0.0, 0.710182391651
0.999686226419, 0.00126298797785, 0.518481683783, 0.584242294319, 0.4808699172, 0.575477469023, 0.406217164014, 0.52057282608, 0.622876320008, 0.486575973657, 0.534719511182, 0.613994678216, 0.051042846937, 1.10656371954e-291, 1.05095984205
0.993039438896, 0.999839650606, 0.387462858653, 0.490414349128, 0.541508365341, 0.4893509499, 0.514579865979, 0.52057282608, 0.149860678956, 0.660900536154, 0.534719511182, 0.763310057437, 0.021897689843, 0.876119682468, 0.86908848449
0.984925635377, 0.999016255245, 0.424026120416, 0.490414349128, 0.55872701239, 0.620970753256, 0.36301221505, 0.593454572041, 0.537102232105, 0.660900536154, 0.335417080435, 0.401894412206, 0.154056696623, 1.03874089331, 0.376104234409
0.984925635377, 0.999016255245, 0.424026120416, 0.490414349128, 0.55872701239, 0.620970753256, 0.36301221505, 0.593454572041, 0.537102232105, 0.660900536154, 0.335417080435, 0.401894412206, 0.154056696623, 1.03874089331, 0.376104234409
0.995113898881, 0.999016255245, 0.448689512992, 0.490414349128, 0.55872701239, 0.620970753256, 0.775284424595, 0.593454572041, 0.537102232105, 0.660900536154, 0.534719511182, 0.401894412206, 0.0958627281389, 0.646362917322, 0.938312842977
0.995113898881, 0.999016255245, 0.448689512992, 0.490414349128, 0.55872701239, 0.620970753256, 0.775284424595, 0.593454572041, 0.537102232105, 0.660900536154, 0.534719511182, 0.401894412206, 0.0958627281389, 0.646362917322, 0.938312842977
0.993440720573, 0.999016255245, 0.387462858653, 0.490414349128, 0.4808699172, 0.33734072093, 0.497563234672, 0.593454572041, 0.522576405259, 0.35401367299, 0.534719511182, 0.508401358703, 0.10798779043, 0.728117221498, 0.778537284723
