3.1482214184, 1.12636983971, 1.59987836163, 1.00000025723, 6.09311941858, 1.05773814267, 4.31661021006, 1.26000043916, 1.00000044938, 5.53602677556, 4.27118092528, 1.02645244787, 2.96323591085, 1.03576810964, 1.03251761204, 1.44698285877, 1.10843282821, 0.987195297615, 6.58967652122, 1.00000071822, 1.00000051553, 101.514640272, 1.04897442289, 3.32745809714, 1.0131258886, 3.5567074179, 0.870000756286, 18.6699318417, 12.9842388942, 91.827238401
3.1482214184, 1.12636983971, 1.59987836163, 1.00000025723, 6.09311941858, 1.05773814267, 4.31661021006, 1.26000043916, 1.00000044938, 5.53602677556, 4.27118092528, 1.02645244787, 2.96323591085, 1.03576810964, 1.03251761204, 1.44698285877, 1.10843282821, 0.987195297615, 6.58967652122, 1.00000071822, 1.00000051553, 101.514640272, 1.04897442289, 3.32745809714, 1.0131258886, 3.5567074179, 0.870000756286, 18.6699318417, 12.9842388942, 91.827238401
3.1482214184, 1.12636983971, 1.59987836163, 1.00000025723, 6.06982792249, 1.05773814267, 4.31661021006, 1.26000043916, 1.00000044938, 5.53602677556, 4.27118092528, 1.02645244787, 2.96323591085, 1.03576810964, 1.03251761204, 1.44698285877, 1.10843282821, 0.987195297615, 6.58967652122, 1.00000071822, 1.00000051553, 101.514640272, 1.04897442289, 3.32745809714, 1.0131258886, 3.5567074179, 0.870000756286, 25.4702141855, 14.0412680082, 68.9594235151
3.1482214184, 1.12636983971, 1.59987836163, 1.00000025723, 6.06982792249, 1.05773814267, 4.31661021006, 1.26000043916, 1.00000044938, 5.53602677556, 4.27118092528, 1.02645244787, 2.96323591085, 1.03576810964, 1.03251761204, 1.44698285877, 1.10843282821, 0.987195297615, 6.58967652122, 1.00000071822, 1.00000051553, 101.514640272, 1.04897442289, 3.32745809714, 1.0131258886, 3.5567074179, 0.870000756286, 25.4702141855, 14.0412680082, 68.9594235151
3.1482214184, 1.12636983971, 1.59987836163, 1.00000025723, 6.06982792249, 1.05773814267, 4.31661021006, 1.26000043916, 1.00000044938, 5.53602677556, 4.27118092528, 1.02645244787, 2.96323591085, 1.03576810964, 1.03251761204, 1.44698285877, 1.10843282821, 0.987195297615, 6.58967652122, 1.00000071822, 1.00000051553, 101.514640272, 1.04897442289, 3.32745809714, 1.0131258886, 3.5567074179, 0.870000756286, 25.4702141855, 14.0412680082, 68.9594235151
3.1482214184, 1.12636983971, 1.59987836163, 1.00000025723, 6.06982792249, 1.05773814267, 4.31661021006, 1.26000043916, 1.00000044938, 5.53602677556, 4.27118092528, 1.02645244787, 2.96323591085, 1.03576810964, 1.03251761204, 1.44698285877, 1.10843282821, 0.987195297615, 6.58967652122, 1.00000071822, 1.00000051553, 101.514640272, 1.04897442289, 3.32745809714, 1.0131258886, 3.5567074179, 0.870000756286, 25.4702141855, 14.0412680082, 68.9594235151
3.1482214184, 1.12636983971, 1.59987836163, 1.00000025723, 6.06982792249, 1.05773814267, 4.31661021006, 1.26000043916, 1.00000044938, 5.53602677556, 4.27118092528, 1.02645244787, 2.96323591085, 1.03576810964, 1.03251761204, 1.44698285877, 1.10843282821, 0.987195297615, 6.58967652122, 1.00000071822, 1.00000051553, 101.514640272, 1.04897442289, 3.32745809714, 1.0131258886, 3.5567074179, 0.870000756286, 25.4702141855, 14.0412680082, 68.9594235151
3.1482214184, 1.12636983971, 1.59987836163, 1.00000025723, 6.06982792249, 1.05773814267, 4.31661021006, 1.26000043916, 1.00000044938, 5.53602677556, 4.27118092528, 1.02645244787, 2.96323591085, 1.03576810964, 1.03251761204, 1.44698285877, 1.10843282821, 0.987195297615, 6.58967652122, 1.00000071822, 1.00000051553, 101.514640272, 1.04897442289, 3.32745809714, 1.0131258886, 3.5567074179, 0.870000756286, 25.4702141855, 14.0412680082, 68.9594235151
3.1482214184, 1.12636983971, 1.59987836163, 1.00000025723, 6.06982792249, 1.05773814267, 4.31661021006, 1.26000043916, 1.00000044938, 5.53602677556, 4.27118092528, 1.02645244787, 2.96323591085, 1.03576810964, 1.03251761204, 1.44698285877, 1.10843282821, 0.987195297615, 6.58967652122, 1.00000071822, 1.00000051553, 101.514640272, 1.04897442289, 3.32745809714, 1.0131258886, 3.5567074179, 0.870000756286, 25.4702141855, 14.0412680082, 68.9594235151
3.1482214184, 1.12636983971, 1.59987836163, 1.00000025723, 6.09311941858, 1.05773814267, 4.31661021006, 1.26000043916, 1.00000044938, 5.53602677556, 4.27118092528, 1.02645244787, 2.96323591085, 1.03576810964, 1.0296295242, 1.44698285877, 1.10843282821, 0.991583028916, 6.58967652122, 1.00000071822, 1.00000051553, 101.514640272, 1.04897442289, 3.32745809714, 1.0131258886, 3.5567074179, 0.870000756286, 38.7768044796, 11.0283916617, 33.7953442735
3.1482214184, 1.12636983971, 1.59987836163, 1.00000025723, 6.09311941858, 1.05773814267, 4.31661021006, 1.26000043916, 1.00000044938, 5.53602677556, 4.27118092528, 1.02645244787, 2.96323591085, 1.03576810964, 1.0296295242, 1.44698285877, 1.10843282821, 0.991583028916, 6.58967652122, 1.00000071822, 1.00000051553, 101.514640272, 1.04897442289, 3.32745809714, 1.0131258886, 3.5567074179, 0.870000756286, 38.7768044796, 11.0283916617, 33.7953442735
3.1482214184, 1.12636983971, 1.59987836163, 1.00000025723, 6.09311941858, 1.05773814267, 4.31661021006, 1.26000043916, 1.00000044938, 5.53602677556, 4.27118092528, 1.02645244787, 2.96323591085, 1.03576810964, 1.0296295242, 1.44698285877, 1.10843282821, 0.991583028916, 6.58967652122, 1.00000071822, 1.00000051553, 101.514640272, 1.04897442289, 3.32745809714, 1.0131258886, 3.5567074179, 0.870000756286, 38.7768044796, 11.0283916617, 33.7953442735
3.1482214184, 1.12636983971, 1.59987836163, 1.00000025723, 6.09311941858, 1.05773814267, 4.31661021006, 1.26000043916, 1.00000044938, 5.53602677556, 4.27118092528, 1.02645244787, 2.96323591085, 1.03576810964, 1.0296295242, 1.44698285877, 1.10843282821, 0.991583028916, 6.58967652122, 1.00000071822, 1.00000051553, 101.514640272, 1.04897442289, 3.32745809714, 1.0131258886, 3.5567074179, 0.870000756286, 38.7768044796, 11.0283916617, 33.7953442735
3.1482214184, 1.12636983971, 1.59987836163, 1.00000025723, 6.09311941858, 1.05773814267, 4.31661021006, 1.26000043916, 1.00000044938, 5.53602677556, 4.27118092528, 1.02645244787, 2.96323591085, 1.03576810964, 1.0296295242, 1.44698285877, 1.10843282821, 0.991583028916, 6.58967652122, 1.00000071822, 1.00000051553, 101.514640272, 1.04897442289, 3.32745809714, 1.0131258886, 3.5567074179, 0.870000756286, 38.7768044796, 11.0283916617, 33.7953442735
3.1482214184, 1.12636983971, 1.59987836163, 1.00000025723, 6.09311941858, 1.05773814267, 4.31661021006, 1.26000043916, 1.00000044938, 5.53602677556, 4.27118092528, 1.02645244787, 2.96323591085, 1.03576810964, 1.0296295242, 1.44698285877, 1.10843282821, 0.991583028916, 6.58967652122, 1.00000071822, 1.00000051553, 101.514640272, 1.04897442289, 3.32745809714, 1.0131258886, 3.5567074179, 0.870000756286, 38.7768044796, 11.0283916617, 33.7953442735
3.1482214184, 1.12636983971, 1.59987836163, 1.00000025723, 6.09311941858, 1.05773814267, 4.31661021006, 1.26000043916, 1.00000044938, 5.53602677556, 4.27118092528, 1.02645244787, 2.96323591085, 1.03576810964, 1.0296295242, 1.44698285877, 1.10843282821, 0.991583028916, 6.58967652122, 1.00000071822, 1.00000051553, 101.514640272, 1.04897442289, 3.32745809714, 1.0131258886, 3.5567074179, 0.870000756286, 38.7768044796, 11.0283916617, 33.7953442735
3.1482214184, 1.12636983971, 1.59987836163, 1.00000025723, 6.09311941858, 1.05773814267, 4.31661021006, 1.26000043916, 1.00000044938, 5.53602677556, 4.27118092528, 1.02645244787, 2.96323591085, 1.03576810964, 1.0296295242, 1.44698285877, 1.10843282821, 0.991583028916, 6.58967652122, 1.00000071822, 1.00000051553, 101.514640272, 1.04897442289, 3.32745809714, 1.0131258886, 3.5567074179, 0.870000756286, 38.7768044796, 11.0283916617, 33.7953442735
3.1482214184, 1.12636983971, 1.59987836163, 1.00000025723, 6.09311941858, 1.05773814267, 4.31661021006, 1.26000043916, 1.00000044938, 5.53602677556, 4.27118092528, 1.02645244787, 2.96323591085, 1.03576810964, 1.0296295242, 1.44698285877, 1.10843282821, 0.991583028916, 6.58967652122, 1.00000071822, 1.00000051553, 101.514640272, 1.04897442289, 3.32745809714, 1.0131258886, 3.5567074179, 0.870000756286, 38.7768044796, 11.0283916617, 33.7953442735
3.1482214184, 1.12636983971, 1.59987836163, 1.00000025723, 6.09311941858, 1.05773814267, 4.31661021006, 1.26000043916, 1.00000044938, 5.53602677556, 4.27118092528, 1.02645244787, 2.96323591085, 1.03576810964, 1.0296295242, 1.44698285877, 1.10843282821, 0.991583028916, 6.58967652122, 1.00000071822, 1.00000051553, 101.514640272, 1.04897442289, 3.32745809714, 1.0131258886, 3.5567074179, 0.870000756286, 38.7768044796, 11.0283916617, 33.7953442735
3.1482214184, 1.12636983971, 1.59987836163, 1.00000025723, 6.09311941858, 1.05773814267, 4.31661021006, 1.26000043916, 1.00000044938, 5.53602677556, 4.27118092528, 1.02645244787, 2.96323591085, 1.03576810964, 1.0296295242, 1.44698285877, 1.10843282821, 0.991583028916, 6.58967652122, 1.00000071822, 1.00000051553, 101.514640272, 1.04897442289, 3.32745809714, 1.0131258886, 3.5567074179, 0.870000756286, 38.7768044796, 11.0283916617, 33.7953442735
3.1482214184, 1.12636983971, 1.59987836163, 1.00000025723, 6.09311941858, 1.05773814267, 4.31661021006, 1.26000043916, 1.00000044938, 5.53602677556, 4.27118092528, 1.02645244787, 2.96323591085, 1.03576810964, 1.0296295242, 1.44698285877, 1.10843282821, 0.991583028916, 6.58967652122, 1.00000071822, 1.00000051553, 101.514640272, 1.04897442289, 3.32745809714, 1.0131258886, 3.5567074179, 0.870000756286, 38.7768044796, 11.0283916617, 33.7953442735
3.1482214184, 1.12636983971, 1.59987836163, 1.00000025723, 6.09311941858, 1.05773814267, 4.31661021006, 1.26000043916, 1.00000044938, 5.53602677556, 4.27118092528, 1.02645244787, 2.96323591085, 1.03576810964, 1.0296295242, 1.44698285877, 1.10843282821, 0.991583028916, 6.58967652122, 1.00000071822, 1.00000051553, 101.514640272, 1.04897442289, 3.32745809714, 1.0131258886, 3.5567074179, 0.870000756286, 38.7768044796, 11.0283916617, 33.7953442735
3.1482214184, 1.12636983971, 1.59987836163, 1.00000025723, 6.09311941858, 1.05773814267, 4.31661021006, 1.26000043916, 1.00000044938, 5.53602677556, 4.27118092528, 1.02645244787, 2.96323591085, 1.03576810964, 1.0296295242, 1.44698285877, 1.10843282821, 0.991583028916, 6.58967652122, 1.00000071822, 1.00000051553, 101.514640272, 1.04897442289, 3.32745809714, 1.0131258886, 3.5567074179, 0.870000756286, 38.7768044796, 11.0283916617, 33.7953442735
3.1482214184, 1.12636983971, 1.59987836163, 1.00000025723, 6.09311941858, 1.05773814267, 4.31661021006, 1.26000043916, 1.00000044938, 5.53602677556, 4.27118092528, 1.02645244787, 2.96323591085, 1.03576810964, 1.0296295242, 1.44698285877, 1.10843282821, 0.991583028916, 6.58967652122, 1.00000071822, 1.00000051553, 101.514640272, 1.04897442289, 3.32745809714, 1.0131258886, 3.5567074179, 0.870000756286, 38.7768044796, 11.0283916617, 33.7953442735
3.1482214184, 1.12636983971, 1.59987836163, 1.00000025723, 6.09311941858, 1.05773814267, 4.31661021006, 1.26000043916, 1.00000044938, 5.53602677556, 4.27118092528, 1.02645244787, 2.96323591085, 1.03576810964, 1.0296295242, 1.44698285877, 1.10843282821, 0.991583028916, 6.58967652122, 1.00000071822, 1.00000051553, 101.514640272, 1.04897442289, 3.32745809714, 1.0131258886, 3.5567074179, 0.870000756286, 38.7768044796, 11.0283916617, 33.7953442735
3.1482214184, 1.12636983971, 1.59987836163, 1.00000025723, 6.09311941858, 1.05773814267, 4.31661021006, 1.26000043916, 1.00000044938, 5.53602677556, 4.27118092528, 1.02645244787, 2.96323591085, 1.03576810964, 1.0296295242, 1.44698285877, 1.10843282821, 0.991583028916, 6.58967652122, 1.00000071822, 1.00000051553, 101.514640272, 1.04897442289, 3.32745809714, 1.0131258886, 3.5567074179, 0.870000756286, 38.7768044796, 11.0283916617, 33.7953442735
3.1482214184, 1.12636983971, 1.59987836163, 1.00000025723, 6.09311941858, 1.05773814267, 4.31661021006, 1.26000043916, 1.00000044938, 5.53602677556, 4.27118092528, 1.02645244787, 2.96323591085, 1.03576810964, 1.0296295242, 1.44698285877, 1.10843282821, 0.991583028916, 6.58967652122, 1.00000071822, 1.00000051553, 101.514640272, 1.04897442289, 3.32745809714, 1.0131258886, 3.5567074179, 0.870000756286, 38.7768044796, 11.0283916617, 33.7953442735
3.1482214184, 1.12636983971, 1.59987836163, 1.00000025723, 6.09311941858, 1.05773814267, 4.31661021006, 1.26000043916, 1.00000044938, 5.53602677556, 4.27118092528, 1.02645244787, 2.96323591085, 1.03576810964, 1.0296295242, 1.44698285877, 1.10843282821, 0.991583028916, 6.58967652122, 1.00000071822, 1.00000051553, 101.514640272, 1.04897442289, 3.32745809714, 1.0131258886, 3.5567074179, 0.870000756286, 38.7768044796, 11.0283916617, 33.7953442735
3.1482214184, 1.12636983971, 1.59987836163, 1.00000025723, 6.09311941858, 1.05773814267, 4.31661021006, 1.26000043916, 1.00000044938, 5.53602677556, 4.27118092528, 1.02645244787, 2.96323591085, 1.03576810964, 1.0296295242, 1.44698285877, 1.10843282821, 0.991583028916, 6.58967652122, 1.00000071822, 1.00000051553, 101.514640272, 1.04897442289, 3.32745809714, 1.0131258886, 3.5567074179, 0.870000756286, 38.7768044796, 11.0283916617, 33.7953442735
3.1482214184, 1.12636983971, 1.59987836163, 1.00000025723, 6.06957495827, 1.0745588287, 4.31661021006, 1.26000043916, 1.00000043523, 5.37335504569, 4.27118092528, 1.02645244787, 2.96323591085, 1.03576810964, 1.03251761204, 1.44698285877, 1.10843282821, 0.987195297615, 6.58967652122, 1.00000071822, 1.00000051553, 101.639579017, 1.04897442289, 3.32745809714, 1.0131258886, 3.5567074179, 0.870000756286, 28.8823424836, 8.46098296954, 10.5129403826
3.1482214184, 1.12636983971, 1.59987836163, 1.00000025723, 6.06957495827, 1.0745588287, 4.31661021006, 1.26000043916, 1.00000043523, 5.37335504569, 4.27118092528, 1.02645244787, 2.96323591085, 1.03576810964, 1.03251761204, 1.44698285877, 1.10843282821, 0.987195297615, 6.58967652122, 1.00000071822, 1.00000051553, 101.639579017, 1.04897442289, 3.32745809714, 1.0131258886, 3.5567074179, 0.870000756286, 28.8823424836, 8.46098296954, 10.5129403826
3.1482214184, 1.12636983971, 1.59987836163, 1.00000025723, 6.06957495827, 1.0745588287, 4.31661021006, 1.26000043916, 1.00000043523, 5.37335504569, 4.27118092528, 1.02645244787, 2.96323591085, 1.03576810964, 1.03251761204, 1.44698285877, 1.10843282821, 0.987195297615, 6.58967652122, 1.00000071822, 1.00000051553, 101.639579017, 1.04897442289, 3.32745809714, 1.0131258886, 3.5567074179, 0.870000756286, 28.8823424836, 8.46098296954, 10.5129403826
3.1482214184, 1.12636983971, 1.59987836163, 1.00000025723, 6.06957495827, 1.0745588287, 4.31661021006, 1.26000043916, 1.00000043523, 5.37335504569, 4.27118092528, 1.02645244787, 2.96323591085, 1.03576810964, 1.03251761204, 1.44698285877, 1.10843282821, 0.987195297615, 6.58967652122, 1.00000071822, 1.00000051553, 101.639579017, 1.04897442289, 3.32745809714, 1.0131258886, 3.5567074179, 0.870000756286, 28.8823424836, 8.46098296954, 10.5129403826
3.1482214184, 1.12636983971, 1.59987836163, 1.00000025723, 6.06957495827, 1.0745588287, 4.31661021006, 1.26000043916, 1.00000043523, 5.37335504569, 4.27118092528, 1.02645244787, 2.96323591085, 1.03576810964, 1.03251761204, 1.44698285877, 1.10843282821, 0.987195297615, 6.58967652122, 1.00000071822, 1.00000051553, 101.639579017, 1.04897442289, 3.32745809714, 1.0131258886, 3.5567074179, 0.870000756286, 28.8823424836, 8.46098296954, 10.5129403826
3.1482214184, 1.12636983971, 1.59987836163, 1.00000025723, 6.06957495827, 1.0745588287, 4.31661021006, 1.26000043916, 1.00000043523, 5.37335504569, 4.27118092528, 1.02645244787, 2.96323591085, 1.03576810964, 1.03251761204, 1.44698285877, 1.10843282821, 0.987195297615, 6.58967652122, 1.00000071822, 1.00000051553, 101.639579017, 1.04897442289, 3.32745809714, 1.0131258886, 3.5567074179, 0.870000756286, 28.8823424836, 8.46098296954, 10.5129403826
3.1482214184, 1.12636983971, 1.59987836163, 1.00000025723, 6.06957495827, 1.0745588287, 4.31661021006, 1.26000043916, 1.00000043523, 5.37335504569, 4.27118092528, 1.02645244787, 2.96323591085, 1.03576810964, 1.03251761204, 1.44698285877, 1.10843282821, 0.987195297615, 6.58967652122, 1.00000071822, 1.00000051553, 101.639579017, 1.04897442289, 3.32745809714, 1.0131258886, 3.5567074179, 0.870000756286, 28.8823424836, 8.46098296954, 10.5129403826
3.1482214184, 1.12636983971, 1.59987836163, 1.00000025723, 6.06957495827, 1.0745588287, 4.31661021006, 1.26000043916, 1.00000043523, 5.37335504569, 4.27118092528, 1.02645244787, 2.96323591085, 1.03576810964, 1.03251761204, 1.44698285877, 1.10843282821, 0.987195297615, 6.58967652122, 1.00000071822, 1.00000051553, 101.639579017, 1.04897442289, 3.32745809714, 1.0131258886, 3.5567074179, 0.870000756286, 28.8823424836, 8.46098296954, 10.5129403826
3.1482214184, 1.12636983971, 1.59987836163, 1.00000025723, 6.06957495827, 1.0745588287, 4.31661021006, 1.26000043916, 1.00000043523, 5.37335504569, 4.27118092528, 1.02645244787, 2.96323591085, 1.03576810964, 1.03251761204, 1.44698285877, 1.10843282821, 0.987195297615, 6.58967652122, 1.00000071822, 1.00000051553, 101.639579017, 1.04897442289, 3.32745809714, 1.0131258886, 3.5567074179, 0.870000756286, 28.8823424836, 8.46098296954, 10.5129403826
3.1482214184, 1.12636983971, 1.59987836163, 1.00000025723, 6.06957495827, 1.0745588287, 4.31661021006, 1.26000043916, 1.00000043523, 5.37335504569, 4.27118092528, 1.02645244787, 2.96323591085, 1.03576810964, 1.03251761204, 1.44698285877, 1.10843282821, 0.987195297615, 6.58967652122, 1.00000071822, 1.00000051553, 101.639579017, 1.04897442289, 3.32745809714, 1.0131258886, 3.5567074179, 0.870000756286, 28.8823424836, 8.46098296954, 10.5129403826
3.1482214184, 1.12636983971, 1.59987836163, 1.00000025723, 6.06957495827, 1.0745588287, 4.31661021006, 1.26000043916, 1.00000043523, 5.37335504569, 4.27118092528, 1.02645244787, 2.96323591085, 1.03576810964, 1.03251761204, 1.44698285877, 1.10843282821, 0.987195297615, 6.58967652122, 1.00000071822, 1.00000051553, 101.639579017, 1.04897442289, 3.32745809714, 1.0131258886, 3.5567074179, 0.870000756286, 28.8823424836, 8.46098296954, 10.5129403826
3.1482214184, 1.12636983971, 1.59987836163, 1.00000025723, 6.06957495827, 1.0745588287, 4.31661021006, 1.26000043916, 1.00000043523, 5.37335504569, 4.27118092528, 1.02645244787, 2.96323591085, 1.03576810964, 1.03251761204, 1.44698285877, 1.10843282821, 0.987195297615, 6.58967652122, 1.00000071822, 1.00000051553, 101.639579017, 1.04897442289, 3.32745809714, 1.0131258886, 3.5567074179, 0.870000756286, 28.8823424836, 8.46098296954, 10.5129403826
3.1482214184, 1.12636983971, 1.59987836163, 1.00000025723, 6.06957495827, 1.0745588287, 4.31661021006, 1.26000043916, 1.00000043523, 5.37335504569, 4.27118092528, 1.02645244787, 2.96323591085, 1.03576810964, 1.03251761204, 1.44698285877, 1.10843282821, 0.987195297615, 6.58967652122, 1.00000071822, 1.00000051553, 101.639579017, 1.04897442289, 3.32745809714, 1.0131258886, 3.5567074179, 0.870000756286, 28.8823424836, 8.46098296954, 10.5129403826
3.1482214184, 1.12636983971, 1.59987836163, 1.00000025723, 6.06957495827, 1.0745588287, 4.31661021006, 1.26000043916, 1.00000043523, 5.37335504569, 4.27118092528, 1.02645244787, 2.96323591085, 1.03576810964, 1.03251761204, 1.44698285877, 1.10843282821, 0.987195297615, 6.58967652122, 1.00000071822, 1.00000051553, 101.639579017, 1.04897442289, 3.32745809714, 1.0131258886, 3.5567074179, 0.870000756286, 28.8823424836, 8.46098296954, 10.5129403826
3.1482214184, 1.12636983971, 1.59987836163, 1.00000025723, 6.06957495827, 1.0745588287, 4.31661021006, 1.26000043916, 1.00000043523, 5.37335504569, 4.27118092528, 1.02645244787, 2.96323591085, 1.03576810964, 1.03251761204, 1.44698285877, 1.10843282821, 0.987195297615, 6.58967652122, 1.00000071822, 1.00000051553, 101.639579017, 1.04897442289, 3.32745809714, 1.0131258886, 3.5567074179, 0.870000756286, 28.8823424836, 8.46098296954, 10.5129403826
3.1482214184, 1.12636983971, 1.59987836163, 1.00000025723, 6.06957495827, 1.0745588287, 4.31661021006, 1.26000043916, 1.00000043523, 5.37335504569, 4.27118092528, 1.02645244787, 2.96323591085, 1.03576810964, 1.03251761204, 1.44698285877, 1.10843282821, 0.987195297615, 6.58967652122, 1.00000071822, 1.00000051553, 101.639579017, 1.04897442289, 3.32745809714, 1.0131258886, 3.5567074179, 0.870000756286, 28.8823424836, 8.46098296954, 10.5129403826
3.1482214184, 1.12636983971, 1.59987836163, 1.00000025723, 6.06957495827, 1.0745588287, 4.31661021006, 1.26000043916, 1.00000043523, 5.37335504569, 4.27118092528, 1.02645244787, 2.96323591085, 1.03576810964, 1.03251761204, 1.44698285877, 1.10843282821, 0.987195297615, 6.58967652122, 1.00000071822, 1.00000051553, 101.639579017, 1.04897442289, 3.32745809714, 1.0131258886, 3.5567074179, 0.870000756286, 28.8823424836, 8.46098296954, 10.5129403826
3.1482214184, 1.12636983971, 1.59987836163, 1.00000025723, 6.06957495827, 1.0745588287, 4.31661021006, 1.26000043916, 1.00000043523, 5.37335504569, 4.27118092528, 1.02645244787, 2.96323591085, 1.03576810964, 1.03251761204, 1.44698285877, 1.10843282821, 0.987195297615, 6.58967652122, 1.00000071822, 1.00000051553, 101.639579017, 1.04897442289, 3.32745809714, 1.0131258886, 3.5567074179, 0.870000756286, 28.8823424836, 8.46098296954, 10.5129403826
3.1482214184, 1.12636983971, 1.59987836163, 1.00000025723, 6.06957495827, 1.0745588287, 4.31661021006, 1.26000043916, 1.00000043523, 5.37335504569, 4.27118092528, 1.02645244787, 2.96323591085, 1.03576810964, 1.03251761204, 1.44698285877, 1.10843282821, 0.987195297615, 6.58967652122, 1.00000071822, 1.00000051553, 101.639579017, 1.04897442289, 3.32745809714, 1.0131258886, 3.5567074179, 0.870000756286, 28.8823424836, 8.46098296954, 10.5129403826
3.1482214184, 1.12636983971, 1.59987836163, 1.00000025723, 6.06957495827, 1.0745588287, 4.31661021006, 1.26000043916, 1.00000043523, 5.37335504569, 4.27118092528, 1.02645244787, 2.96323591085, 1.03576810964, 1.03251761204, 1.44698285877, 1.10843282821, 0.987195297615, 6.58967652122, 1.00000071822, 1.00000051553, 101.639579017, 1.04897442289, 3.32745809714, 1.0131258886, 3.5567074179, 0.870000756286, 28.8823424836, 8.46098296954, 10.5129403826
3.1482214184, 1.12636983971, 1.59987836163, 1.00000025723, 6.0057078071, 1.05773814267, 4.31661021006, 1.26000043916, 1.00000044938, 5.53602677556, 4.27118092528, 1.02645244787, 2.96323591085, 1.03576810964, 1.03251761204, 1.44698285877, 1.10843282821, 0.987195297615, 6.58967652122, 1.00000071822, 1.00000051553, 101.514640272, 1.03470335363, 3.32745809714, 1.0131258886, 3.5567074179, 0.870000756286, 53.9907885352, 16.7095635697, 48.7153775225
3.1482214184, 1.12636983971, 1.59987836163, 1.00000025723, 6.0057078071, 1.05773814267, 4.31661021006, 1.26000043916, 1.00000044938, 5.53602677556, 4.27118092528, 1.02645244787, 2.96323591085, 1.03576810964, 1.03251761204, 1.44698285877, 1.10843282821, 0.987195297615, 6.58967652122, 1.00000071822, 1.00000051553, 101.514640272, 1.03470335363, 3.32745809714, 1.0131258886, 3.5567074179, 0.870000756286, 53.9907885352, 16.7095635697, 48.7153775225
3.1482214184, 1.12636983971, 1.59987836163, 1.00000025723, 6.0057078071, 1.05773814267, 4.31661021006, 1.26000043916, 1.00000044938, 5.53602677556, 4.27118092528, 1.02645244787, 2.96323591085, 1.03576810964, 1.03251761204, 1.44698285877, 1.10843282821, 0.987195297615, 6.58967652122, 1.00000071822, 1.00000051553, 101.514640272, 1.03470335363, 3.32745809714, 1.0131258886, 3.5567074179, 0.870000756286, 53.9907885352, 16.7095635697, 48.7153775225
3.1482214184, 1.12636983971, 1.59987836163, 1.00000025723, 6.0057078071, 1.05773814267, 4.31661021006, 1.26000043916, 1.00000044938, 5.53602677556, 4.27118092528, 1.02645244787, 2.96323591085, 1.03576810964, 1.03251761204, 1.44698285877, 1.10843282821, 0.987195297615, 6.58967652122, 1.00000071822, 1.00000051553, 101.514640272, 1.03470335363, 3.32745809714, 1.0131258886, 3.5567074179, 0.870000756286, 53.9907885352, 16.7095635697, 48.7153775225
3.1482214184, 1.12636983971, 1.59987836163, 1.00000025723, 6.0057078071, 1.05773814267, 4.31661021006, 1.26000043916, 1.00000044938, 5.53602677556, 4.27118092528, 1.02645244787, 2.96323591085, 1.03576810964, 1.03251761204, 1.44698285877, 1.10843282821, 0.987195297615, 6.58967652122, 1.00000071822, 1.00000051553, 101.514640272, 1.03470335363, 3.32745809714, 1.0131258886, 3.5567074179, 0.870000756286, 53.9907885352, 16.7095635697, 48.7153775225
3.1482214184, 1.12636983971, 1.59987836163, 1.00000025723, 6.0057078071, 1.05773814267, 4.31661021006, 1.26000043916, 1.00000044938, 5.53602677556, 4.27118092528, 1.02645244787, 2.96323591085, 1.03576810964, 1.03251761204, 1.44698285877, 1.10843282821, 0.987195297615, 6.58967652122, 1.00000071822, 1.00000051553, 101.514640272, 1.03470335363, 3.32745809714, 1.0131258886, 3.5567074179, 0.870000756286, 53.9907885352, 16.7095635697, 48.7153775225
3.1482214184, 1.12636983971, 1.59987836163, 1.00000025723, 6.0057078071, 1.05773814267, 4.31661021006, 1.26000043916, 1.00000044938, 5.53602677556, 4.27118092528, 1.02645244787, 2.96323591085, 1.03576810964, 1.03251761204, 1.44698285877, 1.10843282821, 0.987195297615, 6.58967652122, 1.00000071822, 1.00000051553, 101.514640272, 1.03470335363, 3.32745809714, 1.0131258886, 3.5567074179, 0.870000756286, 53.9907885352, 16.7095635697, 48.7153775225
3.1482214184, 1.12636983971, 1.59987836163, 1.00000025723, 6.0057078071, 1.05773814267, 4.31661021006, 1.26000043916, 1.00000044938, 5.53602677556, 4.27118092528, 1.02645244787, 2.96323591085, 1.03576810964, 1.03251761204, 1.44698285877, 1.10843282821, 0.987195297615, 6.58967652122, 1.00000071822, 1.00000051553, 101.514640272, 1.03470335363, 3.32745809714, 1.0131258886, 3.5567074179, 0.870000756286, 53.9907885352, 16.7095635697, 48.7153775225
3.1482214184, 1.12636983971, 1.59987836163, 1.00000025723, 6.0057078071, 1.05773814267, 4.31661021006, 1.26000043916, 1.00000044938, 5.53602677556, 4.27118092528, 1.02645244787, 2.96323591085, 1.03576810964, 1.03251761204, 1.44698285877, 1.10843282821, 0.987195297615, 6.58967652122, 1.00000071822, 1.00000051553, 101.514640272, 1.03470335363, 3.32745809714, 1.0131258886, 3.5567074179, 0.870000756286, 53.9907885352, 16.7095635697, 48.7153775225
3.1482214184, 1.12636983971, 1.59987836163, 1.00000025723, 6.0057078071, 1.05773814267, 4.31661021006, 1.26000043916, 1.00000044938, 5.53602677556, 4.27118092528, 1.02645244787, 2.96323591085, 1.03576810964, 1.03251761204, 1.44698285877, 1.10843282821, 0.987195297615, 6.58967652122, 1.00000071822, 1.00000051553, 101.514640272, 1.03470335363, 3.32745809714, 1.0131258886, 3.5567074179, 0.870000756286, 53.9907885352, 16.7095635697, 48.7153775225
3.1482214184, 1.12636983971, 1.59987836163, 1.00000025723, 6.0057078071, 1.05773814267, 4.31661021006, 1.26000043916, 1.00000044938, 5.53602677556, 4.27118092528, 1.02645244787, 2.96323591085, 1.03576810964, 1.03251761204, 1.44698285877, 1.10843282821, 0.987195297615, 6.58967652122, 1.00000071822, 1.00000051553, 101.514640272, 1.03470335363, 3.32745809714, 1.0131258886, 3.5567074179, 0.870000756286, 53.9907885352, 16.7095635697, 48.7153775225
3.1482214184, 1.12636983971, 1.59987836163, 1.00000025723, 6.0057078071, 1.05773814267, 4.31661021006, 1.26000043916, 1.00000044938, 5.53602677556, 4.27118092528, 1.02645244787, 2.96323591085, 1.03576810964, 1.03251761204, 1.44698285877, 1.10843282821, 0.987195297615, 6.58967652122, 1.00000071822, 1.00000051553, 101.514640272, 1.03470335363, 3.32745809714, 1.0131258886, 3.5567074179, 0.870000756286, 53.9907885352, 16.7095635697, 48.7153775225
3.1482214184, 1.12636983971, 1.59987836163, 1.00000025723, 6.0057078071, 1.05773814267, 4.31661021006, 1.26000043916, 1.00000044938, 5.53602677556, 4.27118092528, 1.02645244787, 2.96323591085, 1.03576810964, 1.03251761204, 1.44698285877, 1.10843282821, 0.987195297615, 6.58967652122, 1.00000071822, 1.00000051553, 101.514640272, 1.03470335363, 3.32745809714, 1.0131258886, 3.5567074179, 0.870000756286, 53.9907885352, 16.7095635697, 48.7153775225
3.1482214184, 1.12636983971, 1.59987836163, 1.00000025723, 6.00488064388, 1.05773814267, 4.31661021006, 1.26000043916, 1.00000044938, 5.42055291665, 4.27118092528, 1.02645244787, 2.96323591085, 1.03576810964, 1.03251761204, 1.44698285877, 1.10843282821, 0.987195297615, 6.58967652122, 1.00000071822, 1.00000051553, 101.514640272, 1.03488760446, 3.32745809714, 1.0131258886, 3.5567074179, 0.870000756286, 27.2021127109, 13.7977905509, 58.532435065
3.1482214184, 1.12636983971, 1.59987836163, 1.00000025723, 6.00488064388, 1.05773814267, 4.31661021006, 1.26000043916, 1.00000044938, 5.42055291665, 4.27118092528, 1.02645244787, 2.96323591085, 1.03576810964, 1.03251761204, 1.44698285877, 1.10843282821, 0.987195297615, 6.58967652122, 1.00000071822, 1.00000051553, 101.514640272, 1.03488760446, 3.32745809714, 1.0131258886, 3.5567074179, 0.870000756286, 27.2021127109, 13.7977905509, 58.532435065
3.1482214184, 1.12636983971, 1.59987836163, 1.00000025723, 6.0057078071, 1.05773814267, 4.31661021006, 1.26000043916, 1.00000044938, 5.53602677556, 4.27118092528, 1.02645244787, 2.96323591085, 1.03576810964, 1.03251761204, 1.44698285877, 1.10843282821, 0.987195297615, 6.58967652122, 1.00000071822, 1.00000051553, 101.514640272, 1.03470335363, 3.32745809714, 1.0131258886, 3.5567074179, 0.870000756286, 32.4119029013, 15.0390359576, 183.09467438
3.1482214184, 1.12636983971, 1.59987836163, 1.00000025723, 6.09311941858, 1.05773814267, 4.31661021006, 1.26000048992, 1.00000044938, 5.53602677556, 4.27118092528, 1.02645244787, 2.96323591085, 1.03781467757, 1.0296295242, 1.44698285877, 1.10843282821, 0.991583028916, 6.58967652122, 1.00000071822, 1.00000051553, 101.514640272, 1.04897442289, 3.32745809714, 1.0131258886, 3.5567074179, 0.870000756286, 55.4439763558, 8.50956893566, 90.641819028
3.1482214184, 1.12636983971, 1.59987836163, 1.00000025723, 6.09311941858, 1.05773814267, 4.31661021006, 1.26000048992, 1.00000044938, 5.53602677556, 4.27118092528, 1.02645244787, 2.96323591085, 1.03781467757, 1.0296295242, 1.44698285877, 1.10843282821, 0.991583028916, 6.58967652122, 1.00000071822, 1.00000051553, 101.514640272, 1.04897442289, 3.32745809714, 1.0131258886, 3.5567074179, 0.870000756286, 55.4439763558, 8.50956893566, 90.641819028
3.1482214184, 1.12636983971, 1.59987836163, 1.00000025723, 6.09311941858, 1.05773814267, 4.31661021006, 1.26000048992, 1.00000044938, 5.53602677556, 4.27118092528, 1.02645244787, 2.96323591085, 1.03781467757, 1.0296295242, 1.44698285877, 1.10843282821, 0.991583028916, 6.58967652122, 1.00000071822, 1.00000051553, 101.514640272, 1.04897442289, 3.32745809714, 1.0131258886, 3.5567074179, 0.870000756286, 55.4439763558, 8.50956893566, 90.641819028
3.1482214184, 1.12636983971, 1.59987836163, 1.00000025723, 6.09311941858, 1.05773814267, 4.31661021006, 1.26000048992, 1.00000044938, 5.53602677556, 4.27118092528, 1.02645244787, 2.96323591085, 1.03781467757, 1.0296295242, 1.44698285877, 1.10843282821, 0.991583028916, 6.58967652122, 1.00000071822, 1.00000051553, 101.514640272, 1.04897442289, 3.32745809714, 1.0131258886, 3.5567074179, 0.870000756286, 55.4439763558, 8.50956893566, 90.641819028
3.1482214184, 1.12636983971, 1.59987836163, 1.00000025723, 6.09311941858, 1.05773814267, 4.31661021006, 1.26000048992, 1.00000044938, 5.53602677556, 4.27118092528, 1.02645244787, 2.96323591085, 1.03781467757, 1.0296295242, 1.44698285877, 1.10843282821, 0.991583028916, 6.58967652122, 1.00000071822, 1.00000051553, 101.514640272, 1.04897442289, 3.32745809714, 1.0131258886, 3.5567074179, 0.870000756286, 55.4439763558, 8.50956893566, 90.641819028
3.1482214184, 1.12636983971, 1.59987836163, 1.00000025723, 6.09311941858, 1.05773814267, 4.31661021006, 1.26000048992, 1.00000044938, 5.53602677556, 4.27118092528, 1.02645244787, 2.96323591085, 1.03781467757, 1.0296295242, 1.44698285877, 1.10843282821, 0.991583028916, 6.58967652122, 1.00000071822, 1.00000051553, 101.514640272, 1.04897442289, 3.32745809714, 1.0131258886, 3.5567074179, 0.870000756286, 55.4439763558, 8.50956893566, 90.641819028
3.1482214184, 1.12636983971, 1.59987836163, 1.00000025723, 6.09311941858, 1.05773814267, 4.31661021006, 1.26000048992, 1.00000044938, 5.53602677556, 4.27118092528, 1.02645244787, 2.96323591085, 1.03781467757, 1.0296295242, 1.44698285877, 1.10843282821, 0.991583028916, 6.58967652122, 1.00000071822, 1.00000051553, 101.514640272, 1.04897442289, 3.32745809714, 1.0131258886, 3.5567074179, 0.870000756286, 55.4439763558, 8.50956893566, 90.641819028
3.1482214184, 1.12636983971, 1.59987836163, 1.00000025723, 6.09311941858, 1.05773814267, 4.31661021006, 1.26000048992, 1.00000044938, 5.53602677556, 4.27118092528, 1.02645244787, 2.96323591085, 1.03781467757, 1.0296295242, 1.44698285877, 1.10843282821, 0.991583028916, 6.58967652122, 1.00000071822, 1.00000051553, 101.514640272, 1.04897442289, 3.32745809714, 1.0131258886, 3.5567074179, 0.870000756286, 55.4439763558, 8.50956893566, 90.641819028
3.1482214184, 1.12636983971, 1.59987836163, 1.00000025723, 6.09311941858, 1.05773814267, 4.31661021006, 1.26000048992, 1.00000044938, 5.53602677556, 4.27118092528, 1.02645244787, 2.96323591085, 1.03781467757, 1.0296295242, 1.44698285877, 1.10843282821, 0.991583028916, 6.58967652122, 1.00000071822, 1.00000051553, 101.514640272, 1.04897442289, 3.32745809714, 1.0131258886, 3.5567074179, 0.870000756286, 55.4439763558, 8.50956893566, 90.641819028
3.1482214184, 1.12636983971, 1.59987836163, 1.00000027652, 6.09258278913, 1.05773814267, 4.31661021006, 1.26000043916, 1.00000044938, 5.53602677556, 4.27118092528, 1.02645244787, 2.96323591085, 1.04120011742, 1.03251761204, 1.44698285877, 1.10843282821, 0.987195297615, 6.58967652122, 1.00000062791, 1.00000051553, 101.514640272, 1.04897442289, 3.32745809714, 1.0131258886, 3.5567074179, 0.870000756286, 30.4122727896, 8.75762634796, 114.973342
3.1482214184, 1.12636983971, 1.59987836163, 1.00000027652, 6.09258278913, 1.05773814267, 4.31661021006, 1.26000043916, 1.00000044938, 5.53602677556, 4.27118092528, 1.02645244787, 2.96323591085, 1.04120011742, 1.03251761204, 1.44698285877, 1.10843282821, 0.987195297615, 6.58967652122, 1.00000062791, 1.00000051553, 101.514640272, 1.04897442289, 3.32745809714, 1.0131258886, 3.5567074179, 0.870000756286, 30.4122727896, 8.75762634796, 114.973342
3.1482214184, 1.12636983971, 1.59987836163, 1.00000025723, 6.08885465013, 1.05773814267, 4.31661021006, 1.26000043916, 1.00000044938, 5.53602677556, 4.27118092528, 1.02645244787, 2.96323591085, 1.03576810964, 1.03251761204, 1.44698285877, 1.10843282821, 0.987195297615, 6.58967652122, 1.00000071822, 1.00000051553, 101.514640272, 1.04924391975, 3.32745809714, 1.0131258886, 3.5567074179, 0.870000756286, 38.0570530263, 9.28541388583, 102.509561975
3.1482214184, 1.12636983971, 1.59987836163, 1.00000025723, 6.09307323845, 1.05773814267, 4.31661021006, 1.26000043916, 1.00000044938, 5.53602677556, 4.27118092528, 1.02645244787, 2.96323591085, 1.03576810964, 1.02963543352, 1.44698285877, 1.10843282821, 0.991567418812, 6.58967652122, 1.00000071822, 1.00000051553, 101.514640272, 1.04897442289, 3.75230845874, 1.0131258886, 3.5567074179, 0.870000756286, 23.0159625112, 7.62832874589, 34.8509981902
3.1482214184, 1.12636983971, 1.59987836163, 1.00000025723, 6.09307323845, 1.05773814267, 4.31661021006, 1.26000043916, 1.00000044938, 5.53602677556, 4.27118092528, 1.02645244787, 2.96323591085, 1.03576810964, 1.02963543352, 1.44698285877, 1.10843282821, 0.991567418812, 6.58967652122, 1.00000071822, 1.00000051553, 101.514640272, 1.04897442289, 3.75230845874, 1.0131258886, 3.5567074179, 0.870000756286, 23.0159625112, 7.62832874589, 34.8509981902
3.1482214184, 1.12636983971, 1.59987836163, 1.00000025723, 6.09307323845, 1.05773814267, 4.31661021006, 1.26000043916, 1.00000044938, 5.53602677556, 4.27118092528, 1.02645244787, 2.96323591085, 1.03576810964, 1.02963543352, 1.44698285877, 1.10843282821, 0.991567418812, 6.58967652122, 1.00000071822, 1.00000051553, 101.514640272, 1.04897442289, 3.75230845874, 1.0131258886, 3.5567074179, 0.870000756286, 23.0159625112, 7.62832874589, 34.8509981902
3.1482214184, 1.12636983971, 1.59987836163, 1.00000025723, 6.09311941858, 1.05773814267, 4.31661021006, 1.26000037578, 1.00000044938, 5.53602677556, 3.91304269662, 1.02645244787, 2.96323591085, 1.03576810964, 1.03124184934, 1.44698285877, 1.10843282821, 0.991583028916, 6.58967652122, 1.00000071822, 1.00000048977, 101.514640272, 1.03243869361, 3.32745809714, 1.0131258886, 3.5567074179, 0.870000756286, 50.2576859611, 12.296714348, 122.260269545
3.1482214184, 1.12636983971, 1.59987836163, 1.00000025723, 6.09311941858, 1.05773814267, 4.31661021006, 1.26000037578, 1.00000044938, 5.53602677556, 3.91304269662, 1.02645244787, 2.96323591085, 1.03576810964, 1.03124184934, 1.44698285877, 1.10843282821, 0.991583028916, 6.58967652122, 1.00000071822, 1.00000048977, 101.514640272, 1.03243869361, 3.32745809714, 1.0131258886, 3.5567074179, 0.870000756286, 50.2576859611, 12.296714348, 122.260269545
3.1482214184, 1.12636983971, 1.59987836163, 1.00000025723, 6.09311941858, 1.05773814267, 4.31661021006, 1.26000048992, 1.00000044938, 5.53602677556, 4.27118092528, 1.02645244787, 2.96323591085, 1.03781467757, 1.0296295242, 1.44698285877, 1.10843282821, 0.991583028916, 6.58967652122, 1.00000071822, 1.00000051553, 101.514640272, 1.04897442289, 3.46500760234, 1.0131258886, 3.5567074179, 0.870000756286, 17.160053723, 8.84208835683, 68.2916104624
3.1482214184, 1.12636983971, 1.59987836163, 1.00000025723, 6.09311941858, 1.05773814267, 4.31661021006, 1.26000048992, 1.00000044938, 5.53602677556, 4.27118092528, 1.02645244787, 2.96323591085, 1.03781467757, 1.0296295242, 1.44698285877, 1.10843282821, 0.991583028916, 6.58967652122, 1.00000071822, 1.00000051553, 101.514640272, 1.04897442289, 3.46500760234, 1.0131258886, 3.5567074179, 0.870000756286, 17.160053723, 8.84208835683, 68.2916104624
3.1482214184, 1.12636983971, 1.59987836163, 1.00000025723, 6.09311941858, 1.05773814267, 4.31661021006, 1.26000048992, 1.00000044938, 5.53602677556, 4.27118092528, 1.02645244787, 2.96323591085, 1.03781467757, 1.0296295242, 1.44698285877, 1.10843282821, 0.991583028916, 6.58967652122, 1.00000071822, 1.00000051553, 101.514640272, 1.04897442289, 3.46500760234, 1.0131258886, 3.5567074179, 0.870000756286, 17.160053723, 8.84208835683, 68.2916104624
3.1482214184, 1.12636983971, 1.59987836163, 1.00000025723, 6.0057078071, 1.05773814267, 4.31661021006, 1.26000043916, 1.00000044966, 5.53362085155, 4.27118092528, 1.02645244787, 2.96323591085, 1.03576810964, 1.03251761204, 1.44698285877, 1.10843282821, 0.987195297615, 6.58967652122, 1.00000071822, 1.00000051553, 101.636935008, 1.03484844364, 3.32745809714, 1.0131258886, 3.5567074179, 0.870000716945, 22.3474548869, 13.0009855913, 62.1699437231
3.1482214184, 1.12636983971, 1.59987836163, 1.00000025723, 6.0057078071, 1.05773814267, 4.31661021006, 1.26000043916, 1.00000044966, 5.53362085155, 4.27118092528, 1.02645244787, 2.96323591085, 1.03576810964, 1.03251761204, 1.44698285877, 1.10843282821, 0.987195297615, 6.58967652122, 1.00000071822, 1.00000051553, 101.636935008, 1.03484844364, 3.32745809714, 1.0131258886, 3.5567074179, 0.870000716945, 22.3474548869, 13.0009855913, 62.1699437231
3.1482214184, 1.12636983971, 1.59987836163, 1.00000025723, 6.0057078071, 1.05773814267, 4.31661021006, 1.26000043916, 1.00000044966, 5.53362085155, 4.27118092528, 1.02645244787, 2.96323591085, 1.03576810964, 1.03251761204, 1.44698285877, 1.10843282821, 0.987195297615, 6.58967652122, 1.00000071822, 1.00000051553, 101.636935008, 1.03484844364, 3.32745809714, 1.0131258886, 3.5567074179, 0.870000716945, 22.3474548869, 13.0009855913, 62.1699437231
3.1482214184, 1.12636983971, 1.59987836163, 1.00000025723, 6.06957495827, 1.07427395937, 4.31661021006, 1.26000043916, 1.00000043523, 5.37335504569, 4.27118092528, 1.02645244787, 2.96323591085, 1.03576810964, 1.03251761204, 1.44698285877, 1.10843282821, 0.987195297615, 6.58967652122, 1.00000071822, 1.00000051553, 101.639579017, 1.04897442289, 3.32745809714, 1.0131258886, 3.5567074179, 0.870000756286, 96.840679042, 19.4280526012, 83.7432893905
3.1482214184, 1.12636983971, 1.59987836163, 1.00000025723, 6.06957495827, 1.07427395937, 4.31661021006, 1.26000043916, 1.00000043523, 5.37335504569, 4.27118092528, 1.02645244787, 2.96323591085, 1.03576810964, 1.03251761204, 1.44698285877, 1.10843282821, 0.987195297615, 6.58967652122, 1.00000071822, 1.00000051553, 101.639579017, 1.04897442289, 3.32745809714, 1.0131258886, 3.5567074179, 0.870000756286, 96.840679042, 19.4280526012, 83.7432893905
3.1482214184, 1.12636983971, 1.59987836163, 1.00000025723, 6.06957495827, 1.07427395937, 4.31661021006, 1.26000043916, 1.00000043523, 5.37335504569, 4.27118092528, 1.02645244787, 2.96323591085, 1.03576810964, 1.03251761204, 1.44698285877, 1.10843282821, 0.987195297615, 6.58967652122, 1.00000071822, 1.00000051553, 101.639579017, 1.04897442289, 3.32745809714, 1.0131258886, 3.5567074179, 0.870000756286, 96.840679042, 19.4280526012, 83.7432893905
3.1482214184, 1.12636983971, 1.59987836163, 1.00000025723, 6.00706607737, 1.05773814267, 4.31661021006, 1.26000043916, 1.00000044938, 5.53602677556, 4.27118092528, 1.02645244787, 2.96323591085, 1.03576810964, 1.03255115172, 1.44698285877, 1.10843282821, 0.987208190216, 6.58967652122, 1.00000071822, 1.00000051553, 101.514640272, 1.04896897071, 3.32745809714, 1.0131258886, 3.5567074179, 0.870000756286, 38.569822511, 11.3670677868, 159.001111255
