0.10019680759, 0.0098688513011, 0.0935329787057, 0.000649221105293, 0.0701837943982, 0.0645895706232, 0.977092735333, 0.640361694121, 0.93224186544, 0.00166793177329, 0.0701900445076, 0.997155777803, 0.701741139313, 0.901513862991, 0.992493599726, 0.98206929589, 0.821079677762, 0.0926689935421, 2.57426851235, 0.26224732238, 0.286612608001, 0.00265663143948, 0.385517615276, 0.0408267133358, 0.417980448726
0.999999434558, 0.376595695797, 0.219843155887, 0.635641785761, 0.999999980255, 0.874445347416, 0.262656919759, 0.332078036791, 0.090913961599, 0.268010359288, 0.0683648283684, 0.5767787809, 0.543504173573, 0.279533350621, 0.225186596792, 0.385883245907, 0.805293363284, 3.50135581424e-15, 1.5325527298e-15, 1.91277273463e-14, 6.28899320692e-07, 9.76151072722e-07, 4.17734560651e-07, 8.29049694084e-07, 1.67381950295
0.020955580325, 0.183989858471, 0.0242362924429, 0.962287004107, 0.4193922783, 0.187185085847, 0.2286778399, 0.900237449296, 0.0261786364901, 0.641245050772, 0.0670213796442, 0.754051917353, 0.891216905388, 0.901513862991, 0.992493599726, 0.920929865015, 0.821079677762, 0.100139270443, 0.0376019940166, 0.0323900911146, 0.0865212817886, 2.38310937158, 0.0909289977842, 0.710343078446, 0.0820717462237
4.28228283416e-05, 6.45694660572e-05, 0.0257879893637, 0.000287495168416, 0.0531850998183, 0.00857809810982, 0.0159759503771, 0.0937313562797, 0.93224186544, 0.696074429022, 0.350954439345, 0.914252864038, 0.025919278407, 0.964603301503, 0.608911630683, 0.661474899342, 0.595671802823, 2.06209358124, 0.0517590301992, 0.0277960001665, 0.172745379992, 0.00093487242008, 0.0839028911313, 0.000210138397969, 0.000139364952549
0.0213771225236, 0.942943518542, 4.93144663127e-06, 0.0208820791145, 0.99499496984, 0.083005112838, 0.980429978688, 0.755563044095, 0.93224186544, 0.470106392402, 0.987004056135, 0.763439669378, 0.0770733153433, 0.865847389348, 0.731931341196, 0.877819984048, 0.0285455845496, 4.90769904989e-05, 0.00159598908714, 0.000209377825303, 0.204833808563, 0.00672147322351, 1.58760681805e-06, 2.28065121347, 0.0769197458505
0.449204503337, 0.997202583519, 0.964436621923, 0.897769724245, 0.999999980255, 0.999967166889, 0.880845245171, 0.243006257682, 0.0212717884981, 0.0171109083204, 0.573660375768, 0.132658229604, 0.0256747135, 0.573472354616, 0.384163232661, 0.525463883544, 0.371584822566, 1.71519488608e-17, 9.0566790802e-17, 1.78726502308e-12, 5.76242404463e-05, 0.000355754289802, 0.00644464432818, 1.46891662812, 1.25141436503
4.28228283416e-05, 4.42156788462e-05, 0.999778450615, 0.509809537795, 0.190833666571, 0.0121178013027, 0.0159759503771, 0.0937313562797, 0.679884534656, 0.512744985491, 0.115279390105, 0.914252864038, 0.257893951567, 0.814017307465, 0.51423521479, 0.0612331795554, 0.872975782918, 0.000464125850593, 1.16496671808e-05, 8.83829883676e-06, 0.000143520508292, 0.000501243483373, 2.00624245029, 0.000139341222554, 0.000134951795921
0.999347300378, 0.0098688513011, 4.93144663127e-06, 9.98772302463e-06, 0.0701837943982, 0.0645895706232, 0.977092735333, 0.640361694121, 0.93224186544, 0.00166793177329, 0.0701900445076, 0.997155777803, 0.913980293753, 0.901513862991, 0.992493599726, 0.984707941908, 0.821079677762, 0.000102104889195, 0.00283638994194, 0.00028895030333, 0.000315796551395, 4.50315722102e-08, 2.22343765984e-08, 4.44991807602e-05, 2.79994523928
3.26062901701e-06, 0.0098688513011, 0.0882167082882, 0.0965086340648, 0.967454356791, 0.00356826308608, 0.354283472736, 0.0937313562797, 0.0230651789142, 0.044297596767, 0.927996522708, 0.993418517154, 0.990506121061, 0.323472466707, 0.969944452691, 0.953618188113, 0.985941799385, 0.125783104222, 0.0782489667683, 0.000830313425646, 2.89518471714, 0.442868620593, 0.408993646745, 0.0459047758166, 1.5167361888e-05
0.999907238583, 0.916113359266, 4.93144663127e-06, 0.158313667036, 0.0531850998183, 0.745903561425, 0.980429978688, 0.499442528125, 0.996113773691, 0.470106392402, 0.987004056135, 0.00917682416995, 0.105106930237, 0.190934137133, 0.0727021057526, 0.877819984048, 0.107088649376, 5.42501868912e-07, 1.7642219984e-05, 4.18485298632e-05, 3.80324960908e-06, 1.15737057515e-05, 3.64261968843e-10, 0.000354799621061, 2.4562761339
0.00355580365563, 9.27233119707e-06, 0.00331025543887, 0.0471036341084, 0.00395503273999, 0.979046526911, 0.529241484381, 0.150446610984, 0.0212717884981, 0.0171109083204, 0.265119024289, 0.132658229604, 0.221931865388, 0.901513862991, 0.271476294724, 0.146116275524, 0.733012022098, 0.0496459221608, 0.0544297332337, 2.2374827307, 0.0139081869314, 0.165947678447, 0.0116728934637, 3.26969999631e-05, 0.0125389525657
0.999998269182, 0.000103616107988, 0.219843155887, 0.357829599453, 0.999999980255, 0.874445347416, 0.447644720816, 0.0059583915318, 0.090913961599, 0.470106392402, 0.0701900445076, 0.342921271175, 0.543504173573, 0.814017307465, 0.824061489248, 0.385883245907, 0.805293363284, 1.94026107122e-14, 1.64476399127e-14, 1.27295297518e-13, 4.18533392321e-06, 2.6361212568e-06, 1.77941100265e-06, 8.555727073e-10, 1.93347445292
0.999347300378, 7.55973402025e-05, 0.996438499884, 0.00013746441669, 0.0827847521519, 0.0579563607806, 0.116891146103, 0.755563044095, 0.93224186544, 0.0680660659669, 0.0255321309582, 0.543072891491, 0.805423967698, 0.448694705813, 0.450253129783, 0.267646523943, 0.578962318499, 1.01585922522e-05, 1.88648910931e-06, 9.43232846009e-07, 1.35683138974e-06, 2.25938633647e-09, 0.00187035032814, 2.22103882877e-07, 1.82430046697
0.999130829978, 0.863692795061, 0.995548442496, 0.192721957785, 0.00066204118032, 0.00401155264698, 0.598246797293, 0.520607485394, 0.93224186544, 0.12833311853, 0.515340084129, 0.281521014441, 0.543504173573, 0.837524592398, 0.271476294724, 0.819589275697, 0.445232426084, 1.88095897557e-06, 2.57398131868e-06, 2.00889548234e-08, 3.31537669893e-09, 9.9571978434e-07, 0.000477640214466, 0.00219666775248, 1.64653615996
3.26062901701e-06, 0.840589381643, 0.995548442496, 0.000874719864899, 0.149201172276, 0.492964535713, 0.771152922869, 0.582722144587, 0.245575120678, 0.0392673100054, 0.515340084129, 0.525244798944, 0.543504173573, 0.766589432053, 0.51423521479, 0.859239512441, 0.595671802823, 0.000634075543855, 0.00168726711155, 0.00176307118062, 0.000601983904496, 3.56176240196e-06, 0.370712535745, 1.44943480908, 7.66266789026e-06
4.28228283416e-05, 0.000896910059653, 0.541516630647, 0.192721957785, 0.31918739251, 0.492964535713, 0.230451114762, 0.759236382861, 0.245575120678, 0.0738656495236, 0.000523266890579, 0.479987261026, 0.20603560825, 0.0159414177437, 0.899112120623, 0.65847261143, 0.999501363283, 0.855523189099, 0.323968252276, 0.894809500854, 0.701379809174, 0.455771506168, 1.74243047775, 0.0032657954846, 0.000155924938522
0.14314820187, 0.175495687722, 0.0882167082882, 0.0749406821428, 0.0726725120548, 0.223490750335, 0.0342888576513, 0.0937313562797, 0.0132092265018, 0.40965144788, 0.000750469579811, 0.901931110092, 0.832090935764, 0.323472466707, 0.680608442719, 0.82583927641, 0.821079677762, 1.89447823724, 0.102136920576, 0.69481940173, 0.231649968386, 0.240511523669, 0.285604365004, 0.58488654215, 0.491487644429
0.466364299875, 0.588307687556, 0.0356514429083, 0.000649221105293, 0.328309457844, 0.668746844238, 0.0391961234013, 0.755563044095, 0.98387356295, 0.685762356409, 0.00826547569155, 0.812276102023, 0.0535448969038, 0.865847389348, 0.501751816162, 0.997061903973, 0.821079677762, 0.455012690785, 0.0280501867702, 0.795593524029, 0.519795249976, 0.0010748941114, 0.0590887189603, 1.39828430673, 1.57604469074
0.324614364624, 0.325736233938, 0.280596725395, 0.0286035647795, 0.630813492304, 0.423336743431, 0.306297663275, 0.175869842829, 0.085654172555, 0.540134740166, 0.0863710488184, 0.914252864038, 0.169311798905, 0.0571318254404, 0.974444719096, 0.392906652732, 0.995522499995, 0.633062850455, 0.330490172432, 0.559961480705, 1.38538542497, 0.0744616766521, 0.782012487104, 1.02932206877, 1.1756414887
0.404206534998, 0.270200650838, 0.280596725395, 0.954363007688, 0.288878791933, 0.00835441598959, 0.463218220998, 0.125450702684, 0.44688862985, 0.998262506911, 0.794115562856, 0.807939413111, 0.639462282138, 0.974231994626, 0.936495157303, 0.345790553241, 0.999501363283, 0.0727529372187, 0.0647969085703, 0.00127858995337, 0.0475195229529, 1.5096021657, 0.713927578597, 0.756214251558, 1.35281927617
0.064646413045, 0.669769502665, 0.0935329787057, 0.829398998019, 0.261256582814, 0.223490750335, 0.968271326073, 0.755563044095, 0.0261786364901, 0.0383693468908, 0.619913660692, 0.429350861479, 0.431143850475, 0.901513862991, 0.716717540358, 0.879089515608, 0.821079677762, 0.0109837342137, 0.220200559903, 0.0807439695148, 0.102155412061, 0.932520293602, 0.143109322909, 1.71241770882, 0.2009206311
3.26062901701e-06, 0.259531820688, 0.0882167082882, 0.226251279126, 0.967454356791, 0.00356826308608, 0.0342888576513, 0.150446610984, 0.00829686182344, 0.139637258617, 0.927996522708, 0.993418517154, 0.990506121061, 0.323472466707, 0.81175529104, 0.953618188113, 0.985941799385, 0.118800041182, 0.0064048613133, 0.000666849960119, 2.32521088245, 0.864140560781, 0.346351880725, 1.08289510179, 1.39892425132e-05
4.28228283416e-05, 0.00186272988795, 0.541516630647, 0.192721957785, 0.201093266181, 0.589368736097, 0.58194710774, 0.0221056577752, 0.0261786364901, 0.0738656495236, 0.000523266890579, 0.479987261026, 0.20603560825, 0.0159414177437, 0.899112120623, 0.65847261143, 0.999501363283, 0.579592287737, 0.751943496769, 1.261864264, 0.516089847667, 0.518875680421, 1.98367995255, 0.00772159589838, 0.00017751422261
0.0792612068175, 0.00959001119468, 0.289815077324, 0.00114640733622, 0.0268455193558, 0.589368736097, 0.792396807088, 0.122015094537, 0.0715492325312, 0.78176469517, 0.0006620982061, 0.245174036091, 0.175155625988, 0.0379087404679, 0.899112120623, 0.650629725501, 0.810649146245, 0.39741520937, 1.1751737697, 1.64885402125, 0.0870635413406, 0.00371905552928, 1.01101509653, 0.0346413218857, 0.28780915637
0.146620225654, 0.0098688513011, 0.0882167082882, 0.0965086340648, 0.967454356791, 0.00356826308608, 0.756579127185, 0.0937313562797, 0.0230651789142, 0.139637258617, 0.927996522708, 0.993418517154, 0.990506121061, 0.323472466707, 0.969944452691, 0.961990161366, 0.985941799385, 0.0525378951382, 0.130640208467, 0.000789243166626, 2.75197857044, 0.420962761435, 0.388763364432, 0.0436341621245, 0.660003962447
0.000857632743267, 0.032622703989, 0.328063979431, 0.204899378381, 0.259698856222, 0.96281404665, 0.451735474785, 0.048096725093, 0.0132092265018, 0.024750186512, 0.0280901309255, 0.484435473463, 0.226703016278, 0.736470793075, 0.896032342667, 0.910627594383, 0.564198243434, 0.0787626190983, 0.0676418354414, 1.77539698222, 0.768596808454, 0.64602832817, 1.15667869529, 0.120378577493, 0.00316607321749
0.0444500818755, 0.383365539179, 0.0492974384596, 0.156029996813, 0.362019855703, 0.536345804757, 0.288363636655, 0.797147943035, 0.890388728518, 0.164964889093, 0.228291064097, 0.013544185809, 0.23480548997, 0.570556181532, 0.130810099992, 0.205337665824, 0.998902509736, 0.886471629163, 0.43145608354, 1.10542056103, 0.946600943517, 0.439669951713, 0.140594733869, 1.24922400193, 0.154233714823
0.0508971701246, 0.325736233938, 0.564440671583, 0.068296556329, 0.237603889893, 0.128858926327, 0.288363636655, 0.0937313562797, 0.0230651789142, 0.289838509321, 0.167818402844, 0.265243871733, 0.169311798905, 0.131517505892, 0.999995414125, 0.661474899342, 0.999640664578, 1.06297563163, 0.517362640648, 0.242611475623, 0.472571765766, 0.139576924129, 1.59829313524, 1.15817478784, 0.189516208111
0.000857632743267, 0.175495687722, 0.0882167082882, 0.0362892571304, 0.895186491995, 0.749434920199, 0.0342888576513, 0.0937313562797, 0.468526363498, 0.40965144788, 0.000750469579811, 0.438843401533, 0.213056594213, 0.323472466707, 0.680608442719, 0.0194050549395, 0.990029942684, 0.12208920608, 0.00658218991352, 0.294437983451, 1.91889912959, 0.111002752362, 0.271727756531, 0.556468763778, 0.00275416848033
0.0340351707122, 0.325736233938, 0.280596725395, 0.068296556329, 0.422101672361, 0.187051478165, 0.287730933044, 0.175869842829, 0.0132092265018, 0.540134740166, 0.0863710488184, 0.914252864038, 0.169311798905, 0.0998083605696, 0.986095154771, 0.987517662959, 0.995522499995, 1.42144060375, 0.690085220838, 0.478102197496, 1.28927895442, 0.225579414022, 0.993776983346, 1.30805658127, 0.142961937794
0.296432820625, 0.125842424329, 0.00138393883147, 0.601806196647, 0.355372490088, 0.343975599658, 0.60374746913, 0.183494887396, 0.18214324034, 0.998830034463, 0.836531667804, 0.127817815811, 0.648918323177, 0.901513862991, 0.896032342667, 0.927665060819, 0.733012022098, 0.495805960554, 0.690935041444, 0.510132062793, 0.619280383179, 1.61886283963, 0.00434107522706, 0.399960038576, 1.02335630015
0.116930035508, 0.916113359266, 4.93144663127e-06, 0.0044593956331, 0.987965177868, 0.083005112838, 0.980429978688, 0.755563044095, 0.93224186544, 0.470106392402, 0.987004056135, 0.410992614155, 0.120592112027, 0.27183135229, 0.0965869266981, 0.877819984048, 0.0570464927717, 0.00016340040885, 0.00531379912883, 0.000697117364184, 0.283596644273, 0.00198692593655, 2.19727069618e-06, 2.14019271034, 0.401053871234
0.0340351707122, 0.325736233938, 0.383966059902, 0.068296556329, 0.422101672361, 0.187051478165, 0.287730933044, 0.175869842829, 0.0132092265018, 0.540134740166, 0.0863710488184, 0.914252864038, 0.169311798905, 0.0998083605696, 0.986095154771, 0.987517662959, 0.995522499995, 1.29434983445, 0.628384815372, 0.435355159088, 1.17400473633, 0.205410395921, 1.32128273426, 1.30805658127, 0.142961937794
0.186464628418, 0.0476626753188, 0.289815077324, 0.0942663758884, 0.0268455193558, 0.460043244515, 0.0735112356682, 0.122015094537, 0.0715492325312, 0.0738656495236, 0.000750469579811, 0.479987261026, 0.175155625988, 0.0379087404679, 0.899112120623, 0.860270811319, 0.794297261906, 1.54832303438, 0.179585570248, 1.37436977502, 0.0876825229206, 0.310253840099, 1.02946657557, 0.175625682328, 0.708085807627
0.296432820625, 0.108682827788, 0.261998945608, 0.475718230365, 0.157930900975, 0.0748355367991, 0.632681833882, 0.297648428787, 0.758241919551, 0.549953550395, 0.000209892868786, 0.074448247717, 0.761082928512, 0.487272619509, 0.985835081554, 0.657441258551, 0.564198243434, 0.582689857964, 0.895256591713, 0.126147809293, 0.272445079983, 1.02800229993, 0.660204343134, 0.284522936742, 0.841537201374
0.000857632743267, 0.0385565100633, 0.280596725395, 0.00114640733622, 0.328309457844, 0.0261291520367, 0.0460057870501, 0.755563044095, 0.93224186544, 0.033875199783, 0.217870923854, 0.0957485494126, 0.517839415895, 0.710312131786, 0.896032342667, 0.0421313886985, 0.656315010709, 1.68105070962, 0.121694258587, 0.0692157571998, 0.956246008095, 0.00349180239203, 0.914672966517, 0.13000687704, 0.00289358177253
0.0137491725191, 0.177142403424, 0.173064511386, 0.892514884251, 0.0752647964741, 0.0254180701313, 0.175370951921, 0.0636576057031, 0.117699834243, 0.512744985491, 0.435790677961, 0.03371685121, 0.677703002115, 0.974231994626, 0.756510471612, 0.345790553241, 0.999501363283, 0.319996735417, 0.0904497361496, 0.0132840275835, 0.0395297918813, 1.96608549581, 0.555951282339, 0.591465212927, 0.0465124864399
0.0340351707122, 0.325736233938, 0.406662493764, 0.068296556329, 0.630813492304, 0.21711659309, 0.324223230899, 0.175869842829, 0.0132092265018, 0.559457125871, 0.0863710488184, 0.914252864038, 0.169311798905, 0.0998083605696, 0.986095154771, 0.934357091575, 0.995522499995, 0.823542640725, 0.45988694865, 0.334772372072, 1.52796853799, 0.196713180176, 1.36438039876, 1.28503625519, 0.140445968322
0.020955580325, 0.183989858471, 0.0935329787057, 0.922753667542, 0.4193922783, 0.187185085847, 0.977092735333, 0.900237449296, 0.916567534622, 0.641245050772, 0.0899424745557, 0.754051917353, 0.891216905388, 0.901513862991, 0.992493599726, 0.631476026488, 0.821079677762, 0.00706918049047, 0.196376026643, 0.0595024692719, 0.1589445949, 2.1293628782, 0.317453381668, 0.644771414725, 0.0744957155595
0.107690848145, 0.14716210828, 0.173064511386, 0.757742884604, 0.623347116219, 0.0254180701313, 0.449595095732, 0.0447931144539, 0.117699834243, 0.512744985491, 0.435790677961, 0.03371685121, 0.677703002115, 0.665438884242, 0.756510471612, 0.661474899342, 0.999501363283, 0.287523392834, 0.245252080735, 0.0150968109709, 0.562868857694, 1.69518985299, 0.508940823997, 0.446119541014, 0.332566979698
3.26062901701e-06, 0.259531820688, 0.0882167082882, 0.0965086340648, 0.967454356791, 0.00356826308608, 0.880845245171, 0.0937313562797, 0.0230651789142, 0.139637258617, 0.927996522708, 0.993418517154, 0.990506121061, 0.323472466707, 0.253778308536, 0.953618188113, 0.621331336571, 0.0213821439422, 0.112903330871, 0.000644080188552, 2.24581593036, 0.34353642353, 0.317259358907, 0.991935152877, 1.2814187993e-05
0.296432820625, 0.916113359266, 0.261998945608, 0.739316425895, 0.157930900975, 0.0748355367991, 0.632681833882, 0.755563044095, 0.758241919551, 0.549953550395, 0.000209892868786, 0.074448247717, 0.761082928512, 0.469476413398, 0.985835081554, 0.877819984048, 0.846178992249, 0.0479869023106, 0.0737280562246, 0.0103887900545, 0.022436970988, 0.210541246083, 0.10017716757, 1.88948001106, 0.957742616686
0.341695310506, 0.325736233938, 0.564440671583, 0.250043791707, 0.133652908345, 0.268951127, 0.288363636655, 0.175869842829, 0.00829686182344, 0.270859830274, 0.0863710488184, 0.240973086043, 0.312382474969, 0.570556181532, 0.971944706656, 0.661474899342, 0.905145130034, 0.733700510145, 0.357100597678, 0.366815674882, 0.190632265547, 0.378967451183, 1.21399880646, 0.879702714793, 1.06901493241
0.000857632743267, 0.0098688513011, 0.289815077324, 0.00114640733622, 0.0268455193558, 0.589368736097, 0.792396807088, 0.809095318952, 0.117091967568, 0.0738656495236, 0.000750469579811, 0.00723902480726, 0.175155625988, 0.0379087404679, 0.253778308536, 0.860270811319, 0.994530024571, 0.461376320963, 1.364309512, 1.91422518363, 0.101075790374, 0.00431761069305, 1.17373068437, 0.0413861191016, 0.00359672396406
0.00010994344404, 0.0657512079816, 0.280596725395, 0.00114640733622, 0.201093266181, 0.208605087556, 0.990209925404, 0.755563044095, 0.949095765294, 0.033875199783, 0.0302512800218, 0.356583066208, 0.226703016278, 0.933683908371, 0.896032342667, 0.0291021890513, 0.0958084430113, 0.0315007102831, 2.04823711366, 0.696340370368, 0.707105795014, 0.00409895019125, 1.0737145205, 0.260862677522, 0.000436968307855
0.0976454646321, 0.383365539179, 0.0693220302612, 0.0193695414274, 0.217537160439, 0.202908791817, 0.604429965918, 0.150446610984, 0.730599730722, 0.351293578786, 0.292019071368, 0.847123773729, 0.137380314684, 0.999848246053, 0.0594604255086, 0.914777063879, 0.144640276404, 0.942021203098, 1.31573807255, 0.533971528227, 0.606049867929, 0.055044387169, 0.197812282562, 1.25112895223, 0.3414589962
0.14314820187, 0.175495687722, 0.0882167082882, 0.0749406821428, 0.0726725120548, 0.49220893005, 0.0342888576513, 0.0937313562797, 0.0261786364901, 0.40965144788, 0.000750469579811, 0.901931110092, 0.832090935764, 0.323472466707, 0.680608442719, 0.82583927641, 0.990029942684, 1.52556688401, 0.0822478192689, 1.49083810911, 0.24474187879, 0.254104252996, 0.301745557612, 0.617941941464, 0.519264519385
4.28228283416e-05, 0.588307687556, 0.0356514429083, 0.000649221105293, 0.328309457844, 0.668746844238, 0.11192116542, 0.755563044095, 0.98387356295, 0.685762356409, 0.0255321309582, 0.812276102023, 0.0770733153433, 0.865847389348, 0.501751816162, 0.997061903973, 0.821079677762, 0.594214296169, 0.105555792351, 1.05325491968, 0.688136451252, 0.00142300996271, 0.0782252269066, 1.85113350059, 0.000156021126466
0.0227665903097, 0.0098688513011, 0.280596725395, 0.00114640733622, 0.0268455193558, 0.630601798546, 0.0591836003538, 0.936936258556, 0.0715492325312, 0.0738656495236, 0.000750469579811, 0.0957485494126, 0.106776214048, 0.0379087404679, 0.450253129783, 0.683818117708, 0.994530024571, 1.29022501416, 0.1202930078, 1.97676799523, 0.0997308060565, 0.00426015758138, 1.11594258074, 0.0405522122193, 0.0935941117772
0.0976454646321, 0.0098688513011, 0.0693220302612, 0.0193695414274, 0.207469321679, 0.202908791817, 0.604429965918, 0.150446610984, 0.730599730722, 0.351293578786, 0.933859935453, 0.847123773729, 0.930685638968, 0.999848246053, 0.592551260483, 0.914777063879, 0.144640276404, 1.15616680745, 1.61483911592, 0.655356965461, 0.706767845276, 0.067187904246, 0.241452278479, 0.0344445109335, 0.343516349781
0.000857632743267, 0.0657512079816, 0.0165743979673, 0.00114640733622, 0.0981991219881, 0.208605087556, 0.990209925404, 0.755563044095, 0.949095765294, 0.033875199783, 0.0584259897135, 0.0957485494126, 0.226703016278, 0.933683908371, 0.961802262384, 0.121041845079, 0.0958084430113, 0.037560523351, 2.44225788068, 0.830295841154, 0.401124402136, 0.00470147888194, 0.0679879068178, 0.27070407081, 0.00353724428395
0.177104390907, 0.0098688513011, 0.317264688959, 0.283887678219, 0.49264467773, 0.520813388905, 0.428744415766, 0.122015094537, 0.0977231377439, 0.351293578786, 0.960987841441, 0.686468341761, 0.269451184773, 0.0379087404679, 0.680608442719, 0.927665060819, 0.992024308839, 0.669272307695, 0.534024435831, 0.914116166881, 1.22387151347, 0.83713519507, 1.05622387314, 0.0342581428127, 0.631181792291
0.0340351707122, 0.325736233938, 0.280596725395, 0.192721957785, 0.422101672361, 0.187051478165, 0.287730933044, 0.392417914109, 0.0132092265018, 0.540134740166, 0.0863710488184, 0.914252864038, 0.169311798905, 0.0998083605696, 0.986095154771, 0.987517662959, 0.995522499995, 1.31696296437, 0.639363105084, 0.442961095685, 1.19451535944, 0.606127653344, 0.959050716472, 1.26234821542, 0.137966315548
0.0508971701246, 0.325736233938, 0.612025208389, 0.525760923206, 0.241716538447, 0.423336743431, 0.53254531861, 0.125853924547, 0.000264710007068, 0.325813503211, 0.898253553383, 0.646956820422, 0.118713284068, 0.464522930308, 0.287167030296, 0.816295640047, 0.99982765788, 0.35380411291, 0.3919624908, 0.414030199664, 0.267760395542, 0.783414426346, 1.52660465248, 1.04547163979, 0.171074196176
0.198934252832, 0.175495687722, 0.0085192975789, 0.550188517187, 0.527460185827, 0.202908791817, 0.604429965918, 0.150446610984, 0.664852202339, 0.391454593768, 0.167818402844, 0.632234285649, 0.215940931665, 0.576726438477, 0.894693374377, 0.719362055371, 0.990029942684, 0.404165175132, 0.564504818756, 0.229095370159, 0.797051508608, 1.26711391248, 0.0222951259217, 0.471287562043, 0.559384830402
0.0508971701246, 0.125842424329, 0.177043310621, 0.0047611306977, 0.148411719535, 0.460043244515, 0.463218220998, 0.150446610984, 0.085654172555, 0.120305599207, 0.0863710488184, 0.583186513191, 0.775771736177, 0.886082651125, 0.974444719096, 0.744798624816, 0.999501363283, 1.21674882653, 1.08368906438, 1.43668314854, 0.51579622589, 0.0166981780225, 0.637448447911, 0.465065237438, 0.18973136862
0.000857632743267, 0.032622703989, 0.328063979431, 0.192721957785, 0.259698856222, 0.380895797462, 0.451735474785, 0.048096725093, 0.0132092265018, 0.120305599207, 0.00265452083816, 0.484435473463, 0.226703016278, 0.933683908371, 0.896032342667, 0.910627594383, 0.564198243434, 1.1575697679, 0.994128238098, 1.04011731356, 0.798078338162, 0.628314910455, 1.19365147034, 0.124226430906, 0.00326727549028
0.000857632743267, 0.0657512079816, 0.280596725395, 0.00114640733622, 0.0981991219881, 0.208605087556, 0.990209925404, 0.755563044095, 0.949095765294, 0.033875199783, 0.0302512800218, 0.0957485494126, 0.226703016278, 0.933683908371, 0.896032342667, 0.121041845079, 0.0958084430113, 0.033584400186, 2.18372266158, 0.742401471393, 0.358661734285, 0.00420378456289, 1.10117574394, 0.267534477277, 0.00349582774163
0.296432820625, 0.108682827788, 0.261998945608, 0.204899378381, 0.157930900975, 0.96281404665, 0.632681833882, 0.121367587507, 0.848737822106, 0.549953550395, 0.000209892868786, 0.0281941268769, 0.828347900097, 0.469476413398, 0.985835081554, 0.657441258551, 0.521286548172, 0.049864669245, 0.0766130956717, 1.5631744322, 0.396620445799, 0.538619492401, 0.743193337211, 0.320288033651, 0.947320095029
0.0137491725191, 0.0098688513011, 0.280596725395, 0.192721957785, 0.328309457844, 0.668746844238, 0.584814536993, 0.169596185877, 0.98387356295, 0.0738656495236, 0.000399040452061, 0.479987261026, 0.269451184773, 0.665438884242, 0.899652296757, 0.997061903973, 0.999501363283, 0.568982857713, 0.74509599931, 1.63612373876, 1.06894956042, 0.676997385539, 1.07118496255, 0.0389257661437, 0.0542415449127
0.0508971701246, 0.325736233938, 0.45157294526, 0.525760923206, 0.241716538447, 0.423336743431, 0.53254531861, 0.0937313562797, 0.000264710007068, 0.325813503211, 0.898253553383, 0.646956820422, 0.118713284068, 0.766589432053, 0.287167030296, 0.816295640047, 0.99982765788, 0.489793393908, 0.54261844803, 0.573168172089, 0.370677637997, 1.08453010215, 1.26632855603, 1.09177944781, 0.178651705438
0.999347300378, 0.0098688513011, 4.93144663127e-06, 0.000649221105293, 0.0701837943982, 0.0645895706232, 0.977092735333, 0.640361694121, 0.93224186544, 0.00166793177329, 0.0701900445076, 0.997155777803, 0.701741139313, 0.901513862991, 0.992493599726, 0.98206929589, 0.821079677762, 9.72463337475e-05, 0.00270142326294, 0.000275200902284, 0.000300769699428, 2.7878544671e-06, 2.11763878152e-08, 4.23817553448e-05, 2.66671413007
0.186464628418, 0.00870326925868, 0.0800030331535, 0.475718230365, 0.328309457844, 0.589368736097, 0.977092735333, 0.0221056577752, 0.0581983836682, 0.342006600934, 0.000365389138922, 0.479987261026, 0.997564471978, 0.380422802941, 0.975427115642, 0.661474899342, 0.31902559233, 0.0294337325458, 0.817644910098, 1.08745868194, 0.771446089831, 1.4493212234, 0.269410114011, 0.0293873636068, 0.648279393383
0.182102541704, 0.110130566967, 0.116975974563, 0.00114640733622, 0.328309457844, 0.10402506538, 0.306297663275, 0.755563044095, 0.686663574801, 0.00130384018951, 0.0302512800218, 0.0957485494126, 0.529887564424, 0.323472466707, 0.896032342667, 0.0305357346447, 0.560010476605, 1.51707846518, 0.791990121027, 0.282156743308, 0.983229332455, 0.00359033397883, 0.370526503754, 0.354356047986, 0.6054701972
0.0508971701246, 0.125842424329, 0.177043310621, 0.829398998019, 0.148411719535, 0.460043244515, 0.463218220998, 0.150446610984, 0.085654172555, 0.120305599207, 0.619913660692, 0.583186513191, 0.775771736177, 0.886082651125, 0.974444719096, 0.650629725501, 0.999501363283, 0.295881494012, 0.263524839657, 0.349363769368, 0.125428152955, 1.97730030304, 0.585408239712, 0.427098101646, 0.174242022059
0.186464628418, 0.108682827788, 0.104054923558, 0.0765255529494, 0.101183128254, 0.492964535713, 0.463218220998, 0.0636246492302, 0.000566383641916, 0.770413008718, 0.794115562856, 0.754051917353, 0.644716230622, 0.999941132919, 0.610228929296, 0.427539148173, 0.384771044545, 0.957552214333, 0.852837365134, 1.25424538937, 0.287512741793, 0.21942411104, 0.301771811892, 0.319713155663, 0.56752067335
0.0508971701246, 0.325736233938, 0.280596725395, 0.068296556329, 0.778301492316, 0.128858926327, 0.288363636655, 0.175869842829, 0.979223738979, 0.270859830274, 0.337750292372, 0.914252864038, 0.823723624536, 0.131517505892, 0.971944706656, 0.927665060819, 0.564198243434, 0.525143786636, 0.255593607312, 0.11985778902, 1.64228422068, 0.188157659899, 0.828917622908, 1.09106084177, 0.178534117407
0.186464628418, 0.0098688513011, 0.0882167082882, 0.192721957785, 0.201093266181, 0.818160454221, 0.708803444785, 0.0221056577752, 0.0261786364901, 0.549953550395, 0.000750469579811, 0.479987261026, 0.120737465999, 0.0379087404679, 0.899112120623, 0.661474899342, 0.999501363283, 0.267314146789, 0.543070073004, 2.0611893478, 0.702082488606, 0.705872302339, 0.330211217342, 0.0370623652099, 0.721031772571
0.331059013509, 0.175495687722, 0.0085192975789, 0.550188517187, 0.527460185827, 0.202908791817, 0.604429965918, 0.150446610984, 0.664852202339, 0.391454593768, 0.167818402844, 0.632234285649, 0.215940931665, 0.576726438477, 0.894693374377, 0.719362055371, 0.990029942684, 0.368586747251, 0.514811784279, 0.208928236505, 0.72688752279, 1.15557060364, 0.0203324988115, 0.429800389053, 0.904157078409
0.12804630089, 0.325736233938, 0.823727354193, 0.0389747175387, 0.257294264272, 0.594485570037, 0.53254531861, 0.327557969814, 0.0132092265018, 0.549953550395, 0.435790677961, 0.445327469704, 0.120737465999, 0.83637721255, 0.287167030296, 0.507724326535, 0.916595284029, 0.149667369829, 0.165809251303, 0.301904605537, 0.160624339482, 0.0250377606211, 1.43998349359, 0.840637833308, 0.350058225972
0.0508971701246, 0.125842424329, 0.177043310621, 0.509809537795, 0.148411719535, 0.460043244515, 0.463218220998, 0.150446610984, 0.085654172555, 0.120305599207, 0.0863710488184, 0.583186513191, 0.636950700888, 0.886082651125, 0.974444719096, 0.744798624816, 0.999501363283, 0.826608093501, 0.736212874774, 0.976022242622, 0.350410311168, 1.56428451737, 0.622075043796, 0.453849215408, 0.185155599376
0.0125176714119, 0.0951793736694, 0.0680603331057, 0.0534886926337, 0.145281513442, 0.281090035078, 0.813017916056, 0.0207385812476, 0.710700419872, 0.78176469517, 0.036346113052, 0.387245820624, 0.990852879263, 0.323472466707, 0.926179072474, 0.82583927641, 0.371584822566, 0.538826331053, 1.78148846864, 0.879705957688, 0.47812189366, 0.177987719623, 0.227610470787, 0.321307938184, 0.0424206449256
0.0340351707122, 0.325736233938, 0.280596725395, 0.068296556329, 0.630813492304, 0.870302907048, 0.11192116542, 0.175869842829, 0.0132092265018, 0.540134740166, 0.73488756087, 0.914252864038, 0.169311798905, 0.0998083605696, 0.986095154771, 0.392906652732, 0.995522499995, 0.199400621792, 0.0354213804083, 0.980291855564, 1.52811829099, 0.196732459623, 0.866693404177, 1.14078312366, 0.12468005459
0.296432820625, 0.125842424329, 0.00138393883147, 0.0942663758884, 0.843006073386, 0.343975599658, 0.60374746913, 0.183494887396, 0.322387196661, 0.998830034463, 0.933859935453, 0.0197869605494, 0.648918323177, 0.320092123607, 0.896032342667, 0.927665060819, 0.564198243434, 0.2324378463, 0.323915938379, 0.239154038954, 1.84687513478, 0.284083716371, 0.00418596223218, 0.385668878859, 0.986790276245
0.0227665903097, 0.0098688513011, 0.280596725395, 0.00114640733622, 0.0268455193558, 0.630601798546, 0.0460057870501, 0.755563044095, 0.0715492325312, 0.0738656495236, 0.000750469579811, 0.0957485494126, 0.106776214048, 0.0379087404679, 0.899112120623, 0.0421313886985, 0.994530024571, 1.39467418977, 0.100962951637, 2.13313623596, 0.107619810091, 0.00459714874465, 1.20421696525, 0.0437600130829, 0.100997685002
0.0227665903097, 0.623779875262, 0.144041432971, 0.138707859846, 0.220334704988, 0.223490750335, 0.328218564332, 0.809095318952, 0.0132092265018, 0.391961982132, 0.688863719244, 0.281261082931, 0.371783397941, 0.901513862991, 0.81175529104, 0.650629725501, 0.821079677762, 0.744391254699, 0.421836961845, 0.313347923824, 0.32858676979, 0.214448499318, 0.22837672207, 1.5172716579, 0.065369828282
0.0340351707122, 0.325736233938, 0.280596725395, 0.192721957785, 0.86365714969, 0.187051478165, 0.287730933044, 0.392417914109, 0.0132092265018, 0.540134740166, 0.0863710488184, 0.914252864038, 0.162089374925, 0.0998083605696, 0.986095154771, 0.121041845079, 0.995522499995, 0.342869241903, 0.166457181463, 0.115324226405, 1.83080528074, 0.585178399976, 0.925903579328, 1.21871837531, 0.133197862427
0.11414384976, 0.383365539179, 0.0492974384596, 0.156029996813, 0.328309457844, 0.536345804757, 0.288363636655, 0.324478136052, 0.890388728518, 0.470106392402, 0.228291064097, 0.013544185809, 0.23480548997, 0.27183135229, 0.304880231544, 0.205337665824, 0.998902509736, 0.812910620997, 0.395653082699, 1.0136907772, 0.769978031348, 0.390523347414, 0.124878959513, 1.10958489886, 0.355027477358
0.186464628418, 0.0098688513011, 0.0882167082882, 0.192721957785, 0.0981991219881, 0.818160454221, 0.708803444785, 0.0221056577752, 0.0261786364901, 0.549953550395, 0.000750469579811, 0.479987261026, 0.120737465999, 0.0379087404679, 0.899112120623, 0.661474899342, 0.999501363283, 0.277889017203, 0.564553768187, 2.14272940287, 0.347232988847, 0.705872302339, 0.330211217342, 0.0370623652099, 0.721031772571
0.0227665903097, 0.0098688513011, 0.0935329787057, 0.397249823178, 0.220334704988, 0.058727406904, 0.439368832792, 0.809095318952, 0.979223738979, 0.258895996089, 0.0899424745557, 0.132101187562, 0.54585225868, 0.901513862991, 0.253778308536, 0.361668242028, 0.31902559233, 1.1372639771, 0.938928962505, 0.136433308943, 0.534098106455, 1.13353150334, 0.28710074437, 0.0304042651345, 0.0701727485079
0.0340351707122, 0.325736233938, 0.280596725395, 0.192721957785, 0.422101672361, 0.187051478165, 0.928488899898, 0.392417914109, 0.0132092265018, 0.540134740166, 0.0863710488184, 0.484435473463, 0.169311798905, 0.0998083605696, 0.986095154771, 0.987517662959, 0.995522499995, 0.15320835759, 1.35817926936, 0.413560851391, 1.11523290389, 0.565897707068, 0.895396536389, 1.17856355289, 0.128809205768
0.296432820625, 0.0839762077166, 0.19575735313, 0.192721957785, 0.157930900975, 0.0748355367991, 0.632681833882, 0.297648428787, 0.758241919551, 0.552611758677, 0.641145460002, 0.074448247717, 0.761082928512, 0.469476413398, 0.985835081554, 0.657441258551, 0.564198243434, 0.696331908963, 1.06985855854, 0.150750426932, 0.325580066375, 0.414136618272, 0.441146169357, 0.193381789366, 0.738796534544
0.10019680759, 0.383365539179, 0.0232120991612, 0.000649221105293, 0.0701837943982, 0.187185085847, 0.977092735333, 0.640361694121, 0.93224186544, 0.22177061384, 0.836347674208, 0.999712121363, 0.0208962556925, 0.901513862991, 0.992493599726, 0.883193534695, 0.821079677762, 0.0704234439121, 1.95630541851, 0.592765853559, 0.226406596031, 0.00209857788642, 0.0750653425491, 1.41541171814, 0.396555000658
0.0340351707122, 0.325736233938, 0.280596725395, 0.068296556329, 0.630813492304, 0.423336743431, 0.306297663275, 0.175869842829, 0.0132092265018, 0.540134740166, 0.0863710488184, 0.914252864038, 0.169311798905, 0.0998083605696, 0.986095154771, 0.392906652732, 0.995522499995, 0.732977281034, 0.382650455359, 0.648338539081, 1.60403669438, 0.206506319616, 0.909751575694, 1.19745833909, 0.130874281002
0.0137491725191, 0.0098688513011, 0.280596725395, 0.192721957785, 0.201093266181, 0.927978997298, 0.584814536993, 0.169596185877, 0.0261786364901, 0.0738656495236, 0.000399040452061, 0.479987261026, 0.269451184773, 0.665438884242, 0.899112120623, 0.661474899342, 0.999501363283, 0.128177175647, 0.167850928166, 1.85885812098, 0.61141925971, 0.61471967689, 0.972645519963, 0.0353449435665, 0.0492518075771
0.296432820625, 0.19075392797, 0.19575735313, 0.192721957785, 0.157930900975, 0.0748355367991, 0.632681833882, 0.297648428787, 0.758241919551, 0.552611758677, 0.641145460002, 0.074448247717, 0.761082928512, 0.469476413398, 0.985835081554, 0.657441258551, 0.564198243434, 0.671136697899, 1.03114812198, 0.145295860258, 0.313799680635, 0.399152011976, 0.425184282929, 0.433985120657, 0.738796534544
0.999907238583, 0.708410566818, 4.93144663127e-06, 0.158313667036, 0.0531850998183, 0.745903561425, 0.980429978688, 0.569687839378, 0.996113773691, 0.470106392402, 0.96442313274, 0.00917682416995, 0.105106930237, 0.190934137133, 0.0727021057526, 0.486101320272, 0.107088649376, 1.70744411256e-06, 5.55262688859e-05, 0.000131712036454, 1.19701636543e-05, 3.6426521047e-05, 1.14646048202e-09, 0.000300208303885, 2.29709334826
0.0227665903097, 0.0098688513011, 0.0935329787057, 0.26153192055, 0.220334704988, 0.223490750335, 0.439368832792, 0.809095318952, 0.979223738979, 0.258895996089, 0.0899424745557, 0.132101187562, 0.54585225868, 0.339164757274, 0.253778308536, 0.361668242028, 0.821079677762, 1.17141851831, 0.967127066545, 0.556324523869, 0.583379892938, 0.749101039317, 0.277591680152, 0.0293972454199, 0.0678485567912
0.107690848145, 0.14716210828, 0.173064511386, 0.757742884604, 0.623347116219, 0.181708128005, 0.449595095732, 0.755563044095, 0.117699834243, 0.512744985491, 0.435790677961, 0.03371685121, 0.677703002115, 0.665438884242, 0.756510471612, 0.661474899342, 0.895204437788, 0.243233413371, 0.207473555962, 0.0938122137261, 0.495846418152, 1.49333864399, 0.448339753, 0.392998783741, 0.292967257692
4.28228283416e-05, 6.45694660572e-05, 0.0257879893637, 0.000287495168416, 0.0531850998183, 0.00857809810982, 0.709085833084, 0.0249301557612, 0.93224186544, 0.696074429022, 0.350954439345, 0.914252864038, 0.025919278407, 0.964603301503, 0.608911630683, 0.661474899342, 0.595671802823, 0.936777741943, 1.9052714, 0.0286095098212, 0.17780114462, 0.000962233469695, 0.0863584894758, 0.000216288549593, 0.000143443767262
0.107690848145, 7.26259033003e-05, 0.060778899189, 0.0193695414274, 0.288878791933, 0.202908791817, 0.604429965918, 0.150446610984, 0.730599730722, 0.351293578786, 0.292019071368, 0.847123773729, 0.137380314684, 0.999964996095, 0.0594604255086, 0.914777063879, 0.144640276404, 1.0892190277, 1.52133193963, 0.617408553947, 0.960935909625, 0.0667175117175, 0.21002096519, 0.000251339830663, 0.376286755761
0.0227665903097, 0.623779875262, 0.144041432971, 0.138707859846, 0.229828273016, 0.49220893005, 0.328218564332, 0.809095318952, 0.0261786364901, 0.391961982132, 0.688863719244, 0.281261082931, 0.371783397941, 0.901513862991, 0.81175529104, 0.650629725501, 0.999887195827, 0.605715490651, 0.343251187741, 0.679377495172, 0.367276390466, 0.230205186605, 0.245156790967, 1.62875378587, 0.0701729019594
