0.597536304838, 0.871285606603, 2.77015839808, 0.440189835069, 18.685018126, 43.3274153562, 2.61851397884, 2.21597135718, 26.9872698168, 259.841203035, 0.5039004719, 0.0
0.607684927835, 1.0460200347, 2.77144770006, 0.435211943071, 12.0510642801, 45.2453596531, 2.89376250173, 1.91640100046, 26.7936014154, 406.248711858, 0.381652488518, 0.65988372093
0.600632480992, 0.873310968232, 2.05030384358, 0.286835480747, 22.0920291505, 44.1137591495, 2.65600376095, 1.89017433811, 28.0522462264, 224.615814133, 0.455775576923, 0.264705882353
0.607609527443, 0.845031972128, 2.72495726702, 0.443534158737, 31.8137988505, 43.9890206195, 2.91203000152, 1.72380439354, 23.1327874067, 338.694898647, 0.4599198551, 0.0
0.564973448957, 0.872869037995, 2.05902211264, 0.287579823737, 24.6068061401, 42.0844046858, 2.76265913563, 1.93659650372, 34.3826200915, 274.430660708, 0.407716084872, 0.479820627803
0.59203084699, 0.948380644687, 2.58879788628, 0.428306187653, 18.6024403358, 43.5315864551, 2.93669166109, 1.8886821966, 21.5911759113, 316.462602144, 0.400754814186, 0.477443609023
0.598313308664, 0.8870231061, 2.77015839808, 0.440189835069, 18.5036635226, 43.905823071, 2.61851397884, 1.64716299506, 26.8983579765, 412.489303165, 0.376696390769, 0.684684684685
0.629252108429, 0.871785252099, 2.58506829657, 0.284857192771, 38.8100571594, 43.4888140595, 2.74201171459, 1.77864935095, 21.4669328712, 275.064073608, 0.439492808846, 0.192052980132
0.628392487058, 0.88235608161, 2.45551158948, 0.281087859948, 18.5213204115, 43.8238728822, 2.70902333729, 1.72651665151, 21.5691224396, 240.86104198, 0.42277644038, 0.589861751152
0.566926061187, 0.843838509329, 2.6376676492, 0.320711491194, 22.1883856077, 44.6457648541, 2.65750987663, 1.90734228562, 28.4899695168, 323.016690067, 0.400959273691, 0.466063348416
0.600531261705, 0.958862887, 2.45235437527, 0.428634374505, 18.5211915429, 44.1150154199, 2.76549105827, 1.72044640223, 28.0172028273, 288.158816118, 0.443640725732, 0.04
0.603436486245, 0.964984428734, 3.78200915714, 0.302150788785, 30.4590705091, 42.1292218335, 2.92859827209, 1.73197957479, 28.4967090286, 525.079228368, 0.370436878835, 0.648255813953
0.628713347155, 0.871785252099, 2.58506829657, 0.284857192771, 38.8100571594, 43.3222955244, 2.74201171459, 1.77864935095, 21.5518983764, 284.802365816, 0.440340664037, 0.176
0.566570347915, 0.94541266206, 2.58852041104, 0.420539731941, 22.0164544037, 43.2866585568, 2.65750987663, 1.89247769021, 26.8280265652, 261.436762015, 0.464209618177, 0.0
0.547123210475, 0.920162468876, 3.2824824845, 0.413422025478, 38.9478640259, 42.2580366274, 2.55818042664, 1.55754424776, 24.4607518008, 441.007627021, 0.390005059109, 0.0
0.564973448957, 0.921575025391, 3.73979888359, 0.39716407211, 24.6068061401, 42.1670598603, 2.76265913563, 1.93717823825, 34.0315128451, 522.357881529, 0.37757786883, 0.609836065574
0.547231256369, 0.900937327373, 3.28297932097, 0.434108136519, 28.9173180443, 45.1686887958, 2.55818042664, 1.57234297812, 27.3653259184, 457.369490987, 0.387033153619, 0.489898989899
0.600632480992, 0.873310968232, 2.09497084914, 0.286822873129, 33.0421753625, 44.1138268023, 2.44636173505, 1.87553074853, 28.0522462264, 241.478122443, 0.429231093106, 0.558404558405
0.604416148811, 0.84399054823, 2.58852201185, 0.318719646108, 35.6415266812, 43.9873687335, 2.9774952881, 1.48697789056, 21.5678743649, 255.456092209, 0.510930512489, 0.134228187919
0.564973448957, 0.872869037995, 2.05045616261, 0.282905891064, 24.6038068196, 43.968462655, 2.76265913563, 1.9365488946, 34.3826200915, 254.989765967, 0.438656642816, 0.410714285714
0.605479570003, 0.843957670833, 2.58506829657, 0.327130263355, 38.8100571594, 43.3175007246, 2.74327760441, 1.77864935095, 30.4067128802, 369.825423757, 0.409122802448, 0.423312883436
0.564761333562, 0.94037445711, 2.5001659475, 0.438093613356, 36.1665990463, 44.7838378125, 2.65903398458, 1.58616123425, 26.599760639, 296.213202965, 0.418660162515, 0.174193548387
0.60490430862, 0.908569406174, 3.59536698487, 0.462659594272, 18.516925304, 44.7550921454, 2.66108243758, 1.8876960117, 21.5698853311, 374.005256389, 0.459878094416, 0.0
0.615467782806, 0.901466291455, 2.58851796604, 0.285559743435, 18.5623513203, 44.4177002548, 2.93985464554, 1.71323989369, 21.5638342761, 253.391078147, 0.424441727501, 0.511961722488
0.768729157706, 0.936920369474, 3.62297167789, 0.286400723566, 30.9711188257, 43.3175154462, 2.88157472479, 1.77899864309, 30.3725368359, 538.075119061, 0.384525600987, 0.527272727273
0.602441330856, 0.820473417227, 2.45685029071, 0.439940765404, 22.1039239005, 44.1260438948, 2.65364435374, 1.89497521516, 21.7120580396, 249.959996612, 0.419236331208, 0.544871794872
0.547609151218, 0.845284301059, 2.52739709207, 0.441617612275, 32.7486136365, 43.9868668721, 2.55723257065, 1.87824496349, 23.098735187, 282.231514632, 0.382592987005, 0.592705167173
0.600632480992, 0.873310968232, 2.09886470519, 0.319346389353, 32.1939941657, 44.1134508441, 2.36428881732, 1.87553261684, 28.0522462264, 236.689783368, 0.530534532384, 0.0
0.60938715891, 0.873062863063, 2.06274629318, 0.317072370291, 32.0938616544, 43.5158697696, 2.71884331965, 1.44155551554, 26.597674404, 243.260409165, 0.430521697861, 0.551515151515
0.628714467444, 0.821118725692, 2.56273474385, 0.284857192771, 41.1662657994, 43.8208663293, 2.74177056953, 1.77864935095, 21.5518983764, 253.931347953, 0.433044050962, 0.466911764706
0.603955552672, 0.843932471261, 2.63777041355, 0.319505189698, 31.882292399, 42.1315252541, 2.61727213048, 1.72058536188, 21.5944732894, 235.195433412, 0.515294377829, 0.164102564103
0.611156372178, 1.0460200347, 2.77144770006, 0.435075837015, 12.0510642801, 45.2453596531, 2.8718218547, 1.89549725734, 26.7936014154, 415.4317415, 0.439546313169, 0.114754098361
0.621580199788, 0.871430255309, 2.01154279213, 0.434643709609, 33.0421753625, 44.9970688274, 2.71891503803, 1.71443830192, 28.0522462264, 226.443051706, 0.565806146639, 0.0
0.547609151218, 0.873199142792, 2.05037739342, 0.441617612275, 22.1891009976, 43.9876110669, 2.65566490533, 1.93942790875, 28.0556173164, 255.765467001, 0.386045466035, 0.548042704626
0.601338135914, 0.840285288859, 2.09497084914, 0.286822873129, 33.0421753625, 44.1138268023, 2.88329794867, 1.87453481267, 28.1072983653, 246.995943217, 0.468763996449, 0.185567010309
0.779365053887, 0.993701254798, 3.46841522814, 0.290043616532, 13.3517519144, 43.6385574562, 2.42689158965, 1.92965103521, 25.4451728908, 429.054491449, 0.378311288932, 0.650124069479
0.575331572415, 0.873310968232, 2.05030384358, 0.286835480747, 22.0920291505, 43.5163874967, 2.65600376095, 1.89019080366, 23.2041608854, 208.198647309, 0.497755251907, 0.247663551402
0.60499181465, 0.871671653005, 2.4564985985, 0.439914052134, 22.1039239005, 44.1260438948, 2.65364435374, 1.89503212015, 20.9274423651, 254.220074242, 0.457414805645, 0.348837209302
0.806845837681, 0.847795006696, 2.55309103082, 0.317749466566, 30.5763242055, 43.9890206195, 2.91203000152, 1.89131226079, 23.1327874067, 251.413560015, 0.458936696709, 0.492012779553
0.603955552672, 0.843957670833, 2.63777041355, 0.319505189698, 18.4705551781, 42.1083995739, 2.61727213048, 1.8886821966, 21.5944732894, 246.60771509, 0.467312979223, 0.543909348442
0.600632480992, 0.873310968232, 2.09497084914, 0.286416315273, 18.4904310237, 44.1138268023, 2.68384078518, 1.88596157366, 28.0522462264, 229.898156501, 0.474124140329, 0.310043668122
0.60039676539, 0.906919148035, 2.595965053, 0.282789726584, 12.2360779306, 44.1277525005, 2.40903190556, 1.76164604864, 28.1662414376, 310.213321437, 0.410163344665, 0.526970954357
0.565229526815, 0.94037445711, 2.5001659475, 0.438093613356, 36.1458729145, 44.780333395, 2.65903398458, 1.58616123425, 27.3090436584, 277.063996174, 0.440293834353, 0.299625468165
0.562538733867, 0.928992447366, 2.85484101989, 0.436738682065, 29.6063003422, 45.1826689733, 2.91006151647, 1.58931550767, 30.3820694322, 341.545486664, 0.462718445793, 0.165562913907
0.607604755202, 0.945703204356, 2.50089421424, 0.42093103191, 26.4955046503, 43.3024729269, 2.55261611176, 1.91632699697, 26.811719179, 413.605334747, 0.451314368967, 0.0860215053763
0.59203084699, 0.900409934219, 2.58852295076, 0.428306187653, 18.5623545779, 44.0225606168, 2.9378363755, 1.89063411037, 21.5651657036, 286.094510977, 0.447875767734, 0.22962962963
0.60490430862, 0.915595815492, 2.76870307374, 0.442032319805, 18.6024403358, 45.244716793, 2.85456320323, 1.8884195935, 21.6790856088, 283.561009627, 0.523233519738, 0.0
0.712409730924, 0.906051127265, 2.49496819341, 0.438530255021, 36.1458729145, 44.780333395, 2.9035024307, 1.95362299981, 27.3090436584, 267.157519516, 0.528138177526, 0.0
0.564973448957, 0.948680655731, 2.05902211264, 0.287579823737, 24.5957473492, 42.0905580607, 2.76265913563, 1.93587698334, 27.231405677, 278.227782824, 0.464881266457, 0.111111111111
0.610362259328, 0.875375581247, 3.40244064707, 0.317072370291, 31.8992499514, 44.126015707, 2.71884331965, 1.43671377943, 27.2228355433, 313.554141476, 0.520915809684, 0.0642857142857
0.547123210475, 0.89981828161, 2.58662959481, 0.413422025478, 18.636740454, 42.2580366274, 2.94260947417, 1.55754424776, 24.4760309589, 308.035246316, 0.466064652409, 0.0849056603774
0.605138781339, 0.882978313075, 2.59212993937, 0.285559743435, 20.4226126255, 43.5922509993, 2.93985464554, 1.71323989369, 21.5638342761, 274.542089279, 0.49487217162, 0.131034482759
0.547160517534, 0.908417175253, 3.28297932097, 0.407987695362, 38.161901734, 42.2341058831, 2.55640416282, 1.55200208434, 27.3653259184, 315.082807981, 0.492466963707, 0.0
0.532757115792, 0.906836405258, 3.28297932097, 0.407987695362, 38.161901734, 42.2341058831, 2.55640416282, 1.94822256618, 27.3653259184, 317.331205987, 0.466690223002, 0.0
0.607676650631, 0.972220464818, 2.72616579945, 0.435207111696, 31.8303539478, 43.2361208703, 2.89348032173, 1.91634192369, 26.7936014154, 313.658454951, 0.513797465888, 0.0
0.670278521642, 1.00400101185, 3.4108283369, 0.320007084005, 11.5621232084, 44.1012183673, 2.90025363875, 1.36319324994, 26.5798124605, 450.682801822, 0.427301269007, 0.0692307692308
0.591621165395, 1.07521856935, 3.27366801912, 0.433293373488, 30.5810490295, 44.1452327651, 2.61089162927, 1.73201002046, 28.900617547, 531.840921861, 0.397192103624, 0.259541984733
0.588596370646, 0.930665670769, 3.50316143122, 0.415973522276, 21.7688090949, 42.1533435218, 2.85767845018, 1.92979216802, 27.3653259184, 472.073447838, 0.413435773807, 0.395833333333
0.556851764706, 0.877240940279, 3.73979888359, 0.400036915261, 33.5865214318, 42.2576489099, 2.76084660463, 1.59716143056, 34.0315128451, 502.234254655, 0.458689250343, 0.0459770114943
0.591621165395, 1.07521856935, 3.27366801912, 0.291288022473, 31.7898514253, 43.6212462065, 2.61089162927, 1.73201002046, 28.8853765477, 662.936730382, 0.42603543463, 0.112244897959
0.582682045827, 1.0375299898, 3.40191057809, 0.435075837015, 12.0510642801, 45.2453596531, 2.87818643922, 1.89549725734, 26.7936014154, 619.60642083, 0.447685563694, 0.0681818181818
0.556851764706, 0.877240940279, 3.73979888359, 0.400360403026, 27.9427163001, 43.402749203, 2.76084660463, 1.59670510888, 34.0315128451, 508.62539898, 0.45343425456, 0.0555555555556
0.742309519287, 0.974500044657, 3.39044048263, 0.397861655429, 31.8992499514, 44.7511404774, 2.9131852165, 1.43671377943, 24.8272326536, 508.144253431, 0.397680645275, 0.538793103448
0.799584066646, 0.882005832716, 2.58852201185, 0.281031659228, 18.5036635226, 43.8373422102, 2.74225923986, 1.64716299506, 26.8416173752, 385.702048189, 0.409615073652, 0.535714285714
0.583926258573, 0.843853951411, 2.58852041104, 0.320711491194, 22.0213322398, 43.521931759, 2.66051032872, 1.89231065171, 28.7905455501, 321.085767168, 0.458454725069, 0.210526315789
0.564641375106, 0.928992447366, 2.50234756602, 0.420467017616, 27.8178910194, 43.2755753466, 2.65833098001, 1.58803255461, 30.3820694322, 331.595193119, 0.424615962236, 0.263888888889
0.604416148811, 0.868310736687, 2.58852201185, 0.306489528089, 22.5493353847, 43.9541615772, 2.9774952881, 1.91847573665, 21.5678743649, 303.541842487, 0.421662437704, 0.538461538462
0.60490430862, 0.915595815492, 2.77493288354, 0.442032319805, 18.7881264093, 44.7850749938, 2.86827774942, 1.89327076399, 21.6657561467, 313.814472703, 0.437776425228, 0.410138248848
0.602441330856, 0.820729268654, 2.45685029071, 0.439940765404, 22.1039239005, 43.9857867054, 2.5576569463, 1.87753292041, 21.7120580396, 296.828358744, 0.42140759077, 0.54128440367
0.604949261017, 0.928076519658, 2.76868941668, 0.442024376776, 18.1533134587, 44.9813689587, 2.71833874625, 1.88294391184, 26.8838467424, 437.436203897, 0.421265107432, 0.203389830508
0.546979768449, 0.907238075496, 2.58852201185, 0.284502094177, 27.6276628892, 44.0431478137, 2.88339833859, 1.71323989369, 21.6397897704, 372.415935247, 0.436377096366, 0.226086956522
0.621547547572, 0.927927755357, 2.77506731163, 0.435766932725, 18.1686830088, 44.9813689587, 2.71999556731, 1.88294391184, 26.8838467424, 323.646601805, 0.420916405421, 0.468309859155
0.836058980746, 0.954843093009, 2.56157377875, 0.321339659153, 30.9901255817, 43.9868668721, 2.71889097967, 1.88565283211, 23.1327874067, 252.453201262, 0.544517661073, 0.0839694656489
0.627099511392, 0.873451392192, 2.62862762685, 0.301908325869, 32.9142301061, 44.1128728819, 2.44642135271, 1.7776731989, 21.5870302937, 250.120273299, 0.542063975816, 0.125
0.583981933249, 0.838079144968, 2.52756178384, 0.320711491194, 22.0213322398, 43.521931759, 2.66051032872, 1.88871214572, 28.7905455501, 282.565605967, 0.436925679736, 0.520161290323
0.607604755202, 0.945703204356, 2.50013923996, 0.420822057608, 26.4955046503, 43.3024729269, 2.65786737079, 1.91632699697, 26.812116553, 294.54549107, 0.43452218205, 0.501706484642
0.608850383504, 0.958862887, 2.45508746305, 0.428634374505, 18.5211915429, 44.6765187028, 2.70999875115, 1.72408569816, 21.5691224396, 253.064686548, 0.583591682909, 0.0
0.781305954945, 0.92791887572, 3.40458927932, 0.43809644698, 11.4077831065, 44.3340560472, 2.78685917257, 1.92587539522, 38.876384725, 501.447831016, 0.401109981735, 0.551867219917
0.60515144107, 0.83770461647, 2.45678591143, 0.439914052134, 22.1039239005, 43.2861608575, 2.6536447191, 1.88867166782, 20.9274423651, 294.673653219, 0.432357657293, 0.598566308244
0.604796752243, 0.848652452025, 2.58852041104, 0.321267092525, 30.5763105675, 43.521931759, 2.87138869751, 1.89232080011, 27.8120344581, 287.77873918, 0.416906941877, 0.598997493734
0.634107852773, 0.94883096099, 3.29558429127, 0.314044007333, 22.4203739479, 43.9539156134, 2.9774952881, 1.88604238577, 21.5676505644, 427.160171754, 0.399088453036, 0.56976744186
0.60938715891, 0.927194242978, 3.38026852697, 0.317072370291, 31.8992499514, 44.126015707, 2.71884331965, 1.43671377943, 26.597674404, 407.548351127, 0.393911638918, 0.586572438163
0.600632480992, 0.873310968232, 2.09497084914, 0.286822873129, 33.0421753625, 44.1138268023, 2.40877484227, 1.71443830192, 28.0522462264, 255.889124006, 0.449975423715, 0.65445026178
0.546140705625, 0.958254561475, 2.58852201185, 0.284502094177, 25.0514685506, 44.8140735364, 2.93191774263, 1.71323989369, 28.6628090592, 339.303410315, 0.406043809107, 0.613636363636
0.602281364421, 0.920969914682, 2.6569812135, 0.446224221021, 30.5819492872, 44.9799809574, 2.924797962, 1.84660507753, 34.0544269226, 356.086830608, 0.393698890576, 0.610526315789
0.600632480992, 0.873310968232, 2.09497084914, 0.267281671266, 33.0421753625, 44.1138268023, 2.44636173505, 1.88993422828, 28.0522462264, 265.76079316, 0.4193741048, 0.604651162791
0.566926061187, 0.844100455995, 2.25907947187, 0.320711491194, 22.1883856077, 44.7568587601, 2.65750987663, 1.90734228562, 29.0128699799, 268.491584553, 0.486873970142, 0.284090909091
0.547609151218, 0.880689370728, 2.05051066117, 0.441617612275, 22.1891009976, 43.9876110669, 2.65566490533, 1.7168468063, 28.0520401648, 247.635824486, 0.473700631813, 0.39175257732
0.55688583574, 0.877240940279, 2.05583619061, 0.400036915261, 33.5865214318, 42.7412993446, 2.79355019409, 1.67975170843, 34.0327630001, 259.77339307, 0.490178293291, 0.193548387097
0.674285093742, 1.05820710759, 5.81122831872, 0.436820431039, 29.631623564, 45.2222229106, 2.91511328244, 1.41159261898, 38.8921592958, 1029.30172808, 0.381053705553, 0.66265060241
0.575331572415, 0.907652655685, 2.05276373914, 0.286835480747, 20.0930330783, 43.5163874967, 2.65812455099, 1.89019080366, 23.2041608854, 225.628466637, 0.499333855304, 0.554858934169
0.674285093742, 1.05806217644, 5.85989184337, 0.436816453766, 29.631623564, 45.5981395304, 2.91511328244, 1.40978375253, 38.8921592958, 1303.83257341, 0.407905090194, 0.614107883817
