0.65759883615, 0.821170641574, 2.05050846898, 0.254994668541, 27.9556384283, 44.4488999354, 2.84231459074, 2.0233792218, 36.0855296682, 207.756260209, 0.57858148898, 0.152173913043
0.611696978859, 0.821147388418, 2.05050846898, 0.254994668541, 27.9556384283, 44.4488999354, 2.84231459074, 2.0233792218, 36.0855296682, 206.323772148, 0.518490693376, 0.046875
0.611696978859, 0.821147388418, 2.05050846898, 0.254994668541, 27.9556384283, 44.4488999354, 2.84231459074, 2.0233792218, 36.0855296682, 206.323772148, 0.518490693376, 0.046875
0.611696978859, 0.821147388418, 2.05050846898, 0.254994668541, 27.9556384283, 44.4488999354, 2.84231459074, 2.0233792218, 36.0855296682, 206.323772148, 0.518490693376, 0.046875
0.611696978859, 0.821147388418, 2.05050846898, 0.254994668541, 27.9556384283, 44.4488999354, 2.84231459074, 2.0233792218, 36.0855296682, 206.323772148, 0.518490693376, 0.046875
0.611696978859, 0.821147388418, 2.05050846898, 0.254994668541, 27.9556384283, 44.4488999354, 2.84231459074, 2.0233792218, 36.0855296682, 206.323772148, 0.518490693376, 0.046875
0.611696978859, 0.821147388418, 2.05050846898, 0.254994668541, 27.9556384283, 44.4488999354, 2.84231459074, 2.0233792218, 36.0855296682, 206.323772148, 0.518490693376, 0.046875
0.611696978859, 0.821147388418, 2.05050846898, 0.254994668541, 27.9556384283, 44.4488999354, 2.84231459074, 2.0233792218, 36.0855296682, 206.323772148, 0.518490693376, 0.046875
0.611696978859, 0.821147388418, 2.05050846898, 0.254994668541, 27.9556384283, 44.3021919363, 2.84231459074, 2.0233792218, 36.0855296682, 191.540314675, 0.572784375853, 0.182741116751
0.611696978859, 0.821147388418, 2.05050846898, 0.254994668541, 27.9556384283, 44.3021919363, 2.84231459074, 2.0233792218, 36.0855296682, 191.540314675, 0.572784375853, 0.182741116751
0.611696978859, 0.821147388418, 2.05050846898, 0.254994668541, 27.9556384283, 44.3021919363, 2.84231459074, 2.0233792218, 36.0855296682, 191.540314675, 0.572784375853, 0.182741116751
0.611696978859, 0.821147388418, 2.05050846898, 0.254994668541, 27.9556384283, 44.3021919363, 2.84231459074, 2.0233792218, 36.0855296682, 191.540314675, 0.572784375853, 0.182741116751
0.611261252069, 0.821170078782, 2.05050846898, 0.254994668541, 25.2493888983, 44.3021919363, 2.84231459074, 2.0233792218, 36.0855296682, 186.637179942, 0.59141047272, 0.0486111111111
0.611261252069, 0.821170078782, 2.05050846898, 0.254994668541, 25.2493888983, 44.3021919363, 2.84231459074, 2.0233792218, 36.0855296682, 186.637179942, 0.59141047272, 0.0486111111111
0.611261252069, 0.821170078782, 2.05050846898, 0.254994668541, 25.2493888983, 44.3021919363, 2.84231459074, 2.0233792218, 36.0855296682, 186.637179942, 0.59141047272, 0.0486111111111
0.611261252069, 0.821170078782, 2.05050846898, 0.254994668541, 25.2493888983, 44.3021919363, 2.84231459074, 2.0233792218, 36.0855296682, 186.637179942, 0.59141047272, 0.0486111111111
0.611261252069, 0.821170078782, 2.05050846898, 0.254994668541, 25.2493888983, 44.3021919363, 2.84231459074, 2.0233792218, 36.0855296682, 186.637179942, 0.59141047272, 0.0486111111111
0.611261252069, 0.821170078782, 2.05050846898, 0.254994668541, 25.2493888983, 44.3021919363, 2.84231459074, 2.0233792218, 36.0855296682, 186.637179942, 0.59141047272, 0.0486111111111
0.611261252069, 0.821170078782, 2.05050846898, 0.254994668541, 25.2493888983, 44.3021919363, 2.84231459074, 2.0233792218, 36.0855296682, 186.637179942, 0.59141047272, 0.0486111111111
0.611261252069, 0.821170078782, 2.05050846898, 0.254994668541, 25.2493888983, 44.3021919363, 2.84231459074, 2.0233792218, 36.0855296682, 186.637179942, 0.59141047272, 0.0486111111111
0.611261252069, 0.821170078782, 2.05050846898, 0.254994668541, 25.2493888983, 44.3021919363, 2.84231459074, 2.0233792218, 36.0855296682, 186.637179942, 0.59141047272, 0.0486111111111
0.611261252069, 0.821170078782, 2.05050846898, 0.254994668541, 25.2493888983, 44.3021919363, 2.84231459074, 2.0233792218, 36.0855296682, 186.637179942, 0.59141047272, 0.0486111111111
0.611261252069, 0.821170078782, 2.05050846898, 0.254994668541, 25.2493888983, 44.3021919363, 2.84231459074, 2.0233792218, 36.0855296682, 186.637179942, 0.59141047272, 0.0486111111111
0.611261252069, 0.821170078782, 2.05050846898, 0.254994668541, 25.2493888983, 44.3021919363, 2.84231459074, 2.0233792218, 36.0855296682, 186.637179942, 0.59141047272, 0.0486111111111
0.611261252069, 0.821170078782, 2.05050846898, 0.254994668541, 25.2493888983, 44.3021919363, 2.84231459074, 2.0233792218, 36.0855296682, 186.637179942, 0.59141047272, 0.0486111111111
0.611261252069, 0.821170078782, 2.05050846898, 0.254994668541, 25.2493888983, 44.3021919363, 2.84231459074, 2.0233792218, 36.0855296682, 186.637179942, 0.59141047272, 0.0486111111111
0.611261252069, 0.821170078782, 2.05050846898, 0.254994668541, 25.2493888983, 44.3021919363, 2.84231459074, 2.0233792218, 36.0855296682, 186.637179942, 0.59141047272, 0.0486111111111
0.611261252069, 0.821170078782, 2.05050846898, 0.254994668541, 25.2493888983, 44.3021919363, 2.84231459074, 2.0233792218, 36.0855296682, 186.637179942, 0.59141047272, 0.0486111111111
0.611261252069, 0.821170078782, 2.05050846898, 0.254994668541, 25.2493888983, 44.3021919363, 2.84231459074, 2.0233792218, 36.0855296682, 186.637179942, 0.59141047272, 0.0486111111111
0.611261252069, 0.821170078782, 2.05050846898, 0.254994668541, 25.2493888983, 44.3021919363, 2.84231459074, 2.0233792218, 36.0855296682, 186.637179942, 0.59141047272, 0.0486111111111
0.611261252069, 0.821170078782, 2.05050846898, 0.254994668541, 25.2493888983, 44.3021919363, 2.84231459074, 2.0233792218, 36.0855296682, 186.637179942, 0.59141047272, 0.0486111111111
0.611261252069, 0.821170078782, 2.05050846898, 0.254994668541, 25.2493888983, 44.3021919363, 2.84231459074, 2.0233792218, 36.0855296682, 186.637179942, 0.59141047272, 0.0486111111111
0.611696978859, 0.821147388418, 2.05050846898, 0.254994668541, 27.9556384283, 44.4479949183, 2.84231459074, 2.0233792218, 36.0855296682, 208.470712446, 0.601830968964, 0.407079646018
0.611696978859, 0.821147388418, 2.05050846898, 0.254994668541, 27.9556384283, 44.4479949183, 2.84231459074, 2.0233792218, 36.0855296682, 208.470712446, 0.601830968964, 0.407079646018
0.611696978859, 0.821147388418, 2.05050846898, 0.254994668541, 27.9556384283, 44.4479949183, 2.84231459074, 2.0233792218, 36.0855296682, 208.470712446, 0.601830968964, 0.407079646018
0.611696978859, 0.821147388418, 2.05050846898, 0.254994668541, 27.9556384283, 44.4479949183, 2.84231459074, 2.0233792218, 36.0855296682, 208.470712446, 0.601830968964, 0.407079646018
0.65759883615, 0.821170641574, 2.05050846898, 0.254994668541, 27.9556384283, 44.4488999354, 2.84231459074, 2.0233792218, 34.6021690657, 205.661656622, 0.566862943719, 0.442815249267
0.611696978859, 0.821147388418, 2.05050846898, 0.254994668541, 28.0491063311, 44.3021919363, 2.84231459074, 2.0233792218, 36.0855296682, 210.499234573, 0.548762406879, 0.251256281407
0.660149133441, 0.821145757869, 2.05050846898, 0.282028028238, 27.9556384283, 44.3018728324, 2.84231459074, 2.0233792218, 36.0855296682, 207.598037305, 0.55274896344, 0.170731707317
0.660149133441, 0.821145757869, 2.05050846898, 0.282028028238, 27.9556384283, 44.3018728324, 2.84231459074, 2.0233792218, 36.0855296682, 207.598037305, 0.55274896344, 0.170731707317
0.660149133441, 0.821145757869, 2.05050846898, 0.282028028238, 27.9556384283, 44.3018728324, 2.84231459074, 2.0233792218, 36.0855296682, 207.598037305, 0.55274896344, 0.170731707317
0.660149133441, 0.821145757869, 2.05050846898, 0.282028028238, 27.9556384283, 44.3018728324, 2.84231459074, 2.0233792218, 36.0855296682, 207.598037305, 0.55274896344, 0.170731707317
0.660149133441, 0.821145757869, 2.05050846898, 0.282028028238, 27.9556384283, 44.3018728324, 2.84231459074, 2.0233792218, 36.0855296682, 207.598037305, 0.55274896344, 0.170731707317
0.660149133441, 0.821145757869, 2.05050846898, 0.282028028238, 27.9556384283, 44.3018728324, 2.84231459074, 2.0233792218, 36.0855296682, 207.598037305, 0.55274896344, 0.170731707317
0.660149133441, 0.821145757869, 2.05050846898, 0.282028028238, 27.9556384283, 44.3018728324, 2.84231459074, 2.0233792218, 36.0855296682, 207.598037305, 0.55274896344, 0.170731707317
0.660149133441, 0.821145757869, 2.05050846898, 0.282028028238, 27.9556384283, 44.3018728324, 2.84231459074, 2.0233792218, 36.0855296682, 207.598037305, 0.55274896344, 0.170731707317
0.660149133441, 0.821145757869, 2.05050846898, 0.282028028238, 27.9556384283, 44.3018728324, 2.84231459074, 2.0233792218, 36.0855296682, 207.598037305, 0.55274896344, 0.170731707317
0.611261252069, 0.821172896007, 2.05050846898, 0.254994668541, 27.9442825964, 44.2971136172, 2.84231459074, 2.0233792218, 36.0855296682, 203.542675807, 0.545433805478, 0.357894736842
0.611261252069, 0.821172896007, 2.05050846898, 0.254994668541, 27.9442825964, 44.2971136172, 2.84231459074, 2.0233792218, 36.0855296682, 203.542675807, 0.545433805478, 0.357894736842
0.611261252069, 0.821172896007, 2.05050846898, 0.254994668541, 27.9442825964, 44.2971136172, 2.84231459074, 2.0233792218, 36.0855296682, 203.542675807, 0.545433805478, 0.357894736842
0.611261252069, 0.821172896007, 2.05050846898, 0.254994668541, 27.9442825964, 44.2971136172, 2.84231459074, 2.0233792218, 36.0855296682, 203.542675807, 0.545433805478, 0.357894736842
0.611261252069, 0.821172896007, 2.05050846898, 0.254994668541, 27.9442825964, 44.2971136172, 2.84231459074, 2.0233792218, 36.0855296682, 203.542675807, 0.545433805478, 0.357894736842
0.611261252069, 0.821172896007, 2.05050846898, 0.254994668541, 27.9442825964, 44.2971136172, 2.84231459074, 2.0233792218, 36.0855296682, 203.542675807, 0.545433805478, 0.357894736842
0.611261252069, 0.821172896007, 2.05050846898, 0.254994668541, 27.9442825964, 44.2971136172, 2.84231459074, 2.0233792218, 36.0855296682, 203.542675807, 0.545433805478, 0.357894736842
0.611261252069, 0.821170078782, 2.05050846898, 0.254994668541, 25.2493888983, 44.3021919363, 2.84231459074, 2.0233792218, 36.0855296682, 209.788530412, 0.543169270028, 0.423267326733
0.611261252069, 0.821170078782, 2.05050846898, 0.254994668541, 25.2493888983, 44.3021919363, 2.84231459074, 2.0233792218, 36.0855296682, 209.788530412, 0.543169270028, 0.423267326733
0.611261252069, 0.821170078782, 2.05050846898, 0.254994668541, 25.2493888983, 44.3021919363, 2.84231459074, 2.0233792218, 36.0855296682, 209.788530412, 0.543169270028, 0.423267326733
0.611261252069, 0.821170078782, 2.05050846898, 0.254994668541, 25.2493888983, 44.3021919363, 2.84231459074, 2.0233792218, 36.0855296682, 209.788530412, 0.543169270028, 0.423267326733
0.611261252069, 0.821170078782, 2.05050846898, 0.254994668541, 25.2493888983, 44.3021919363, 2.84231459074, 2.0233792218, 36.0855296682, 209.788530412, 0.543169270028, 0.423267326733
0.611261252069, 0.821170078782, 2.05050846898, 0.254994668541, 25.2493888983, 44.3021919363, 2.84231459074, 2.0233792218, 36.0855296682, 209.788530412, 0.543169270028, 0.423267326733
0.611689257919, 0.821147388418, 2.05050846898, 0.259015451058, 27.9556384283, 44.4523328744, 2.84231459074, 2.0233792218, 36.0855296682, 181.355889993, 0.549008773814, 0.186507936508
0.611689257919, 0.821147388418, 2.05050846898, 0.259015451058, 27.9556384283, 44.4523328744, 2.84231459074, 2.0233792218, 36.0855296682, 181.355889993, 0.549008773814, 0.186507936508
0.611689257919, 0.821147388418, 2.05050846898, 0.259015451058, 27.9556384283, 44.4523328744, 2.84231459074, 2.0233792218, 36.0855296682, 181.355889993, 0.549008773814, 0.186507936508
0.611689257919, 0.821147388418, 2.05050846898, 0.259015451058, 27.9556384283, 44.4523328744, 2.84231459074, 2.0233792218, 36.0855296682, 181.355889993, 0.549008773814, 0.186507936508
0.611689257919, 0.821147388418, 2.05050846898, 0.259015451058, 27.9556384283, 44.4523328744, 2.84231459074, 2.0233792218, 36.0855296682, 181.355889993, 0.549008773814, 0.186507936508
0.611689257919, 0.821147388418, 2.05050846898, 0.259015451058, 27.9556384283, 44.4523328744, 2.84231459074, 2.0233792218, 36.0855296682, 181.355889993, 0.549008773814, 0.186507936508
0.611689257919, 0.821147388418, 2.05050846898, 0.259015451058, 27.9556384283, 44.4523328744, 2.84231459074, 2.0233792218, 36.0855296682, 181.355889993, 0.549008773814, 0.186507936508
0.611689257919, 0.821147388418, 2.05050846898, 0.259015451058, 27.9556384283, 44.4523328744, 2.84231459074, 2.0233792218, 36.0855296682, 181.355889993, 0.549008773814, 0.186507936508
0.611689257919, 0.821147388418, 2.05050846898, 0.259015451058, 27.9556384283, 44.4523328744, 2.84231459074, 2.0233792218, 36.0855296682, 181.355889993, 0.549008773814, 0.186507936508
0.611689257919, 0.821147388418, 2.05050846898, 0.259015451058, 27.9556384283, 44.4523328744, 2.84231459074, 2.0233792218, 36.0855296682, 181.355889993, 0.549008773814, 0.186507936508
0.611689257919, 0.821147388418, 2.05050846898, 0.259015451058, 27.9556384283, 44.4523328744, 2.84231459074, 2.0233792218, 36.0855296682, 181.355889993, 0.549008773814, 0.186507936508
0.611689257919, 0.821147388418, 2.05050846898, 0.259015451058, 27.9556384283, 44.4523328744, 2.84231459074, 2.0233792218, 36.0855296682, 181.355889993, 0.549008773814, 0.186507936508
0.611689257919, 0.821147388418, 2.05050846898, 0.259015451058, 27.9556384283, 44.4523328744, 2.84231459074, 2.0233792218, 36.0855296682, 181.355889993, 0.549008773814, 0.186507936508
0.611689257919, 0.821147388418, 2.05050846898, 0.259015451058, 27.9556384283, 44.4523328744, 2.84231459074, 2.0233792218, 36.0855296682, 181.355889993, 0.549008773814, 0.186507936508
0.611689257919, 0.821147388418, 2.05050846898, 0.259015451058, 27.9556384283, 44.4523328744, 2.84231459074, 2.0233792218, 36.0855296682, 181.355889993, 0.549008773814, 0.186507936508
0.611689257919, 0.821147388418, 2.05050846898, 0.259015451058, 27.9556384283, 44.4523328744, 2.84231459074, 2.0233792218, 36.0855296682, 181.355889993, 0.549008773814, 0.186507936508
0.611689257919, 0.821147388418, 2.05050846898, 0.259015451058, 27.9556384283, 44.4523328744, 2.84231459074, 2.0233792218, 36.0855296682, 181.355889993, 0.549008773814, 0.186507936508
0.611689257919, 0.821147388418, 2.05050846898, 0.259015451058, 27.9556384283, 44.4523328744, 2.84231459074, 2.0233792218, 36.0855296682, 181.355889993, 0.549008773814, 0.186507936508
0.611689257919, 0.821147388418, 2.05050846898, 0.259015451058, 27.9556384283, 44.4523328744, 2.84231459074, 2.0233792218, 36.0855296682, 181.355889993, 0.549008773814, 0.186507936508
0.611689257919, 0.821147388418, 2.05050846898, 0.259015451058, 27.9556384283, 44.4523328744, 2.84231459074, 2.0233792218, 36.0855296682, 181.355889993, 0.549008773814, 0.186507936508
0.611261252069, 0.821172896007, 2.05050846898, 0.254994668541, 27.9442825964, 44.2971136172, 2.84231459074, 2.0233792218, 36.0855296682, 200.833253665, 0.555481538448, 0.282442748092
0.611261252069, 0.821170078782, 2.03251972253, 0.281642487231, 25.2493888983, 44.3018672952, 2.84137118901, 2.0233792218, 36.0855296682, 187.972606679, 0.590473860963, 0.0
0.611261252069, 0.821170078782, 2.03251972253, 0.281642487231, 25.2493888983, 44.3018672952, 2.84137118901, 2.0233792218, 36.0855296682, 187.972606679, 0.590473860963, 0.0
0.611261252069, 0.821170078782, 2.03251972253, 0.281642487231, 25.2493888983, 44.3018672952, 2.84137118901, 2.0233792218, 36.0855296682, 187.972606679, 0.590473860963, 0.0
0.611261252069, 0.821170078782, 2.03251972253, 0.281642487231, 25.2493888983, 44.3018672952, 2.84137118901, 2.0233792218, 36.0855296682, 187.972606679, 0.590473860963, 0.0
0.611261252069, 0.821170078782, 2.03251972253, 0.281642487231, 25.2493888983, 44.3018672952, 2.84137118901, 2.0233792218, 36.0855296682, 187.972606679, 0.590473860963, 0.0
0.611261252069, 0.821170078782, 2.03251972253, 0.281642487231, 25.2493888983, 44.3018672952, 2.84137118901, 2.0233792218, 36.0855296682, 187.972606679, 0.590473860963, 0.0
0.611261252069, 0.821170078782, 2.03251972253, 0.281642487231, 25.2493888983, 44.3018672952, 2.84137118901, 2.0233792218, 36.0855296682, 187.972606679, 0.590473860963, 0.0
0.611261252069, 0.821170078782, 2.03251972253, 0.281642487231, 25.2493888983, 44.3018672952, 2.84137118901, 2.0233792218, 36.0855296682, 187.972606679, 0.590473860963, 0.0
0.611261252069, 0.821170078782, 2.03251972253, 0.281642487231, 25.2493888983, 44.3018672952, 2.84137118901, 2.0233792218, 36.0855296682, 187.972606679, 0.590473860963, 0.0
0.611261252069, 0.821170078782, 2.03251972253, 0.281642487231, 25.2493888983, 44.3018672952, 2.84137118901, 2.0233792218, 36.0855296682, 187.972606679, 0.590473860963, 0.0
0.611261252069, 0.821170078782, 2.03251972253, 0.281642487231, 25.2493888983, 44.3018672952, 2.84137118901, 2.0233792218, 36.0855296682, 187.972606679, 0.590473860963, 0.0
