0.424646311571, 0.325191600097, 0.19532388812, 0.698199795874, 0.502758302324, 0.507903089357, 0.501615995336, 0.398539543829, 0.305168533449, 0.305082337881, 0.299230365824, 0.407015267908, 46.0099864951, 25.7850239026, 41.5314543372
0.0536219786724, 0.336183585812, 0.19532388812, 0.698199795874, 0.400254660373, 0.300732006812, 0.501615995336, 0.398539543829, 0.504948015356, 0.305082337881, 0.395605135438, 0.407015267908, 47.4574592788, 27.6836128956, 4.63867269074
0.766521142786, 0.423031491929, 0.19532388812, 0.698199795874, 0.502758302324, 0.300732006812, 0.501615995336, 0.398539543829, 0.305168533449, 0.305082337881, 0.299230365824, 0.407015267908, 16.6898903494, 13.07377207, 55.1923843416
0.424646311571, 0.325191600097, 0.19532388812, 0.698199795874, 0.502758302324, 0.507903089357, 0.501615995336, 0.398539543829, 0.305168533449, 0.305082337881, 0.299230365824, 0.407015267908, 46.0099864951, 25.7850239026, 41.5314543372
0.0003406534613, 0.493094902544, 0.601201109145, 0.496608043771, 0.196066553779, 0.300732006812, 0.501615995336, 0.398539543829, 0.396432989291, 0.202637544226, 0.502236173964, 0.407015267908, 34.3682728976, 33.6306930714, 0.0257303434049
0.0536219786724, 0.336183585812, 0.19532388812, 0.698199795874, 0.400254660373, 0.300732006812, 0.501615995336, 0.398539543829, 0.504948015356, 0.305082337881, 0.395605135438, 0.407015267908, 47.4574592788, 27.6836128956, 4.63867269074
0.0012649254644, 0.0862470872272, 0.601201109145, 0.698199795874, 0.400254660373, 0.300732006812, 0.501615995336, 0.398539543829, 0.504948015356, 0.305082337881, 0.395605135438, 0.489686715147, 52.2534453585, 7.12274970943, 0.104784746728
0.64460775803, 0.423031491929, 0.19532388812, 0.698199795874, 0.502758302324, 0.300732006812, 0.501615995336, 0.398539543829, 0.305168533449, 0.305082337881, 0.299230365824, 0.407015267908, 24.6545541497, 19.3127704672, 50.1482312937
0.238000879821, 0.999990530593, 0.898843987987, 0.802095662907, 0.502758302324, 0.300732006812, 0.501615995336, 0.291732723459, 0.305168533449, 0.595683551278, 0.299230365824, 0.489686715147, 0.00122969024174, 82.670979134, 32.4318284776
0.417854547314, 0.999997642811, 0.19532388812, 0.698199795874, 0.101359172727, 0.300732006812, 0.501615995336, 0.398539543829, 0.504948015356, 0.305082337881, 0.395605135438, 0.489686715147, 0.000235380880383, 63.5706734351, 48.968222505
0.0012649254644, 0.167135742584, 0.601201109145, 0.698199795874, 0.400254660373, 0.300732006812, 0.501615995336, 0.398539543829, 0.504948015356, 0.305082337881, 0.395605135438, 0.489686715147, 50.9296383721, 13.6867837911, 0.104784746728
0.63388117434, 0.000829970957584, 0.601201109145, 0.698199795874, 0.400254660373, 0.300732006812, 0.501615995336, 0.398539543829, 0.504948015356, 0.305082337881, 0.395605135438, 0.489686715147, 28.6844085442, 0.0373963243818, 44.2534789942
0.742419234082, 0.936187344685, 0.19532388812, 0.496608043771, 0.400254660373, 0.296271618256, 0.802028415245, 0.500323127576, 0.40359336107, 0.296787984179, 0.503125211675, 0.407015267908, 2.23148998774, 22.1875996219, 52.0732058664
0.999997603855, 0.999993938024, 0.19532388812, 0.698199795874, 0.706001018008, 0.694740710515, 0.501615995336, 0.209170303991, 0.305168533449, 0.202140598549, 0.59403722203, 0.407015267908, 3.64731763976e-09, 0.000383035891206, 101.766894305
0.561700923606, 0.999154378306, 0.19532388812, 0.698199795874, 0.400254660373, 0.2021789761, 0.501615995336, 0.291732723459, 0.40359336107, 0.393016292084, 0.499063031383, 0.491675257072, 0.0638267875134, 48.0514766243, 58.4013098258
0.00037997630592, 0.0394855215934, 0.898843987987, 0.696751682136, 0.306400289667, 0.49000238539, 0.802028415245, 0.000189670324379, 0.700089333391, 0.202637544226, 0.299000086379, 0.407015267908, 117.515844739, 7.29812983484, 0.0702762793322
0.999999929075, 0.633857775633, 0.19532388812, 0.698199795874, 0.305207691147, 0.300732006812, 0.501615995336, 0.398539543829, 0.504948015356, 0.305082337881, 0.499063031383, 0.489686715147, 4.14407649773e-06, 6.39284156776e-06, 68.3833946378
0.000654746391223, 0.000722863131892, 0.19532388812, 0.698199795874, 0.502758302324, 0.300732006812, 0.592290092746, 0.093649729114, 0.504948015356, 0.0992291762192, 0.306275382556, 0.491675257072, 107.214020541, 0.121738436885, 0.110266859574
0.347690500459, 0.998720441017, 0.19532388812, 0.698199795874, 0.400254660373, 0.300732006812, 0.501615995336, 0.398539543829, 0.504948015356, 0.305082337881, 0.395605135438, 0.407015267908, 0.0947004170206, 47.116293622, 28.6383668467
0.64460775803, 0.423031491929, 0.19532388812, 0.698199795874, 0.502758302324, 0.300732006812, 0.501615995336, 0.398539543829, 0.305168533449, 0.305082337881, 0.299230365824, 0.407015267908, 24.6545541497, 19.3127704672, 50.1482312937
0.999999997592, 0.000940650320552, 0.393037809263, 0.802095662907, 0.305207691147, 0.50691599215, 0.705266349977, 0.398539543829, 0.305168533449, 0.892908316178, 0.38797379878, 0.407015267908, 4.69578394665e-07, 6.93835485618e-10, 124.157699736
0.000109315618704, 0.493094902544, 0.601201109145, 0.496608043771, 0.196066553779, 0.300732006812, 0.501615995336, 0.291732723459, 0.396432989291, 0.594790381495, 0.703830320799, 0.903570509171, 53.3048304038, 52.1608518378, 0.0128063042094
0.626614222983, 0.996254275816, 0.803154266596, 0.698199795874, 0.502758302324, 0.300732006812, 0.501615995336, 0.398539543829, 0.504948015356, 0.296787984179, 0.395605135438, 0.491675257072, 0.17411075749, 29.5913597167, 44.5313886572
0.00037997630592, 6.80225389321e-05, 0.898860636997, 0.698199795874, 0.305207691147, 0.67718225413, 0.802028415245, 0.394877559033, 0.89993936083, 0.305082337881, 0.395605135438, 0.407015267908, 176.628136101, 0.0188726376899, 0.105423233684
0.999999929075, 3.66834805648e-06, 0.393037809263, 0.588147866839, 0.487732275596, 0.694740710515, 0.406794061934, 0.29442129685, 0.804417989524, 0.396314430815, 0.00269257389352, 0.487145088292, 1.89772615768e-05, 1.09351301428e-10, 170.338880447
0.424646311571, 0.325191600097, 0.19532388812, 0.698199795874, 0.502758302324, 0.507903089357, 0.501615995336, 0.398539543829, 0.305168533449, 0.305082337881, 0.299230365824, 0.407015267908, 46.0099864951, 25.7850239026, 41.5314543372
0.0510379269872, 1.54849135384e-05, 0.898860636997, 0.698199795874, 0.305207691147, 0.300732006812, 0.501615995336, 0.394877559033, 0.89993936083, 0.305082337881, 0.395605135438, 0.407015267908, 81.5532504315, 0.0019836723375, 6.55218298492
0.238000879821, 0.999994184521, 0.898843987987, 0.802095662907, 0.502758302324, 0.300732006812, 0.501615995336, 0.291732723459, 0.305168533449, 0.595683551278, 0.701195256765, 0.489686715147, 0.000756742304572, 82.8404808065, 32.4983239883
0.92742339191, 0.00050528378276, 0.19532388812, 0.698199795874, 0.305207691147, 0.300732006812, 0.501615995336, 0.398539543829, 0.504948015356, 0.305082337881, 0.395605135438, 0.407015267908, 7.19275924204, 0.00570887917595, 62.8191310285
0.999999929075, 0.999999905721, 0.898843987987, 0.698199795874, 0.305207691147, 0.300732006812, 0.501615995336, 0.398539543829, 0.504948015356, 0.305082337881, 0.499063031383, 0.523830486959, 2.36628339756e-12, 1.59782965614e-05, 143.420331572
0.000654746391223, 0.000722863131892, 0.19532388812, 0.698199795874, 0.502758302324, 0.300732006812, 0.592290092746, 0.093649729114, 0.504948015356, 0.0992291762192, 0.306275382556, 0.491675257072, 107.214020541, 0.121738436885, 0.110266859574
0.937126467029, 0.423031491929, 0.19532388812, 0.601570907242, 0.502758302324, 0.300732006812, 0.501615995336, 0.398539543829, 0.305168533449, 0.305082337881, 0.299230365824, 0.407015267908, 4.35264536721, 3.40957862761, 55.8020374958
0.0012649254644, 0.936187344685, 0.19532388812, 0.496608043771, 0.502758302324, 0.698329609117, 0.501615995336, 0.398539543829, 0.504948015356, 0.305082337881, 0.306275382556, 0.491675257072, 6.32777243025, 62.9167426034, 0.125642636408
0.00215086108962, 0.998720441017, 0.19532388812, 0.698199795874, 0.306400289667, 0.2021789761, 0.501615995336, 0.398539543829, 0.600262600489, 0.202637544226, 0.299230365824, 0.407015267908, 0.137545918393, 68.4332137219, 0.231207386858
0.424646311571, 0.000722863131892, 0.19532388812, 0.698199795874, 0.502758302324, 0.300732006812, 0.501615995336, 0.398539543829, 0.305168533449, 0.305082337881, 0.299230365824, 0.407015267908, 46.4515620704, 0.0527444127996, 36.5776549901
0.00234538809967, 3.64472701853e-07, 0.19532388812, 0.696751682136, 0.306400289667, 0.996935090365, 0.346645774243, 0.000701788859903, 0.19809359581, 0.202637544226, 0.395605135438, 0.407015267908, 319.292119128, 0.000182798691448, 1.17631804274
0.999999929075, 0.999997642811, 0.898843987987, 0.698199795874, 0.196066553779, 0.694740710515, 0.501615995336, 0.411581262598, 0.19471130607, 0.0992291762192, 0.701195256765, 0.407015267908, 4.7671413836e-11, 1.28748939855e-05, 115.564356768
0.64460775803, 0.423031491929, 0.19532388812, 0.698199795874, 0.502758302324, 0.300732006812, 0.501615995336, 0.398539543829, 0.305168533449, 0.305082337881, 0.299230365824, 0.407015267908, 24.6545541497, 19.3127704672, 50.1482312937
0.424646311571, 0.423031491929, 0.601201109145, 0.698199795874, 0.502758302324, 0.507903089357, 0.501615995336, 0.398539543829, 0.305168533449, 0.305082337881, 0.299230365824, 0.407015267908, 33.9382368209, 26.5850022598, 33.9472251725
0.0121135520237, 0.000129301514579, 0.19532388812, 0.698199795874, 0.400254660373, 0.300732006812, 0.501615995336, 0.398539543829, 0.40359336107, 0.305082337881, 0.499063031383, 0.491675257072, 52.0484767395, 0.0105713759745, 0.990493972215
0.999999857614, 6.80225389321e-05, 0.19532388812, 0.697109525914, 0.305207691147, 0.2021789761, 0.501615995336, 0.398539543829, 0.504948015356, 0.296787984179, 0.698923068998, 0.407015267908, 1.48807212805e-05, 1.58999844244e-09, 66.5330249364
0.64460775803, 0.282241122321, 0.19532388812, 0.698199795874, 0.502758302324, 0.300732006812, 0.501615995336, 0.398539543829, 0.305168533449, 0.305082337881, 0.299230365824, 0.407015267908, 28.290443639, 13.4343195639, 50.1482312937
0.00540782110253, 0.00050528378276, 0.19532388812, 0.698199795874, 0.305207691147, 0.300732006812, 0.501615995336, 0.398539543829, 0.504948015356, 0.305082337881, 0.395605135438, 0.407015267908, 63.2272729425, 0.050183364924, 0.537102565427
0.999999929075, 3.66834805648e-06, 0.393037809263, 0.588147866839, 0.487732275596, 0.694740710515, 0.406794061934, 0.29442129685, 0.804417989524, 0.396314430815, 0.00269257389352, 0.487145088292, 1.89772615768e-05, 1.09351301428e-10, 170.338880447
1.89529539685e-05, 0.0867323092828, 0.898843987987, 0.802095662907, 0.305207691147, 0.694740710515, 0.501615995336, 0.398539543829, 0.89993936083, 0.69237067318, 0.395605135438, 0.407015267908, 92.8320104418, 12.7261554008, 0.00278957179383
0.999999997592, 0.852500461746, 0.19532388812, 0.802095662907, 0.502758302324, 0.2021789761, 0.501615995336, 0.508372326458, 0.911081022087, 0.296787984179, 0.698923068998, 0.489686715147, 1.04829164424e-07, 4.4432589596e-07, 120.706096188
0.999999929075, 0.999999905721, 0.898843987987, 0.698199795874, 0.305207691147, 0.300732006812, 0.501615995336, 0.398539543829, 0.504948015356, 0.305082337881, 0.499063031383, 0.523830486959, 2.36628339756e-12, 1.59782965614e-05, 143.420331572
0.901411937853, 0.423031491929, 0.19532388812, 0.601570907242, 0.502758302324, 0.300732006812, 0.501615995336, 0.398539543829, 0.305168533449, 0.305082337881, 0.299230365824, 0.407015267908, 6.80892748209, 5.33366990905, 55.4042291585
0.0012649254644, 0.936187344685, 0.19532388812, 0.496608043771, 0.502758302324, 0.698329609117, 0.501615995336, 0.398539543829, 0.504948015356, 0.305082337881, 0.306275382556, 0.491675257072, 6.32777243025, 62.9167426034, 0.125642636408
0.164148759888, 0.998720441017, 0.19532388812, 0.698199795874, 0.306400289667, 0.2021789761, 0.501615995336, 0.398539543829, 0.600262600489, 0.202637544226, 0.299230365824, 0.407015267908, 0.132999674692, 66.1713213265, 17.4503771029
0.424646311571, 0.000722863131892, 0.19532388812, 0.698199795874, 0.502758302324, 0.300732006812, 0.501615995336, 0.398539543829, 0.305168533449, 0.305082337881, 0.299230365824, 0.407015267908, 46.4515620704, 0.0527444127996, 36.5776549901
0.0510379269872, 6.80225389321e-05, 0.19532388812, 0.698199795874, 0.305207691147, 0.300732006812, 0.501615995336, 0.394877559033, 0.305168533449, 0.305082337881, 0.395605135438, 0.407015267908, 72.0138022072, 0.00769464269812, 5.78576095445
0.561700923606, 0.999154378306, 0.19532388812, 0.698199795874, 0.400254660373, 0.2021789761, 0.501615995336, 0.291732723459, 0.40359336107, 0.393016292084, 0.499063031383, 0.491675257072, 0.0638267875134, 48.0514766243, 58.4013098258
0.40257656983, 0.998720441017, 0.19532388812, 0.698199795874, 0.400254660373, 0.300732006812, 0.501615995336, 0.398539543829, 0.504948015356, 0.305082337881, 0.395605135438, 0.407015267908, 0.0893922164899, 44.4753048842, 32.5890996036
0.000109315618704, 0.324484860409, 0.601201109145, 0.496608043771, 0.196066553779, 0.112215934048, 0.501615995336, 0.398539543829, 0.305168533449, 0.594790381495, 0.703830320799, 0.903570509171, 89.8647629693, 50.2312057676, 0.0176779322165
0.424646311571, 0.325191600097, 0.19532388812, 0.698199795874, 0.502758302324, 0.507903089357, 0.501615995336, 0.398539543829, 0.305168533449, 0.305082337881, 0.299230365824, 0.407015267908, 46.0099864951, 25.7850239026, 41.5314543372
0.238000879821, 0.999994184521, 0.898843987987, 0.802095662907, 0.502758302324, 0.300732006812, 0.501615995336, 0.291732723459, 0.305168533449, 0.595683551278, 0.701195256765, 0.489686715147, 0.000756742304572, 82.8404808065, 32.4983239883
0.00215086108962, 0.998720441017, 0.19532388812, 0.698199795874, 0.306400289667, 0.2021789761, 0.501615995336, 0.398539543829, 0.600262600489, 0.202637544226, 0.299230365824, 0.407015267908, 0.137545918393, 68.4332137219, 0.231207386858
0.999999983694, 6.75937740946e-07, 0.19532388812, 0.831120228156, 0.502758302324, 0.300732006812, 0.501615995336, 0.398539543829, 0.504948015356, 0.296787984179, 0.416251757603, 0.491675257072, 6.2336814075e-06, 6.61867681661e-12, 243.380415829
0.178163338863, 1.35401013807e-06, 0.898843987987, 0.696751682136, 0.306400289667, 0.997992572078, 0.501615995336, 0.291732723459, 0.504948015356, 0.202637544226, 0.499063031383, 0.407015267908, 100.036661332, 0.000212765389172, 28.750629995
1.89529539685e-05, 3.66834805648e-06, 0.393037809263, 0.588147866839, 0.487732275596, 0.711742871323, 0.406794061934, 0.29442129685, 0.804417989524, 0.396314430815, 0.00269257389352, 0.487145088292, 191.626356936, 0.0011041946929, 0.00570495243931
0.999999995305, 0.998720441017, 0.0290140344555, 0.698199795874, 0.306400289667, 0.2021789761, 0.802028415245, 0.398539543829, 0.305168533449, 0.202637544226, 0.299230365824, 0.407015267908, 3.25279475952e-09, 1.61836280983e-06, 219.424782156
0.999999997592, 0.999990530593, 0.723137615, 0.696751682136, 0.117580354903, 0.50691599215, 0.103901321397, 0.209170303991, 0.202996970889, 0.892908316178, 0.306275382556, 0.11287165714, 1.77587284855e-11, 1.19390349069e-06, 315.67071867
0.999999997592, 0.999998452303, 0.0765457496182, 0.438975060018, 0.117580354903, 0.50691599215, 0.501615995336, 0.209170303991, 0.305168533449, 0.892908316178, 0.385793485564, 0.195740677465, 4.37910217061e-12, 1.80127170079e-06, 476.26021423
0.00373731510262, 6.75937740946e-07, 0.898843987987, 0.696751682136, 0.306400289667, 0.300732006812, 0.802028415245, 0.000701788859903, 0.504948015356, 0.0236318633059, 0.499063031383, 0.407015267908, 203.37639302, 0.000215937024934, 1.19394720357
0.999999999486, 0.288585074245, 0.898843987987, 0.802095662907, 0.305207691147, 0.2021789761, 0.854300577449, 0.509615691572, 0.897531293243, 0.00052560329676, 0.698923068998, 0.903570509171, 2.44967105211e-07, 1.19333758195e-07, 337.689403071
0.0012649254644, 0.167135742584, 0.601201109145, 0.698199795874, 0.400254660373, 0.300732006812, 0.501615995336, 0.398539543829, 0.504948015356, 0.305082337881, 0.395605135438, 0.489686715147, 50.9296383721, 13.6867837911, 0.104784746728
0.777817534645, 0.936187344685, 0.19532388812, 0.496608043771, 0.400254660373, 0.296271618256, 0.802028415245, 0.398539543829, 0.40359336107, 0.296787984179, 0.503125211675, 0.407015267908, 1.98736379994, 19.7602644593, 54.5753720834
0.00037997630592, 0.0394855215934, 0.898843987987, 0.696751682136, 0.306400289667, 0.49000238539, 0.802028415245, 0.000189670324379, 0.700089333391, 0.202637544226, 0.299000086379, 0.407015267908, 117.515844739, 7.29812983484, 0.0702762793322
0.999999997592, 0.493094902544, 0.601201109145, 0.496608043771, 0.196066553779, 0.300732006812, 0.501615995336, 0.291732723459, 0.396432989291, 0.594790381495, 0.703830320799, 0.903570509171, 2.01605091227e-07, 1.97278430746e-07, 74.579887187
0.000109315618704, 0.000722863131892, 0.19532388812, 0.312935085454, 0.502758302324, 0.300732006812, 0.501615995336, 0.093649729114, 0.204496491142, 0.299934304046, 0.791867747887, 0.491675257072, 131.142373705, 0.148908393731, 0.0225188090672
0.238000879821, 0.999994184521, 0.898843987987, 0.802095662907, 0.502758302324, 0.300732006812, 0.501615995336, 0.291732723459, 0.305168533449, 0.595683551278, 0.701195256765, 0.489686715147, 0.000756742304572, 82.8404808065, 32.4983239883
0.00082894442407, 0.167135742584, 0.601201109145, 0.693195733802, 0.400254660373, 0.694740710515, 0.501615995336, 0.398539543829, 0.504948015356, 0.296787984179, 0.395605135438, 0.489686715147, 61.1628403169, 16.4368449929, 0.0824660653398
0.223641257744, 0.999999979402, 0.601201109145, 0.802095662907, 0.305207691147, 0.694740710515, 0.501615995336, 0.398539543829, 0.305168533449, 0.678330591578, 0.395605135438, 0.407015267908, 4.23175356664e-06, 130.791446307, 47.9346192341
0.197137727879, 1.02814964162e-05, 0.589073687133, 0.802095662907, 0.194043492376, 0.300732006812, 0.501615995336, 0.500323127576, 0.204496491142, 0.299934304046, 0.299230365824, 0.407015267908, 82.4865470401, 0.00133216901934, 26.3920827167
0.00373731510262, 1.35401013807e-06, 0.898843987987, 0.696751682136, 0.306400289667, 0.997992572078, 0.501615995336, 0.291732723459, 0.504948015356, 0.305082337881, 0.499063031383, 0.407015267908, 102.726696523, 0.000218486755486, 0.603070249331
0.999999929075, 3.66834805648e-06, 0.393037809263, 0.588147866839, 0.487732275596, 0.694740710515, 0.406794061934, 0.29442129685, 0.804417989524, 0.396314430815, 0.00269257389352, 0.487145088292, 1.89772615768e-05, 1.09351301428e-10, 170.338880447
0.164148759888, 0.998720441017, 0.19532388812, 0.698199795874, 0.306400289667, 0.2021789761, 0.501615995336, 0.398539543829, 0.600262600489, 0.202637544226, 0.299230365824, 0.407015267908, 0.132999674692, 66.1713213265, 17.4503771029
0.0684245576552, 3.24854310046e-06, 0.19532388812, 0.802095662907, 0.194043492376, 0.50691599215, 0.501615995336, 0.394877559033, 0.204496491142, 0.299934304046, 0.306275382556, 0.407015267908, 94.8950456997, 0.000484230398362, 10.2388760593
0.561700923606, 0.999154378306, 0.19532388812, 0.698199795874, 0.400254660373, 0.2021789761, 0.501615995336, 0.291732723459, 0.40359336107, 0.393016292084, 0.499063031383, 0.491675257072, 0.0638267875134, 48.0514766243, 58.4013098258
0.00037997630592, 0.999269842148, 0.601201109145, 0.698199795874, 0.400254660373, 0.2021789761, 0.501615995336, 0.000701788859903, 0.40359336107, 0.305082337881, 0.395605135438, 0.491675257072, 0.0846542814203, 73.8094723112, 0.0440543533595
7.38927608224e-06, 0.999999905721, 0.898843987987, 0.802095662907, 0.305207691147, 0.694740710515, 0.501615995336, 0.291732723459, 0.396432989291, 0.202637544226, 0.502236173964, 0.407015267908, 1.31365543327e-05, 88.7044050341, 0.00102959626293
0.178163338863, 1.35401013807e-06, 0.898843987987, 0.696751682136, 0.306400289667, 0.997992572078, 0.501615995336, 0.291732723459, 0.504948015356, 0.202637544226, 0.499063031383, 0.407015267908, 100.036661332, 0.000212765389172, 28.750629995
0.999999995305, 0.998720441017, 0.0290140344555, 0.698199795874, 0.306400289667, 0.2021789761, 0.802028415245, 0.398539543829, 0.305168533449, 0.202637544226, 0.299230365824, 0.407015267908, 3.25279475952e-09, 1.61836280983e-06, 219.424782156
0.999999997592, 0.999998452303, 0.0765457496182, 0.438975060018, 0.117580354903, 0.50691599215, 0.501615995336, 0.209170303991, 0.305168533449, 0.892908316178, 0.385793485564, 0.195740677465, 4.37910217061e-12, 1.80127170079e-06, 476.26021423
0.999999997592, 0.999990530593, 0.723137615, 0.696751682136, 0.117580354903, 0.50691599215, 0.103901321397, 0.209170303991, 0.202996970889, 0.909594612306, 0.306275382556, 0.11287165714, 1.8276437537e-11, 1.22870860887e-06, 324.873268755
0.999999983694, 6.75937740946e-07, 0.19532388812, 0.831120228156, 0.502758302324, 0.300732006812, 0.510286111642, 0.398539543829, 0.504948015356, 0.296787984179, 0.416251757603, 0.491675257072, 6.73731470038e-06, 7.15341476386e-12, 263.043672937
0.223641257744, 0.999999979402, 0.898843987987, 0.802095662907, 0.305207691147, 0.694740710515, 0.501615995336, 0.398539543829, 0.305168533449, 0.728240144882, 0.395605135438, 0.407015267908, 5.99021409849e-06, 185.140451421, 67.8533443452
0.424646311571, 0.423031491929, 0.19532388812, 0.698199795874, 0.502758302324, 0.507903089357, 0.501615995336, 0.398539543829, 0.305168533449, 0.305082337881, 0.299230365824, 0.407015267908, 41.5204578769, 32.5244199429, 41.5314543372
0.00082894442407, 0.167135742584, 0.601201109145, 0.693195733802, 0.400254660373, 0.694740710515, 0.501615995336, 0.398539543829, 0.504948015356, 0.305082337881, 0.395605135438, 0.489686715147, 63.7661361282, 17.1364522953, 0.0859760979243
0.000109315618704, 0.000722863131892, 0.19532388812, 0.698199795874, 0.502758302324, 0.300732006812, 0.501615995336, 0.093649729114, 0.504948015356, 0.213781789915, 0.791867747887, 0.491675257072, 132.457309784, 0.150401465832, 0.0227446002716
0.197137727879, 1.02814964162e-05, 0.589073687133, 0.802095662907, 0.194043492376, 0.300732006812, 0.501615995336, 0.500323127576, 0.204496491142, 0.299934304046, 0.306275382556, 0.407015267908, 89.418734464, 0.0014441247946, 28.6100791109
