0.162512410786, 0.999809405899, 0.0411749623654, 0.7847998528, 0.947247334634, 0.283389569826, 0.19723438967, 0.701427287146, 0.537141902475, 0.230129440574, 0.402668177096, 0.702088404044, 0.297210644939, 0.239181601311, 0.326268086662, 0.377450561716, 0.925401058414, 0.00565382495904, 0.00180992277023, 0.0028321898971, 0.079194989282, 0.226063399526, 0.015519937929, 802.066500477, 209.313140188
0.735012333874, 0.763399510216, 0.496110131026, 0.540212103105, 0.335194513354, 0.265447045678, 0.039827094061, 0.595152615799, 0.681405700486, 0.449571413261, 0.493206081406, 0.689223569664, 0.796248835553, 0.305843633769, 0.30589168212, 0.219452019111, 0.69566004419, 22.8388413332, 1.4306706264, 10.1359529977, 14.5476045371, 32.8579678274, 43.2593735347, 157.929567769, 383.425173104
0.735012333874, 0.763399510216, 0.496110131026, 0.540212103105, 0.335194513354, 0.265447045678, 0.039827094061, 0.595152615799, 0.681405700486, 0.449571413261, 0.493206081406, 0.689223569664, 0.796248835553, 0.305843633769, 0.30589168212, 0.219452019111, 0.69566004419, 22.8388413332, 1.4306706264, 10.1359529977, 14.5476045371, 32.8579678274, 43.2593735347, 157.929567769, 383.425173104
0.297937299846, 0.976337204346, 0.200178537062, 0.250513360944, 0.327569471108, 0.195007891206, 0.656431799021, 0.286141483016, 0.421034556298, 0.628858797435, 0.213169942212, 0.696123941585, 0.580232348093, 0.368496474968, 0.584359682958, 0.273513125015, 0.610838736958, 8.48738785468, 14.1695258696, 5.22386570229, 9.79362351374, 8.26170917115, 7.0077085001, 609.302551278, 308.185389218
0.307928631614, 0.763399510216, 0.387958278078, 0.569936630847, 0.945526347793, 0.130895308283, 0.271830982327, 0.0147277697276, 0.83949877966, 0.403070347824, 0.310076986688, 0.689223569664, 0.595822992812, 0.0351570091704, 0.402371059433, 0.219452019111, 0.69566004419, 7.22044291905, 3.2851879482, 1.65441494183, 94.4706046676, 118.327454132, 105.842684392, 474.434146493, 267.488645296
0.99704864767, 0.74844709093, 0.200178537062, 0.733415821075, 0.444533318398, 0.359990819899, 0.399819339317, 0.286141483016, 0.379185491668, 0.700834664078, 0.508742910583, 0.776941511935, 0.118993964814, 0.47972543397, 0.297144064938, 0.176796090757, 0.513665509914, 0.187431765641, 0.13609589911, 0.14699259853, 0.23025950334, 0.804722503276, 0.286471377037, 2.22080686702, 519.029116731
0.0247128485586, 0.763399510216, 0.246029584479, 0.360315435995, 0.335194513354, 0.265447045678, 0.289858940866, 0.595152615799, 0.681405700486, 0.553553026414, 0.454690000407, 0.689223569664, 0.0129853039173, 0.305843633769, 0.30589168212, 0.219452019111, 0.69566004419, 130.39360684, 63.8433467649, 64.3071992012, 92.2967680574, 116.684602613, 88.5452294351, 602.727705917, 25.124212531
0.0376772732675, 0.133995613068, 0.200178537062, 0.943667443994, 0.349031104729, 0.359990819899, 0.666493786051, 0.286141483016, 0.379185491668, 0.881506613858, 0.508742910583, 0.506816912858, 0.118993964814, 0.381773333569, 0.297144064938, 0.176796090757, 0.513665509914, 14.5652889815, 25.2120065674, 18.4775473406, 21.0602867559, 455.454205878, 148.709082061, 102.723872585, 29.1325944162
0.450823586729, 0.0124089778205, 0.496336888064, 0.757335072541, 0.349031104729, 0.157103095556, 0.096501790495, 0.0937959360443, 0.506524926303, 0.589481701678, 0.72787644379, 0.792255972081, 0.38882063879, 0.242231384562, 0.201220972786, 0.683726612539, 0.409690643891, 81.7879527401, 12.4936383166, 20.8423289693, 52.1066475964, 249.450421011, 265.663509449, 7.36666907613, 323.652625768
0.776367672505, 0.161772485076, 0.200178537062, 0.733415821075, 0.444533318398, 0.598807425499, 0.399819339317, 0.113419978604, 0.31045930584, 0.969738286169, 0.508742910583, 0.776941511935, 0.496532494431, 0.47972543397, 0.207503646509, 0.491403729789, 0.513665509914, 22.5846421569, 16.3989127986, 38.2644251762, 39.7526839308, 138.929680906, 49.4572686094, 41.5325827109, 450.813955288
0.158039194366, 0.016307535688, 0.270975008016, 0.757335072541, 0.346595075727, 0.157103095556, 0.096501790495, 0.613655980241, 0.506524926303, 0.589481701678, 0.72787644379, 0.792255972081, 0.796248835553, 0.320181371607, 0.17304160328, 0.0740858279791, 0.36683191267, 186.582595554, 28.5016972172, 47.5475385578, 117.85051582, 567.747849144, 277.297910309, 17.206585806, 170.282732231
0.230271795574, 0.868585517752, 0.890198850151, 0.540212103105, 0.945526347793, 0.640457704195, 0.132944848724, 0.491740854173, 0.681405700486, 0.309236518905, 0.922828270663, 0.689223569664, 0.595822992812, 0.0351570091704, 0.519319156689, 0.219452019111, 0.69566004419, 0.545071686751, 0.115510961608, 0.879366887295, 12.1364828482, 13.8259709716, 105.774069366, 512.716517139, 198.197384161
0.230271795574, 0.763399510216, 0.496110131026, 0.540212103105, 0.945526347793, 0.981296270323, 0.132944848724, 0.595152615799, 0.681405700486, 0.309236518905, 0.454690000407, 0.689223569664, 0.595822992812, 0.0351570091704, 0.0320048907903, 0.219452019111, 0.69566004419, 0.291658657492, 0.0618079654603, 10.1447454758, 118.320638722, 134.791746239, 177.460959563, 647.867279382, 263.085931291
0.791110107952, 0.357582551706, 0.640697134221, 0.273754388512, 0.999865821695, 0.288102261526, 0.296358444741, 0.0915353490416, 0.0970534960736, 0.588261917631, 0.212782714591, 0.199472198386, 0.271487926585, 0.335778149861, 0.935574306616, 0.375836832816, 0.623121415439, 0.0175929174113, 0.00883764596482, 0.00957235092118, 103.866726247, 47.637022691, 180.496950727, 134.436978572, 741.441167507
0.0164662448054, 0.763399510216, 0.0358010538975, 0.360315435995, 0.335194513354, 0.265447045678, 0.289858940866, 0.595152615799, 0.681405700486, 0.553553026414, 0.454690000407, 0.689223569664, 0.0129853039173, 0.305843633769, 0.30589168212, 0.219452019111, 0.69566004419, 140.612466472, 68.8467070896, 69.3469113306, 99.5300039511, 125.829096767, 13.2096589025, 602.980362939, 16.742675967
0.732446280714, 0.778165859502, 0.602138539603, 0.620557546488, 0.0505584936821, 0.434115171746, 0.722358516797, 0.579965769592, 0.31045930584, 0.717753086187, 0.694879688657, 0.186413666331, 0.495504752943, 0.303358968248, 0.207503646509, 0.362295940177, 0.700154176767, 6.22570153095, 13.3585260471, 11.9646215074, 1.51076784566, 28.0741015571, 47.0229711416, 159.608011575, 379.981908186
0.735012333874, 0.763399510216, 0.496110131026, 0.540212103105, 0.335194513354, 0.265447045678, 0.289858940866, 0.595152615799, 0.681405700486, 0.449571413261, 0.493206081406, 0.689223569664, 0.796248835553, 0.305843633769, 0.30589168212, 0.219452019111, 0.69566004419, 20.5523407417, 10.0628416423, 10.1359529977, 14.5476045371, 32.8579678274, 43.2593735347, 157.929567769, 383.425173104
0.735012333874, 0.763399510216, 0.496110131026, 0.540212103105, 0.335194513354, 0.265447045678, 0.289858940866, 0.595152615799, 0.681405700486, 0.449571413261, 0.493206081406, 0.689223569664, 0.796248835553, 0.305843633769, 0.30589168212, 0.219452019111, 0.69566004419, 20.5523407417, 10.0628416423, 10.1359529977, 14.5476045371, 32.8579678274, 43.2593735347, 157.929567769, 383.425173104
0.735012333874, 0.763399510216, 0.496110131026, 0.540212103105, 0.335194513354, 0.265447045678, 0.289858940866, 0.595152615799, 0.681405700486, 0.449571413261, 0.493206081406, 0.689223569664, 0.796248835553, 0.305843633769, 0.30589168212, 0.219452019111, 0.69566004419, 20.5523407417, 10.0628416423, 10.1359529977, 14.5476045371, 32.8579678274, 43.2593735347, 157.929567769, 383.425173104
0.322038119975, 0.763399510216, 0.496110131026, 0.540212103105, 0.335194513354, 0.265447045678, 0.039827094061, 0.595152615799, 0.681405700486, 0.449571413261, 0.493206081406, 0.689223569664, 0.796248835553, 0.305843633769, 0.30589168212, 0.219452019111, 0.69566004419, 49.4118806087, 3.09525886846, 21.9291553399, 31.4737725984, 71.088281566, 93.5917443938, 341.680947531, 203.135993705
0.915437480633, 0.608962203096, 0.954795824384, 0.710233834023, 0.363623190991, 0.0820455196413, 0.575972372044, 0.39009713315, 0.908017955051, 0.503262470074, 0.278484475357, 0.180337683006, 0.496532494431, 0.180400052713, 0.312400726003, 0.409012227092, 0.782564586278, 0.49449629696, 0.629240006547, 0.103714097554, 0.518594731195, 1.9599011825, 30.678717932, 43.6103836342, 399.386128035
0.00933876246472, 0.74844709093, 0.246029584479, 0.360315435995, 0.334205589419, 0.802023365033, 0.573997264491, 0.430391695942, 0.624344141031, 0.521836001949, 0.510719431947, 0.506816912858, 0.236908877425, 0.467790385358, 0.297144064938, 0.362295940177, 0.733769564847, 49.3876479928, 62.4453768706, 247.706153872, 150.694320005, 191.023442474, 144.956696621, 922.109596588, 14.6570941665
0.64554387514, 0.999809405899, 0.496110131026, 0.229535361013, 0.335194513354, 0.265447045678, 0.0791205619589, 0.595152615799, 0.71364172479, 0.449571413261, 0.510719431947, 0.689223569664, 0.741595570578, 0.305843633769, 0.30589168212, 0.219452019111, 0.69566004419, 0.0485533801525, 0.00606558724935, 0.0216731637936, 0.0311063612873, 0.0233382753645, 0.0653495555326, 310.597670536, 498.975640644
0.99704864767, 0.609005354006, 0.200178537062, 0.106372995017, 0.444533318398, 0.414650938522, 0.00256064551124, 0.286141483016, 0.379185491668, 0.878467018763, 0.508742910583, 0.776941511935, 0.118993964814, 0.47972543397, 0.466273802467, 0.176796090757, 0.513665509914, 1.15078003804, 0.00462875291993, 0.877256591255, 1.21454645564, 0.318635313943, 0.62309703525, 2.8570516412, 754.082625029
0.99704864767, 0.609005354006, 0.200178537062, 0.733415821075, 0.282900695446, 0.359990819899, 0.399819339317, 0.286141483016, 0.192326101709, 0.628858797435, 0.508742910583, 0.776941511935, 0.118993964814, 0.47972543397, 0.297144064938, 0.176796090757, 0.513665509914, 0.373396614657, 0.271126656801, 0.292834773673, 0.260222126592, 1.360026941, 0.484152970756, 2.21995927028, 585.930156057
0.99704864767, 0.609005354006, 0.200178537062, 0.733415821075, 0.282900695446, 0.359990819899, 0.399819339317, 0.286141483016, 0.192326101709, 0.628858797435, 0.508742910583, 0.776941511935, 0.118993964814, 0.47972543397, 0.297144064938, 0.176796090757, 0.513665509914, 0.373396614657, 0.271126656801, 0.292834773673, 0.260222126592, 1.360026941, 0.484152970756, 2.21995927028, 585.930156057
0.019816186697, 0.016307535688, 0.270975008016, 0.757335072541, 0.346595075727, 0.157103095556, 0.096501790495, 0.613655980241, 0.774818750668, 0.589481701678, 0.72787644379, 0.792255972081, 0.38882063879, 0.320181371607, 0.17304160328, 0.0740858279791, 0.28963695653, 188.99794091, 28.870656829, 48.1630500214, 119.376112006, 575.097447466, 280.887581779, 17.4293281631, 21.1884986716
0.00933876246472, 0.733251178326, 0.246029584479, 0.360315435995, 0.334205589419, 0.66906953474, 0.573997264491, 0.430391695942, 0.624344141031, 0.521836001949, 0.510719431947, 0.506816912858, 0.107612857923, 0.467790385358, 0.297144064938, 0.374164400096, 0.733769564847, 66.5033482839, 84.0863417377, 187.316124209, 125.001358757, 158.45447833, 120.241984157, 716.275092948, 11.5031028737
0.791110107952, 0.901468163376, 0.640697134221, 0.273754388512, 0.999865821695, 0.288102261526, 0.296358444741, 0.0915353490416, 0.0970534960736, 0.588261917631, 0.212782714591, 0.199472198386, 0.271487926585, 0.335778149861, 0.935574306616, 0.375836832816, 0.623121415439, 0.00320439223824, 0.00160969800926, 0.00174351793261, 18.9183933293, 8.67665675883, 32.8759019562, 249.391296433, 741.441167507
0.735012333874, 0.972154595049, 0.783135554556, 0.540212103105, 0.335194513354, 0.366164831722, 0.179838661684, 0.595152615799, 0.681405700486, 0.546821169708, 0.399992678367, 0.689223569664, 0.38882063879, 0.305843633769, 0.30589168212, 0.219452019111, 0.69566004419, 1.14969282931, 0.333700707913, 0.776092343064, 0.829275616271, 1.87304455864, 7.04235127979, 170.713725653, 386.53674637
0.275976787972, 0.016307535688, 0.511104536404, 0.757335072541, 0.353665939338, 0.157103095556, 0.096501790495, 0.613655980241, 0.506524926303, 0.589481701678, 0.694879688657, 0.171481300297, 0.38882063879, 0.242231384562, 0.115257076896, 0.319636360288, 0.494958538454, 107.130169144, 16.3648256403, 27.3003804719, 69.3741483717, 328.211279755, 366.14489329, 13.0414668613, 235.680110221
0.99704864767, 0.609005354006, 0.542856671098, 0.733415821075, 0.349031104729, 0.995661699458, 0.399819339317, 0.286141483016, 0.379185491668, 0.881506613858, 0.508742910583, 0.776941511935, 0.118993964814, 0.47972543397, 0.297144064938, 0.176796090757, 0.513665509914, 0.00198338473627, 0.00144015358358, 0.359677748959, 0.219663637673, 0.946938647406, 1.18636062192, 2.23408787598, 589.659222735
0.230271795574, 0.763399510216, 0.496110131026, 0.540212103105, 0.314893026603, 0.130895308283, 0.289858940866, 0.595152615799, 0.681405700486, 0.309236518905, 0.508742910583, 0.689223569664, 0.496532494431, 0.305843633769, 0.0320048907903, 0.219452019111, 0.799026879984, 48.3496633312, 23.6729729074, 11.2274647449, 29.6603175696, 70.9185334472, 93.3682613922, 340.865064845, 138.418478419
0.230271795574, 0.763399510216, 0.496110131026, 0.540212103105, 0.314893026603, 0.130895308283, 0.289858940866, 0.595152615799, 0.681405700486, 0.309236518905, 0.508742910583, 0.689223569664, 0.496532494431, 0.305843633769, 0.0320048907903, 0.219452019111, 0.799026879984, 48.3496633312, 23.6729729074, 11.2274647449, 29.6603175696, 70.9185334472, 93.3682613922, 340.865064845, 138.418478419
0.251689903134, 0.0768661753774, 0.496110131026, 0.534742603527, 0.282900695446, 0.519452638983, 0.478244344223, 0.00525083810306, 0.711676905091, 0.50513779071, 0.697361923124, 0.689223569664, 0.486199991195, 0.218351434758, 0.758589835168, 0.00216544961501, 0.610838736958, 86.8487100753, 81.1068123523, 126.325256801, 82.5787750781, 214.288955544, 284.285847343, 49.0809477561, 170.055205693
0.0376772732675, 0.133995613068, 0.200178537062, 0.733415821075, 0.349031104729, 0.359990819899, 0.399819339317, 0.286141483016, 0.379185491668, 0.881506613858, 0.508742910583, 0.506816912858, 0.118993964814, 0.381773333569, 0.297144064938, 0.176796090757, 0.513665509914, 108.409291266, 78.7169662317, 85.0195449711, 96.9033370038, 417.736480391, 148.709082061, 102.723872585, 29.1325944162
0.735012333874, 0.763399510216, 0.496110131026, 0.540212103105, 0.335194513354, 0.265447045678, 0.179838661684, 0.595152615799, 0.681405700486, 0.449571413261, 0.399992678367, 0.689223569664, 0.796248835553, 0.305843633769, 0.30589168212, 0.219452019111, 0.69566004419, 21.5583720529, 6.25736182057, 9.94305922561, 14.2707541695, 32.2326593479, 42.4361195456, 154.924065469, 376.128342903
0.938770006341, 0.176807406972, 0.954795824384, 0.975751942046, 0.363623190991, 0.0820455196413, 0.514844071023, 0.630931873425, 0.908017955051, 0.503262470074, 0.532915135637, 0.790125645193, 0.496532494431, 0.180400052713, 0.312400726003, 0.409012227092, 0.782564586278, 0.0769586586241, 0.0806339126181, 0.0144453262521, 0.0722300078908, 3.50603208987, 49.3289425265, 14.0990381818, 533.016327572
0.0662428210865, 0.968774005377, 0.0411749623654, 0.7847998528, 0.943628692034, 0.283389569826, 0.19723438967, 0.701427287146, 0.537141902475, 0.230129440574, 0.402668177096, 0.702088404044, 0.297210644939, 0.239181601311, 0.326268086662, 0.765821051049, 0.925401058414, 1.10941196854, 0.355148947478, 0.555741536356, 14.537608002, 41.5181120844, 2.85034430089, 898.384864923, 93.9323386601
0.0247128485586, 0.763399510216, 0.0896346995683, 0.131441713687, 0.335194513354, 0.265447045678, 0.289858940866, 0.595152615799, 0.681405700486, 0.351533051918, 0.454690000407, 0.689223569664, 0.0129853039173, 0.305843633769, 0.30589168212, 0.219452019111, 0.69566004419, 162.608832177, 79.6165725552, 80.1950250176, 115.099735572, 47.9732335346, 33.1676813778, 606.391701604, 25.276943201
0.686002658463, 0.016307535688, 0.511104536404, 0.757335072541, 0.228224330547, 0.157103095556, 0.096501790495, 0.613655980241, 0.506524926303, 0.589481701678, 0.694879688657, 0.595314954401, 0.38882063879, 0.242231384562, 0.115257076896, 0.319636360288, 0.409690643891, 49.1197081655, 7.5033528469, 12.5173583903, 19.1995325245, 136.536011749, 152.316408776, 5.42525495747, 394.048338571
0.99704864767, 0.609005354006, 0.200178537062, 0.733415821075, 0.349031104729, 0.359990819899, 0.954211756981, 0.286141483016, 0.379185491668, 0.881506613858, 0.508742910583, 0.776941511935, 0.118993964814, 0.47972543397, 0.297144064938, 0.176796090757, 0.513665509914, 0.0315441661168, 0.437819814103, 0.2785602411, 0.317496605379, 1.36868263331, 0.487234291442, 2.23408787598, 589.659222735
0.00933876246472, 0.74844709093, 0.246029584479, 0.193639826437, 0.977364005983, 0.802023365033, 0.573997264491, 0.430391695942, 0.516495003428, 0.521836001949, 0.563903234622, 0.506816912858, 0.236908877425, 0.467790385358, 0.393457294237, 0.362295940177, 0.733769564847, 2.51874287412, 3.18467986241, 12.6328775574, 373.033100541, 117.172808186, 159.200603569, 1012.71902406, 16.0973469475
0.0247128485586, 0.763399510216, 0.010672177185, 0.360315435995, 0.335194513354, 0.265447045678, 0.536749085264, 0.595152615799, 0.681405700486, 0.553553026414, 0.454690000407, 0.689223569664, 0.0129853039173, 0.305843633769, 0.30589168212, 0.219452019111, 0.823446302185, 119.247146737, 133.874954354, 79.410723002, 113.974067806, 144.08975623, 4.50488152715, 689.491840964, 28.7409046917
0.0376772732675, 0.74844709093, 0.686427916766, 0.452212966427, 0.334205589419, 0.609923364274, 0.573997264491, 0.126903701153, 0.21356574806, 0.521836001949, 0.35041033125, 0.632290164555, 0.468353845253, 0.467790385358, 0.885686859636, 0.867189285818, 0.888124763715, 48.3616938048, 61.1481679828, 110.89921619, 78.5136053303, 134.741103114, 385.017361558, 1047.68036213, 67.2605787689
0.297937299846, 0.976337204346, 0.200178537062, 0.250513360944, 0.327569471108, 0.179300875111, 0.882427602625, 0.286141483016, 0.421034556298, 0.628858797435, 0.213169942212, 0.696123941585, 0.580232348093, 0.368496474968, 0.584359682958, 0.273513125015, 0.610838736958, 3.0558286095, 16.3578601989, 4.81480114475, 9.79362351374, 8.26170917115, 7.0077085001, 609.302551278, 308.185389218
0.0376772732675, 0.74844709093, 0.101118829135, 0.403237169098, 0.334205589419, 0.802023365033, 0.573997264491, 0.430391695942, 0.624344141031, 0.898956199077, 0.510719431947, 0.689223569664, 0.236908877425, 0.467790385358, 0.466273802467, 0.572247856744, 0.513665509914, 46.1757659704, 58.3842969953, 231.596803158, 140.894048136, 206.43869367, 55.8695167888, 846.910049866, 54.3712206299
0.230271795574, 0.143499425074, 0.217132063356, 0.540212103105, 0.314893026603, 0.472194631969, 0.289858940866, 0.595152615799, 0.681405700486, 0.310941154998, 0.508742910583, 0.603887827945, 0.496532494431, 0.305843633769, 0.0256812803788, 0.207858980663, 0.69566004419, 93.76225071, 45.9078940341, 95.6546080502, 76.3689509877, 182.600000564, 86.3782617936, 59.2144276604, 100.240356593
0.230271795574, 0.763399510216, 0.681098003528, 0.540212103105, 0.945526347793, 0.434115171746, 0.132944848724, 0.698633446712, 0.681405700486, 0.309236518905, 0.922828270663, 0.689223569664, 0.595822992812, 0.0351570091704, 0.519319156689, 0.219452019111, 0.69566004419, 3.85809783123, 0.817603631403, 3.20163687849, 59.2208093352, 67.4647837454, 164.222012442, 480.355333399, 195.062683762
0.99704864767, 0.609005354006, 0.200178537062, 0.106372995017, 0.444533318398, 0.359990819899, 0.00845480671798, 0.286141483016, 0.379185491668, 0.878467018763, 0.508742910583, 0.776941511935, 0.118993964814, 0.47972543397, 0.466273802467, 0.176796090757, 0.513665509914, 1.221671105, 0.0162256983363, 0.775339723053, 1.21454645564, 0.318635313943, 0.62309703525, 2.8570516412, 754.082625029
0.715804626001, 0.63428863977, 0.540003952461, 0.288728498211, 0.352896316442, 0.601725351266, 0.722358516797, 0.693702436154, 0.31045930584, 0.402799391608, 0.694879688657, 0.595314954401, 0.189126710299, 0.303358968248, 0.207503646509, 0.309966227415, 0.700154176767, 4.04123363935, 8.6712998632, 13.2428504461, 10.1138218056, 9.36539994473, 24.245629875, 49.9362424098, 124.277946282
0.162512410786, 0.999809405899, 0.0411749623654, 0.7847998528, 0.947247334634, 0.283389569826, 0.0413999956433, 0.701427287146, 0.537141902475, 0.230129440574, 0.835023323368, 0.702088404044, 0.47179972914, 0.239181601311, 0.326268086662, 0.760962181173, 0.925401058414, 0.00863976327066, 0.000562645480187, 0.00413062374335, 0.115502390365, 0.329703473112, 0.0226351432757, 1169.77852863, 305.273960458
0.0247128485586, 0.763399510216, 0.0896346995683, 0.360315435995, 0.335194513354, 0.265447045678, 0.289858940866, 0.595152615799, 0.681405700486, 0.351533051918, 0.454690000407, 0.689223569664, 0.0129853039173, 0.305843633769, 0.30589168212, 0.219452019111, 0.69566004419, 140.230332953, 68.659606791, 69.1584516589, 99.2595176164, 125.487139067, 33.1676813778, 606.391701604, 25.276943201
0.866859567301, 0.373003986034, 0.28785388447, 0.62477441951, 0.363623190991, 0.276382626815, 0.575972372044, 0.780621407071, 0.423833874649, 0.503262470074, 0.49714219505, 0.606554624484, 0.711888428456, 0.482601541475, 0.312400726003, 0.409012227092, 0.782564586278, 15.3757399999, 19.5654260662, 11.5373305735, 17.6265027297, 48.7579717674, 28.4898117624, 43.2752219214, 368.738203932
0.715804626001, 0.63428863977, 0.540003952461, 0.360106656896, 0.58549916119, 0.434115171746, 0.190975835558, 0.579965769592, 0.31045930584, 0.717753086187, 0.402668177096, 0.702088404044, 0.306032047135, 0.0827819674998, 0.780484634335, 0.675524159692, 0.700154176767, 24.8805430993, 7.69602155523, 21.1427190351, 44.0263622912, 35.1390887707, 74.3662928441, 153.164642276, 381.185813481
0.0376772732675, 0.74844709093, 0.526756503641, 0.540212103105, 0.334205589419, 0.256102194406, 0.678705127672, 0.430391695942, 0.624344141031, 0.521836001949, 0.510719431947, 0.506816912858, 0.266738975122, 0.467790385358, 0.45354006287, 0.362295940177, 0.733769564847, 77.5303022434, 140.350133146, 68.2230899257, 100.922588197, 228.560048418, 331.357061227, 1079.17375279, 69.2824394048
0.223682137906, 0.611687449252, 0.496110131026, 0.0699334006976, 0.998721964069, 0.981296270323, 0.0191128540048, 0.595152615799, 0.681405700486, 0.309236518905, 0.454690000407, 0.595314954401, 0.595822992812, 0.0351570091704, 0.207503646509, 0.219452019111, 0.69566004419, 0.0129570620106, 0.000389119026849, 0.441092034654, 219.81288837, 24.2443421564, 218.460192714, 444.802803329, 198.922636801
0.0376772732675, 0.74844709093, 0.496110131026, 0.540212103105, 0.334205589419, 0.802023365033, 0.573997264491, 0.820544017896, 0.624344141031, 0.521836001949, 0.510719431947, 0.506816912858, 0.236908877425, 0.542203155603, 0.466273802467, 0.362295940177, 0.733769564847, 33.8149587557, 42.7553837686, 169.600572555, 103.178070283, 233.668053512, 307.637211866, 1049.56746123, 67.3817296292
0.230271795574, 0.763399510216, 0.496110131026, 0.569936630847, 0.945526347793, 0.130895308283, 0.271830982327, 0.595152615799, 0.681405700486, 0.403070347824, 0.454690000407, 0.689223569664, 0.595822992812, 0.0351570091704, 0.289292287892, 0.219452019111, 0.69566004419, 6.76519443727, 3.0780570502, 1.55010418154, 88.5142388559, 110.866915429, 140.344385138, 512.36359366, 208.060597421
0.492129381089, 0.016307535688, 0.511104536404, 0.757335072541, 0.346595075727, 0.157103095556, 0.096501790495, 0.0179589944003, 0.506524926303, 0.589481701678, 0.72787644379, 0.792255972081, 0.38882063879, 0.242231384562, 0.201220972786, 0.413869378963, 0.409690643891, 81.7508240599, 12.4879666707, 20.8328673293, 51.6359886386, 248.757684971, 277.50830528, 9.8843802914, 376.486273716
0.0376772732675, 0.016307535688, 0.511104536404, 0.757335072541, 0.346595075727, 0.157103095556, 0.096501790495, 0.0179589944003, 0.506524926303, 0.589481701678, 0.72787644379, 0.792255972081, 0.572873056787, 0.242231384562, 0.201220972786, 0.413869378963, 0.409690643891, 132.819341563, 20.2890127377, 33.8468480699, 83.8922187122, 404.152891503, 450.863594458, 16.0590048744, 37.150505814
0.735012333874, 0.763399510216, 0.496110131026, 0.0438849503171, 0.335194513354, 0.265447045678, 0.289858940866, 0.595152615799, 0.681405700486, 0.449571413261, 0.493206081406, 0.689223569664, 0.796248835553, 0.10678010821, 0.30589168212, 0.219452019111, 0.69566004419, 32.0492524996, 15.6919621328, 15.8059717396, 22.6854866282, 3.11681136213, 44.7004262444, 163.190504602, 396.197801081
0.0376772732675, 0.133995613068, 0.200178537062, 0.943667443994, 0.349031104729, 0.359990819899, 0.399819339317, 0.286141483016, 0.379185491668, 0.881506613858, 0.508742910583, 0.506816912858, 0.118993964814, 0.381773333569, 0.297144064938, 0.176796090757, 0.513665509914, 23.5609095791, 17.1077893977, 18.4775473406, 21.0602867559, 455.454205878, 148.709082061, 102.723872585, 29.1325944162
0.297937299846, 0.976337204346, 0.200178537062, 0.250513360944, 0.327569471108, 0.195007891206, 0.882427602625, 0.286141483016, 0.421034556298, 0.628858797435, 0.213169942212, 0.696123941585, 0.580232348093, 0.368496474968, 0.584359682958, 0.273513125015, 0.610838736958, 3.03308626183, 16.2361203399, 5.22386570229, 9.79362351374, 8.26170917115, 7.0077085001, 609.302551278, 308.185389218
0.715804626001, 0.63428863977, 0.540003952461, 0.360106656896, 0.661730596741, 0.434115171746, 0.190975835558, 0.579965769592, 0.31045930584, 0.717753086187, 0.402668177096, 0.702088404044, 0.306032047135, 0.0827819674998, 0.780484634335, 0.675524159692, 0.700154176767, 20.801549264, 6.43431177845, 17.6765157347, 47.7183537973, 35.1390887707, 74.3662928441, 153.164642276, 381.185813481
0.99704864767, 0.999809405899, 0.246029584479, 0.360315435995, 0.349031104729, 0.802023365033, 0.235092373619, 0.430391695942, 0.798029211495, 0.873124761166, 0.510719431947, 0.776941511935, 0.236908877425, 0.420826644443, 0.466273802467, 0.163657876218, 0.733769564847, 0.000296983605401, 0.000114943836589, 0.000990796817946, 0.000635574881222, 0.000774730897522, 0.000587898690446, 5.20991713457, 1123.79420556
0.23645242952, 0.726028898439, 0.956851024138, 0.225926467161, 0.417306576875, 0.261941012431, 0.575403997935, 0.780831099441, 0.404218450719, 0.56158604838, 0.576225087262, 0.790125645193, 0.798887148823, 0.482601541475, 0.741240317178, 0.488329903911, 0.799026879984, 7.34099176968, 9.32416805992, 5.17840778071, 9.95590938635, 6.05257407208, 256.597041064, 560.262773914, 240.114088603
0.938770006341, 0.130063829855, 0.954795824384, 0.975751942046, 0.363623190991, 0.0820455196413, 0.514844071023, 0.630931873425, 0.908017955051, 0.503262470074, 0.532915135637, 0.180337683006, 0.496532494431, 0.180400052713, 0.312400726003, 0.409012227092, 0.782564586278, 0.0857144176263, 0.0898078135009, 0.0160888033817, 0.0804477777055, 3.9049212153, 54.9412068294, 11.4122798103, 583.035917258
0.230271795574, 0.763399510216, 0.496110131026, 0.20338517211, 0.213495637567, 0.995661699458, 0.289858940866, 0.595152615799, 0.450033870859, 0.553553026414, 0.889843982774, 0.689223569664, 0.496532494431, 0.305843633769, 0.30589168212, 0.219452019111, 0.69566004419, 0.755274469511, 0.369797653645, 123.401877719, 43.0093583764, 43.2316945044, 135.978032087, 496.423088893, 201.587477578
0.230271795574, 0.763399510216, 0.496110131026, 0.540212103105, 0.945526347793, 0.130895308283, 0.271830982327, 0.595152615799, 0.681405700486, 0.403070347824, 0.454690000407, 0.689223569664, 0.595822992812, 0.0351570091704, 0.289292287892, 0.219452019111, 0.69566004419, 7.15187418884, 3.25399025456, 1.63870383753, 93.5734672653, 106.599585589, 140.344385138, 512.36359366, 208.060597421
0.230271795574, 0.763399510216, 0.496110131026, 0.540212103105, 0.945526347793, 0.130895308283, 0.271830982327, 0.595152615799, 0.681405700486, 0.403070347824, 0.454690000407, 0.689223569664, 0.595822992812, 0.0351570091704, 0.289292287892, 0.219452019111, 0.69566004419, 7.15187418884, 3.25399025456, 1.63870383753, 93.5734672653, 106.599585589, 140.344385138, 512.36359366, 208.060597421
0.254232422835, 0.63428863977, 0.602138539603, 0.879736802679, 0.349031104729, 0.434115171746, 0.722358516797, 0.579965769592, 0.31045930584, 0.717753086187, 0.694879688657, 0.106090975038, 0.264464171129, 0.303358968248, 0.207503646509, 0.207803385776, 0.700154176767, 6.23028941793, 13.3683703044, 11.9734385589, 11.6017574591, 116.427852295, 164.309597679, 313.010872035, 157.355806737
0.99704864767, 0.609005354006, 0.826775839396, 0.733415821075, 0.444533318398, 0.288102261526, 0.399819339317, 0.286141483016, 0.379185491668, 0.700834664078, 0.508742910583, 0.776941511935, 0.118993964814, 0.47972543397, 0.297144064938, 0.069498823108, 0.513665509914, 0.0931292037516, 0.0676219565807, 0.0559573584799, 0.107412265621, 0.375389792904, 1.4726232402, 2.16815690134, 572.257576329
0.99704864767, 0.609005354006, 0.200178537062, 0.733415821075, 0.444533318398, 0.359990819899, 0.399819339317, 0.286141483016, 0.379185491668, 0.700834664078, 0.508742910583, 0.776941511935, 0.118993964814, 0.47972543397, 0.297144064938, 0.176796090757, 0.513665509914, 0.280601787369, 0.203747493993, 0.220060808457, 0.344718665883, 1.20474014628, 0.428872769521, 1.96648608596, 519.029116731
0.128628389911, 0.016307535688, 0.0476476477179, 0.757335072541, 0.346595075727, 0.157103095556, 0.096501790495, 0.613655980241, 0.506524926303, 0.589481701678, 0.72787644379, 0.792255972081, 0.796248835553, 0.320181371607, 0.17304160328, 0.0740858279791, 0.36683191267, 206.461946677, 31.538396567, 52.6134677311, 130.406841222, 628.238265248, 50.750854771, 17.3896476177, 139.076442422
0.0376772732675, 0.74844709093, 0.246029584479, 0.452212966427, 0.334205589419, 0.609923364274, 0.573997264491, 0.430391695942, 0.21356574806, 0.521836001949, 0.510719431947, 0.632290164555, 0.741595570578, 0.467790385358, 0.885686859636, 0.572247856744, 0.888124763715, 81.081180042, 102.518444401, 185.92895755, 131.632605657, 225.901261539, 140.970356525, 896.751385873, 57.5710105921
0.0376772732675, 0.74844709093, 0.526756503641, 0.540212103105, 0.492380454362, 0.256102194406, 0.678705127672, 0.19748254626, 0.624344141031, 0.521836001949, 0.510719431947, 0.568493905681, 0.266738975122, 0.518500421684, 0.45354006287, 0.456772202776, 0.733769564847, 60.9370083565, 110.311929515, 53.6217566631, 133.7176175, 217.257745123, 314.971441645, 1025.80856869, 65.8564200781
0.240549698033, 0.0568956735262, 0.496110131026, 0.620557546488, 0.498472384838, 0.081138125477, 0.533216858937, 0.595152615799, 0.63402772472, 0.309973166309, 0.0181893209207, 0.129715282518, 0.315959007934, 0.117112624107, 0.289292287892, 0.307213095366, 0.79312019357, 101.555127968, 112.746906186, 19.4450057229, 152.249328749, 318.185606304, 379.810606328, 48.4294508593, 215.377109468
0.64554387514, 0.999809405899, 0.496110131026, 0.229535361013, 0.335194513354, 0.265447045678, 0.179838661684, 0.595152615799, 0.71364172479, 0.449571413261, 0.399992678367, 0.689223569664, 0.796248835553, 0.305843633769, 0.30589168212, 0.219452019111, 0.69566004419, 0.0308793425598, 0.00896279267765, 0.014242036976, 0.0204408526536, 0.0153362279667, 0.0429430052357, 204.102342905, 327.890731223
0.735012333874, 0.763399510216, 0.783135554556, 0.540212103105, 0.335194513354, 0.265447045678, 0.179838661684, 0.595152615799, 0.681405700486, 0.546821169708, 0.399992678367, 0.689223569664, 0.38882063879, 0.305843633769, 0.30589168212, 0.219452019111, 0.69566004419, 10.4045736791, 3.01994890611, 4.79875252427, 6.88739914348, 15.5562339417, 58.4889790811, 159.211198334, 386.53674637
0.735012333874, 0.763399510216, 0.783135554556, 0.540212103105, 0.335194513354, 0.265447045678, 0.179838661684, 0.595152615799, 0.681405700486, 0.546821169708, 0.399992678367, 0.689223569664, 0.38882063879, 0.305843633769, 0.30589168212, 0.219452019111, 0.69566004419, 10.4045736791, 3.01994890611, 4.79875252427, 6.88739914348, 15.5562339417, 58.4889790811, 159.211198334, 386.53674637
0.162512410786, 0.999809405899, 0.0411749623654, 0.7847998528, 0.947247334634, 0.283389569826, 0.19723438967, 0.701427287146, 0.537141902475, 0.230129440574, 0.402668177096, 0.702088404044, 0.297210644939, 0.239181601311, 0.326268086662, 0.760962181173, 0.925401058414, 0.00632120716189, 0.00202356756011, 0.00316650394929, 0.088543231717, 0.252748111319, 0.0173519243166, 896.743097613, 234.020637431
0.99704864767, 0.74844709093, 0.246029584479, 0.360315435995, 0.334205589419, 0.802023365033, 0.573997264491, 0.430391695942, 0.798029211495, 0.873124761166, 0.510719431947, 0.776941511935, 0.236908877425, 0.467790385358, 0.466273802467, 0.362295940177, 0.733769564847, 0.272657782481, 0.344746483699, 1.36752838749, 0.831948489045, 1.05459624711, 0.800272397304, 5.09075382262, 1189.77003326
0.99704864767, 0.609005354006, 0.200178537062, 0.733415821075, 0.349031104729, 0.359990819899, 0.399819339317, 0.286141483016, 0.379185491668, 0.881506613858, 0.508742910583, 0.776941511935, 0.118993964814, 0.47972543397, 0.297144064938, 0.176796090757, 0.513665509914, 0.35519501219, 0.257910308737, 0.2785602411, 0.317496605379, 1.36868263331, 0.487234291442, 2.23408787598, 589.659222735
0.019816186697, 0.016307535688, 0.270975008016, 0.757335072541, 0.346595075727, 0.157103095556, 0.096501790495, 0.613655980241, 0.506524926303, 0.589481701678, 0.72787644379, 0.792255972081, 0.38882063879, 0.320181371607, 0.17304160328, 0.0740858279791, 0.36683191267, 196.100741215, 29.9556554757, 49.9730831081, 123.862429056, 596.710393646, 291.443720073, 18.0843460792, 21.9847913406
0.99704864767, 0.609005354006, 0.542856671098, 0.733415821075, 0.349031104729, 0.995661699458, 0.399819339317, 0.286141483016, 0.379185491668, 0.881506613858, 0.508742910583, 0.776941511935, 0.118993964814, 0.430605367797, 0.297144064938, 0.176796090757, 0.888124763715, 0.00222271862621, 0.00161393608425, 0.40307985507, 0.246170321889, 1.06120518676, 1.32951807258, 2.50367396891, 660.813060382
0.00933876246472, 0.74844709093, 0.246029584479, 0.193639826437, 0.977364005983, 0.802023365033, 0.573997264491, 0.430391695942, 0.516495003428, 0.521836001949, 0.934298855255, 0.74408723381, 0.236908877425, 0.467790385358, 0.393457294237, 0.362295940177, 0.733769564847, 2.97663765951, 3.76363864265, 14.9294711547, 440.848641885, 138.474235343, 188.142472528, 1196.82624872, 19.0237636539
0.143355616864, 0.0768661753774, 0.270975008016, 0.540212103105, 0.282900695446, 0.519452638983, 0.536497728482, 0.00525083810306, 0.711676905091, 0.628858797435, 0.544653463425, 0.403861074677, 0.59900496637, 0.218351434758, 0.758589835168, 0.207803385776, 0.610838736958, 165.501242703, 185.65530812, 264.397376172, 172.836470006, 456.332409644, 275.723434064, 81.0198373126, 154.083190796
0.251689903134, 0.0768661753774, 0.530828622034, 0.534742603527, 0.072969641497, 0.519452638983, 0.536497728482, 0.571567715289, 0.509218903753, 0.628858797435, 0.29313194323, 0.322871371418, 0.807132506504, 0.576433539015, 0.758589835168, 0.219452019111, 0.610838736958, 143.101154024, 160.527428125, 228.611997306, 36.1335782077, 352.449283716, 521.539511918, 85.4537577139, 296.079375188
0.143355616864, 0.0768661753774, 0.270975008016, 0.842571168908, 0.282900695446, 0.402222955696, 0.536497728482, 0.00525083810306, 0.711676905091, 0.628858797435, 0.544653463425, 0.403861074677, 0.909240421648, 0.218351434758, 0.758589835168, 0.207803385776, 0.610838736958, 75.5161887928, 84.7122418501, 83.058708396, 66.9611668523, 616.982281106, 288.492585299, 84.7719832236, 161.219006338
0.416858312385, 0.999809405899, 0.438011699746, 0.229535361013, 0.349031104729, 0.399043808584, 0.213857921871, 0.59901539619, 0.614202363103, 0.823315307673, 0.382245508482, 0.595314954401, 0.438501311032, 0.917141796779, 0.546650170345, 0.689279736937, 0.729062649757, 0.089894825758, 0.0313877725958, 0.06896091215, 0.0717989453395, 0.0519391342926, 0.121021041872, 636.57263368, 488.76391628
0.240549698033, 0.460951679087, 0.387958278078, 0.389060135531, 0.615193410858, 0.519452638983, 0.0412733742267, 0.266664562982, 0.0971134874828, 0.309973166309, 0.544653463425, 0.783147810383, 0.315959007934, 0.119437145287, 0.298622212715, 0.523097366665, 0.79312019357, 125.507112944, 8.14830476712, 133.702321666, 265.763644373, 226.292265334, 275.287497062, 425.297200593, 254.836566404
