0.112650232672, 0.375227039947, 2.67850996827e-06, 8.03739660479e-05, 0.567954107702, 3.22934246809e-05, 0.999888870926, 0.995991991789, 0.947644593229, 0.599281111191, 0.547671942297, 0.98916134094, 0.00350946406719, 0.321915917011, 0.283588193324, 0.833525341711, 0.156632487902, 0.0918088058972, 525.940680238, 0.0266790740006, 652.174982764, 0.105775983829, 0.00352504724819, 560.247111675, 180.230020754
0.00039534546142, 0.680354328469, 0.134661479808, 0.0323627206156, 0.999806164964, 0.00783889721985, 0.359391147116, 0.000448764015661, 0.97218668195, 0.657797442175, 0.833417354768, 0.679701215102, 0.295908221472, 0.992583883137, 0.920643086035, 0.254785368365, 0.926606656072, 0.127536897074, 0.0807663814282, 0.00185890920489, 495.840657285, 25.2279165625, 106.613581297, 924.903862808, 0.655245976479
0.671506617022, 0.970735586296, 0.0837332957147, 4.62587889449e-06, 0.000143692040474, 0.00783889721985, 0.00472770834304, 0.0933386434536, 0.684775525734, 0.612118059358, 0.558474170277, 0.949338942428, 0.0602242908936, 0.643013678325, 0.154868451517, 0.776040516571, 0.347536868179, 31.6642367009, 0.235151395746, 0.38992205073, 0.00714770334696, 0.000230106067316, 4.18934888062, 694.40944441, 1225.44635808
0.42819056145, 0.725968329647, 0.151654634494, 1.07541221711e-05, 0.329052141516, 0.99882042539, 0.988592933789, 0.272504548669, 0.529396973966, 0.161821402952, 0.0203261946945, 0.787981349176, 0.915886708643, 0.860564920512, 0.154868451517, 0.936438263617, 0.677023288972, 0.0119122927387, 0.664744933943, 358.821921607, 203.961299203, 0.00697221527062, 100.225256972, 925.017210979, 810.727087443
0.42135635863, 0.234912078274, 0.00165038113375, 6.42570414322e-07, 0.437820013231, 0.43349447441, 0.777896085344, 0.953723423703, 0.971597565769, 0.657797442175, 0.43572474569, 0.996196909997, 0.990512422623, 0.969116560211, 0.999395892107, 0.596746543017, 0.927271101116, 166.594760496, 457.98013912, 394.843895094, 515.271647306, 0.00081931781418, 2.10434477236, 313.906973649, 678.060369988
0.00130128217186, 0.0883029375599, 0.29135456254, 0.00840779957626, 0.405203431746, 0.762404071514, 0.625977117722, 0.654585631641, 0.0411555365103, 0.53590098877, 0.0372969688037, 0.0815515714919, 0.368175282333, 0.61837654809, 0.312160710348, 0.530875169435, 0.0943241722277, 177.874602193, 267.094701881, 819.537829084, 650.505690264, 14.454923609, 539.093706782, 170.32689125, 2.51810384864
0.000253395135482, 0.00539007729903, 0.413859071144, 0.0118445016943, 0.000980626439277, 0.44735960982, 0.013079309396, 0.56544780834, 0.183710969903, 0.821750046656, 0.709974643353, 0.996196909997, 0.640658674722, 0.765625844744, 0.240892171632, 0.544135832628, 0.667646511895, 750.682975681, 15.4249003703, 635.912408206, 1.51563481068, 18.3087230247, 748.266704123, 10.4674780761, 0.492096812008
4.65609828515e-05, 0.00013377688286, 0.134661479808, 0.00662023289377, 0.147907595023, 0.14530583114, 0.641554302933, 0.685664344668, 0.0687539803074, 0.425916824481, 0.961209443494, 0.696471057665, 0.548040390701, 0.386045268563, 0.016996224186, 0.0656067494065, 0.125212652993, 549.616385883, 870.748662939, 239.192868041, 250.119297664, 11.2969132915, 233.283196199, 0.233488026147, 0.0812654013787
7.76274811429e-06, 0.00346671608921, 0.00980733454477, 4.96955617193e-05, 0.329052141516, 3.95897405336e-05, 0.988592933789, 0.0933386434536, 0.521331834521, 0.458069413907, 0.0203261946945, 0.448771592251, 0.924234344937, 0.862220514578, 0.239100098779, 0.955845506227, 0.00269079128688, 20.3679525408, 1136.5984335, 0.0706934712783, 646.167085009, 0.1020729082, 20.1455084657, 7.12142640195, 0.0159465359063
0.0920541128759, 0.0312634138145, 2.58637503961e-05, 0.262941338525, 0.136102793668, 0.281949368762, 0.946767845136, 0.932511957541, 0.93992211917, 0.967346078375, 0.363636896507, 0.0887089723159, 0.829459309388, 0.0361778425902, 1.83406040751e-05, 0.898864743655, 0.65298433613, 87.3176829597, 1041.82424576, 495.879967018, 251.218834723, 518.902571926, 0.0525215176452, 63.5376990148, 188.475345413
4.39640733302e-05, 0.000106597692798, 0.000572852311211, 0.39061584925, 0.246461933379, 0.674938661201, 0.832240484284, 0.896761548703, 0.103536273684, 0.591529977806, 0.435511329476, 0.927910033118, 0.0437780863026, 0.00843728114479, 0.000207751946889, 0.936438263617, 0.65298433613, 97.4850075105, 361.336711839, 668.131146658, 312.234498525, 582.433319807, 0.910206433792, 0.169373358391, 0.0698546338078
2.5688302491e-05, 0.00539007729903, 0.000906602008164, 0.39061584925, 0.000980626439277, 0.00114257206214, 0.370803704962, 0.776182285514, 0.93992211917, 0.60583123758, 0.190857980478, 0.72350276812, 0.415041293314, 0.012142921645, 0.656854492554, 0.00945177732794, 0.919805911313, 576.171202349, 379.515855408, 1.23825459166, 1.06274855095, 485.89114078, 1.20172986157, 7.14489242285, 0.0340518958473
4.41191584298e-05, 0.174007379572, 0.09784736025, 0.0118445016943, 0.525653635553, 0.44735960982, 0.013079309396, 0.56544780834, 0.183710969903, 0.821750046656, 0.709974643353, 0.996196909997, 0.640658674722, 0.765625844744, 0.240892171632, 0.544135832628, 0.667646511895, 608.447921437, 12.5022797542, 515.423415108, 864.523421058, 21.8859269596, 182.247298617, 333.732713694, 0.0856800101013
0.272866202674, 0.215695390669, 0.00151115557246, 4.62587889449e-06, 0.000143692040474, 0.88310081949, 0.00716796465306, 0.63328420114, 0.338042443066, 0.791191333663, 0.558474170277, 0.72350276812, 0.0795728624742, 0.805239172351, 0.97509426431, 0.953787965172, 0.025899626222, 188.831241914, 2.12621870536, 1016.83403375, 0.233435001676, 0.00751497475512, 2.4549534405, 364.463126701, 501.073253066
0.117713833958, 0.00323973181946, 0.151654634494, 0.731463700602, 0.329052141516, 0.000349732359116, 0.727240103243, 0.93658873542, 0.473702899408, 0.161821402952, 0.0203261946945, 0.645141418182, 0.992394072169, 0.534624212096, 0.0722706171377, 0.750531786136, 0.0476342166316, 215.381159816, 471.555002921, 0.284795112371, 294.676101525, 1328.82082994, 353.677642925, 7.62746268926, 280.343014142
6.22833696937e-05, 0.99999748102, 0.00151115557246, 4.62587889449e-06, 0.000143692040474, 3.95897405336e-05, 0.000305087526421, 0.63328420114, 0.997976988791, 0.612118059358, 0.558474170277, 0.547550772048, 0.557715360625, 0.643013678325, 0.97509426431, 0.833525341711, 0.469919621845, 0.00549803840304, 2.63482715707e-06, 3.419088576e-07, 1.24096752362e-06, 3.99504767707e-08, 1.30508170145e-05, 1389.51886364, 0.135942867491
4.65609828515e-05, 0.473374831441, 0.00750606198449, 0.429468957723, 0.999965264126, 0.946847998714, 0.459679099703, 0.548298132074, 0.583391688326, 0.800736403621, 0.0203261946945, 0.0544174631954, 0.795526883168, 0.750037424335, 0.428807334399, 0.681692028594, 0.929583176171, 0.00220358176064, 0.00194074543184, 0.0350881468871, 645.32392423, 516.118734651, 9.74329266014, 760.001766136, 0.0821139110831
0.290451659497, 0.354351137973, 0.696024781201, 0.429980921376, 0.327648575725, 0.998530195493, 0.0098197449269, 0.670167204096, 0.0958003013762, 0.557692417294, 0.758815114789, 0.719092537349, 0.930381322458, 0.91259943565, 0.999395892107, 0.842352348005, 0.189777171491, 0.580161444975, 0.00894959521995, 251.316097676, 142.120862142, 231.293047353, 714.974163336, 500.911638418, 465.319770247
0.117713833958, 0.00323973181946, 0.151654634494, 1.91628613311e-07, 0.329052141516, 0.999870064437, 0.727240103243, 0.93658873542, 0.473702899408, 0.161821402952, 0.00174415435816, 0.829822244211, 0.557715360625, 0.750037424335, 0.0722706171377, 0.936438263617, 0.0476342166316, 0.111308068945, 0.243697623419, 1312.64659528, 746.13237054, 0.000454489957046, 366.64459804, 7.90710989995, 290.621286896
0.000582520493197, 0.17408361204, 0.517413539314, 1.42194001584e-05, 0.300305070708, 0.734595327683, 0.0730785067419, 0.393135849465, 0.346431847611, 0.0824047403276, 0.195810928739, 0.715316354386, 0.979842107629, 0.83078831178, 0.307292334252, 0.486467022189, 0.0011182898635, 155.766410554, 17.959606547, 354.062112608, 197.536430798, 0.00970942212311, 459.158586636, 177.342582916, 0.600886447044
0.000492043601799, 2.5184263206e-06, 0.0837332957147, 1.07541221711e-05, 0.000182107984603, 0.99882042539, 0.0579284281346, 0.670167204096, 0.949615573897, 0.657797442175, 0.882758664602, 0.808408167372, 0.915886708643, 0.358471030105, 0.062564017195, 0.167182723387, 0.391357846616, 2.28716003757, 0.208693599529, 1239.51332754, 0.354569049525, 0.0209385598186, 163.977612507, 0.00494616423819, 0.966368931093
0.000449974504129, 0.330929805359, 0.203418731026, 0.00671217716349, 0.0842173760657, 0.00754930186657, 0.342476311951, 0.346834089145, 0.648886416288, 0.766723387254, 0.710358656059, 0.272619492403, 0.0437780863026, 0.102631138189, 0.999838060478, 0.0920838863143, 0.236923480235, 816.539198414, 487.196869503, 11.2759866459, 126.532898499, 10.1145997415, 317.414803329, 578.330742549, 0.822936902737
0.000492043601799, 6.57618101596e-05, 0.00718979437087, 0.022305657035, 0.464788400351, 0.599377373696, 0.565901919657, 0.56544780834, 0.695582605454, 0.848127585097, 0.547671942297, 0.907889230711, 0.0694174850597, 0.358471030105, 0.115643613996, 0.00948933638872, 0.667646511895, 329.775010889, 406.239446919, 718.701433738, 795.718813767, 41.8204490237, 13.4833394655, 0.12332865408, 0.922770939588
0.00130128217186, 0.0010350524206, 0.29135456254, 0.273355086666, 0.000283115475346, 7.94942608385e-05, 0.991451632993, 0.996805228917, 0.00568936220487, 0.53590098877, 0.236039018229, 0.530251513444, 0.490268061737, 0.91010914104, 0.999203524173, 0.314592140634, 0.00496157334928, 7.41074592976, 551.864915424, 0.0689171950778, 0.245445716145, 252.709104467, 298.978644197, 1.10014252528, 1.3831168844
4.65609828515e-05, 0.00136653937521, 0.475772449841, 0.429468957723, 0.999978692506, 0.22831119263, 0.459679099703, 0.766142029528, 0.583391688326, 0.800736403621, 0.994829561633, 0.0297496557054, 0.548040390701, 0.951825909443, 0.342986216489, 0.544135832628, 0.469919621845, 0.0180364100493, 0.015885083565, 0.00900901989067, 766.880991569, 613.337940479, 909.947521867, 2.87373928629, 0.0979146529179
3.19241424024e-05, 0.234912078274, 0.0159092020065, 0.587441965367, 0.0021673073702, 0.999191719939, 0.59729124053, 0.347668925482, 0.93992211917, 0.955254500608, 0.0172859327489, 0.910052489379, 0.40420926332, 0.660294557301, 0.976638921998, 0.426452575449, 0.96594275311, 0.555474295006, 0.757743608256, 739.999192641, 2.51926387219, 977.388735023, 30.6424142989, 474.228467229, 0.065932910173
0.0979002735267, 2.28778819189e-06, 0.743710569026, 0.0118445016943, 0.0984564949628, 0.0615772576334, 0.989796882737, 0.570384826322, 0.77328506197, 0.0465434307387, 0.607603785552, 0.821720706364, 0.715123433271, 0.93354520185, 0.551436125345, 0.561038081288, 0.501380792092, 7.09376956433, 442.575261216, 42.9477571405, 69.3304295466, 8.3748891866, 1057.12203323, 0.00412902567526, 178.097652192
0.000314800400119, 0.353218618418, 0.00841145155792, 0.396643801854, 0.000167437778739, 0.000413014777019, 0.00310519945717, 0.48864343578, 0.867487828659, 0.0885703827945, 0.148139818207, 0.516223959023, 0.311643419019, 0.327476113788, 0.239100098779, 0.958232019983, 0.709383240662, 722.227702775, 3.52279170931, 0.468559596824, 0.189955879975, 518.940219647, 11.7512375373, 551.240036806, 0.517425701527
4.39640733302e-05, 0.000106597692798, 0.000572852311211, 0.39061584925, 0.580745172011, 0.138037378698, 0.832240484284, 0.896761548703, 0.103536273684, 0.591529977806, 0.435511329476, 0.927910033118, 0.0437780863026, 0.00843728114479, 0.000207751946889, 0.936438263617, 0.65298433613, 128.745445298, 477.206260287, 108.883260246, 654.064513877, 582.433319807, 0.910206433792, 0.169373358391, 0.0698546338078
3.19241424024e-05, 0.220976047763, 0.504317053052, 0.587441965367, 0.0021673073702, 0.991872641765, 0.587545127815, 0.347668925482, 0.93992211917, 0.955254500608, 0.599677872597, 0.996196909997, 0.979928360782, 0.660294557301, 0.908086969963, 0.55846271255, 0.831033060776, 3.945742974, 5.21324638373, 512.10505081, 1.74355846176, 676.441407426, 860.037539543, 437.040611513, 0.064424649788
0.420175730575, 1.03901570602e-05, 0.000165612042566, 0.0118445016943, 0.225765332208, 0.875099053016, 0.459905547592, 0.00194591993362, 0.338042443066, 0.30402317205, 0.998030554363, 0.42841892475, 0.515277432509, 0.789159497521, 0.690439082545, 0.543917377453, 0.604216437222, 70.2688281723, 61.9317791238, 471.272217111, 177.918708878, 9.53394849097, 0.133313148728, 0.00836379135089, 397.732465736
0.0979002735267, 0.609478045724, 0.696024781201, 0.0118445016943, 3.26262851916e-05, 0.725142507099, 0.988538346731, 0.570384826322, 0.383848011894, 0.696204249676, 0.714355683389, 0.821720706364, 0.715123433271, 0.784358790149, 0.23084510236, 0.833525341711, 0.986353893139, 1.53678490037, 85.3491133094, 185.275620074, 0.0104545815292, 3.79582284885, 394.325119591, 630.623731307, 119.545792729
0.318162889151, 0.0172084051369, 0.180635454336, 3.24211306257e-06, 0.216256872945, 0.243481143338, 0.0671576349958, 0.542348190139, 0.752655761712, 0.984323129555, 0.363636896507, 0.597429962888, 0.0271710435192, 0.196146732578, 0.283588193324, 0.00488487800798, 0.974645944342, 723.85609762, 76.6448003002, 292.811269684, 277.269430818, 0.00423784451776, 242.660333829, 23.4361021839, 473.44831318
0.457236889296, 0.0312634138145, 2.58637503961e-05, 0.262941338525, 0.136102793668, 0.281949368762, 0.946767845136, 0.932511957541, 0.93992211917, 0.973758499566, 0.363636896507, 0.0887089723159, 0.994362400493, 0.0361778425902, 1.83406040751e-05, 0.898864743655, 0.65298433613, 59.039181877, 704.421476202, 335.285437836, 169.859689028, 350.851995632, 0.0355120214784, 42.9605280515, 764.833022012
0.0979002735267, 2.28778819189e-06, 0.0426671577349, 0.0118445016943, 8.06164935783e-05, 0.0615772576334, 0.00310519945717, 0.570384826322, 0.77328506197, 0.0465434307387, 0.970869915005, 0.821720706364, 0.715123433271, 0.93354520185, 0.551436125345, 0.561038081288, 0.501380792092, 1273.75750856, 6.21297462502, 123.591754533, 0.162057997027, 23.812964983, 85.9144858612, 0.00461013536263, 198.849401516
4.49555649433e-05, 0.211816083568, 0.00165038113375, 0.00293011649079, 0.000252178043511, 0.508938577645, 0.370803704962, 0.953723423703, 0.23937781094, 0.786030435095, 0.273608658458, 0.891739942319, 0.0703933849089, 0.012142921645, 0.656854492554, 0.875103122329, 0.990691846533, 625.516949024, 412.01920369, 770.354677932, 0.425617942135, 4.9453908542, 2.78549569319, 371.304996541, 0.0802782720053
0.272866202674, 0.0396289852222, 0.00151115557246, 4.62587889449e-06, 0.000143692040474, 0.999607610685, 0.00716796465306, 0.63328420114, 0.338042443066, 0.612118059358, 0.558474170277, 0.0298295984053, 0.557715360625, 0.937356753249, 0.97509426431, 0.953787965172, 0.025899626222, 0.862422789423, 0.00971078433958, 1399.29940246, 0.315837233948, 0.0101677504351, 3.32154860477, 87.2180269764, 640.650501389
0.548092851127, 0.353218618418, 0.00841145155792, 0.073636127775, 0.000167437778739, 6.35582227639e-05, 0.999865737801, 0.48864343578, 0.584915202488, 0.0885703827945, 0.195810928739, 0.516223959023, 0.00123125165842, 0.923592037479, 0.881273540157, 0.776040516571, 0.150417232018, 0.080464289408, 381.530745123, 0.0380908946944, 0.10034665348, 44.3285224713, 5.07524914608, 238.075395652, 525.937817248
0.000492043601799, 6.57618101596e-05, 0.00718979437087, 0.022305657035, 0.000715777793079, 0.599377373696, 0.887654945479, 0.56544780834, 0.695582605454, 0.848127585097, 0.291051867814, 0.264527031371, 0.0275240694299, 0.177050739379, 0.115643613996, 0.00948933638872, 0.667646511895, 108.127988632, 606.349411883, 845.993060679, 1.17656615594, 36.6801423745, 11.8260521545, 0.108169871346, 0.809349737588
0.000127132579121, 1.03901570602e-05, 1.54793007603e-05, 0.108073314643, 0.248815095355, 0.524240044272, 0.330470390385, 0.728702846457, 0.888489880601, 0.159300531586, 0.811486751557, 0.991664777331, 0.89679518918, 0.805239172351, 0.657972175058, 0.6635464524, 0.501380792092, 445.434277364, 254.507615282, 553.650631872, 311.001521915, 139.93233153, 0.020139047354, 0.0135179145576, 0.165403405841
0.372773336704, 0.243766109458, 0.00980733454477, 0.40958525722, 0.806598731046, 0.0194771888347, 0.00230689001493, 0.882307066536, 0.78262487467, 0.323623976482, 0.918895455263, 0.994780633245, 0.40420926332, 0.0103726388568, 0.104313207072, 0.249173365608, 0.00269079128688, 117.989078614, 0.427553510747, 3.61099051384, 376.541542406, 295.880831805, 7.59877927666, 198.685378719, 352.64446763
0.00130128217186, 0.0883029375599, 0.29135456254, 0.00840779957626, 0.0359920791602, 0.762404071514, 0.69065251312, 0.654585631641, 0.0572618136816, 0.53590098877, 0.0372969688037, 0.0815515714919, 0.368175282333, 0.61837654809, 0.312160710348, 0.530875169435, 0.0943241722277, 186.572331483, 353.248873158, 1020.24164938, 62.0109823404, 14.4944139932, 540.566493367, 170.792218813, 2.52498322698
0.372773336704, 3.73467470882e-05, 0.00210676980127, 0.262941338525, 0.393470131706, 0.00924500942884, 0.355864600871, 0.93658873542, 0.893594001423, 0.579468685148, 0.918895455263, 0.364689468, 0.676206910904, 0.52350911455, 0.73477799676, 0.85018894473, 0.784185488807, 601.443182968, 376.229506796, 10.3030000063, 504.444118803, 381.504386036, 3.14541640923, 0.0557589564847, 630.291502324
0.000314800400119, 0.353218618418, 0.00841145155792, 0.0118445016943, 0.000167437778739, 0.000413014777019, 0.989796882737, 0.48864343578, 0.867487828659, 0.0885703827945, 0.607603785552, 0.821720706364, 0.311643419019, 0.327476113788, 0.239100098779, 0.958232019983, 0.709383240662, 12.1110449207, 755.599518813, 0.490267360318, 0.198756291587, 14.0615872504, 9.98708690464, 468.48530935, 0.439747339925
0.565142022026, 0.325374384411, 0.467266575002, 0.429980921376, 0.216256872945, 0.0011730886712, 0.0671576349958, 0.542348190139, 0.976820814441, 0.984323129555, 0.363636896507, 0.347321779335, 0.712603901591, 0.196146732578, 0.228773056241, 0.000791581829647, 0.0766668785169, 313.290202994, 33.1724290552, 0.580522434518, 111.334072237, 267.676862855, 386.223633864, 323.356520688, 812.37910905
0.290451659497, 0.354351137973, 0.0837332957147, 3.24211306257e-06, 0.327648575725, 0.998530195493, 0.0098197449269, 0.978834322037, 0.684775525734, 0.676004040783, 0.758815114789, 0.974681067398, 0.557715360625, 0.91259943565, 0.999395892107, 0.936438263617, 0.189777171491, 1.56991789573, 0.0242176204866, 680.061804597, 384.579304203, 0.00397878931264, 103.355955071, 490.37640738, 455.533111463
0.112650232672, 0.375227039947, 0.134661479808, 0.0323627206156, 0.999806164964, 0.00783889721985, 0.784356848036, 0.000448764015661, 0.947644593229, 0.657797442175, 0.833417354768, 0.679701215102, 0.295908221472, 0.992583883137, 0.920643086035, 0.254785368365, 0.926606656072, 0.091682038633, 0.26023096584, 0.00339752447684, 906.246935192, 46.1090104858, 194.857420183, 620.618871623, 199.651456977
7.21034596717e-05, 1.03473414159e-06, 0.313204699757, 9.84966160672e-06, 0.609992746523, 0.000349732359116, 0.130001090037, 0.436818639546, 0.00568936220487, 0.67422819403, 0.420896268931, 0.648275002827, 0.406702854348, 0.0798052685493, 0.954855423592, 0.91777154103, 0.670392077473, 547.419373409, 113.366079864, 0.307110407109, 795.406830338, 0.0150418480195, 521.041445805, 0.00179281778995, 0.124929062039
0.00130128217186, 0.000659752004945, 0.413859071144, 0.0118445016943, 0.000980626439277, 0.44735960982, 0.625977117722, 0.56544780834, 0.183710969903, 0.821750046656, 0.709974643353, 0.996196909997, 0.640658674722, 0.765625844744, 0.240892171632, 0.615047800719, 0.667646511895, 365.469870562, 548.785857681, 558.419974876, 1.33093920165, 16.0776177969, 657.082750273, 1.12507431113, 2.21907843123
0.293926089645, 0.000908399869446, 0.000165612042566, 1.59843635039e-06, 0.999927015079, 0.734595327683, 0.697348689469, 0.241152409146, 0.999672268728, 0.273496298662, 0.709974643353, 0.88196947401, 0.990512422623, 0.902101509511, 0.147629964744, 0.664758165598, 0.0011182898635, 0.0168408589486, 0.0327145120597, 0.0830852365811, 792.607893912, 0.00199009413869, 0.206191233428, 1.13098187703, 394.374670396
0.318162889151, 0.473374831441, 0.302127312166, 0.764721594556, 2.65603603633e-06, 0.0417536041249, 0.691163808817, 0.953723423703, 0.972109485702, 0.864525979439, 0.382132123481, 0.0796012844896, 0.990512422623, 0.561501586693, 0.132930189866, 0.0268991872256, 0.91220257675, 119.580416809, 226.849956273, 16.842995865, 0.00107218749835, 663.417296571, 365.503540054, 735.595657989, 593.326952986
0.318162889151, 0.000908399869446, 0.452135620334, 6.47011128896e-07, 0.99854799939, 0.297450335396, 0.697348689469, 0.945306419936, 0.999672268728, 0.657797442175, 0.714816006817, 0.88196947401, 0.994362400493, 0.358471030105, 0.147629964744, 0.00823775533232, 0.01212763786, 0.662540828989, 1.28703054911, 0.730277060461, 710.860073439, 0.000722465111621, 611.269488819, 1.33778250273, 511.898102193
0.0920541128759, 0.0312634138145, 4.79031531121e-05, 0.561900565207, 0.00834031468511, 0.0533706683164, 0.946767845136, 0.932511957541, 0.716420284464, 0.967346078375, 0.363636896507, 0.364689468, 0.829459309388, 0.0215301634943, 0.999395892107, 0.00945177732794, 0.896265002352, 54.3580095077, 648.568426653, 54.6911996351, 8.55718520509, 794.390623216, 0.0773871123029, 50.5464032031, 149.93855539
0.000492043601799, 7.08791422499e-06, 0.00227505804842, 0.429980921376, 0.923230700157, 0.00783889721985, 0.0098197449269, 0.0686363916643, 0.989483228617, 0.0102296659553, 0.0960140352975, 0.829822244211, 0.447462353213, 0.258051925481, 0.754181193209, 0.368123847371, 0.541523243648, 125.118484556, 1.93008308464, 1.54088397745, 1032.72885644, 833.373003169, 4.76344639402, 0.0148404878484, 1.03022812012
0.0561344835396, 0.215695390669, 0.00151115557246, 0.224439240694, 0.189266265219, 0.88310081949, 0.00716796465306, 0.63328420114, 0.161086104402, 0.791191333663, 0.558474170277, 0.72350276812, 0.0795728624742, 0.805239172351, 0.97509426431, 0.953787965172, 0.025899626222, 187.493686436, 2.11115797999, 1009.63145478, 314.619151668, 395.149069628, 2.71647785404, 403.289119851, 107.268967734
0.42135635863, 0.234912078274, 0.00165038113375, 6.42570414322e-07, 0.000182107984603, 0.43349447441, 0.691163808817, 0.63328420114, 0.971597565769, 0.581153500126, 0.605741347159, 0.996196909997, 0.869002998288, 0.969116560211, 0.00773834827543, 0.833525341711, 0.927271101116, 275.357747218, 522.367245265, 478.424438766, 0.21739758424, 0.000767090240376, 1.97020290457, 293.896912413, 634.837279504
0.318162889151, 0.00335465214905, 0.461827853385, 0.996784606347, 0.000160538670174, 2.11106427124e-05, 0.459679099703, 0.678280154003, 0.909782666622, 0.955254500608, 0.0172859327489, 0.0057893409096, 0.255685884515, 0.996530857504, 0.432892695245, 0.943308597099, 0.686949987113, 2.64517540154, 2.32966716673, 0.000116884610149, 0.000888864471537, 697.876049278, 618.838574931, 4.9150977768, 509.285840157
0.141572666269, 0.050704632343, 0.11238038607, 0.193776808205, 0.282569626241, 0.779596063732, 0.999865737801, 0.0496727381856, 0.637205035912, 0.339723029678, 0.836809221752, 0.224456887295, 0.587822207066, 0.923592037479, 0.00773834827543, 0.91777154103, 0.259296801498, 0.0763960665004, 362.24079515, 1004.16296231, 507.60153532, 371.333685497, 221.016301435, 100.452100005, 285.491370321
0.117713833958, 0.00323973181946, 0.151654634494, 0.429980921376, 0.327648575725, 0.999870064437, 0.0888826260542, 0.93658873542, 0.473702899408, 0.416971530044, 0.00174415435816, 0.829822244211, 0.557715360625, 0.750037424335, 0.0722706171377, 0.936438263617, 0.0476342166316, 0.189908569796, 0.026688003766, 939.600573244, 531.348734337, 864.737703667, 335.85612697, 7.24312132437, 266.216767829
0.779084527212, 0.020872149431, 0.00015872047306, 0.457898477082, 0.000980626439277, 0.962413179827, 0.691163808817, 0.0162747305769, 0.867487828659, 0.657797442175, 0.833417354768, 0.344437045954, 0.74339743192, 0.992583883137, 0.108404738397, 0.833525341711, 0.507982134554, 8.55395406588, 16.2272733077, 310.333385128, 0.478861260511, 272.254995441, 0.10302768472, 13.5532615649, 1143.27108349
0.000314800400119, 0.344894187117, 0.461827853385, 0.724837314183, 0.311458790862, 0.000413014777019, 0.990023297217, 0.48864343578, 0.836203814558, 0.0730303451809, 0.632001098087, 0.516223959023, 0.311643419019, 0.327476113788, 0.239100098779, 0.355970629103, 0.148040524498, 4.68992501824, 299.242609243, 0.19416113092, 159.339407673, 734.969660046, 717.727874864, 651.045967167, 0.624334446803
0.000492043601799, 2.5184263206e-06, 0.0837332957147, 1.07541221711e-05, 0.570032022031, 0.99882042539, 0.0579284281346, 0.743757022914, 0.949615573897, 0.657797442175, 0.882758664602, 0.808408167372, 0.988025899155, 0.358471030105, 0.062564017195, 0.167182723387, 0.0011182898635, 1.5017804543, 0.137031061912, 813.881345238, 1015.99645157, 0.0219905125396, 172.215843654, 0.00519465940568, 1.01491928199
0.42135635863, 0.0172084051369, 0.000740254945884, 0.457898477082, 0.0842173760657, 0.729666593567, 0.329248780559, 0.301583509578, 0.924183658067, 0.022383462453, 0.427747761194, 0.264527031371, 0.990512422623, 0.327476113788, 0.727383816298, 0.960886280324, 0.918772725534, 224.727099673, 127.830854796, 571.804271836, 83.5035561316, 554.42179056, 0.978513742901, 22.752657275, 655.867944361
0.79794039258, 7.57497475331e-05, 0.00168763745305, 4.96955617193e-05, 0.146450094642, 0.00145530627629, 0.00482266325976, 0.93658873542, 0.893594001423, 0.800736403621, 0.729665109069, 0.476583657162, 0.676206910904, 0.56055683471, 0.939227468243, 0.85018894473, 0.116793652833, 362.536910905, 2.7464225307, 0.828780887612, 84.9048167647, 0.0290668204167, 0.987097600633, 0.0443060100574, 1133.51135299
0.0979002735267, 2.28778819189e-06, 0.149160609167, 0.0118445016943, 0.0984564949628, 0.0615772576334, 0.989796882737, 0.570384826322, 0.77328506197, 0.0465434307387, 0.607603785552, 0.821720706364, 0.715123433271, 0.956601041875, 0.551436125345, 0.561038081288, 0.501380792092, 18.2538583289, 1138.84529866, 110.514200846, 178.402727541, 21.5504661304, 276.483754408, 0.00427968843214, 184.596203033
0.000492043601799, 0.153951698315, 0.452823230859, 0.429980921376, 0.418777115951, 0.00114257206214, 0.0474628262089, 0.82877307683, 0.410640749825, 0.11532920652, 0.966085599885, 0.422112802133, 0.0669923453109, 0.86775424581, 0.929197165054, 0.936438263617, 0.113856847572, 533.163589535, 39.8235210414, 0.959560871551, 413.074284166, 541.251249834, 746.04107339, 281.877930894, 0.909748786861
0.318162889151, 3.70213538814e-05, 0.696024781201, 0.158802956902, 0.691790597622, 0.838547000973, 0.717296133099, 0.0933386434536, 0.271748771605, 0.981702036061, 0.734933592773, 0.255207143807, 0.396473511022, 0.0250460041293, 0.251476045534, 0.348709630917, 0.772277312166, 24.6520192014, 51.8158215907, 221.386075547, 434.895570328, 125.176473946, 979.981026372, 0.0641654730697, 602.4541878
0.530766842718, 2.86115649717e-06, 0.0837332957147, 0.975146771966, 0.281668641974, 0.292799473058, 0.38235703933, 0.896761548703, 0.991056273776, 0.657797442175, 0.882758664602, 0.907889230711, 0.996659197573, 0.410651647217, 0.346731917349, 0.167182723387, 0.0253288725713, 15.2513862473, 10.4475868225, 9.15754640091, 9.77410617458, 584.464656979, 77.3787805125, 0.0026516623284, 649.979706257
0.257736602301, 0.354351137973, 0.530640977255, 0.000230771030233, 0.111888529986, 3.95897405336e-05, 0.00716796465306, 0.670167204096, 0.105056706877, 0.993552915944, 0.976175186539, 0.0178308389836, 0.762675518938, 0.93354520185, 0.551436125345, 0.974537164607, 0.391357846616, 552.419557623, 6.22018255411, 0.0343557242326, 98.1084121605, 0.203394942632, 617.887675083, 519.345181464, 421.249317337
2.26820435067e-05, 0.141944147365, 0.000156064214401, 0.18948458578, 0.641103761569, 0.990984778897, 0.0283515949811, 0.953723423703, 0.570476350998, 0.000717248514371, 0.43572474569, 0.942775337921, 0.664562072865, 0.743742193615, 0.00773834827543, 0.914292619926, 0.91220257675, 8.75631518945, 0.390216840532, 618.909161285, 979.090629853, 355.32458678, 0.297020315534, 274.714611023, 0.0442640161474
0.000154917433414, 0.00539007729903, 0.475772449841, 0.914577967003, 0.000980626439277, 0.44735960982, 0.145107946145, 0.56544780834, 0.183710969903, 0.874862782185, 0.709974643353, 0.996196909997, 0.640658674722, 0.765625844744, 0.880814146573, 0.544135832628, 0.667646511895, 83.8197539041, 19.4433525255, 72.8746135864, 0.173689488899, 835.301071874, 781.046664347, 9.72950072474, 0.279641132236
0.318162889151, 0.713881366986, 0.180635454336, 2.2301237308e-06, 0.216256872945, 0.243481143338, 0.0671576349958, 0.542348190139, 0.752655761712, 0.984323129555, 0.363636896507, 0.597429962888, 0.0271710435192, 0.196146732578, 0.283588193324, 0.00488487800798, 0.974645944342, 314.59847874, 33.3109545627, 127.260073243, 120.505362079, 0.00126692294895, 105.463740823, 781.006433541, 473.44831318
0.000492043601799, 2.86115649717e-06, 0.0837332957147, 0.944146391902, 0.000182107984603, 0.536339539489, 0.565901919657, 0.670167204096, 0.529396973966, 0.657797442175, 0.882758664602, 0.907889230711, 0.996659197573, 0.358471030105, 0.073506959225, 0.167182723387, 0.391357846616, 38.800537569, 47.797159887, 69.0257832902, 0.0264575093486, 1051.50822681, 139.642906793, 0.00478536664597, 0.82295725928
4.49247116368e-05, 1.03901570602e-05, 0.45070678809, 0.00906946425581, 0.266430708433, 7.94942608385e-05, 0.44740883701, 0.953723423703, 0.00568936220487, 0.812853916631, 0.709974643353, 0.733273425198, 0.406702854348, 0.0798052685493, 0.954855423592, 0.105129543977, 0.710712670221, 439.245801857, 372.070108772, 0.0718810216223, 256.040328014, 8.9761001212, 539.356532828, 0.0135366004776, 0.0585292282411
0.257736602301, 0.354351137973, 0.0669398639929, 0.112313009223, 0.000143692040474, 0.000349732359116, 0.601691342076, 0.953723423703, 0.521331834521, 0.687134206852, 0.711923343896, 0.942775337921, 0.715123433271, 0.93354520185, 0.577241176705, 0.266804566492, 0.589717851003, 469.771450716, 650.210637675, 0.440672762538, 0.181056087721, 143.004335784, 85.9931517173, 509.822449646, 413.525274791
0.000253395135482, 0.00539007729903, 0.000165612042566, 0.0118445016943, 0.000980626439277, 0.44735960982, 0.013079309396, 0.225473323377, 0.183710969903, 0.821750046656, 0.709974643353, 0.996196909997, 0.640658674722, 0.0184957202572, 0.147629964744, 0.544135832628, 0.519805378248, 802.345141721, 16.4864453765, 679.676038772, 1.61994112877, 19.5687333347, 0.273629489391, 8.90587022766, 0.418682543717
0.272866202674, 0.215695390669, 0.00151115557246, 4.62587889449e-06, 8.06164935783e-05, 3.95897405336e-05, 0.358182518488, 0.63328420114, 0.320614097322, 0.612118059358, 0.558474170277, 0.448771592251, 0.786996718963, 0.93354520185, 0.97509426431, 0.561038081288, 0.958931488871, 985.776031558, 621.651906103, 0.0724745073208, 0.147579666102, 0.00846831255257, 2.76638494654, 410.698341826, 564.638612499
0.565142022026, 3.70213538814e-05, 0.696024781201, 0.158802956902, 0.163766003642, 0.948894904394, 0.717296133099, 0.0933386434536, 0.271748771605, 0.934298637231, 0.403383365687, 0.255207143807, 0.833328467918, 0.996530857504, 0.708654978383, 0.898864743655, 0.932122544125, 8.56455015195, 18.0017384804, 247.801117659, 65.4000562708, 65.4868861238, 512.683444858, 0.0335685843797, 709.358955272
4.85888831916e-05, 0.00323973181946, 2.38952181448e-05, 0.417294816885, 0.104405151897, 0.631849261298, 0.00510811552815, 0.865185226764, 0.398564436359, 0.549013967502, 0.12341483055, 0.0459101898951, 0.993435002532, 0.847394874997, 0.547343831248, 0.680305738583, 0.665182166023, 585.06268101, 4.69453201637, 896.364914223, 177.138345001, 834.231931394, 0.0513703676962, 6.96489358342, 0.104458603667
0.0834849873604, 1.03901570602e-05, 0.696024781201, 0.0050605882595, 8.06164935783e-05, 4.65730031828e-05, 0.00310519945717, 0.22751715175, 0.548609985907, 0.0465434307387, 0.970869915005, 0.821720706364, 0.762675518938, 0.93354520185, 0.551436125345, 0.401643982391, 0.501380792092, 605.224595644, 2.95208862746, 0.0442767623642, 0.0766417689891, 4.81118180291, 1169.75681687, 0.0214955782767, 173.714066671
4.65609828515e-05, 0.473374831441, 0.00750606198449, 0.996784606347, 0.000167437778739, 0.946847998714, 0.99987368057, 0.548298132074, 0.583391688326, 0.800736403621, 0.0203261946945, 0.0544174631954, 0.795526883168, 0.750037424335, 0.428807334399, 0.681692028594, 0.929583176171, 6.90606428415e-05, 0.348049150395, 4.15901345535, 0.00109768847794, 826.319610168, 9.74329266014, 760.001766136, 0.0821139110831
0.000314800400119, 0.344894187117, 0.000104019110299, 0.197518622729, 0.311458790862, 2.0024235628e-05, 0.990023297217, 0.48864343578, 0.867487828659, 0.0730303451809, 0.773220689858, 0.516223959023, 0.648287931783, 0.327476113788, 0.239100098779, 0.355970629103, 0.148040524498, 15.7133529121, 1002.596994, 0.0315395544683, 533.858390095, 364.213503363, 0.194917718822, 717.937694392, 0.688481698485
6.41471240782e-05, 0.296078967718, 0.0128735413322, 0.186012566692, 0.0021673073702, 0.460928152022, 0.725100057365, 0.679686937817, 0.740164535721, 0.191299672528, 0.388412087624, 0.997655560083, 0.17418464305, 0.785612641628, 0.979505421923, 0.0920838863143, 0.236923480235, 214.613686411, 465.725582846, 453.42058396, 2.33034294478, 205.898811686, 14.4565954598, 358.75750065, 0.0806011683708
0.464591198404, 0.215695390669, 0.00151115557246, 4.62587889449e-06, 0.000143692040474, 0.462096962074, 0.00716796465306, 0.63328420114, 0.338042443066, 0.612118059358, 0.528356431647, 0.235193775157, 0.315629846923, 0.00866815024459, 0.97509426431, 0.953787965172, 0.025899626222, 630.457318029, 7.09887902519, 559.559877377, 0.190272319324, 0.00612543819929, 2.0010267595, 297.07303501, 799.52629925
0.275853053238, 0.0018621091548, 0.238972877896, 0.708035785232, 0.146360254537, 0.99882042539, 0.990574538214, 0.272504548669, 0.168045479839, 0.146944420632, 0.0203261946945, 0.787981349176, 0.915886708643, 0.750037424335, 0.154868451517, 0.936438263617, 0.677023288972, 0.0136515986587, 0.921996481337, 497.658097203, 116.4721759, 1035.20212373, 454.946177662, 3.62965553995, 574.085736149
0.326999095422, 0.354351137973, 0.0837332957147, 3.24211306257e-06, 0.246461933379, 0.0479496765014, 0.0098197449269, 0.433415997421, 0.684775525734, 0.676004040783, 0.758815114789, 0.974681067398, 0.557715360625, 0.258051925481, 0.883298836522, 0.936438263617, 0.189777171491, 861.080769888, 13.2830687198, 64.9865455894, 352.117633912, 0.00474973490269, 123.382604261, 585.393634738, 625.111724282
3.19241424024e-05, 0.51837607611, 0.504317053052, 0.587441965367, 0.00103490909088, 0.991872641765, 0.587545127815, 0.347668925482, 0.93992211917, 0.955254500608, 0.599677872597, 0.996196909997, 0.376725497341, 0.200972956121, 0.946212639956, 0.55846271255, 0.65298433613, 3.02661211078, 3.99886022618, 392.814067968, 0.638623486413, 518.867196994, 659.695374283, 981.79111436, 0.0677005743279
0.0920541128759, 6.19108014684e-05, 0.0135082258305, 0.00307446809585, 0.557730017104, 0.281949368762, 0.946767845136, 0.153284868148, 0.599368411447, 0.642528863936, 0.876225866835, 0.0259305185014, 0.103065156218, 0.010840993832, 0.000207751946889, 0.875103122329, 0.831033060776, 47.2274870853, 563.491144564, 268.206438197, 751.053130184, 4.72138627458, 20.7474500565, 0.0950966968694, 142.391444678
4.49555649433e-05, 0.141944147365, 0.19748636088, 5.41656331207e-05, 0.994599149137, 0.497639571595, 0.0158138555587, 0.564526530692, 0.531223952157, 0.60583123758, 0.946276036955, 0.377540305962, 0.0859128056144, 0.138498972525, 0.246554356953, 0.875103122329, 0.444231443289, 7.62786086628, 0.189517686645, 7.5738416964, 1267.22864615, 0.107823720276, 406.237443096, 301.737764543, 0.0963607134254
2.26820435067e-05, 0.211816083568, 6.85462943484e-06, 0.50067870216, 0.641103761569, 0.990984778897, 0.0283515949811, 0.384697635676, 0.570476350998, 0.000347285881983, 0.43572474569, 0.942775337921, 0.664562072865, 0.743742193615, 0.00773834827543, 0.914292619926, 0.956374964115, 6.24031344651, 0.278093620928, 441.074479136, 697.762962003, 827.26724484, 0.0125835209394, 403.859460369, 0.0440551010587
0.42819056145, 0.00420629252538, 0.475772449841, 0.429468957723, 0.999997996381, 0.946847998714, 0.243838406075, 0.949155759332, 0.486092685879, 0.235211603149, 0.994829561633, 0.0733604813842, 0.548040390701, 0.850315401399, 0.690439082545, 0.544135832628, 0.61563837105, 0.00013679656104, 5.5117973613e-05, 0.00176235035163, 561.917596897, 449.41181904, 666.746900924, 6.4814921523, 781.343362715
4.36716893025e-05, 0.648788935464, 0.00841145155792, 0.022305657035, 0.000673395748986, 0.460928152022, 0.995403932035, 0.893031113548, 0.740164535721, 0.0885703827945, 0.221989582566, 0.315141981082, 0.543877788306, 0.696663708097, 0.979505421923, 0.665332444548, 0.00200583451756, 2.46009042712, 340.751052858, 301.30438014, 0.481141035599, 15.9439123796, 6.01402131604, 739.630439711, 0.0595766694362
