0.500292662358, 1.16239762506, 2.93734839013, 0.321122413427, 36.8436329104, 40.8429697179, 2.36547196521, 4.84382993632, 30.9136503251, 548.068548387, 0.471448366936, 0.201438848921
0.570012717477, 1.00457879851, 7.00281234322, 0.338002015681, 16.5545739414, 42.1616451578, 3.29599857064, 1.17337026941, 41.9859799211, 1359.68577439, 0.449924809028, 0.105263157895
0.714729016624, 0.842105864961, 2.37358790433, 0.374749738962, 14.2406343883, 44.1699528516, 2.44565288129, 1.7349347838, 30.7562136721, 328.228144591, 0.456286151275, 0.368098159509
0.530810557286, 0.935425867131, 6.28081438831, 0.201556034569, 9.3085619223, 45.6206834333, 2.17120130236, 2.30300352513, 28.6885009515, 747.523759535, 0.467746847955, 0.0451127819549
0.512644975498, 1.17100248959, 7.59429341946, 0.397437785396, 30.9941943836, 40.0602832273, 3.81539919979, 3.84331096849, 32.9925547133, 1858.99228797, 0.457702369851, 0.0027397260274
0.738149548629, 0.918026486716, 2.18872905187, 0.208166861034, 45.5966975813, 46.6195072294, 2.89664921623, 0.715472688014, 24.2408313232, 248.8085436, 0.596725694248, 0.398305084746
0.668475282989, 1.18766860259, 2.48487061493, 0.216358579523, 45.0615544975, 40.7068134039, 2.25232602314, 1.79809270211, 31.7425249351, 432.285982167, 0.438084404611, 0.413793103448
0.500292662358, 1.16239762506, 2.93734839013, 0.321122413427, 36.8436329104, 40.8429697179, 2.36547196521, 4.84382993632, 30.9136503251, 419.712856128, 0.472119117976, 0.0252100840336
0.714729016624, 0.842105864961, 2.37358790433, 0.374749738962, 14.2406343883, 45.6443395227, 2.44565288129, 1.7349347838, 33.1895259887, 355.308708415, 0.449506766555, 0.535398230088
0.574801196729, 0.821614131061, 4.11876382918, 0.205352513828, 10.3907506179, 44.7941259047, 2.22375473928, 1.11041326816, 24.1881535189, 320.130696282, 0.443000416024, 0.53995157385
0.567861505142, 1.18766860259, 2.48487061493, 0.364386376134, 45.0615544975, 40.7068134039, 2.51979834373, 2.08457628929, 31.7425249351, 395.991215186, 0.480559213093, 0.00980392156863
0.668475282989, 1.18766860259, 2.48487061493, 0.219000182767, 47.2014656279, 40.7068134039, 2.25232602314, 1.72935311653, 31.7425249351, 429.968842766, 0.414565824462, 0.43956043956
0.714729016624, 0.844503836738, 2.37358790433, 0.374749738962, 14.2406343883, 44.1699528516, 2.44565288129, 1.57873406034, 30.7562136721, 291.28264315, 0.449206251513, 0.557312252964
0.518468431104, 0.821614131061, 2.37358790433, 0.205352513828, 10.3907506179, 44.7941259047, 2.22375473928, 1.11041326816, 24.1881535189, 271.98624782, 0.464332466674, 0.387640449438
0.676272208615, 1.1695591201, 2.20687802953, 0.256729502471, 4.91198625548, 49.6850298257, 2.58083016682, 1.29367937338, 22.3434610523, 279.671374029, 0.457553289273, 0.608695652174
0.873396489972, 1.05794345846, 2.34905646395, 0.348860654288, 39.0614203903, 43.0163866909, 2.21215806494, 3.40628560512, 20.4558467095, 252.269630918, 0.509088291387, 0.0
0.622784008136, 0.962677031359, 2.68846273913, 0.393923128112, 34.5627937616, 40.3383545444, 2.14181535939, 1.87619857737, 32.0352076409, 299.833799439, 0.485216223168, 0.0
0.500292662358, 1.08793507751, 2.93734839013, 0.386517092983, 36.8436329104, 40.0546722188, 3.00027694488, 1.43514837587, 31.1934700368, 590.402849621, 0.409256535359, 0.257995735608
0.81247950375, 0.845322207783, 7.02452154211, 0.361539142864, 41.5859052051, 41.7039184639, 2.23864165395, 1.54365262305, 25.5130122777, 609.909308758, 0.463134159523, 0.102362204724
0.714729016624, 0.842105864961, 2.37358790433, 0.374749738962, 14.2406343883, 44.7941259047, 2.44565288129, 1.7349347838, 33.1895259887, 292.910663502, 0.464179317591, 0.253968253968
0.714729016624, 0.844503836738, 2.37358790433, 0.278665890983, 34.7037959035, 48.3076974561, 2.44565288129, 1.57873406034, 30.7562136721, 229.498462636, 0.472552612874, 0.441260744986
0.523047991008, 0.847760896503, 2.9109168524, 0.219537704735, 23.6074492669, 45.2726418071, 2.30140485923, 1.80589137572, 41.0172128933, 327.383252151, 0.407880990296, 0.564593301435
0.555771773368, 1.00457879851, 7.00281234322, 0.275493496023, 16.5545739414, 42.1616451578, 2.34524575272, 1.17337026941, 41.9859799211, 1098.69083846, 0.464067257099, 0.00892857142857
0.52248040737, 1.10549596262, 7.00281234322, 0.338002015681, 16.5545739414, 42.1616451578, 2.15100320095, 1.17337026941, 41.9859799211, 1443.58666819, 0.405006466533, 0.555066079295
0.561635372012, 1.10077551197, 4.92003051108, 0.202563336349, 23.6074492669, 40.0707785617, 2.74098440933, 1.49326244246, 26.3042792614, 972.10477151, 0.385344711237, 0.575342465753
0.622784008136, 1.10458000166, 5.08096236316, 0.393923128112, 12.1705398837, 40.3383545444, 2.14481773264, 1.87619857737, 24.3614696167, 820.868990173, 0.436652188463, 0.139240506329
0.573057258592, 0.962677031359, 4.59025508528, 0.364386376134, 34.5627937616, 44.5897568835, 3.36347752636, 1.90758750412, 32.0352076409, 804.138650824, 0.400829402191, 0.606786427146
0.547592476952, 1.24701143041, 3.89078849423, 0.238100514803, 31.0175597637, 45.1711781276, 3.49959502187, 1.69799338222, 39.6461574112, 1010.0311033, 0.396977246609, 0.68253968254
0.518468431104, 0.821614131061, 2.37358790433, 0.205352513828, 10.3907506179, 44.7941259047, 2.22375473928, 1.11041326816, 24.1881535189, 314.683747304, 0.456225702775, 0.584615384615
0.661209695462, 0.918026486716, 2.48487061493, 0.216358579523, 45.5966975813, 49.9663837717, 2.25232602314, 1.79809270211, 31.7425249351, 354.006693919, 0.450084323428, 0.545454545455
0.738149548629, 0.918026486716, 2.18872905187, 0.203962983772, 45.5966975813, 49.9663837717, 2.89664921623, 0.715472688014, 24.2408313232, 250.831151472, 0.653562460797, 0.46875
0.688871779415, 1.0990271906, 2.53924954784, 0.439751730259, 23.440631838, 45.5065446318, 2.32559465448, 1.48666819893, 22.0069301076, 414.369608939, 0.428080634486, 0.632075471698
0.736687196366, 0.948469887937, 2.53924954784, 0.439751730259, 1.80690433703, 44.7940319806, 2.32559465448, 1.58959799623, 23.5775804746, 348.12764232, 0.442428226372, 0.565068493151
0.899591134615, 1.0615745021, 2.1848929389, 0.278665890983, 22.1818637239, 48.3076974561, 2.50488151574, 1.80589137572, 42.0531336939, 350.942110607, 0.42261043701, 0.636054421769
0.561635372012, 0.847760896503, 2.9109168524, 0.219537704735, 23.6074492669, 45.2726418071, 2.30140485923, 1.80589137572, 41.0172128933, 395.652710133, 0.435622902523, 0.583072100313
0.766017559541, 1.17624085668, 2.68965925791, 0.220527050673, 40.4433252272, 41.3501209757, 3.26265728696, 1.98141563784, 30.9121794661, 581.659930589, 0.445662401616, 0.41592920354
0.500292662358, 1.08793507751, 2.93734839013, 0.386517092983, 36.8436329104, 40.8429697179, 3.00027694488, 1.43514837587, 31.1934700368, 574.943774517, 0.480386065674, 0.0261627906977
0.686680327495, 0.821614131061, 3.43064935912, 0.205352513828, 10.3907506179, 44.7941259047, 2.86213752655, 1.11041326816, 24.1881535189, 409.168789194, 0.435416212438, 0.676363636364
0.805794356642, 1.09042664391, 2.18872905187, 0.363016386156, 45.5966975813, 44.3725252635, 2.34524575272, 1.32113950207, 32.8370516169, 412.79171212, 0.463927029254, 0.405405405405
0.573057258592, 0.962677031359, 3.83061519422, 0.364386376134, 34.5627937616, 44.5897568835, 3.18418911063, 1.90758750412, 32.0352076409, 582.073080544, 0.41815330202, 0.489035087719
0.792665133523, 1.20756059039, 2.34905646395, 0.363016386156, 15.493466541, 43.6442266446, 2.34524575272, 1.32113950207, 37.9611360223, 493.76038939, 0.42772769353, 0.505050505051
0.500292662358, 1.08793507751, 2.93734839013, 0.386517092983, 36.8436329104, 40.8429697179, 3.00027694488, 1.43514837587, 31.1934700368, 620.037931079, 0.442165161929, 0.340866290019
0.676272208615, 1.1695591201, 2.20687802953, 0.256729502471, 4.91198625548, 40.0623714238, 2.58083016682, 1.29367937338, 22.3434610523, 376.213585528, 0.454101426695, 0.551330798479
0.714729016624, 0.842105864961, 2.37358790433, 0.265231948219, 14.2406343883, 49.9663837717, 2.44565288129, 1.7349347838, 38.4706783712, 300.791243342, 0.466367448716, 0.298342541436
0.714729016624, 0.842105864961, 2.37358790433, 0.374749738962, 14.2406343883, 49.9663837717, 2.44565288129, 1.7349347838, 30.7562136721, 258.562553231, 0.568107039475, 0.352941176471
0.899591134615, 0.847760896503, 2.1848929389, 0.219537704735, 22.1818637239, 48.3076974561, 2.50488151574, 1.80589137572, 42.0531336939, 283.899521675, 0.560857425572, 0.248062015504
0.714729016624, 0.842105864961, 2.37358790433, 0.374749738962, 13.8220206912, 49.9663837717, 2.44565288129, 1.7349347838, 30.7562136721, 265.85388972, 0.613220792217, 0.0
0.738149548629, 0.918026486716, 2.18872905187, 0.207804068578, 45.5966975813, 46.6195072294, 2.89664921623, 0.591206505407, 24.2408313232, 291.798797988, 0.579787279597, 0.144827586207
0.710968539369, 1.05512681874, 2.34905646395, 0.348860654288, 39.0614203903, 41.9288567227, 2.21215806494, 0.577826933705, 22.0148970497, 274.856131985, 0.591496319382, 0.0
0.596137884485, 1.06313751109, 2.23920838194, 0.386517092983, 15.1477609289, 44.0047763067, 2.82089572089, 3.5991800957, 37.1616485447, 295.506363058, 0.520460557146, 0.0
0.815704494922, 0.842105864961, 2.37358790433, 0.374749738962, 14.2406343883, 46.6195072294, 3.03475685516, 1.7349347838, 30.7562136721, 363.986835304, 0.462188983112, 0.538681948424
0.524297612842, 1.10458000166, 2.35882088353, 0.245412120684, 49.4084654918, 40.9773993146, 2.77892516775, 4.14864263945, 21.124298617, 333.344174167, 0.493208625073, 0.0467289719626
0.510643125593, 0.952610524019, 2.49982228056, 0.485514529612, 46.0424539042, 49.8614067612, 2.25938723501, 0.851068702932, 39.2076703994, 437.467226729, 0.498437749426, 0.0
0.789356317054, 0.957644818279, 7.59429341946, 0.447662271652, 40.8945329604, 49.1226777096, 2.84824188794, 1.85436375851, 38.4182265058, 1148.79530769, 0.466445793703, 0.220338983051
0.622784008136, 0.962677031359, 2.68846273913, 0.28168014786, 34.5627937616, 40.3383545444, 2.14181535939, 1.87619857737, 32.0352076409, 392.932327218, 0.443315333647, 0.61872909699
0.573057258592, 0.962677031359, 4.59025508528, 0.226725325017, 34.5627937616, 44.5897568835, 3.93283042137, 1.90758750412, 32.0352076409, 822.465426191, 0.471038012474, 0.236363636364
0.738149548629, 0.918026486716, 2.18872905187, 0.207804068578, 45.5966975813, 46.6195072294, 2.89664921623, 0.715472688014, 24.2408313232, 282.452022011, 0.651838833608, 0.27807486631
0.7125332641, 1.08195413104, 2.49982228056, 0.467513224494, 43.5704191057, 40.3479589605, 3.90956375543, 1.20179256296, 28.4755895712, 451.587364971, 0.426607473765, 0.568518518519
0.534971587008, 0.948469887937, 3.11171301488, 0.328684903423, 1.80690433703, 43.0363620248, 3.61517391016, 1.58959799623, 29.3899500954, 534.506811379, 0.415705014883, 0.595363540569
0.573057258592, 0.962677031359, 3.83061519422, 0.228506621234, 34.5627937616, 44.5897568835, 3.18418911063, 1.79809270211, 32.0352076409, 581.676985828, 0.438122427226, 0.503800217155
0.536759030972, 1.10549596262, 5.6261738405, 0.439548459313, 31.5769885209, 46.4021911061, 3.81434420513, 1.89938256974, 39.3166052866, 1283.20054674, 0.50407375299, 0.0
0.622784008136, 1.18360696272, 5.08096236316, 0.393923128112, 12.1705398837, 45.1654695505, 2.46417419055, 1.87619857737, 26.6820623356, 930.538879853, 0.411324221049, 0.637883008357
0.512644975498, 1.17100248959, 7.59429341946, 0.397437785396, 30.9941943836, 40.0602832273, 3.81622600794, 3.84331096849, 32.9925547133, 1854.9827478, 0.507021034716, 0.0
0.534971587008, 0.948469887937, 3.11171301488, 0.328684903423, 1.80690433703, 43.0363620248, 3.61517391016, 1.58959799623, 29.3899500954, 578.212911172, 0.421265438495, 0.659111514053
0.565826426293, 0.842105864961, 4.11876382918, 0.374749738962, 14.2406343883, 45.6443395227, 2.44565288129, 1.7349347838, 33.1895259887, 488.834223611, 0.4299609659, 0.575438596491
0.573057258592, 0.962677031359, 3.83061519422, 0.228506621234, 16.5545739414, 44.5897568835, 3.18418911063, 1.35814121269, 32.0352076409, 589.149742959, 0.47060439492, 0.367496339678
0.661152096057, 1.10952620506, 7.87921616749, 0.278665890983, 22.1818637239, 40.3551756492, 2.12101532986, 1.4030607769, 34.6552958638, 1821.9403344, 0.410847620827, 0.702341137124
0.504568404707, 0.95598432267, 7.09332959801, 0.440267941249, 18.6923248299, 43.129861272, 3.04906439088, 4.7583097162, 23.6838929129, 1074.65616709, 0.48868895248, 0.0172413793103
0.567861505142, 1.18766860259, 2.48487061493, 0.228506621234, 45.0615544975, 40.7068134039, 2.51979834373, 1.79809270211, 31.7425249351, 558.971451352, 0.426144437001, 0.657718120805
0.818897500914, 1.19367187241, 4.11876382918, 0.338174768464, 39.7111442344, 44.4754933369, 2.42758040005, 1.24499849079, 40.3762353089, 873.442405429, 0.463875091087, 0.277108433735
0.767694744023, 0.868880616037, 3.64967798561, 0.341340361218, 23.4252387377, 43.3537802223, 2.49720447573, 1.21183978451, 37.944408754, 464.110717199, 0.443057835166, 0.549152542373
0.570012717477, 1.00457879851, 7.00281234322, 0.43756026256, 16.5545739414, 42.1616451578, 3.21369607733, 1.17337026941, 41.9859799211, 1371.78038075, 0.45546726983, 0.355633802817
0.806480056542, 0.918026486716, 2.18872905187, 0.209293955421, 45.5966975813, 46.6195072294, 2.89664921623, 0.715472688014, 24.2408313232, 272.960513577, 0.678621226186, 0.426160337553
0.52248040737, 1.10549596262, 7.00281234322, 0.338002015681, 16.5545739414, 42.1616451578, 2.38188174095, 1.17337026941, 41.9859799211, 1174.78351933, 0.427595225049, 0.505617977528
0.661152096057, 1.10952620506, 7.87921616749, 0.278665890983, 22.1818637239, 43.1972350049, 2.12101532986, 1.4030607769, 34.6552958638, 1554.30580487, 0.425254422971, 0.497872340426
0.536943645106, 0.842105864961, 2.37358790433, 0.374749738962, 14.2406343883, 46.6195072294, 3.03475685516, 1.7349347838, 30.7562136721, 432.900522743, 0.458884993599, 0.44391025641
0.873396489972, 1.05512681874, 2.34905646395, 0.348860654288, 39.0614203903, 41.9288567227, 2.21215806494, 3.40628560512, 22.0148970497, 284.072883508, 0.591022834135, 0.484429065744
0.622784008136, 0.962677031359, 5.08096236316, 0.393923128112, 34.5627937616, 40.3383545444, 2.46417419055, 1.87619857737, 32.0352076409, 824.184683917, 0.417767759682, 0.582677165354
0.815704494922, 0.842105864961, 2.23920838194, 0.374749738962, 22.6263080102, 44.0047763067, 2.82089572089, 1.7349347838, 31.6118612671, 304.333154792, 0.479916843005, 0.395721925134
0.622784008136, 0.962677031359, 5.08096236316, 0.393923128112, 34.5627937616, 46.7675795698, 2.46417419055, 1.87619857737, 32.0352076409, 777.589522364, 0.465314555364, 0.30625
0.661152096057, 1.10952620506, 7.87921616749, 0.278665890983, 22.1818637239, 40.5470545057, 3.72759243604, 1.4030607769, 34.6552958638, 1763.03109322, 0.435994799109, 0.513483146067
0.500292662358, 1.08793507751, 2.93734839013, 0.281307681561, 36.8436329104, 40.0546722188, 3.00027694488, 1.43514837587, 31.1934700368, 503.887917598, 0.489128077427, 0.12077294686
0.524297612842, 1.2426794309, 2.35882088353, 0.245412120684, 49.4084654918, 40.9773993146, 3.00866684178, 4.14864263945, 21.124298617, 466.677749942, 0.493765520057, 0.0385604113111
0.7125332641, 0.949570384562, 2.60773786468, 0.459342370096, 43.5704191057, 40.3479589605, 3.90956375543, 1.20179256296, 20.7245996287, 369.645200508, 0.474327583078, 0.377304964539
0.738149548629, 0.918026486716, 2.18872905187, 0.209293955421, 45.5966975813, 46.6195072294, 2.89664921623, 0.715472688014, 24.2408313232, 278.144226323, 0.649730132387, 0.505617977528
0.873396489972, 1.05794345846, 3.64445756971, 0.285040674357, 3.36696988331, 41.9288567227, 3.77332777889, 1.81376319579, 39.4379959879, 721.958530756, 0.416780707096, 0.672572643515
0.570012717477, 1.00457879851, 7.00281234322, 0.338002015681, 16.5545739414, 42.1616451578, 3.29599857064, 1.17337026941, 41.9859799211, 1257.13498223, 0.43797541001, 0.493278179938
0.573057258592, 0.962677031359, 3.83061519422, 0.364386376134, 34.5627937616, 44.5897568835, 3.18418911063, 1.90758750412, 32.0352076409, 688.437685562, 0.443270665621, 0.462833099579
0.63469477464, 1.12875273569, 2.06255361902, 0.478911463177, 24.9251810224, 45.3302845786, 3.50700755625, 0.098269595508, 39.386285589, 418.987142549, 0.534313130606, 0.00319488817891
0.561635372012, 0.847760896503, 2.9109168524, 0.219537704735, 23.6074492669, 47.7232482277, 2.30140485923, 4.12060380915, 41.0172128933, 321.892101956, 0.563217923416, 0.093023255814
0.792665133523, 1.20756059039, 2.18872905187, 0.363016386156, 45.5966975813, 44.3725252635, 2.34524575272, 1.32113950207, 37.9611360223, 363.719445892, 0.580952607929, 0.0
0.671292119756, 0.970818064038, 2.68938583448, 0.416381626675, 6.27095691708, 44.9837677745, 2.74098440933, 2.8125616629, 29.7943039514, 395.727202919, 0.572682643401, 0.0288461538462
0.570012717477, 0.918026486716, 2.18872905187, 0.203962983772, 45.5966975813, 49.9663837717, 2.42788436769, 0.715472688014, 24.2408313232, 311.169493537, 0.576347933222, 0.215827338129
0.75341786657, 1.24701143041, 3.89078849423, 0.238100514803, 11.8886990711, 45.1711781276, 3.49959502187, 1.69799338222, 39.6461574112, 1021.83864865, 0.417913862389, 0.65975422427
0.691700261457, 0.92102146709, 2.77136054814, 0.416381626675, 10.7327552367, 44.9837677745, 2.74098440933, 1.14992710298, 22.3434610523, 308.259278264, 0.474658811136, 0.581047381546
0.7125332641, 0.949570384562, 2.60773786468, 0.459342370096, 43.5704191057, 48.9557446512, 2.72406301814, 1.20179256296, 20.7245996287, 375.728434112, 0.472369653496, 0.446808510638
0.738149548629, 0.918026486716, 2.18872905187, 0.208166861034, 45.5966975813, 46.6195072294, 3.01038349777, 1.40151343604, 24.2408313232, 363.861280729, 0.467309254169, 0.529411764706
0.873396489972, 1.05794345846, 2.34905646395, 0.348860654288, 39.0614203903, 43.2051328356, 2.21215806494, 3.40628560512, 20.4558467095, 313.001847572, 0.592620549607, 0.0
0.738149548629, 0.918026486716, 2.18872905187, 0.208166861034, 45.5966975813, 48.2714891901, 2.89664921623, 0.715472688014, 32.9925547133, 307.669153961, 0.65284225183, 0.0693069306931
0.534971587008, 0.948469887937, 3.11171301488, 0.328684903423, 1.80690433703, 44.5897568835, 3.18418911063, 1.58959799623, 29.3899500954, 557.01577082, 0.447400479423, 0.567231638418
