2.55812433835e-05, 0.0326818281405, 0.956354449865, 0.999371335004, 0.00847832651034, 0.763022517469, 0.988296572022, 0.485069670899, 0.913518869335, 0.310566514945, 0.589387056904, 0.69098836816, 4.06783813045e-07, 4.81714213474e-09, 1.27833918309e-07, 6.30857242698e-05, 4.00240721717e-08, 2.90551473494e-06, 0.00197036241559, 79.6240032482
0.999801678137, 0.978036449326, 0.952698173586, 0.998195275643, 0.0830705290104, 0.0129170016595, 0.0058147022292, 0.479553463621, 0.954212166643, 0.58993376178, 0.934477052689, 0.348353386054, 0.0019925516207, 0.340682196313, 26.1862951297, 292.82580243, 0.577389364857, 15.8847534249, 7.54136702882, 0.0681089615327
2.55812433835e-05, 0.0326818281405, 1.70964806373e-05, 0.998195275643, 0.936610361519, 0.975165248186, 0.370802275702, 0.485069670899, 0.913518869335, 0.132688751024, 0.589387056904, 0.999221029976, 7.25177785147e-10, 1.23052160687e-09, 4.98062344962e-11, 1.35732297933e-10, 3.87133092225e-12, 0.000125468663818, 0.00371369046405, 150.073356674
2.55812433835e-05, 0.0326818281405, 9.27016562582e-05, 0.998195275643, 0.988425626297, 0.00150797982661, 0.370802275702, 0.160903583791, 0.913518869335, 0.380317208993, 0.589387056904, 0.993243233591, 7.80454173626e-12, 1.32431762733e-11, 1.39365116857e-08, 1.63441744343e-10, 2.55305903998e-11, 0.000152588647307, 0.00451674413445, 182.525431254
0.999999547655, 0.60991396369, 0.0459224094419, 0.0971580543397, 0.795572058688, 0.0129170016595, 0.262870922401, 0.925980608164, 0.101829095381, 0.0970345973047, 0.786749384803, 0.102417740469, 0.000800058944113, 0.00224348401151, 0.232579478226, 0.0605450236971, 2.75214376923, 63.3313022164, 42.4547757068, 4.92306698307e-05
0.000173006229592, 0.999994783242, 0.884659363368, 0.998195275643, 0.605451231135, 0.490743687992, 0.262870922401, 0.198726469518, 0.681470481779, 0.910335436497, 0.689686199342, 0.988099410898, 0.00110798074647, 0.00310694244225, 0.00437392531174, 0.00559701496597, 2.56478606461e-05, 0.00185287674764, 8.38044613215e-08, 92.8388108531
0.949183718255, 0.994346081369, 0.994178262322, 0.998195275643, 0.992408294929, 0.982233924542, 0.997338720906, 0.769685469114, 0.954212166643, 0.919098567148, 0.889784218869, 0.0307579743938, 287.757361672, 0.767846103646, 5.21867600448, 2.2470760708, 0.535147889216, 1.7364061149, 1.69594069469, 16.0588230128
0.909476273082, 0.999699641282, 4.87294451754e-05, 0.736773433122, 0.627895618403, 0.997679970218, 0.808271443728, 0.230593660102, 0.743451053257, 0.958868984828, 0.481536363106, 0.661349063075, 0.0064834651326, 0.00153793062858, 1.86531529292e-05, 0.00476470505847, 0.00457474615178, 356.635565383, 0.107156006495, 35.509726756
0.000159668710719, 0.999976024247, 0.550452569928, 0.998195275643, 0.501766160408, 0.0100975439928, 0.97941114468, 0.230593660102, 0.681470481779, 0.910335436497, 0.251044613493, 0.581429667279, 0.000111220874065, 2.33804822129e-06, 0.0111326334556, 0.0111670217152, 4.05228058942e-05, 0.0183376738886, 9.7802822401e-07, 255.440626807
0.956736898935, 0.7888227893, 0.958201563461, 0.950224730064, 0.99996844286, 0.00150797982661, 0.705269317219, 0.968560023382, 0.860790640554, 0.854441856439, 0.771395493147, 0.0249911440694, 0.297520576626, 0.12433327319, 279.325820736, 0.00882831505311, 14.6543812298, 12.8427202854, 82.2554318135, 17.6133781597
0.956736898935, 0.0416597345852, 0.958201563461, 0.999112424486, 0.99996844286, 0.00150797982661, 0.705269317219, 0.968560023382, 0.860790640554, 0.854441856439, 0.771395493147, 0.0249911440694, 0.0165212189774, 0.00690418543769, 15.5108702153, 0.00049023340788, 0.0138005445708, 0.678256670192, 373.282193162, 17.6133781597
0.999629549744, 0.994346081369, 0.975621720075, 0.998195275643, 0.992408294929, 0.982233924542, 0.0498908318656, 0.769685469114, 0.954212166643, 0.919098567148, 0.889784218869, 0.0307579743938, 14.8768337843, 283.310893859, 5.3934460392, 2.32232917381, 0.553069640844, 7.65756230679, 1.78607407651, 0.117068681231
0.999792803039, 0.978036449326, 0.994178262322, 0.131866667138, 0.0935000978143, 0.490743687992, 0.602963412096, 0.00520436043542, 0.752490867281, 0.256034051992, 0.934477052689, 0.135352393655, 1.38959465518, 0.91501392853, 2.39154674157, 45.5300522944, 330.660097539, 2.2304049866, 8.60356818309, 0.0811800714992
0.921269616707, 0.994346081369, 0.865821819322, 0.998195275643, 0.992408294929, 0.982233924542, 0.97941114468, 0.769685469114, 0.954212166643, 0.919098567148, 0.889784218869, 0.0307579743938, 238.863359153, 5.02130608746, 4.41124385687, 1.89940906558, 0.452349951748, 38.843382493, 1.64606556529, 24.8801613896
0.909476273082, 0.895328797108, 0.975621720075, 0.147087911239, 0.576221992616, 0.0565542977504, 0.361301417055, 0.746604146856, 0.860790640554, 0.58993376178, 0.870787965237, 0.348353386054, 0.521112110178, 0.921207475572, 24.0609514851, 18.7561834409, 256.645318281, 7.51883709751, 36.0572231695, 34.2875232519
0.000173006229592, 0.0326818281405, 0.000272853270488, 0.998195275643, 0.00553457972489, 0.88472112105, 0.610453636263, 0.00520436043542, 0.65515176586, 0.380317208993, 0.418457342911, 0.773206251257, 1.09567190015e-09, 6.99176774774e-10, 2.33868207966e-10, 3.64524297751e-07, 6.62723186431e-10, 0.00134546872445, 0.0398341107385, 237.9846228
0.956736898935, 0.7888227893, 0.973766819991, 0.950224730064, 0.99996844286, 0.975165248186, 0.705269317219, 0.968560023382, 0.860790640554, 0.854441856439, 0.82349063061, 0.0249911440694, 188.6012721, 78.8161066168, 6.81037828569, 0.00865411674542, 14.3652243074, 7.77489897755, 79.3435112442, 16.9898478101
0.982554614865, 0.998996850663, 0.234783430521, 0.0147826976939, 0.99997806275, 0.45977343676, 0.889545399332, 0.458437820296, 0.0652465355572, 0.958868984828, 0.129636608206, 0.194064271443, 0.50748488864, 0.0630142551039, 0.670327528984, 2.72209224661e-05, 82.6987570857, 273.579702854, 0.35900539851, 6.35417616091
0.999962177184, 0.228072518153, 0.808206313077, 0.409444886721, 0.00751996129133, 0.490743687992, 0.0290524333432, 0.746604146856, 0.954517586445, 0.38633610282, 0.719594896582, 0.0564965617189, 0.00299534269405, 0.100105924545, 0.106990619344, 27.7278027971, 40.2956956962, 16.1923653146, 285.745586138, 0.0140014596455
0.999792803039, 0.681278224441, 0.994178262322, 0.998195275643, 0.0935000978143, 0.490743687992, 0.00304040075415, 0.99056018885, 0.752490867281, 0.787869300425, 0.940762821333, 0.135352393655, 0.0311264011793, 10.2064717631, 10.6237973356, 202.254900499, 0.403391424231, 1.30889301789, 105.181351442, 0.0683912254429
0.999792803039, 0.978036449326, 0.994178262322, 0.131866667138, 0.0935000978143, 0.490743687992, 0.610453636263, 0.00520436043542, 0.752490867281, 0.256034051992, 0.934477052689, 0.135352393655, 1.40685669009, 0.897751893622, 2.39154674157, 45.5300522944, 330.660097539, 2.2304049866, 8.60356818309, 0.0811800714992
0.959604677622, 0.997513094355, 0.234783430521, 0.954349657217, 0.99998429328, 0.237020645295, 0.545308356586, 0.625018049468, 0.152499681019, 0.958868984828, 0.359767045675, 0.642899725933, 12.4109660616, 10.3485715683, 73.2639020226, 0.0015082369478, 4.59325547376, 327.939310853, 1.06843920883, 18.0854463253
0.000173006229592, 0.999994783242, 0.884659363368, 0.998195275643, 0.501766160408, 0.0129170016595, 0.262870922401, 0.198726469518, 0.681470481779, 0.910335436497, 0.251044613493, 0.988099410898, 4.7870023758e-05, 0.000134234650737, 0.0139159561058, 0.013998813606, 5.07987913854e-05, 0.00366985381995, 1.65985202687e-07, 183.87886031
0.999629549744, 0.533957919522, 0.454266127424, 0.801992733699, 0.99999983182, 0.485660900801, 0.0058147022292, 0.465383441245, 0.994275880031, 0.0491456018169, 0.541920839736, 0.638639608409, 0.21252494894, 36.3370592883, 38.7078313319, 1.26567890013e-05, 18.5806142696, 112.732592713, 180.296246349, 0.143368045865
0.909476273082, 0.935216293062, 0.975621720075, 0.998720270716, 0.998513340875, 0.852487478938, 0.135355031691, 0.439326138535, 0.954212166643, 0.584436080324, 0.889784218869, 0.167615336465, 30.2021931854, 192.930946441, 38.6104579505, 0.38970286314, 0.335889508626, 6.55843064245, 18.6359098531, 28.632275129
0.999962177184, 0.999699641282, 0.884659363368, 0.998195275643, 0.501766160408, 0.0383225655763, 0.214732780172, 0.32307690039, 0.681470481779, 0.0491456018169, 0.251044613493, 0.982323808854, 1.2043925977, 4.40440451628, 140.748760884, 145.327233737, 0.527362392055, 38.0982073826, 0.099241404708, 0.0124974942666
0.924405476485, 0.99899854062, 0.708314379487, 0.96521674062, 0.584197091435, 0.485660900801, 0.0058147022292, 0.465383441245, 0.994275880031, 0.825494763871, 0.940762821333, 0.638639608409, 0.355718196263, 60.8199331512, 64.7880637603, 89.6548097949, 7.77018752698, 91.9920265458, 0.316157618331, 25.8165459643
0.999941389686, 0.978036449326, 0.808206313077, 0.998195275643, 0.0935000978143, 0.71526011274, 0.619659191779, 0.32344567814, 0.964841017542, 0.38746410281, 0.0414290448964, 0.348353386054, 11.6874512544, 7.17364434375, 7.50846599517, 255.657540086, 0.509901411319, 67.0482432988, 7.85055943391, 0.0209506526044
0.999629549744, 0.895328797108, 0.923419086641, 0.980034114465, 0.961910543697, 0.911899981765, 0.326263651199, 0.359040777385, 0.752490867281, 0.787869300425, 0.464897490694, 0.591345211539, 69.8957044512, 144.335038674, 20.6971518295, 9.30260703327, 4.97562092458, 20.6671410451, 31.5503748544, 0.111703844744
0.99389978186, 0.159462691933, 0.821984429069, 0.995241582933, 0.956605429986, 0.961167888592, 0.397807749959, 0.319793792671, 0.584715823784, 0.825494763871, 0.940655841179, 0.982323808854, 12.1106437877, 18.3328148652, 1.22994514496, 1.43680319555, 0.15830545743, 7.20489711059, 213.337742569, 1.55780635302
0.999902701367, 0.993133849359, 0.694334465436, 0.96521674062, 0.206059179073, 0.828384636684, 0.00304040075415, 0.465383441245, 0.752490867281, 0.825494763871, 0.594675539864, 0.95543481515, 0.120576238228, 39.537432024, 8.21589777851, 184.456952774, 8.37244546643, 105.964355562, 2.39672867515, 0.0339667927849
0.999629549744, 0.895328797108, 0.923419086641, 0.954349657217, 0.99997869868, 0.0560063565893, 0.0378047973883, 0.359040777385, 0.752490867281, 0.425598003517, 0.541920839736, 0.193811885311, 0.585442042298, 14.9004772786, 261.016968279, 0.00589000195362, 13.2265154439, 24.0283027445, 36.6815108607, 0.129870589908
0.982554614865, 0.998996850663, 0.234783430521, 0.0147826976939, 0.576221992616, 0.45977343676, 0.889545399332, 0.458437820296, 0.364200389584, 0.974052252258, 0.129636608206, 0.194064271443, 0.256577852071, 0.0318591993305, 0.33890900285, 0.461376803068, 72.559732916, 240.038313391, 0.314990657046, 5.57514213496
0.909476273082, 0.997513094355, 0.633150356302, 0.90005104332, 0.99997806275, 0.996969672442, 0.743408750946, 0.122302085618, 0.985572436048, 0.958868984828, 0.251044613493, 0.642899725933, 146.461896049, 50.5520560499, 0.598831463928, 0.00433517619979, 21.9450052157, 127.215101659, 0.864552299941, 34.6021444434
0.999629549744, 0.516917372238, 0.85724232065, 0.980034114465, 0.961910543697, 0.291152257034, 0.0378047973883, 0.359040777385, 0.752490867281, 0.787869300425, 0.462402853355, 0.591345211539, 1.41319943304, 35.968284682, 91.0100471607, 5.08401082846, 2.71924962201, 22.6806959224, 148.476317845, 0.11390074945
0.972455610625, 0.937662959859, 0.865821819322, 0.0147826976939, 0.99996844286, 0.975165248186, 0.97941114468, 0.343374314422, 0.954212166643, 0.797323007107, 0.695150304044, 0.984053294421, 2.78819420716, 0.0586124912381, 0.0725002638773, 9.2127885023e-05, 194.568173923, 30.6050536752, 15.1638913283, 6.89013686279
0.921269616707, 0.994346081369, 0.975621720075, 0.998195275643, 0.992408294929, 0.0827652913711, 0.0378047973883, 0.425137961964, 0.959220471329, 0.919098567148, 0.889784218869, 0.0307579743938, 0.804784253806, 20.4831027183, 235.920015271, 1.96758385202, 0.468585981107, 6.48783820596, 1.51324392385, 22.8725719322
0.924405476485, 0.99899854062, 0.454266127424, 0.96521674062, 0.526975503243, 0.485660900801, 0.0058147022292, 0.465383441245, 0.994275880031, 0.825494763871, 0.940762821333, 0.638639608409, 0.205788648255, 35.185301066, 37.4809278929, 65.41148354, 4.9832858113, 172.113952017, 0.316157618331, 25.8165459643
0.999792803039, 0.978036449326, 0.808206313077, 0.998195275643, 0.0935000978143, 0.490743687992, 0.0058147022292, 0.479553463621, 0.954212166643, 0.58993376178, 0.934477052689, 0.348353386054, 0.0722820944337, 12.3586372518, 12.8998585128, 245.58634898, 0.489814718172, 64.4069925407, 7.54130008517, 0.0711569045636
0.999962177184, 0.825340442993, 0.975621720075, 0.998195275643, 0.728667746904, 0.00306292929807, 0.361301417055, 0.746604146856, 0.0408520288485, 0.787869300425, 0.887411101668, 0.352258570608, 0.224134072454, 0.396217971223, 201.915189363, 75.4176715182, 0.502535872287, 6.95789367062, 60.3995851415, 0.013080124764
0.000651567553234, 0.568418642348, 0.000124858724899, 0.998195275643, 0.99996844286, 0.548658865342, 0.361301417055, 0.986213847963, 0.517727505928, 0.810318604008, 0.889784218869, 0.982323808854, 1.1878948313e-06, 2.09992740029e-06, 2.70464857181e-06, 1.89111206294e-10, 1.08346528749e-08, 0.0480762956987, 0.0365072895554, 129.740151267
0.843641212848, 0.999836504198, 0.3315829464, 0.998720270716, 0.576221992616, 0.0671625399234, 0.343672224006, 0.439326138535, 0.760713963798, 0.958868984828, 0.251044613493, 0.194064271443, 1.47277661284, 2.81263404872, 59.5211497582, 46.9260413161, 0.141889333112, 223.504861889, 0.0546785603599, 61.9833393085
0.997643335198, 0.825340442993, 0.884659363368, 0.999858421834, 0.99997806275, 0.150215377626, 0.338042182869, 0.00114080030601, 0.954212166643, 0.929374710506, 0.466925313292, 0.642899725933, 13.49537331, 26.4267843198, 225.8439594, 0.00583030573471, 0.0376328327939, 34.6558771306, 63.5848686603, 0.859971253435
0.956736898935, 0.936178744001, 0.713840996149, 0.954349657217, 0.999978587552, 0.191436730702, 0.97941114468, 0.977785838221, 0.752490867281, 0.925473613882, 0.359767045675, 0.281475381305, 38.9869900637, 0.819571537607, 168.129300317, 0.00445251120872, 9.94661292157, 87.3448098656, 20.8082836368, 14.7433452073
0.999629549744, 0.895328797108, 0.923419086641, 0.954349657217, 0.99996844286, 0.911899981765, 0.0378047973883, 0.359040777385, 0.752490867281, 0.610412734081, 0.541920839736, 0.41606016405, 8.82736761156, 224.671241597, 22.5586491288, 0.0080806896843, 12.2486244041, 22.251790854, 33.9694949144, 0.120268719578
0.999636337408, 0.940908591056, 0.975621720075, 0.409444886721, 0.332109066133, 0.0114442386294, 0.871265755353, 0.439326138535, 0.994275880031, 0.471713195304, 0.0767685024649, 0.176761888546, 0.334279780286, 0.0493916520319, 33.1416197418, 67.4213392944, 145.598469354, 6.16052854712, 15.8705444612, 0.0977066393286
0.972455610625, 0.937662959859, 0.923419086641, 0.436350061137, 0.99996844286, 0.975165248186, 0.0058147022292, 0.439326138535, 0.954212166643, 0.797323007107, 0.695150304044, 0.984053294421, 0.505283663341, 86.3923154612, 2.2130406221, 0.00281216565404, 115.111228795, 16.9367438959, 14.7030960946, 6.68076169934
2.55812433835e-05, 0.0326818281405, 9.27016562582e-05, 0.998195275643, 0.936610361519, 0.975165248186, 0.370802275702, 0.485069670899, 0.913518869335, 0.380317208993, 0.589387056904, 0.993243233591, 2.84296611265e-09, 4.82410148361e-09, 1.95258927909e-10, 5.32120993388e-10, 1.51770543007e-11, 9.07086812162e-05, 0.00268504840339, 108.505065414
0.999511382813, 0.997914056557, 0.884659363368, 0.998720270716, 0.99997869868, 0.980386235489, 0.495203638266, 0.00520436043542, 0.992129429801, 0.0491456018169, 0.782143708755, 0.642899725933, 116.367077594, 118.621255694, 4.70121434289, 0.00510581251452, 0.307137319945, 31.2910940478, 0.567084520397, 0.132900390987
0.999792803039, 0.978036449326, 0.994178262322, 0.998195275643, 0.0935000978143, 0.490743687992, 0.317515768875, 0.99056018885, 0.752490867281, 0.787869300425, 0.934477052689, 0.135352393655, 4.46799304107, 9.60372710343, 14.6025562422, 278.002155585, 0.554467086849, 1.79909153996, 6.93981892287, 0.0654815518819
0.999629549744, 0.997679243955, 0.923419086641, 0.190397531983, 0.99996844286, 0.911899981765, 0.0058147022292, 0.359040777385, 0.752490867281, 0.787869300425, 0.972104992003, 0.41606016405, 0.286450374459, 48.9766697593, 4.75938356059, 0.00170484949795, 229.720060519, 23.5314556517, 0.714770804282, 0.114137440015
0.997643335198, 0.825340442993, 0.884659363368, 0.998720270716, 0.99997806275, 0.575025707605, 0.338042182869, 0.00319754696101, 0.954212166643, 0.425598003517, 0.466925313292, 0.642899725933, 48.7933075499, 95.5475765842, 106.675517785, 0.00550673044395, 0.32165171464, 32.7698179278, 60.1244216416, 0.813169474602
0.999792803039, 0.978036449326, 0.994178262322, 0.131866667138, 0.0935000978143, 0.490743687992, 0.0058147022292, 0.485069670899, 0.772916851071, 0.256034051992, 0.589387056904, 0.135352393655, 0.00953076729171, 1.62955012044, 1.70091293763, 32.3818278993, 235.171668647, 1.58630589649, 6.11901920128, 0.0577367907935
0.921269616707, 0.994346081369, 0.865821819322, 0.998195275643, 0.992408294929, 0.982233924542, 0.0246233273503, 0.769685469114, 0.954212166643, 0.919098567148, 0.889784218869, 0.0307579743938, 6.00525194792, 237.879413292, 4.41124385687, 1.89940906558, 0.452349951748, 38.843382493, 1.64606556529, 24.8801613896
0.818910725132, 0.825340442993, 0.808206313077, 0.998195275643, 0.999987577331, 0.996969672442, 0.97941114468, 0.769685469114, 0.0685992157831, 0.392048334512, 0.977491934981, 0.73968687924, 161.020625636, 3.38492203485, 0.499716967967, 0.00204858890688, 0.298150324033, 39.204550177, 43.2574978591, 54.7677893394
2.55812433835e-05, 0.999699641282, 0.956354449865, 0.999833081058, 0.00847832651034, 0.821110255023, 0.988296572022, 0.485069670899, 0.743451053257, 0.310566514945, 0.589387056904, 0.69098836816, 2.5722155742e-05, 3.04602288114e-07, 5.67027397128e-06, 0.00370689831023, 6.24146560729e-07, 0.000170648331994, 1.17471572185e-06, 152.883205423
0.999629549744, 0.936178744001, 0.713840996149, 0.954349657217, 0.999974453891, 0.191436730702, 0.97941114468, 0.977785838221, 0.752490867281, 0.925473613882, 0.359767045675, 0.425686024249, 43.1049547772, 0.906138022132, 185.887801932, 0.0058731722588, 10.9972601582, 96.5709237038, 23.0062344241, 0.133589094758
0.997643335198, 0.936178744001, 0.923543818702, 0.998720270716, 0.99997806275, 0.575025707605, 0.338042182869, 0.992540789268, 0.752490867281, 0.425598003517, 0.466925313292, 0.642899725933, 57.4733937802, 112.545014255, 125.652560735, 0.00648635034472, 0.378871951582, 24.509217385, 21.8536212324, 0.808873438975
0.999962177184, 0.0466906857678, 0.808206313077, 0.409444886721, 0.332109066133, 0.490743687992, 0.0290524333432, 0.746604146856, 0.954517586445, 0.38633610282, 0.719594896582, 0.0564965617189, 0.0270812644496, 0.905070067924, 0.967315446686, 3.81993980378, 8.2492782593, 3.31487829776, 352.887978693, 0.0140014596455
0.843641212848, 0.616386434577, 0.965474865568, 0.999368938256, 0.801783339206, 0.671950049083, 0.242547660841, 0.625018049468, 0.954212166643, 0.386941866486, 0.229044708659, 0.207255356573, 16.5281659348, 51.6158263738, 33.2682963007, 25.0711186285, 0.0798692419242, 4.52587041933, 81.5844934432, 39.4165101903
0.999933241445, 0.231762351726, 0.694334465436, 0.96521674062, 0.206059179073, 0.828384636684, 0.317515768875, 0.465383441245, 0.994275880031, 0.825494763871, 0.934477052689, 0.965951972918, 2.74831069158, 5.90735608467, 1.79318318178, 40.2591554075, 1.82735092445, 23.1275394832, 250.804691432, 0.0217959594393
0.999902701367, 0.999699641282, 0.884659363368, 0.998195275643, 0.501766160408, 0.828384636684, 0.0246233273503, 0.230593660102, 0.681470481779, 0.0491456018169, 0.251044613493, 0.982323808854, 3.21377189987, 127.303597023, 27.0391128646, 156.447319623, 0.56771487756, 41.0133893985, 0.106835115229, 0.0346116878504
0.909476273082, 0.983487446926, 4.87294451754e-05, 0.736773433122, 0.627895618403, 0.997679970218, 0.808271443728, 0.230593660102, 0.743451053257, 0.977651200044, 0.481536363106, 0.661349063075, 0.00556781578608, 0.00132073116097, 1.60187981604e-05, 0.00409179343113, 0.00392866211513, 306.268498435, 5.1424360333, 30.9974325818
2.55812433835e-05, 0.630650691204, 9.27016562582e-05, 0.998195275643, 0.988425626297, 0.00150797982661, 0.370802275702, 0.160903583791, 0.913518869335, 0.380317208993, 0.589387056904, 0.993243233591, 1.5060172336e-10, 2.55549298973e-10, 2.68928368688e-07, 3.15388259796e-09, 4.92655564226e-10, 0.00294445388673, 0.00172462006049, 182.525431254
0.816873563373, 0.993133849359, 0.694334465436, 0.96521674062, 0.206059179073, 0.0383225655763, 0.00304040075415, 0.465383441245, 0.752490867281, 0.825494763871, 0.594675539864, 0.95543481515, 0.00455702457007, 1.49426663013, 37.6119099863, 150.692670493, 6.83989487473, 86.5679036576, 1.95801480547, 63.9291378405
0.999902701367, 0.726426168141, 0.821984429069, 0.859149893399, 0.956605429986, 0.980042926898, 0.457304103586, 0.967767822061, 0.584715823784, 0.825494763871, 0.541920839736, 0.642899725933, 77.3777906724, 91.82644359, 3.44558506536, 7.83192781251, 29.5884030478, 45.4944843221, 96.24625243, 0.0342340493307
0.843641212848, 0.999836504198, 0.3315829464, 0.0147826976939, 0.576221992616, 0.0671625399234, 0.721001993394, 0.625018049468, 0.760713963798, 0.958868984828, 0.251044613493, 0.194064271443, 0.0412903726116, 0.0159776696267, 0.795410285645, 0.627095680763, 98.6219827402, 201.788789299, 0.0493659082063, 55.9609437132
0.816873563373, 0.999699641282, 0.884659363368, 0.998195275643, 0.501766160408, 0.0383225655763, 0.0246233273503, 0.230593660102, 0.681470481779, 0.0491456018169, 0.251044613493, 0.982323808854, 0.121460394896, 4.81127648378, 123.783511746, 127.81011521, 0.463796401769, 33.5060136333, 0.0872792734246, 65.1428993456
0.999940559503, 0.910942195367, 0.609845252201, 0.00616322955096, 0.999986896606, 0.0671625399234, 0.452047793647, 0.636889154152, 0.954212166643, 0.38633610282, 0.611935303813, 0.965704173675, 0.0326806808061, 0.0396140660446, 1.00411997679, 1.41048707412e-05, 173.576943987, 111.736284537, 27.9987405164, 0.0186885134711
0.999792803039, 0.681278224441, 0.994178262322, 0.998195275643, 0.305126271593, 0.490743687992, 0.00304040075415, 0.99056018885, 0.752490867281, 0.42490909417, 0.940762821333, 0.135352393655, 0.111430684885, 36.5385684092, 38.0325694053, 170.076980095, 0.442522149533, 1.4358613421, 115.384400696, 0.0750254722195
0.99389978186, 0.00192908540836, 0.375696264917, 0.447233599399, 0.999736135976, 0.0114442386294, 0.99116619606, 0.910726738268, 0.9790631518, 0.0533716750359, 0.720871121623, 0.0523668952779, 0.00119335456155, 1.06358149316e-05, 0.104000944217, 2.77671240826e-05, 0.130064247928, 0.390998735506, 324.033090798, 1.99264867042
0.999629549744, 0.895328797108, 0.923419086641, 0.980034114465, 0.961910543697, 0.911899981765, 0.0378047973883, 0.359040777385, 0.752490867281, 0.787869300425, 0.589387056904, 0.591345211539, 6.2564040789, 159.235927877, 15.9884611851, 7.18622410931, 3.84364586392, 15.9652779825, 24.3725295098, 0.0862907418675
0.770269970718, 0.825340442993, 0.713840996149, 0.95452223802, 0.999978587552, 0.191436730702, 0.97941114468, 0.00319754696101, 0.954212166643, 0.925473613882, 0.359767045675, 0.281475381305, 24.9676905995, 0.524862487247, 107.671824477, 0.00285143639117, 6.34468983835, 55.9264485165, 41.3589070477, 70.6238680599
0.843641212848, 0.997513094355, 0.234783430521, 0.0147826976939, 0.576221992616, 0.0564688188098, 0.721001993394, 0.414536185083, 0.954212166643, 0.530044742311, 0.251044613493, 0.194064271443, 0.0209419669606, 0.00810367667489, 0.485320412671, 0.378286537482, 59.4923063814, 196.809336386, 0.641212580188, 47.7867210521
0.999902701367, 0.827654212538, 0.821984429069, 0.999858421834, 0.956605429986, 0.809853949818, 0.338042182869, 0.967767822061, 0.954212166643, 0.530044742311, 0.509142797049, 0.965951972918, 62.947693718, 123.264846929, 43.7209438891, 10.4304913818, 0.0340351094466, 52.0625302261, 60.9002425413, 0.0343848668505
0.843641212848, 0.616386434577, 0.965474865568, 0.999368938256, 0.919196923258, 0.671950049083, 0.242547660841, 0.533996482431, 0.954212166643, 0.386941866486, 0.229044708659, 0.358340255252, 27.2847770559, 85.207658292, 54.91946603, 14.7165382872, 0.115006867118, 6.51697906942, 117.476725336, 56.7573854529
0.972455610625, 0.937662959859, 0.865821819322, 0.96521674062, 0.99996844286, 0.975165248186, 0.0058147022292, 0.439326138535, 0.954212166643, 0.797323007107, 0.695150304044, 0.984053294421, 1.04798421365, 179.182089888, 4.58995966897, 0.00583257569046, 6.66052066721, 29.6750375894, 14.7030960946, 6.68076169934
0.999902701367, 0.726426168141, 0.821984429069, 0.983877000304, 0.956605429986, 0.809853949818, 0.309521449721, 0.967767822061, 0.584715823784, 0.825494763871, 0.541920839736, 0.642899725933, 49.5604740225, 110.559201261, 37.5945858118, 8.96892812533, 3.38696096753, 45.4944843221, 96.24625243, 0.0342340493307
0.99389978186, 0.997914056557, 0.576665735773, 0.954349657217, 0.999694254993, 0.485660900801, 0.0058147022292, 0.465880458608, 0.752065674442, 0.910335436497, 0.541920839736, 0.982323808854, 0.511954843572, 87.5329395281, 93.2439312811, 0.0554451053541, 8.67441829027, 139.494020414, 0.688781635168, 2.0266642198
0.999629549744, 0.895328797108, 0.923419086641, 0.954349657217, 0.905056937318, 0.911899981765, 0.0246233273503, 0.359040777385, 0.681470481779, 0.610412734081, 0.251044613493, 0.41606016405, 4.21813702721, 167.088403604, 16.5501805628, 19.7067076336, 9.92858498308, 18.0370292394, 27.5352566919, 0.0974883516499
0.999629549744, 0.991900906516, 0.923419086641, 0.398793707083, 0.99996844286, 0.911899981765, 0.0058147022292, 0.359040777385, 0.752490867281, 0.787869300425, 0.972104992003, 0.41606016405, 0.596504502847, 101.989058667, 9.91094436524, 0.00355018004122, 169.600827322, 23.395166667, 2.49444381539, 0.114137440015
0.909476273082, 0.997513094355, 0.633150356302, 0.954349657217, 0.99997806275, 0.996969672442, 0.516981458948, 0.625018049468, 0.985572436048, 0.958868984828, 0.251044613493, 0.642899725933, 108.60195549, 101.467387637, 0.638513825705, 0.00462245240468, 10.0792166067, 127.927520229, 0.869393887969, 34.7959202605
0.999629549744, 0.533957919522, 0.708314379487, 0.801992733699, 0.99999983182, 0.485660900801, 0.0058147022292, 0.465383441245, 0.994275880031, 0.0491456018169, 0.541920839736, 0.921757937965, 0.29714970269, 50.8060179191, 54.1208014841, 1.76965627212e-05, 25.9791804845, 54.0297901209, 161.672576972, 0.128558868528
0.999940559503, 0.910942195367, 0.392402656006, 0.00616322955096, 0.999986896606, 0.0671625399234, 0.452047793647, 0.636889154152, 0.954212166643, 0.38633610282, 0.611935303813, 0.026013127022, 0.0194229863946, 0.023543679227, 0.596774858011, 8.38289490143e-06, 103.161333801, 160.725881436, 25.8613454309, 0.017261851553
0.999629549744, 0.614371887306, 0.865821819322, 0.980034114465, 0.99996844286, 0.911899981765, 0.975671484662, 0.359040777385, 0.954212166643, 0.787869300425, 0.359767045675, 0.591345211539, 148.216365974, 3.69579739651, 14.6764608298, 0.00525722639476, 3.39395773905, 26.343363597, 123.232902984, 0.118426475756
0.972455610625, 0.34983041164, 0.923419086641, 0.398793707083, 0.99996844286, 0.911899981765, 0.0058147022292, 0.479553463621, 0.752490867281, 0.787869300425, 0.972104992003, 0.41606016405, 0.166644340279, 28.4924913662, 2.76880187393, 0.000991807116324, 47.3810639232, 6.53586367973, 158.617658332, 6.91016225917
0.797205463907, 0.940908591056, 0.975621720075, 0.913812694072, 0.332109066133, 0.490743687992, 0.871265755353, 0.439326138535, 0.994275880031, 0.287266187574, 0.0767685024649, 0.176761888546, 21.4431890229, 3.1683475733, 25.5399726303, 100.857645117, 14.2426038374, 4.12921682268, 10.6375481703, 45.7934303614
0.999941389686, 0.825340442993, 0.234783430521, 0.998780941812, 0.0935000978143, 0.802112347712, 0.619659191779, 0.479553463621, 0.954212166643, 0.38746410281, 0.0270002006338, 0.233737007822, 2.76498777714, 1.69712270847, 1.10083901683, 53.9337743779, 0.0726184945561, 194.151042589, 53.6926191098, 0.0180186286586
0.999792803039, 0.920548035408, 0.994178262322, 0.131866667138, 0.0935000978143, 0.490743687992, 0.0058147022292, 0.485069670899, 0.772916851071, 0.11075596169, 0.589387056904, 0.135352393655, 0.00636751077761, 1.088703316, 1.13638085273, 21.6343167173, 157.1183189, 1.05981182661, 15.7121028682, 0.0409829341733
0.972455610625, 0.937662959859, 0.865821819322, 0.998720270716, 0.99996844286, 0.975165248186, 0.97941114468, 0.439326138535, 0.954212166643, 0.797323007107, 0.695150304044, 0.984053294421, 182.646486317, 3.83953368508, 4.74928124456, 0.0060350295715, 0.245050737022, 29.6750375894, 14.7030960946, 6.68076169934
0.921269616707, 0.994346081369, 0.975621720075, 0.998195275643, 0.992408294929, 0.982233924542, 0.0498908318656, 0.769685469114, 0.954212166643, 0.919098567148, 0.889784218869, 0.0307579743938, 13.7106540736, 261.102444062, 4.97065934729, 2.14028417664, 0.509715080114, 7.05729386761, 1.64606556529, 24.8801613896
0.972455610625, 0.825340442993, 0.865821819322, 0.620138350625, 0.99996844286, 0.975165248186, 0.97941114468, 0.967767822061, 0.752490867281, 0.797323007107, 0.695150304044, 0.982323808854, 96.6064854743, 2.03082940524, 2.51201859295, 0.00319208438329, 61.9603112075, 25.2779303938, 39.8674852486, 6.46531740224
