0.99999999975, 0.999999875993, 0.509749471472, 0.0362878217039, 0.402605901255, 0.00111307972525, 0.491209923491, 0.696537269763, 0.50488249709, 0.501159985622, 13.3095335774, 13.2824067459, 3.35973876293e-06, 6.77966233326e-09
0.0866615121078, 0.999999995989, 0.999999715911, 0.999999392684, 0.271056725769, 0.00111307972525, 0.491209923491, 0.696537269763, 0.395519711604, 7.88713946818, 4.78999282381e-06, 2.24065139526e-06, 3.16335958777e-08, 83.1238032975
0.999999999521, 0.345218853355, 0.000290307996965, 0.0210198066954, 1.55024196281e-05, 0.00336901731807, 0.491209923491, 0.696537269763, 0.50488249709, 8.28544601286e-05, 0.00385887827458, 13.5738197341, 25.7531190308, 1.88348917979e-08
0.207867135214, 0.999999999057, 1.29304122498e-06, 0.230440145231, 1.83657916213e-05, 0.266551387421, 0.39368259205, 0.592340439617, 0.793722558477, 6.7975713659e-06, 2.27006367656e-05, 22.8130158724, 2.15107417113e-08, 86.9351616471
0.971797494789, 0.999999875993, 0.509749471472, 0.999999392684, 0.402605901255, 0.00111307972525, 0.491209923491, 0.696537269763, 0.50488249709, 13.4211892583, 8.15091459883e-06, 12.9078096037, 3.26498571378e-06, 0.7640933976
0.999999999521, 0.99999971963, 1.24985040051e-06, 0.0210198066954, 0.61842236438, 0.698788624176, 0.588913101483, 0.600157069214, 0.0938662383534, 1.51597034538e-06, 7.06050708872e-05, 57.7036668251, 1.61783885883e-05, 2.76333499365e-08
0.999999999972, 0.334485818035, 7.43593203978e-06, 0.999999582796, 0.49512313424, 0.609937698188, 0.602888693301, 0.180130423212, 0.397271265984, 0.000136190237967, 5.68190857757e-11, 18.315025118, 36.4410056823, 1.50964282245e-09
0.99999999998, 0.99999983539, 0.680461717754, 0.99998632178, 0.599695840777, 0.479815099563, 0.596479543471, 0.993157009944, 0.50488249709, 38.6900738775, 0.00052921857075, 18.1687353305, 9.35961851221e-06, 1.12585583284e-09
0.217052993931, 0.99999971963, 4.422022436e-07, 0.664019316812, 0.61842236438, 0.698788624176, 0.588913101483, 0.600157069214, 0.0938662383534, 3.67765842781e-06, 1.86082265956e-06, 12.5247637668, 3.51156768175e-06, 45.1789823353
0.999999937365, 0.184743853669, 7.43593203978e-06, 0.000244508024422, 0.416782521067, 0.996484035577, 0.602888693301, 0.905721070999, 0.206127939045, 2.03071684579e-08, 8.30328707626e-05, 11.1690854501, 49.288423354, 3.78674462668e-06
0.999999999972, 0.405899552982, 0.999996954861, 0.999999021109, 0.49512313424, 0.609937698188, 0.602888693301, 0.592340439617, 0.397271265984, 8.76178113466, 8.57684078926e-06, 2.66809469034e-05, 12.8243527178, 5.95136713407e-10
0.389393129976, 0.999999997796, 0.172946742922, 3.14675458915e-05, 0.0124343057716, 0.609937698188, 0.596479543471, 0.696537269763, 0.50488249709, 9.33555201036e-05, 2.96663053282, 14.1872498623, 3.78019644605e-08, 26.8991243993
0.999999999997, 0.695586183337, 0.999999181295, 0.999999021109, 0.599695840777, 0.81889432478, 0.602888693301, 0.790678639777, 0.374510166442, 72.0700662304, 7.05488386699e-05, 5.90042529722e-05, 31.5405393202, 3.01105207665e-10
0.999999999989, 0.000162619539049, 9.63388079311e-08, 0.932764188898, 0.091572477008, 0.609937698188, 0.911151288085, 0.701187026744, 0.793722558477, 8.22339341038e-10, 5.92761313672e-11, 0.00915119676487, 56.2645149312, 6.31879250997e-10
0.971797494789, 0.999999784124, 0.999999848231, 1.69979834374e-05, 0.599695840777, 0.079974065238, 0.491209923491, 0.993157009944, 0.895641887414, 0.00129327572896, 76.0827747977, 1.15472022751e-05, 1.64247548623e-05, 2.20803421158
0.999999999997, 0.00083723718759, 7.43593203978e-06, 1.20375685531e-06, 0.00101620540196, 0.132089598434, 0.407873476036, 0.931202544843, 0.655446228961, 2.05627316213e-12, 1.7082109878e-06, 0.229722425216, 274.153851793, 7.92761210003e-10
0.999999999997, 0.999999999393, 0.660534620999, 3.56757345654e-06, 0.402605901255, 0.0484079857298, 0.602888693301, 0.905721070999, 0.798220920918, 0.000304285051653, 85.2915769782, 43.8336460774, 7.83585809946e-08, 3.75254250532e-10
0.999999999997, 0.0763362672362, 0.999999181295, 3.14675458915e-05, 0.402605901255, 0.609937698188, 0.726332887532, 0.576386532454, 0.721888322337, 0.000377408343286, 11.9931966882, 9.81921100277e-06, 145.121563969, 4.56595440461e-10
0.999999999997, 0.00083723718759, 6.62795790052e-06, 0.540778924191, 0.00101620540196, 0.132089598434, 0.407873476036, 0.931202544843, 0.197370765901, 5.44161856777e-07, 4.62093809696e-07, 0.151818857657, 181.182533367, 5.23919264471e-10
0.999999999972, 0.804057377341, 0.999999848231, 0.424572676848, 0.402605901255, 0.505591108226, 0.407873476036, 0.996733074231, 0.0938662383534, 12.4326695976, 16.8501134819, 4.44421845414e-06, 7.1359909726, 1.00407589832e-09
0.999999999997, 0.879916669363, 0.999999181295, 0.729011956565, 0.402605901255, 0.609937698188, 0.726332887532, 0.701187026744, 0.793722558477, 50.5099941391, 18.775555548, 5.6724494829e-05, 9.45549354027, 2.28831068799e-10
0.999999999972, 0.405899552982, 0.999996954861, 3.14675458915e-05, 0.49512313424, 0.609937698188, 0.596479543471, 0.696537269763, 0.495091793834, 0.000255743311702, 8.12695292381, 2.474855367e-05, 11.8955366415, 5.52033364711e-10
0.999999999997, 0.999999999057, 1.29304122498e-06, 1.77367639548e-05, 0.61615517863, 0.996945711827, 0.00894321175923, 0.999987099539, 0.197370765901, 1.73306323693e-09, 9.77084941999e-05, 75.5661142368, 7.12524452955e-08, 2.1832925485e-10
0.109896420232, 0.0327533689326, 0.999999914246, 0.999999660511, 0.271056725769, 0.996484035577, 0.386222710222, 0.905721070999, 0.809710502928, 0.440598077156, 1.49578405101e-07, 3.77830057617e-08, 13.0114000757, 108.954157491
0.0866615121078, 0.999999813912, 0.999999994702, 0.0986486546598, 0.402605901255, 0.597123788676, 0.596479543471, 0.696537269763, 0.79983620508, 0.104472488726, 0.954563633826, 5.61102612014e-09, 1.97074404018e-07, 11.1613403966
0.648942039226, 0.999999999485, 0.999999295642, 1.69979834374e-05, 0.402605901255, 0.609937698188, 0.75411866364, 0.77680391693, 0.497271199991, 0.00178868423484, 105.227413441, 7.41190460167e-05, 5.41545635973e-08, 56.9258468677
0.999999999997, 0.99999988467, 0.999999181295, 0.999995013447, 0.00227307645827, 0.609937698188, 0.726332887532, 0.88655173246, 0.721888322337, 147.209414096, 0.000734071169441, 0.000120521830688, 1.69777032774e-05, 4.2781072436e-10
0.999999999998, 0.999999999057, 0.398268752678, 0.575749297823, 0.61615517863, 0.996945711827, 0.568534729186, 0.999995604531, 0.79983620508, 28.6746467948, 21.129403168, 75.2473120333, 1.17912690079e-07, 1.96368084653e-10
0.999999999997, 0.999999999485, 0.999999295642, 0.551119461867, 0.402605901255, 0.0773376833187, 0.602888693301, 0.905721070999, 0.197370765901, 39.2916477846, 32.0026005649, 5.02166847931e-05, 3.66904702155e-08, 2.0598665294e-10
0.798357560168, 0.4450916538, 1.0494434275e-05, 0.999999021109, 0.998127718811, 0.701519513442, 0.491209923491, 0.600157069214, 0.50488249709, 9.61653178694e-05, 9.41354968971e-11, 9.16337177242, 11.4243545019, 5.1998990862
0.584278256785, 0.345218853355, 0.000290307996965, 0.0210198066954, 1.55024196281e-05, 0.00336901731807, 0.491209923491, 0.696537269763, 0.50488249709, 4.8410059554e-05, 0.0022546586725, 7.93088773597, 15.0469875013, 16.3507022105
0.999999999521, 0.566601047155, 0.999999848231, 0.999999021109, 0.00181275983315, 0.812504996978, 0.602888693301, 0.490094582647, 0.695128259413, 27.044361915, 2.64735198046e-05, 4.10449954948e-06, 20.6865332241, 2.28575310271e-08
0.999999999972, 0.000162619539049, 0.999996954861, 0.999999021109, 0.49512313424, 0.609937698188, 0.602888693301, 0.592340439617, 0.397271265984, 0.00351031874488, 3.43622427126e-09, 1.06894507643e-08, 21.5826587774, 5.95136713407e-10
0.999999999989, 0.695586183337, 0.568382242952, 0.999999021109, 0.599695840777, 0.81889432478, 0.602888693301, 0.592340439617, 0.397271265984, 18.2234423566, 1.7838788863e-05, 13.8385199621, 14.0314888124, 5.17569027436e-10
0.480953370475, 0.99999971963, 1.24985040051e-06, 0.00108212786992, 0.61842236438, 0.698788624176, 0.588913101483, 0.600157069214, 0.0938662383534, 3.75356156314e-08, 3.46493222639e-05, 27.7527730615, 7.78105052411e-06, 29.9509396227
0.999999999521, 0.9999999867, 2.64031819408e-07, 0.0210198066954, 0.0833134536767, 4.12346369272e-08, 0.119349198791, 0.188110153277, 0.50488249709, 5.94467685158e-07, 2.76868430696e-05, 107.113238666, 1.42460105745e-06, 5.12947280706e-08
2.9006142785e-05, 0.928914172895, 1.56028523579e-06, 0.999999845773, 0.402605901255, 0.505591108226, 0.407873476036, 0.996733074231, 0.0938662383534, 1.53106940067e-09, 2.36132331701e-16, 0.000981273944517, 7.50928135619e-05, 36.417722129
0.99999999973, 0.999999813912, 0.999999994702, 0.476874856865, 0.402605901255, 0.297190895856, 0.602888693301, 0.696537269763, 0.397271265984, 4.86309512897, 5.33474830723, 5.40306082778e-08, 1.89770100817e-06, 2.75364718533e-09
0.790670879599, 0.9999999867, 2.64031819408e-07, 0.00108212786992, 0.0871598657563, 3.21121776503e-07, 0.0879415035169, 0.47335320565, 0.50488249709, 2.63482086711e-08, 2.43221686381e-05, 92.2180912611, 1.22649629461e-06, 24.4146303859
0.210619957439, 0.999999813912, 4.01794801363e-06, 0.999999952351, 0.00173684185442, 0.622506321399, 0.129000206762, 0.490094582647, 0.395519711604, 0.000116250874336, 5.53922637493e-12, 28.9327817061, 5.38407847452e-06, 108.437285566
0.999999999989, 0.744655887389, 0.568382242952, 0.312772115521, 0.599695840777, 0.81889432478, 0.602888693301, 0.592340439617, 0.397271265984, 6.1018784287, 13.4071446776, 14.8147499323, 11.7696959313, 5.17569027436e-10
0.200687185832, 0.999999999057, 0.895047514961, 0.31838620557, 0.887812047635, 2.82348470604e-07, 0.389603428919, 0.194242674132, 0.793722558477, 3.51401276588, 7.52293765597, 1.29418310722, 1.16271994397e-08, 49.1134150466
0.999999999999, 0.00083723718759, 7.43593203978e-06, 0.999999021109, 0.61615517863, 0.685216243911, 0.693485906932, 0.931202544843, 0.147338816861, 1.47168521994e-06, 1.44062144778e-12, 0.197914089227, 236.193353063, 3.18531959397e-10
0.999999999991, 0.999999784124, 0.999999848231, 1.69979834374e-05, 0.599695840777, 0.0560592489979, 0.491209923491, 0.993157009944, 0.895641887414, 0.00239872958793, 141.116081399, 2.14174094008e-05, 3.04641497404e-05, 1.28437427551e-09
0.999999999972, 0.999999999485, 0.994667279326, 0.352357117761, 0.00227307645827, 0.609937698188, 0.389741853754, 0.98314048459, 0.497271199991, 25.2360494447, 46.3846108814, 0.38398063747, 3.70560365665e-08, 1.98518807002e-09
0.999999999997, 0.999999999057, 0.398268752678, 0.284452793255, 0.61615517863, 0.996945711827, 0.00423761412504, 0.999995604531, 0.79983620508, 7.82940064839, 19.6950281287, 41.5857602399, 6.51649703674e-08, 1.9967622674e-10
0.999999999998, 0.999996646646, 0.999999181295, 0.203741558914, 5.29346754055e-06, 0.609937698188, 0.407873476036, 0.701187026744, 0.397271265984, 6.69918970766, 26.181631188, 2.69197251562e-05, 0.000110261496888, 6.751636135e-11
0.739525319578, 0.000162619539049, 0.999999999943, 0.540778924191, 0.205623791278, 0.0991551556623, 0.357422482226, 0.905721070999, 0.397271265984, 0.00808967365038, 0.00686962540603, 8.50623362498e-13, 91.9745958597, 32.400445729
0.584278256785, 0.566601047155, 2.64031819408e-07, 0.999999021109, 0.00181275983315, 0.812504996978, 0.602888693301, 0.490094582647, 0.798220920918, 4.21848579453e-06, 4.12944360004e-12, 15.9771985801, 12.2211263058, 20.063485839
0.720872733396, 0.999999717154, 0.999999715911, 1.69979834374e-05, 0.599695840777, 0.505591108226, 0.491209923491, 0.99906884045, 0.895641887414, 0.00041327749928, 24.3129119356, 6.90714969564e-06, 6.87691887407e-06, 9.41430510809
0.0866180821366, 0.999999999893, 0.411075041142, 3.14675458915e-05, 0.0779487605934, 0.505591108226, 0.39139191138, 0.956139689981, 0.495091793834, 0.000190550433548, 6.05526843597, 8.67532829171, 1.57750370735e-09, 155.335172579
1.0, 0.999999999057, 0.541389846456, 1.77367639548e-05, 0.61615517863, 0.996945711827, 0.0156865868115, 0.999987099539, 0.197370765901, 0.000863568911639, 48.6872124432, 41.2435625858, 8.47978083648e-08, 2.56299999556e-11
0.476085285179, 0.999999999999, 1.00899948574e-06, 1.77367639548e-05, 0.00173684185442, 0.622506321399, 0.00894321175923, 0.445995154622, 0.395519711604, 1.50798458888e-09, 8.50187692614e-05, 84.261877892, 8.4905590935e-11, 92.727256321
0.171978638894, 0.000162619539049, 0.999999243992, 0.788594422995, 0.402605901255, 0.479815099563, 0.596479543471, 0.592340439617, 0.793722558477, 0.00116246190281, 0.000311631584177, 1.11442690438e-09, 9.06320909191, 43.6435092078
0.654312009165, 0.999992484217, 2.64031819408e-07, 0.002743846453, 0.400465645559, 0.812504996978, 0.602888693301, 0.497914099721, 0.798220920918, 1.28431179218e-08, 4.66785536203e-06, 17.7277771088, 0.000133239161907, 9.36606273782
0.999999999973, 0.788768753966, 0.999999715911, 0.0205840137792, 0.599695840777, 0.609937698188, 0.491209923491, 0.706709335746, 0.793722558477, 0.538210821335, 25.6088189615, 7.42808510243e-06, 7.00214254482, 8.91614818877e-10
0.971797494789, 0.999999717154, 0.999999640866, 0.999999925159, 0.599695840777, 0.505591108226, 0.491209923491, 0.993157009944, 0.895641887414, 36.8307406256, 2.75646198807e-06, 1.32271605873e-05, 1.04174172433e-05, 1.06886455725
0.480953370475, 0.9999999867, 2.64031819408e-07, 0.00108212786992, 0.0833134536767, 0.698788624176, 0.119349198791, 0.188110153277, 0.50488249709, 1.3292798078e-08, 1.22706511308e-05, 46.5244708501, 6.18773283266e-07, 50.2093923543
1.0, 0.334485818035, 0.087355217651, 0.999999582796, 0.49512313424, 0.869542901509, 0.602888693301, 0.180130423212, 0.397271265984, 3.45823925685, 1.44279058397e-06, 36.1300150753, 78.7673026386, 3.33233103485e-11
0.999999929195, 0.327665593242, 0.999999295642, 3.14675458915e-05, 0.0871598657563, 0.609937698188, 0.602888693301, 0.993157009944, 0.50488249709, 0.00056571448142, 17.9771464138, 1.26627480358e-05, 36.8883495294, 3.88478260298e-06
0.906083172306, 0.999999999999, 1.29304122498e-06, 1.77367639548e-05, 0.00173684185442, 0.622506321399, 0.000870623896211, 0.445995154622, 0.395519711604, 3.52800820924e-09, 0.000198905823114, 153.830434855, 1.55005656315e-10, 15.9447670664
0.999999999972, 0.999996646646, 0.999996954861, 0.999999021109, 0.49512313424, 0.609937698188, 0.32676921787, 0.592340439617, 0.397271265984, 77.2821461116, 7.56509039504e-05, 0.000235335807332, 0.000259156316489, 2.13070607944e-09
0.999999999997, 0.695586183337, 0.999999181295, 0.932764188898, 0.599695840777, 0.81889432478, 0.602888693301, 0.790678639777, 0.793722558477, 38.5640591529, 2.77978703234, 3.38484546883e-05, 18.0935858391, 1.72732395797e-10
0.960345437418, 0.000162619539049, 9.63388079311e-08, 0.999999021109, 0.091572477008, 0.609937698188, 0.911151288085, 0.701187026744, 0.374510166442, 1.51125495253e-09, 1.47935595749e-15, 0.0156868900368, 96.4480691845, 3.98317928446
0.648942039226, 0.999999999485, 0.999999295642, 0.999999924273, 0.402605901255, 0.609937698188, 0.591162093546, 0.761611547418, 0.497271199991, 72.0575666861, 5.45671142994e-06, 5.07543381272e-05, 3.7083302871e-08, 38.9809884958
0.0776173339357, 0.999999813912, 0.999999999943, 0.575749297823, 0.402605901255, 0.505591108226, 0.389741853754, 0.796519220463, 0.197370765901, 1.17013093809, 0.862230964071, 1.15565208538e-10, 3.78199100096e-07, 24.1520243433
0.282416768481, 0.9999999867, 2.64031819408e-07, 0.00108212786992, 0.0833134536767, 6.71260190876e-07, 0.0879415035169, 0.47335320565, 0.50488249709, 1.02024224943e-08, 9.41790933574e-06, 35.7082312656, 4.74917803387e-07, 90.7298643331
0.999999999997, 0.999999999057, 0.999999999943, 0.284452793255, 0.61615517863, 0.967819458691, 0.389741853754, 0.999995604531, 0.79983620508, 38.4512437786, 96.7249425358, 7.6864578814e-09, 1.27459529504e-07, 3.90557039617e-10
0.739525319578, 0.000162619539049, 0.212659340134, 0.540778924191, 0.205623791278, 0.0991551556623, 0.00141122162159, 0.905721070999, 0.397271265984, 0.00057173133323, 0.000485505381542, 0.00391426707201, 30.5664088841, 10.7678132524
0.416923358974, 0.999999999999, 0.695221325065, 1.77367639548e-05, 0.00173684185442, 0.622506321399, 0.00894321175923, 0.999987099539, 0.197370765901, 0.000481530593514, 27.1482472196, 11.9017545584, 3.934876719e-11, 54.6129741785
0.999999996823, 0.999999999232, 0.300822104165, 3.14675458915e-05, 0.61615517863, 0.505591108226, 0.218067487896, 0.905721070999, 0.793722558477, 0.000760203584657, 24.1575770013, 56.1493824421, 6.166156368e-08, 2.55126552429e-07
0.999999999989, 0.695586183337, 9.63388079311e-08, 0.999999021109, 0.599695840777, 0.81889432478, 0.602888693301, 0.790678639777, 0.793722558477, 3.98301621871e-06, 3.89894422651e-12, 41.3438760503, 18.093585839, 6.67404560608e-10
0.999999999998, 0.999999999057, 0.999999295642, 0.884565034507, 0.61615517863, 0.996945711827, 0.602888693301, 0.618949302803, 0.79983620508, 67.2829419624, 8.78036524247, 5.35758102605e-05, 7.17212139312e-08, 1.1944225341e-10
0.99999999973, 0.000162619539049, 0.999999995828, 0.999999021109, 0.402605901255, 0.609937698188, 0.149063856064, 0.490094582647, 0.395519711604, 0.0210831262022, 2.06381115891e-08, 8.79619920716e-11, 129.625987872, 3.50076196117e-08
0.999999999976, 0.999999999875, 0.721772186566, 3.56757345654e-06, 0.402605901255, 0.0121992516812, 0.602888693301, 0.542166672049, 0.83359325954, 0.000526057510355, 147.454744805, 56.840868012, 2.55800234624e-08, 4.93300639743e-09
0.999999929195, 0.987752840227, 0.999999295642, 0.999998150741, 0.334878082465, 0.609937698188, 0.602888693301, 0.993157009944, 0.397271265984, 108.951740663, 0.000201480393088, 7.67411882851e-05, 1.35089743963, 7.80997830998e-06
0.999999999989, 0.188570174901, 0.568382242952, 0.999999021109, 0.599695840777, 0.81889432478, 0.602888693301, 0.395232695258, 0.397271265984, 4.58331206189, 4.48656925323e-06, 3.48047609336, 34.6990283932, 4.80170232099e-10
0.378571835453, 0.000162619539049, 0.999999113597, 3.14675458915e-05, 0.402605901255, 0.609937698188, 0.596479543471, 0.993737790893, 0.50488249709, 6.14309090632e-08, 0.00195213748778, 1.73043672721e-09, 12.0027592906, 19.705813083
0.999999999521, 0.9999999867, 2.64031819408e-07, 0.00108212786992, 0.0618951039315, 4.12346369272e-08, 0.119349198791, 0.188110153277, 0.50488249709, 4.84711217947e-08, 4.47439449523e-05, 169.647750593, 2.25630713719e-06, 8.12414538373e-08
0.99999999973, 0.928914172895, 1.56028523579e-06, 0.999999845773, 0.402605901255, 0.505591108226, 0.407873476036, 0.996733074231, 0.0938662383534, 5.27843157776e-05, 8.14076981512e-12, 33.8298667122, 2.58885899094, 9.83388775378e-09
0.790670879599, 0.999999813912, 2.64031819408e-07, 0.999999952351, 0.00173684185442, 0.622506321399, 0.234865914541, 0.490094582647, 0.395519711604, 3.14427761586e-05, 1.49821372092e-12, 119.087045741, 2.21607310063e-05, 31.5281596932
2.9006142785e-05, 0.999999999612, 0.895047514961, 0.31838620557, 0.887812047635, 2.82348470604e-07, 0.389603428919, 0.284197643372, 0.793722558477, 0.000649280491201, 0.00139000538187, 0.000239124869356, 8.83325135615e-13, 78.5469709742
0.99999999975, 0.000162619539049, 0.509749471472, 0.0051674657142, 0.766631132326, 0.00111307972525, 0.407873476036, 0.905721070999, 0.50488249709, 4.7932689751e-05, 0.00922792754854, 0.00892103992035, 111.880411748, 2.80010290247e-08
0.999999996823, 0.999999999772, 0.644211643821, 0.540778924191, 0.416782521067, 6.71260190876e-07, 0.196960908102, 0.696537269763, 0.397271265984, 16.9078654559, 14.3578971313, 17.2676082189, 1.10768731361e-08, 1.5418382715e-07
0.999999999997, 0.000162619539049, 0.999999181295, 0.999999021109, 0.402605901255, 0.609937698188, 0.726332887532, 0.701187026744, 0.793722558477, 0.0128048183605, 1.25345391223e-08, 1.04833918064e-08, 78.7282951105, 2.28831068799e-10
0.999999978782, 0.812448897754, 1.24985040051e-06, 0.999996087067, 0.402605901255, 0.698788624176, 0.602888693301, 0.600157069214, 0.0938662383534, 1.78036081464e-05, 6.96646004156e-11, 14.2446292387, 3.28832897834, 3.72006648418e-07
0.389393129976, 0.999999999393, 0.999999295642, 1.20375685531e-06, 0.402605901255, 0.0773376833187, 0.602888693301, 0.905721070999, 0.655446228961, 7.7033448567e-05, 63.9941160027, 4.50748313459e-05, 3.88342862443e-08, 100.349283149
0.476085285179, 0.999999999057, 0.541389846456, 0.104247614529, 0.419129040982, 0.996945711827, 0.00161270516067, 0.999987099539, 0.197370765901, 2.05550246356, 17.6619987266, 16.7026520861, 3.43410753578e-08, 40.0790674055
1.0, 0.999999999999, 1.00899948574e-06, 1.77367639548e-05, 0.00173684185442, 0.622506321399, 0.00894321175923, 0.445995154622, 0.395519711604, 3.16746733374e-09, 0.000178578863721, 176.989040651, 1.78341136721e-10, 5.04409098681e-11
0.0979631001012, 0.999999999485, 0.999999295642, 0.999999924273, 0.271056725769, 0.609937698188, 0.386222710222, 0.592340439617, 0.397271265984, 9.8970042844, 7.49471552879e-07, 6.9710361451e-06, 5.09333889934e-09, 91.1309464741
0.999999999999, 0.999999999057, 0.343588533818, 0.999995013447, 0.41012105695, 0.996945711827, 0.568534729186, 0.999995604531, 0.79983620508, 38.1151126123, 0.000190063967447, 72.8176852576, 1.04600276374e-07, 1.63384530274e-10
0.389393129976, 0.00083723718759, 7.43593203978e-06, 1.20375685531e-06, 0.00101620540196, 0.12950464408, 0.407873476036, 0.905721070999, 0.655446228961, 5.83728953947e-13, 4.84922057728e-07, 0.0652129461392, 77.8260126498, 122.141132183
