1.33116623654e-05, 0.0200986726024, 0.209850434627, 0.977176060182, 0.354049163299, 0.193026307908, 0.573684787656, 0.502964573361, 0.790691193474, 0.98511093707, 0.926503467546, 0.42803370481, 0.572835026408, 0.775322839331, 0.057930589529, 1.61514429771, 0.552918898747, 0.0539457000866, 3.57350092763e-05
0.999996111519, 0.00933188211862, 0.614466573899, 0.590153539578, 0.264275957713, 0.670219444943, 0.584874341882, 0.785380787504, 0.637600487825, 0.953938592244, 0.684816611201, 0.260198156399, 0.413467418875, 0.499169345724, 3.12457216835e-06, 4.16363043241e-06, 7.51846864e-06, 1.3405754283e-07, 1.49733115264
0.00185034272875, 0.112757108778, 0.822879097807, 8.01532156943e-05, 0.392066931941, 0.798865587507, 0.571664049262, 0.337326036186, 0.0689735492257, 0.864754171144, 0.152938771441, 0.4378636036, 0.947570843094, 0.661500056328, 0.487196657139, 6.13401918171e-05, 1.70569711289, 0.317519783711, 0.00523785345227
0.000483173264164, 0.0539552999089, 0.168747775724, 8.01532156943e-05, 0.75632026194, 0.934063376009, 0.569422943309, 0.337326036186, 0.252681023536, 0.932185994098, 0.810544122103, 0.218302375267, 0.0212899490626, 0.661500056328, 1.88896961702, 0.000237829543669, 0.512772099997, 0.166287529532, 0.0014909002884
2.42385966442e-06, 0.992467953712, 0.0397319668923, 0.970568481561, 0.909828327054, 0.638349871248, 0.93801590783, 0.392739001293, 0.786213054597, 0.646532153192, 0.0394726928398, 0.359425688007, 0.337599902671, 0.587869181949, 0.000960319960356, 0.0207574428025, 0.00129856129405, 1.75967054255, 6.70022071903e-06
0.00185034272875, 0.99999512506, 0.857037054746, 8.01532156943e-05, 0.909828327054, 0.934063376009, 0.579117683819, 0.337326036186, 0.0689735492257, 0.902745585274, 0.369249871039, 0.310361829269, 0.947570843094, 0.661500056328, 3.43859670858e-06, 4.32934377926e-10, 1.50539437518e-05, 2.01653214824, 0.0058610905079
0.999997013931, 0.9999940677, 0.822879097807, 6.35046155707e-05, 0.909828327054, 0.934063376009, 0.579117683819, 0.337326036186, 0.0689735492257, 0.646532153192, 0.684816611201, 0.4378636036, 0.947570843094, 0.661500056328, 2.23371223324e-11, 2.22819088089e-15, 7.82032561222e-11, 8.72794407855e-06, 1.86076821093
0.322259491152, 0.763118311459, 0.911682347628, 0.692507275396, 0.312752967969, 0.558669114755, 0.31790493368, 0.523436471225, 0.753050604856, 0.565185982781, 0.55107322862, 0.73771523428, 0.321759996943, 0.382929086193, 0.0254270728157, 0.0484841722288, 0.392098766279, 1.01442457986, 0.603694062134
4.72132976626e-06, 0.112757108778, 0.209850434627, 0.99536376629, 0.175023578292, 0.788064176491, 0.667551344479, 0.502964573361, 0.556427704303, 0.556989969072, 0.592163158428, 0.721619248147, 0.086814492209, 0.775322839331, 0.0103587068854, 1.42237027914, 0.486625790108, 0.269090088235, 1.13263815835e-05
0.000483173264164, 0.0539552999089, 0.168747775724, 8.01532156943e-05, 0.75632026194, 0.934063376009, 0.569422943309, 0.337326036186, 0.252681023536, 0.932185994098, 0.810544122103, 0.218302375267, 0.0212899490626, 0.661500056328, 1.88896961702, 0.000237829543669, 0.512772099997, 0.166287529532, 0.0014909002884
0.00185034272875, 0.0200986726024, 0.102447584612, 8.01532156943e-05, 0.542066903143, 0.798865587507, 0.584874341882, 0.651768047832, 0.185282544036, 0.833082961178, 0.926503467546, 0.310361829269, 0.370880231678, 0.775322839331, 1.61963595058, 0.000203919256067, 0.262912207816, 0.0518199285134, 0.00477150059273
0.00765290265689, 0.36472641451, 0.395605169602, 0.232649806754, 0.514712242671, 0.981918379976, 0.573684787656, 0.549179852455, 0.618022105943, 0.48373413208, 0.596887408564, 0.545679868962, 0.321759996943, 0.214424653821, 0.880088053288, 0.336750426191, 0.674741707886, 0.747637702414, 0.0165803780588
0.638503999013, 0.112757108778, 0.0694285794784, 0.71786059222, 0.391008080365, 0.640416924112, 0.328841837852, 0.639167096543, 0.153934422314, 0.688384663407, 0.445058105201, 0.766587386586, 0.572835026408, 0.409833925197, 0.298562503785, 0.628982325453, 0.0762337669298, 0.125368726763, 1.11540323482
0.104511354482, 0.390683551612, 0.0676688245515, 0.649014868765, 0.187828785921, 0.354479736896, 0.353787802372, 0.549179852455, 0.459416179718, 0.593701013461, 0.544388723392, 0.418462593241, 0.548051296114, 0.499169345724, 0.488898040477, 0.795044907161, 0.0995833805573, 0.661190090314, 0.190195985538
0.000954927244678, 0.0200986726024, 0.315647110674, 0.173634039638, 0.542066903143, 0.798865587507, 0.486798168045, 0.547657072248, 0.537420997629, 0.627238132494, 0.926503467546, 0.0412185179635, 0.248782206726, 0.611315337344, 1.33686136767, 0.373939180763, 0.750841252218, 0.0498425504103, 0.00236851226787
0.198032668574, 0.965059097757, 0.0566865568081, 0.34465781029, 0.508277866973, 0.354479736896, 0.353787802372, 0.737505866561, 0.51267787814, 0.550442516673, 0.544388723392, 0.838612238209, 0.493429244626, 0.719430105378, 0.0564618801083, 0.033951480859, 0.00588202826587, 1.20395655442, 0.387663708058
0.11110418045, 0.960373918606, 0.219290439803, 0.333630047224, 0.112729066097, 0.685967955263, 0.32570081853, 0.62201339322, 0.383847076415, 0.310452484844, 0.559579861022, 0.392134231434, 0.572835026408, 0.219016992703, 0.0688275182662, 0.0397803696202, 0.0285204779283, 1.35511908853, 0.239392444736
0.22805899849, 0.9999940677, 0.472992091864, 8.01532156943e-05, 0.909828327054, 0.934063376009, 0.35902060051, 0.337326036186, 0.260595442823, 0.80569030123, 0.684816611201, 0.310361829269, 0.571909316913, 0.661500056328, 1.06356622292e-05, 1.33907643183e-09, 9.76947656226e-06, 1.54978871339, 0.580222690409
0.00185034272875, 0.0200986726024, 0.315647110674, 0.676760419782, 0.542066903143, 0.798865587507, 0.486798168045, 0.547657072248, 0.186186512873, 0.627238132494, 0.926503467546, 0.310361829269, 0.248782206726, 0.611315337344, 0.641836865806, 1.15355298727, 0.714015667087, 0.0473979842948, 0.00436433466129
0.400008206998, 0.321765278675, 0.615955504738, 0.173634039638, 0.340845182917, 0.496293300021, 0.360961543468, 0.29109416554, 0.372029014471, 0.942380646327, 0.327185145037, 0.565623141384, 0.798619516195, 0.382929086193, 0.555919743325, 0.155498676539, 0.83790858361, 0.563058144641, 0.844924040081
0.11110418045, 0.0200986726024, 0.158981042659, 0.731372190566, 0.874063660667, 0.823203929767, 0.600175159767, 0.570906057214, 0.384880490881, 0.386125114648, 0.0999556944793, 0.561199769118, 0.572835026408, 0.144620414806, 0.617591570853, 1.37571220775, 0.384611739266, 0.0491487340408, 0.274529079131
0.521300404868, 0.316356003373, 0.208969522553, 0.603664137849, 0.564156126655, 0.558669114755, 0.527408879045, 0.523436471225, 0.438157227645, 0.303243082369, 0.462838175109, 0.73771523428, 0.280075561085, 0.242313082958, 0.405694309094, 0.565202901567, 0.236944628145, 0.398593377585, 0.894007608644
0.00402108765645, 0.210889713236, 0.871163125309, 0.469791462098, 0.264275957713, 0.777154573825, 0.328841837852, 0.19510878566, 0.227403156246, 0.538115583812, 0.559579861022, 0.608395509651, 0.572835026408, 0.678785468097, 0.194473532755, 0.176840885245, 1.28106018431, 0.449785487196, 0.00873517478263
0.999972619805, 0.0219958743866, 0.822879097807, 8.01532156943e-05, 0.679291383067, 0.934063376009, 0.579117683819, 0.337326036186, 0.485214757412, 0.81932168594, 0.684816611201, 0.738764878088, 0.947570843094, 0.661500056328, 1.97502924474e-05, 2.48664827522e-09, 6.91466501515e-05, 2.48562287326e-06, 1.67303155636
0.112773511622, 0.0200986726024, 0.102447584612, 8.01532156943e-05, 0.462613144109, 0.777154573825, 0.584874341882, 0.651768047832, 0.634985340704, 0.26617094872, 0.926503467546, 0.4378636036, 0.370880231678, 0.879618025031, 1.48381262908, 0.00018681850533, 0.240864284445, 0.04747428849, 0.269244369298
0.0727475408609, 0.379626112459, 0.315647110674, 0.768023687114, 0.577011627915, 0.558669114755, 0.751674440792, 0.605244695525, 0.49340434597, 0.514661581743, 0.564446540624, 0.73771523428, 0.572835026408, 0.783051233818, 0.316968803033, 0.831022301493, 0.481072722517, 0.686333866941, 0.14026346043
0.00185034272875, 0.9999940677, 0.822879097807, 8.01532156943e-05, 0.909828327054, 0.934063376009, 0.579117683819, 0.337326036186, 0.0689735492257, 0.80569030123, 0.684816611201, 0.310361829269, 0.947570843094, 0.661500056328, 5.02853739977e-06, 6.33114870846e-10, 1.76051325458e-05, 1.96483650394, 0.00571083609701
4.72132976626e-06, 0.9999940677, 0.822879097807, 0.873297494048, 0.679291383067, 0.934063376009, 0.579117683819, 0.337326036186, 0.0689735492257, 0.81932168594, 0.684816611201, 0.629168660978, 0.947570843094, 0.661500056328, 9.20043699527e-07, 4.56158291489e-06, 1.62919055199e-05, 1.81827263162, 1.34847597765e-05
0.275178861754, 0.239391870813, 0.208969522553, 0.532625649843, 0.264275957713, 0.354479736896, 0.395198952142, 0.508135674228, 0.4376757389, 0.551191673784, 0.525116380179, 0.766587386586, 0.548051296114, 0.678785468097, 0.642889188358, 0.712406597315, 0.326809678091, 0.400241580696, 0.502810597095
0.22805899849, 0.9999940677, 0.750815005894, 8.01532156943e-05, 0.909828327054, 0.934063376009, 0.35902060051, 0.337326036186, 0.260595442823, 0.80569030123, 0.684816611201, 0.310361829269, 0.710543660851, 0.661500056328, 5.63984580953e-06, 7.10081275612e-10, 1.36652476837e-05, 1.586460565, 0.593952200901
0.367156178377, 0.210889713236, 0.497141150956, 0.215042576204, 0.264275957713, 0.777154573825, 0.328841837852, 0.673473980808, 0.227403156246, 0.554495425241, 0.559579861022, 0.608395509651, 0.572835026408, 0.382336458052, 0.692420870672, 0.243212922601, 0.727331251794, 0.355375345152, 0.710775514608
0.346078215286, 0.0200986726024, 0.102447584612, 8.01532156943e-05, 0.629986015933, 0.950467650796, 0.584874341882, 0.651768047832, 0.463456413317, 0.833082961178, 0.984667253132, 0.310361829269, 0.370880231678, 0.775322839331, 1.45709679547, 0.000183454864931, 0.236527557543, 0.0466195207334, 0.89258092176
0.266542052341, 0.287212782513, 0.615955504738, 0.654981852848, 0.488546632877, 0.685967955263, 0.328841837852, 0.516882574656, 0.457815056961, 0.784299951304, 0.554276178705, 0.582384672638, 0.95583644614, 0.564991662002, 0.329304782261, 0.546938135406, 0.926690733321, 0.545190989792, 0.556433461967
0.00185034272875, 0.064373678251, 0.615955504738, 0.173634039638, 0.264275957713, 0.170235994629, 0.328841837852, 0.507906156734, 0.185282544036, 0.718427238261, 0.33068444133, 0.935807370616, 0.849192016983, 0.462869680297, 0.914453982894, 0.255785814056, 1.37830838135, 0.169823760461, 0.00488971875137
0.00185034272875, 0.064373678251, 0.822879097807, 0.978300408841, 0.264275957713, 0.170235994629, 0.328841837852, 0.281332871498, 0.185282544036, 0.688384663407, 0.384612802168, 0.935807370616, 0.849192016983, 0.462869680297, 0.0158534563339, 0.46492649312, 1.62867429798, 0.171860591497, 0.00494836502609
0.0107830890464, 0.239391870813, 0.208969522553, 0.603664137849, 0.264275957713, 0.300388371943, 0.395198952142, 0.508135674228, 0.4376757389, 0.551191673784, 0.525116380179, 0.766587386586, 0.548051296114, 0.433815550695, 0.61157365275, 0.852028720412, 0.357187883797, 0.437445561746, 0.0201782320357
0.0558338779474, 0.0200986726024, 0.566009133005, 4.36242826377e-05, 0.462613144109, 0.685967955263, 0.584874341882, 0.337326036186, 0.185282544036, 0.833082961178, 0.926503467546, 0.4378636036, 0.615948778072, 0.775322839331, 0.975370468162, 6.68371277379e-05, 1.20194177175, 0.0488850465352, 0.13617397703
0.0223508922429, 0.497206263996, 0.188886681656, 0.978300408841, 0.112729066097, 0.685967955263, 0.32570081853, 0.62201339322, 0.417223561871, 0.310452484844, 0.559579861022, 0.608395509651, 0.572835026408, 0.709466673137, 0.0309285746216, 0.907027050329, 0.277463726828, 0.940727942674, 0.0469338863268
0.604978838921, 0.700238113939, 0.0489783049705, 0.977176060182, 0.542066903143, 0.504564456543, 0.60219455384, 0.651768047832, 0.0689735492257, 0.763197869674, 0.684816611201, 0.610624536461, 0.170660149908, 0.350885370145, 0.0138330539698, 0.385674967594, 0.0297496798075, 0.760366511584, 1.19387656298
0.038595077196, 0.316356003373, 0.9813983845, 0.196695275503, 0.70551047213, 0.596383654198, 0.578929043456, 0.508135674228, 0.185282544036, 0.551191673784, 0.542650631156, 0.766587386586, 0.672743656782, 0.359564335949, 0.0313056852165, 0.00999246873249, 1.12433744968, 0.610015592151, 0.0776699283767
0.00765290265689, 0.201769839258, 0.15180193961, 0.76754898808, 0.312752967969, 0.214576023328, 0.486798168045, 0.516882574656, 0.634985340704, 0.404969217664, 0.684816611201, 0.652210093977, 0.572835026408, 0.626346574326, 0.403125595354, 1.0545442426, 0.274423792809, 0.381080334152, 0.014699506442
0.186733653388, 0.0869962313098, 0.27223425828, 0.978300408841, 0.312752967969, 0.214576023328, 0.486798168045, 0.62201339322, 0.634985340704, 0.445008670384, 0.684816611201, 0.543097807407, 0.370342654753, 0.985511441645, 0.0423897593944, 1.24314356216, 0.566890829018, 0.18797061942, 0.416750399757
0.168490046168, 0.424118858913, 0.871163125309, 0.469791462098, 0.264275957713, 0.777154573825, 0.328841837852, 0.295088203361, 0.227403156246, 0.538115583812, 0.559579861022, 0.608395509651, 0.572835026408, 0.678785468097, 0.150302192798, 0.136674499877, 0.990089253172, 0.794518617113, 0.348429254828
0.601813065872, 0.316356003373, 0.871163125309, 0.603664137849, 0.564156126655, 0.333598988529, 0.527408879045, 0.295088203361, 0.438157227645, 0.303243082369, 0.462838175109, 0.73771523428, 0.548051296114, 0.462869680297, 0.0710987822375, 0.0990529990628, 0.594235308442, 0.328982053125, 0.955525430932
0.266542052341, 0.321765278675, 0.00166441696151, 0.196695275503, 0.480639181488, 0.685967955263, 0.328841837852, 0.508135674228, 0.384880490881, 0.688384663407, 0.462838175109, 0.458843051439, 0.548051296114, 0.283511859328, 0.887428112339, 0.283258379542, 0.00243547572386, 0.515488260785, 0.473766882013
0.266542052341, 0.15610648624, 0.27223425828, 0.24912507912, 0.270220526863, 0.685967955263, 0.786345838442, 0.516882574656, 0.787950135672, 0.766260147799, 0.554276178705, 0.341417430606, 0.493429244626, 0.564991662002, 1.01080095316, 0.417060878803, 0.498344142678, 0.300714212282, 0.551224428104
0.471506328512, 0.112757108778, 0.315647110674, 7.16177359028e-06, 0.542066903143, 0.777154573825, 0.486798168045, 0.547657072248, 0.797007303877, 0.61492084026, 0.592163158428, 0.310361829269, 0.248782206726, 0.611315337344, 0.832247242625, 9.36252152663e-06, 0.450149098296, 0.169361891732, 0.87881377649
0.289977459745, 0.201769839258, 0.0912924650022, 0.0917472853139, 0.540497234281, 0.395778660539, 0.391137589436, 0.397160307755, 0.48506132713, 0.867145413452, 0.582306176726, 0.561199769118, 0.572835026408, 0.499169345724, 0.991070431332, 0.143826519166, 0.144602697708, 0.331878931623, 0.521630466112
0.00185034272875, 0.0200986726024, 0.102447584612, 8.01532156943e-05, 0.542066903143, 0.798865587507, 0.584874341882, 0.651768047832, 0.185282544036, 0.833082961178, 0.926503467546, 0.310361829269, 0.370880231678, 0.775322839331, 1.61963595058, 0.000203919256067, 0.262912207816, 0.0518199285134, 0.00477150059273
0.433464602784, 0.0200986726024, 0.102447584612, 8.01532156943e-05, 0.462613144109, 0.806475359188, 0.56868570548, 0.651768047832, 0.793473286095, 0.833082961178, 0.942789049786, 0.4378636036, 0.370880231678, 0.445875184001, 1.18030388887, 0.00014860542634, 0.191596328301, 0.0377635870106, 0.969193377095
0.000483173264164, 0.0539552999089, 0.539228149975, 0.977176060182, 0.75632026194, 0.934063376009, 0.569422943309, 0.337326036186, 0.252681023536, 0.932185994098, 0.810544122103, 0.218302375267, 0.0212899490626, 0.661500056328, 0.0464605537835, 1.29535188787, 1.46664460612, 0.166287529532, 0.0014909002884
0.00185034272875, 0.613353195676, 0.315647110674, 0.676760419782, 0.542066903143, 0.798865587507, 0.486798168045, 0.547657072248, 0.186186512873, 0.627238132494, 0.926503467546, 0.310361829269, 0.248782206726, 0.611315337344, 0.36647118374, 0.658647004048, 0.407683292542, 1.23303743943, 0.00436433466129
0.168490046168, 0.424118858913, 0.208969522553, 0.469791462098, 0.264275957713, 0.777154573825, 0.328841837852, 0.265365012898, 0.737621538382, 0.744265078399, 0.559579861022, 0.608395509651, 0.323350476394, 0.678785468097, 0.750014034237, 0.682011294192, 0.345247132622, 0.841839443307, 0.369181393108
0.198032668574, 0.456729498869, 0.822879097807, 0.284266695049, 0.384520752721, 0.895740853565, 0.210168578876, 0.651768047832, 0.382104512685, 0.386125114648, 0.725694356355, 0.608395509651, 0.341263218561, 0.547886093292, 0.247713623685, 0.118599453179, 0.961531534775, 0.872516665246, 0.426678862298
0.00402108765645, 0.382246638659, 0.909180211523, 0.469791462098, 0.264275957713, 0.777154573825, 0.328841837852, 0.295088203361, 0.227403156246, 0.538115583812, 0.559579861022, 0.608395509651, 0.572835026408, 0.678785468097, 0.115602434556, 0.105120920949, 1.08783184522, 0.752560256043, 0.00841323582845
0.000483173264164, 0.112757108778, 0.0694285794784, 0.71786059222, 0.391008080365, 0.640416924112, 0.328841837852, 0.639167096543, 0.597134085825, 0.688384663407, 0.378132744093, 0.766587386586, 0.572835026408, 0.409833925197, 0.513817479538, 1.08246048664, 0.131196119684, 0.215755971971, 0.000929383497011
0.168490046168, 0.424118858913, 0.395605169602, 0.469791462098, 0.264275957713, 0.777154573825, 0.328841837852, 0.295088203361, 0.936033335856, 0.538115583812, 0.559579861022, 0.608395509651, 0.572835026408, 0.678785468097, 0.660850546583, 0.600932137224, 0.639588373882, 0.863601463271, 0.378724938389
0.45700361042, 0.201769839258, 0.0912924650022, 0.0917472853139, 0.638982831166, 0.395778660539, 0.391137589436, 0.717572631208, 0.48506132713, 0.593701013461, 0.582306176726, 0.561199769118, 0.572835026408, 0.499169345724, 0.781063252776, 0.113349773481, 0.113961480296, 0.261554002285, 0.732888876491
0.11110418045, 0.00940107829648, 0.990651520391, 0.978300408841, 0.264275957713, 0.823203929767, 0.319418381184, 0.651768047832, 0.185282544036, 0.763197869674, 0.384612802168, 0.712374397828, 0.849192016983, 0.462869680297, 0.000771528303692, 0.0226262299542, 1.54160266925, 0.022769232788, 0.271867790513
0.175737611298, 0.00933188211862, 0.0676688245515, 0.117956766171, 0.540497234281, 0.354479736896, 0.751674440792, 0.265365012898, 0.4376757389, 0.507321829959, 0.554276178705, 0.528067748148, 0.571909316913, 0.261213622473, 1.13868969641, 0.21343136197, 0.123609472322, 0.0170797529735, 0.330084022546
0.038595077196, 0.126578061889, 0.943940759367, 0.196695275503, 0.889016010007, 0.558669114755, 0.527408879045, 0.508135674228, 0.185282544036, 0.551191673784, 0.755590308586, 0.766587386586, 0.800445524448, 0.585255581699, 0.122245086827, 0.039019436865, 1.45347439458, 0.294000458422, 0.0903481486088
0.400008206998, 0.0816056359607, 0.615955504738, 0.173634039638, 0.564156126655, 0.647892855308, 0.360961543468, 0.29109416554, 0.372029014471, 0.788190460367, 0.327185145037, 0.565623141384, 0.798619516195, 0.382929086193, 0.581047896944, 0.162527379295, 0.875782927632, 0.137076972097, 0.779089404287
0.0107830890464, 0.0461056259272, 0.822879097807, 0.990117415271, 0.264275957713, 0.661236724326, 0.328841837852, 0.281332871498, 0.185282544036, 0.747096071696, 0.384612802168, 0.310361829269, 0.849192016983, 0.462869680297, 0.00634056160492, 0.408415687829, 1.43005373625, 0.107898771769, 0.0252596320316
0.198032668574, 0.456729498869, 0.209850434627, 0.284266695049, 0.384520752721, 0.777154573825, 0.210168578876, 0.651768047832, 0.382104512685, 0.386125114648, 0.725694356355, 0.608395509651, 0.341263218561, 0.547886093292, 0.80453201113, 0.385190992591, 0.305161888139, 0.822572517771, 0.402255131644
0.350155508384, 0.388975307161, 0.368383712341, 0.768023687114, 0.564156126655, 0.562152863088, 0.627577011489, 0.29109416554, 0.372029014471, 0.788190460367, 0.327185145037, 0.567967113019, 0.572835026408, 0.382929086193, 0.254339947605, 0.666823253892, 0.466212025332, 0.597074534893, 0.638131931994
0.00969634791774, 0.15610648624, 0.545723704128, 0.768023687114, 0.508277866973, 0.5158287247, 0.744365706993, 0.118161002952, 0.408566623577, 0.463013363657, 0.554276178705, 0.341417430606, 0.572835026408, 0.564991662002, 0.283545097779, 0.743392717136, 0.918993267299, 0.304190013925, 0.0190865218899
0.0558338779474, 0.0433977843488, 0.566009133005, 8.01532156943e-05, 0.462613144109, 0.189886796438, 0.876996345303, 0.508135674228, 0.185282544036, 0.26617094872, 0.554276178705, 0.582384672638, 0.463329589214, 0.775322839331, 0.927067531171, 0.000116721860374, 1.14241842822, 0.100449346992, 0.129666948927
0.521300404868, 0.0540257879647, 0.395605169602, 0.980536743277, 0.564156126655, 0.876154419355, 0.315005617529, 0.549179852455, 0.372029014471, 0.292758775266, 0.462838175109, 0.620994673226, 0.572835026408, 0.144620414806, 0.0234986127031, 0.768371936404, 0.550448087748, 0.0804302966938, 1.01462036792
0.11110418045, 0.497206263996, 0.219290439803, 0.333630047224, 0.112729066097, 0.685967955263, 0.32570081853, 0.62201339322, 0.383847076415, 0.310452484844, 0.559579861022, 0.608395509651, 0.572835026408, 0.562606609461, 0.743120729096, 0.429502879379, 0.307931462388, 0.903910347104, 0.226383995262
0.198032668574, 0.456729498869, 0.524827064978, 0.513880053247, 0.853191058522, 0.777154573825, 0.210168578876, 0.651768047832, 0.382104512685, 0.386125114648, 0.525116380179, 0.608395509651, 0.341263218561, 0.547886093292, 0.463240640709, 0.483894041462, 0.724282230799, 0.86081564871, 0.420956820964
0.00672299089448, 0.112757108778, 0.395605169602, 0.71786059222, 0.391008080365, 0.640416924112, 0.328841837852, 0.639167096543, 0.597134085825, 0.688384663407, 0.874666764712, 0.766587386586, 0.572835026408, 0.409833925197, 0.46331252416, 0.976061578944, 0.773647795913, 0.237859247723, 0.0142569905449
0.999972619805, 0.0169786329039, 0.822879097807, 8.01532156943e-05, 0.264275957713, 0.934063376009, 0.483017935991, 0.673473980808, 0.634985340704, 0.81932168594, 0.684816611201, 0.738764878088, 0.947570843094, 0.173473504168, 2.11675172814e-05, 2.66508308566e-09, 7.41084171756e-05, 2.05600060691e-06, 1.79265088953
0.00185034272875, 0.0200986726024, 0.315647110674, 7.16177359028e-06, 0.542066903143, 0.798865587507, 0.486798168045, 0.547657072248, 0.537420997629, 0.627238132494, 0.926503467546, 0.310361829269, 0.248782206726, 0.611315337344, 1.23474507231, 1.38904963902e-05, 0.667853676721, 0.0443336463604, 0.0040821750619
0.11110418045, 0.0540257879647, 0.158981042659, 0.980536743277, 0.564156126655, 0.876154419355, 0.328841837852, 0.570906057214, 0.372029014471, 0.292758775266, 0.327185145037, 0.620994673226, 0.572835026408, 0.144620414806, 0.041137341648, 1.34513382811, 0.343238085995, 0.118145995664, 0.245759634477
0.00402108765645, 0.382246638659, 0.97580003319, 0.469791462098, 0.963983329034, 0.777154573825, 0.328841837852, 0.295088203361, 0.227403156246, 0.538115583812, 0.193868196626, 0.682645595695, 0.572835026408, 0.678785468097, 0.0371991900336, 0.0338263906801, 1.32204127051, 0.905949500769, 0.0101280485349
0.198032668574, 0.0816056359607, 0.615955504738, 7.16177359028e-06, 0.485429429391, 0.647892855308, 0.360961543468, 0.29109416554, 0.372029014471, 0.788190460367, 0.327185145037, 0.565623141384, 0.800353087579, 0.382929086193, 0.708461607035, 7.96997179075e-06, 1.02835515334, 0.160957477262, 0.404809794269
0.521300404868, 0.0540257879647, 0.158981042659, 0.980536743277, 0.564156126655, 0.876154419355, 0.315005617529, 0.717264363103, 0.372029014471, 0.292758775266, 0.462838175109, 0.620994673226, 0.572835026408, 0.144620414806, 0.028907917671, 0.945248681652, 0.241199307831, 0.0830232236451, 1.04732988915
0.266542052341, 0.287212782513, 0.453389768735, 0.376737484044, 0.270220526863, 0.685967955263, 0.328841837852, 0.516882574656, 0.612567652291, 0.784299951304, 0.554276178705, 0.582384672638, 0.493429244626, 0.564991662002, 0.63247130331, 0.425105210559, 0.657909847987, 0.487756087115, 0.49781418481
0.999972619805, 0.099202795835, 0.246236806898, 0.977176060182, 0.542066903143, 0.504564456543, 0.60219455384, 0.651768047832, 0.634985340704, 0.763197869674, 0.684816611201, 0.610624536461, 0.170660149908, 0.264399825526, 1.88027599236e-06, 5.24233754891e-05, 2.13660320665e-05, 8.89842934057e-06, 1.33312903227
0.266542052341, 0.287212782513, 0.453389768735, 0.768023687114, 0.270220526863, 0.685967955263, 0.328841837852, 0.564953440447, 0.457815056961, 0.397255162062, 0.378298429994, 0.4378636036, 0.493429244626, 0.564991662002, 0.256434301253, 0.672314187295, 0.621217848326, 0.460553657728, 0.470050809697
0.266542052341, 0.243489277668, 0.536575226591, 0.768023687114, 0.270220526863, 0.685967955263, 0.328841837852, 0.516882574656, 0.417223561871, 0.688384663407, 0.554276178705, 0.582384672638, 0.493429244626, 0.564991662002, 0.235808194899, 0.618237085041, 0.742440467488, 0.400071503995, 0.477015817846
0.999972619805, 0.099202795835, 0.822879097807, 8.01532156943e-05, 0.679291383067, 0.934063376009, 0.579117683819, 0.337326036186, 0.634985340704, 0.81932168594, 0.684816611201, 0.738764878088, 0.947570843094, 0.661500056328, 1.97327097217e-05, 2.48443453308e-09, 6.90850922486e-05, 1.1287389408e-05, 1.69103399515
0.604978838921, 0.9999940677, 0.0489783049705, 0.977176060182, 0.542066903143, 0.504564456543, 0.60219455384, 0.651768047832, 0.0689735492257, 0.763197869674, 0.684816611201, 0.610624536461, 0.170660149908, 0.264399825526, 2.90583179805e-07, 8.10165699484e-06, 6.24934781249e-07, 0.872562578192, 1.22094651944
0.601813065872, 0.316356003373, 0.208969522553, 0.603664137849, 0.564156126655, 0.333598988529, 0.527408879045, 0.265365012898, 0.438157227645, 0.303243082369, 0.462838175109, 0.73771523428, 0.548051296114, 0.462869680297, 0.338554389969, 0.47166528901, 0.197731745898, 0.332628619059, 0.966116849072
0.000483173264164, 0.0539552999089, 0.395605169602, 0.460121272124, 0.160568548116, 0.777154573825, 0.573684787656, 0.393554474969, 0.48506132713, 0.48373413208, 0.290072651814, 0.4378636036, 0.0212899490626, 0.260190873732, 0.938045849376, 0.827316295111, 0.895598415599, 0.130691364788, 0.00117175228956
0.00765290265689, 0.201769839258, 0.27223425828, 0.76754898808, 0.312752967969, 0.214576023328, 0.486798168045, 0.516882574656, 0.634985340704, 0.445008670384, 0.684816611201, 0.652210093977, 0.370342654753, 0.626346574326, 0.379204690331, 0.991969072576, 0.483995841436, 0.382794115643, 0.0147656125614
0.0107830890464, 0.658474624073, 0.620798545011, 0.731372190566, 0.874063660667, 0.504564456543, 0.600175159767, 0.570906057214, 0.384880490881, 0.386125114648, 0.0999556944793, 0.561199769118, 0.572835026408, 0.144620414806, 0.173386207823, 0.386225353478, 0.624637727423, 1.26899153387, 0.0250096382338
0.175737611298, 0.099202795835, 0.0676688245515, 0.117956766171, 0.540497234281, 0.354479736896, 0.751674440792, 0.265365012898, 0.4376757389, 0.507321829959, 0.554276178705, 0.528067748148, 0.571909316913, 0.261213622473, 1.12501358204, 0.210867966759, 0.12212487359, 0.180839284016, 0.330084022546
0.000483173264164, 0.0539552999089, 0.539228149975, 8.01532156943e-05, 0.75632026194, 0.934063376009, 0.569422943309, 0.337326036186, 0.252681023536, 0.932185994098, 0.810544122103, 0.218302375267, 0.0212899490626, 0.661500056328, 1.29618481315, 0.000163195341971, 1.46664460612, 0.166287529532, 0.0014909002884
0.000132676836697, 0.703747759598, 0.395605169602, 0.822079165782, 0.692182946328, 0.505800980125, 0.737291653918, 0.456877668409, 0.463456413317, 0.48373413208, 0.757244553795, 0.807474485401, 0.0212899490626, 0.628928598342, 0.15129263259, 0.527172987383, 0.39271851938, 1.3433874369, 0.000313286844572
0.11110418045, 0.316356003373, 0.208969522553, 0.603664137849, 0.338753895661, 0.333598988529, 0.527408879045, 0.521884666188, 0.54647185026, 0.551191673784, 0.327185145037, 0.73771523428, 0.280075561085, 0.242313082958, 0.602496357594, 0.839382465719, 0.351886314914, 0.591950768776, 0.218929540372
0.468168087178, 0.986474811819, 0.615955504738, 8.01532156943e-05, 0.462613144109, 0.395778660539, 0.584874341882, 0.523436471225, 0.48506132713, 0.26617094872, 0.833873171351, 0.4378636036, 0.463329589214, 0.382929086193, 0.0107722346254, 1.35627149434e-06, 0.0156362503869, 0.893602119733, 0.808609669926
