0.158861654965, 1.15289072534, 2.3133329614, 0.908818185526, 96.1392429128, 7.39731148439, 0.444783614089, 3.79213175346, 17.7043068132, 0.0, 1.0, 0.0
0.124075562166, 0.823246611885, 2.35223676457, 0.89401507947, 92.0796279146, 6.68679345627, 0.0493104867847, 0.693563478142, 11.6272688326, 93.1159837207, 0.0, 0.0
0.124075562166, 0.980126434693, 4.17662932411, 0.887599849174, 81.3420659634, 8.9885341593, 0.0493104867847, 0.693563478142, 17.7558646803, 39.2702019862, 0.00324156396864, 0.0
0.100873009525, 1.01210200205, 2.35736326939, 0.84498263351, 82.4088914751, 1.5584723902, 0.00312843327793, 2.07144168778, 17.6924591538, 132.726026567, 0.00166197048747, 0.0
0.181657174035, 0.832827341647, 2.90080260207, 0.826782527501, 88.7897050139, 3.21947436775, 0.977314890035, 3.25089557673, 16.1288270782, 157.4491661, 0.0, 0.0
0.118276623877, 1.01729426838, 2.35223676457, 0.926652063576, 87.9787239105, 2.95936532481, 0.147744605667, 3.4287444115, 11.0613286158, 130.420825015, 0.0, 0.142857142857
0.125203612113, 0.827059491091, 2.07073737277, 0.770577072253, 87.9787239105, 1.09491689532, 0.189898571138, 1.27316929684, 10.7430827935, 132.153648818, 0.00296624418236, 0.0
0.135006457169, 0.820561799861, 2.13572043788, 0.683699880892, 90.3210972642, 7.42916252805, 0.107102904934, 1.03984910026, 13.3584578117, 55.777820501, 0.147401852808, 0.5625
0.125203612113, 0.903369486455, 2.21876473216, 0.860985672126, 87.8368187005, 1.00654144225, 0.481054374059, 1.27316929684, 11.0613286158, 91.0221484534, 0.00524590987612, 0.0909090909091
0.135006457169, 0.896924081633, 2.13572043788, 0.898651982464, 85.6615936572, 2.73817618421, 0.764752615134, 0.344641246122, 11.5244371385, 75.5200354835, 0.0106540076239, 0.0
0.152528746699, 0.860836866531, 2.07073737277, 0.787885321026, 87.9787239105, 1.09491689532, 0.189898571138, 1.27316929684, 10.7430827935, 68.9912026871, 0.00582603328538, 0.3125
0.142638076247, 1.2574581116, 2.48804608772, 0.670768016847, 90.7935047845, 1.08554602393, 0.507272722506, 3.03163678135, 16.9831875753, 84.1406003525, 0.00988219089787, 0.0
0.116974990148, 0.979371459291, 3.42688995973, 0.8056075278, 87.6476462226, 7.03097065836, 0.435592351237, 2.27939078818, 13.3698981293, 67.0298214367, 0.0915490935318, 0.0
0.122958019098, 1.01729426838, 2.66575781023, 0.830574904491, 99.8423467436, 1.83990639686, 0.303931632469, 3.1800164238, 15.1380330814, 95.4905049071, 0.00979798842682, 0.0
0.117832094056, 0.84088471518, 2.35736326939, 0.84498263351, 87.9787239105, 1.5584723902, 0.00312843327793, 2.07144168778, 17.6924591538, 112.254223297, 0.00444406244991, 0.0
0.118155469375, 1.01557080747, 2.04669810076, 0.692384629892, 95.1964982801, 8.87620836968, 0.189898571138, 1.66780159988, 18.975197471, 68.3714452379, 0.0298526143712, 0.0
0.125203612113, 0.827059491091, 2.07073737277, 0.770577072253, 87.9787239105, 1.09491689532, 0.189898571138, 1.27316929684, 10.7430827935, 62.3916059271, 0.0159099882841, 0.6
0.188451084073, 0.854537116695, 2.18580816537, 0.603716205564, 85.2578829177, 2.78017004653, 0.115273276562, 2.68827704116, 10.7430827935, 63.4185420091, 0.0399728310039, 0.3
0.183276416354, 0.825178233726, 2.23861744021, 0.735203169021, 94.2059313127, 1.51143795469, 0.727399739384, 3.26918956394, 18.0556107657, 70.0331808034, 0.0182901210625, 0.0909090909091
0.135006457169, 0.979371459291, 2.13572043788, 0.898651982464, 91.2370022121, 1.75554741418, 0.107102904934, 0.344641246122, 11.5244371385, 68.3561562041, 0.0288186588054, 0.428571428571
0.125203612113, 1.06378754832, 3.61343349516, 0.770577072253, 87.8368187005, 1.09491689532, 0.189898571138, 1.27316929684, 10.7430827935, 136.022101638, 0.00295907155445, 0.0
0.135006457169, 1.13740702669, 2.35223676457, 0.926652063576, 87.9787239105, 2.95936532481, 0.0398500015675, 3.4287444115, 11.0613286158, 167.458745814, 0.0, 0.0
0.125203612113, 1.06378754832, 2.48804608772, 0.770577072253, 87.8368187005, 1.09491689532, 0.189898571138, 1.27316929684, 10.7430827935, 132.331879538, 0.00387167325961, 0.0
0.178071975615, 0.859557363137, 2.11977373064, 0.906720355961, 96.1392429128, 1.82838541745, 0.977314890035, 4.93141938257, 19.4708877533, 76.8644679432, 0.0154497071953, 0.0
0.135006457169, 0.896924081633, 2.07073737277, 0.787885321026, 91.2370022121, 1.96600176204, 0.727399739384, 3.89190266484, 11.5244371385, 76.7285700173, 0.0133971462821, 0.142857142857
0.100873009525, 1.06378754832, 2.07073737277, 0.770577072253, 88.6076304565, 1.09491689532, 0.184732604811, 1.27316929684, 10.7430827935, 93.2665518679, 0.00683579754586, 0.684210526316
0.100873009525, 1.01210200205, 2.63813980582, 0.770577072253, 82.4088914751, 1.5584723902, 0.0158537769101, 2.07144168778, 14.7278324557, 76.9675362005, 0.0104811314614, 0.416666666667
0.125203612113, 0.854537116695, 2.07073737277, 0.770577072253, 87.9787239105, 1.09491689532, 0.727399739384, 1.27316929684, 16.5511860051, 98.3089981527, 0.00735078781057, 0.333333333333
0.125203612113, 1.16222232984, 2.35223676457, 0.926652063576, 85.236294683, 1.00654144225, 0.147744605667, 3.4287444115, 11.0613286158, 94.6890840454, 0.0126020919946, 0.363636363636
0.180505371194, 1.01729426838, 2.70227398437, 0.809846999311, 97.6363546616, 5.89595570429, 0.764752615134, 3.1800164238, 16.2613411443, 89.2642860064, 0.0126416338353, 0.0
0.145636153409, 0.832827341647, 3.19894254107, 0.653198543323, 80.691678513, 1.82838541745, 0.444783614089, 0.84732497052, 19.4846331547, 95.5309189559, 0.0104065137041, 0.384615384615
0.135006457169, 0.841021026661, 2.13572043788, 0.898651982464, 91.2370022121, 1.75554741418, 0.107102904934, 0.344641246122, 11.5244371385, 98.9002430867, 0.0111685606587, 0.222222222222
0.135006457169, 0.896924081633, 2.13572043788, 0.898651982464, 85.6615936572, 2.73817618421, 0.764752615134, 0.344641246122, 11.5244371385, 98.4502112738, 0.0115185142708, 0.1
0.152528746699, 0.860836866531, 2.11586077621, 0.898651982464, 99.4617028824, 1.09491689532, 0.189898571138, 2.47118501158, 10.7430827935, 122.947188733, 0.0100798008292, 0.2
0.121738681248, 0.896924081633, 2.13572043788, 0.898651982464, 91.2370022121, 2.73817618421, 0.764752615134, 0.344641246122, 12.3037003096, 112.763478506, 0.0110238804237, 0.0625
0.125203612113, 0.854537116695, 2.07073737277, 0.770577072253, 87.9787239105, 1.09491689532, 0.727399739384, 1.27316929684, 16.5511860051, 112.883108391, 0.00932825797071, 0.3
0.178071975615, 0.859557363137, 2.35223676457, 0.80886768742, 98.7099127165, 1.82838541745, 0.977314890035, 3.79213175346, 19.4708877533, 125.400621326, 0.00806151027674, 0.0
0.121738681248, 0.896924081633, 2.29390609653, 0.898651982464, 91.2370022121, 1.09491689532, 0.189898571138, 0.344641246122, 12.3037003096, 128.685221045, 0.00638747294611, 0.2
0.121738681248, 1.19910844638, 2.35223676457, 0.926652063576, 87.9787239105, 2.95936532481, 0.147744605667, 3.4287444115, 11.0613286158, 126.796356858, 0.00676582431448, 0.0
0.125203612113, 1.06378754832, 2.11220168593, 0.8056075278, 87.8368187005, 1.00654144225, 0.189898571138, 0.787450018224, 10.7430827935, 128.751399393, 0.0065719698239, 0.105263157895
0.158861654965, 0.859557363137, 2.20388781023, 0.906720355961, 96.1392429128, 1.82838541745, 0.977314890035, 3.79213175346, 19.4708877533, 69.5104043665, 0.0437890763181, 0.4
0.190341628669, 0.827292906308, 2.18238862418, 0.87843241859, 81.6839203739, 2.78017004653, 0.727399739384, 3.87789218838, 17.4638408159, 68.699242571, 0.0637014910413, 0.384615384615
0.124075562166, 0.827292906308, 2.35223676457, 0.89401507947, 92.0796279146, 6.68679345627, 0.0493104867847, 0.693563478142, 11.6272688326, 76.7121197869, 0.0641312648259, 0.272727272727
0.125203612113, 0.862892132507, 2.63813980582, 0.770577072253, 87.8368187005, 1.09491689532, 0.0493104867847, 1.27316929684, 10.7430827935, 143.103112425, 0.00375832102839, 0.0
0.100873009525, 1.01210200205, 5.93256769918, 0.84498263351, 82.4088914751, 1.5584723902, 0.813579284503, 2.07144168778, 19.6961027096, 214.445182722, 0.00240151988297, 0.0
0.121738681248, 1.19910844638, 6.85764452014, 0.926652063576, 87.9787239105, 2.95936532481, 0.326478822073, 3.4287444115, 11.0613286158, 1017.8462302, 0.0, 0.0
0.118734172985, 1.01557080747, 5.30468767176, 0.809846999311, 94.2562263529, 5.89595570429, 0.610345565714, 1.74688951475, 13.3698981293, 315.089104344, 0.00133613955679, 0.0
0.121200569749, 0.897514185698, 6.98185365036, 0.87838155463, 81.5797040211, 1.08554602393, 0.147744605667, 1.35061215643, 17.1687729224, 208.063168147, 0.00278539961275, 0.0
0.117832094056, 0.84088471518, 2.35736326939, 0.84498263351, 87.9787239105, 1.5584723902, 0.00312843327793, 2.07144168778, 17.6924591538, 133.443283329, 0.00473591667695, 0.0
0.188451084073, 0.854537116695, 2.18580816537, 0.603716205564, 85.2578829177, 2.78017004653, 0.727399739384, 2.68827704116, 16.5511860051, 78.4818619773, 0.0256205433466, 0.181818181818
0.158861654965, 0.859557363137, 2.20388781023, 0.906720355961, 96.1392429128, 1.82838541745, 0.977314890035, 3.79213175346, 16.1055629812, 76.8508018013, 0.0249157724372, 0.333333333333
0.121738681248, 1.01210200205, 2.63813980582, 0.770577072253, 82.4088914751, 1.50431045984, 0.0158537769101, 2.07144168778, 14.7278324557, 91.2870778192, 0.0119102133845, 0.5
0.125203612113, 0.854537116695, 2.07073737277, 0.770577072253, 87.9787239105, 1.09491689532, 0.189898571138, 1.27316929684, 10.7430827935, 96.4223934098, 0.0144345350745, 0.285714285714
0.158861654965, 0.838420461804, 2.66575781023, 0.884335079668, 97.4413338756, 1.82838541745, 0.444783614089, 2.47118501158, 17.7043068132, 113.130125839, 0.0128091443874, 0.0
0.165413579435, 0.854537116695, 2.18580816537, 0.603716205564, 88.6076304565, 2.78017004653, 0.727399739384, 2.68827704116, 17.4638408159, 96.43681873, 0.0159331399588, 0.0
0.118155469375, 0.88035480986, 2.04669810076, 0.692384629892, 87.0395411947, 4.62402949714, 0.610345565714, 0.344641246122, 14.7746090064, 95.575042288, 0.0356360881752, 0.0
0.124075562166, 0.827292906308, 2.35223676457, 0.89401507947, 92.0796279146, 6.68679345627, 0.0493104867847, 0.693563478142, 11.6272688326, 93.0543006938, 0.103922515606, 0.1
0.135006457169, 0.896924081633, 2.13572043788, 0.898651982464, 91.2370022121, 1.96600176204, 0.727399739384, 1.37800374317, 11.5244371385, 97.3535506926, 0.0138175745929, 0.0
0.152528746699, 0.860836866531, 2.07073737277, 0.787885321026, 99.4617028824, 1.09491689532, 0.189898571138, 2.47118501158, 10.7430827935, 121.389382321, 0.0120689312524, 0.368421052632
0.124075562166, 0.980126434693, 2.35223676457, 0.938462123392, 80.4244111406, 9.97575750417, 0.0493104867847, 0.693563478142, 16.9831875753, 126.51873119, 0.0118457316387, 0.0
0.135006457169, 0.876625029935, 2.13572043788, 0.898651982464, 91.2370022121, 2.73817618421, 0.764752615134, 1.66780159988, 11.5244371385, 127.168524851, 0.00922327389886, 0.0
0.196888307769, 1.17281760845, 2.46918856981, 0.87178493213, 80.7954622413, 1.5060582688, 0.160214225754, 2.62326221803, 11.6112032983, 169.231078591, 0.00470895409132, 0.0
0.124106623617, 1.0764605091, 6.94538808883, 0.942528192524, 84.2772089385, 1.55582920194, 0.547529010879, 2.40794122577, 17.2666786394, 494.349133794, 0.0015016982329, 0.142857142857
0.173161144071, 1.04170833226, 3.44711841804, 0.770577072253, 97.4413338756, 1.09491689532, 0.000532450549448, 1.27316929684, 14.2216389995, 250.635908385, 0.00352793278734, 0.0
0.100873009525, 1.01210200205, 5.93256769918, 0.84498263351, 82.4088914751, 1.5584723902, 0.268471152586, 2.07144168778, 19.6961027096, 401.15118758, 0.00342792483512, 0.0
0.145636153409, 0.832827341647, 4.54041979651, 0.707663215169, 81.1455590995, 1.82838541745, 0.444783614089, 0.84732497052, 18.1500364348, 220.201898682, 0.00442603668014, 0.0
0.188451084073, 0.844812102189, 2.18580816537, 0.603716205564, 85.2578829177, 1.51143795469, 0.115273276562, 3.26918956394, 10.7430827935, 134.600259971, 0.00495807666852, 0.0
0.118155469375, 1.01557080747, 2.04669810076, 0.692384629892, 94.873429724, 8.87620836968, 0.189898571138, 1.66780159988, 18.975197471, 91.1619269839, 0.144326171651, 0.214285714286
0.14809843499, 0.862892132507, 2.35223676457, 0.775069476492, 90.3210972642, 5.89595570429, 0.610345565714, 1.74688951475, 11.5244371385, 77.7268841114, 0.171981652751, 0.588235294118
0.180505371194, 1.01729426838, 2.32682303062, 0.660975479719, 97.6363546616, 2.73817618421, 0.174090239684, 4.20070403624, 16.3320841498, 93.7094037295, 0.0283768725607, 0.363636363636
0.134426743969, 0.827797787483, 2.23861744021, 0.8056075278, 94.2059313127, 8.19833901493, 0.435592351237, 3.26918956394, 18.0556107657, 78.1478706426, 0.0852660577121, 0.5625
0.165413579435, 0.862892132507, 2.35223676457, 0.629769567008, 80.7954622413, 5.89595570429, 0.610345565714, 1.74688951475, 17.1670750804, 83.8327470006, 0.0768484674822, 0.454545454545
0.125203612113, 0.965196566912, 2.07073737277, 0.770577072253, 82.4088914751, 3.61876012546, 0.189898571138, 1.27316929684, 10.7430827935, 87.4901511606, 0.0724311000566, 0.347826086957
0.183276416354, 0.835630160428, 2.18238862418, 0.629769567008, 81.6839203739, 2.78017004653, 0.128734876847, 3.87789218838, 18.6959945729, 88.1605656309, 0.0432190833797, 0.352941176471
0.124206453789, 1.06378754832, 2.07073737277, 0.770577072253, 88.6076304565, 1.09491689532, 0.184732604811, 1.27316929684, 10.7430827935, 99.8848115529, 0.0124163527711, 0.619047619048
0.125203612113, 0.862892132507, 2.63813980582, 0.770577072253, 87.8368187005, 1.09491689532, 0.481054374059, 1.27316929684, 10.7430827935, 93.3422574229, 0.0131297826169, 0.529411764706
0.124075562166, 0.980126434693, 2.35223676457, 0.89401507947, 95.1964982801, 9.91858948826, 0.0493104867847, 0.693563478142, 11.6272688326, 97.285656803, 0.0425770379103, 0.0
0.158861654965, 0.859557363137, 2.13572043788, 0.898651982464, 91.2370022121, 2.73817618421, 0.764752615134, 1.66780159988, 10.7989750964, 96.0052605845, 0.036235024414, 0.352941176471
0.165413579435, 0.862892132507, 2.35223676457, 0.629769567008, 90.3210972642, 5.89595570429, 0.610345565714, 1.74688951475, 11.6272688326, 96.5656804411, 0.0612858208874, 0.0909090909091
0.135006457169, 0.896924081633, 2.13572043788, 0.898651982464, 91.2370022121, 2.78017004653, 0.727399739384, 1.37800374317, 11.5244371385, 99.0445552952, 0.0277820932024, 0.277777777778
0.158861654965, 0.832827341647, 3.44711841804, 0.906720355961, 88.7897050139, 2.81825825544, 0.977314890035, 3.79213175346, 17.7043068132, 103.815945892, 0.0158218361792, 0.0
0.118276623877, 1.01729426838, 2.35223676457, 0.926652063576, 87.9787239105, 2.95936532481, 0.147744605667, 0.693563478142, 11.0613286158, 100.224870455, 0.0209438215385, 0.0
0.193600810976, 1.06378754832, 2.13572043788, 0.913990460718, 80.7954622413, 1.09491689532, 0.118508909956, 3.50573095232, 10.7430827935, 104.259794139, 0.0155659979626, 0.222222222222
0.190341628669, 0.827292906308, 2.18238862418, 0.87843241859, 81.6839203739, 2.78017004653, 0.727399739384, 3.87789218838, 17.4638408159, 99.7432517662, 0.0344165404246, 0.2
0.124206453789, 1.06378754832, 2.07073737277, 0.770577072253, 88.6076304565, 1.09491689532, 0.184732604811, 1.27316929684, 10.7430827935, 105.310329932, 0.0148570121615, 0.432432432432
0.125203612113, 1.06378754832, 2.07073737277, 0.770577072253, 87.9787239105, 1.09491689532, 0.189898571138, 1.27316929684, 10.7430827935, 123.649454791, 0.0138282292737, 0.0
0.121738681248, 0.854537116695, 2.18580816537, 0.629769567008, 88.6076304565, 2.78017004653, 0.727399739384, 0.344641246122, 17.4638408159, 116.037798147, 0.0147557310825, 0.0
0.135006457169, 0.979371459291, 2.13572043788, 0.898651982464, 97.6363546616, 1.75554741418, 0.107102904934, 0.344641246122, 11.5244371385, 103.280480553, 0.0180106369464, 0.2
0.125203612113, 1.06378754832, 2.11220168593, 0.8056075278, 87.8368187005, 2.59339674237, 0.189898571138, 0.787450018224, 10.7430827935, 133.344420482, 0.0109627247602, 0.0
0.100873009525, 1.01210200205, 5.93256769918, 0.84498263351, 82.4088914751, 1.5584723902, 0.813579284503, 2.07144168778, 19.6961027096, 463.030892047, 0.00469360220805, 0.0
0.135006457169, 0.820561799861, 2.13572043788, 0.683699880892, 80.7954622413, 7.42916252805, 0.107102904934, 2.04110783793, 11.5244371385, 86.0866642201, 0.0896951989324, 0.666666666667
0.198464128875, 1.17281760845, 2.46918856981, 0.683699880892, 80.7954622413, 7.91403628797, 0.527212456495, 2.04110783793, 14.2617972391, 95.4168996215, 0.166381249899, 0.473684210526
0.100873009525, 1.01210200205, 5.93256769918, 0.84498263351, 82.4088914751, 1.14776871444, 0.326478822073, 0.877456972518, 19.6961027096, 441.248524813, 0.00488747171319, 0.0769230769231
0.198464128875, 1.17281760845, 2.46918856981, 0.683699880892, 80.7954622413, 7.91403628797, 0.527212456495, 2.04110783793, 14.2617972391, 96.0912240005, 0.126696702418, 0.384615384615
0.104699375795, 1.06378754832, 4.54041979651, 0.682354352043, 99.6134244578, 1.09491689532, 0.0196165877286, 1.27316929684, 10.7430827935, 248.889149213, 0.00498502260966, 0.0
0.121738681248, 0.854537116695, 2.18580816537, 0.629769567008, 88.6076304565, 2.78017004653, 0.727399739384, 0.344641246122, 17.4638408159, 102.622016679, 0.0342766179164, 0.27027027027
0.125203612113, 1.06378754832, 2.11220168593, 0.8056075278, 87.8368187005, 1.00654144225, 0.189898571138, 0.787450018224, 12.3647228595, 137.05586273, 0.00569189091729, 0.142857142857
0.124075562166, 1.05685274571, 2.35223676457, 0.89401507947, 95.1964982801, 9.91858948826, 0.481054374059, 0.693563478142, 11.6272688326, 101.724839982, 0.0680125360724, 0.0
0.121738681248, 1.19910844638, 2.35223676457, 0.942411356988, 87.9787239105, 2.95936532481, 0.147744605667, 3.4287444115, 10.7567108396, 211.168448671, 0.00513640886703, 0.0
0.127558752872, 0.88035480986, 2.04669810076, 0.933192738814, 87.0395411947, 5.89595570429, 0.610345565714, 1.66780159988, 14.7746090064, 97.3847472307, 0.0536330345902, 0.0714285714286
