0.985366941912, 0.000479153237304, 0.520262259546, 0.448116586135, 0.574167159999, 0.50670128235, 0.439772083713, 0.317028057985, 0.4871970047, 0.487910327462, 0.464866204843, 0.469525379716, 0.981150095494, 0.0, 0.368951503615
0.736195093334, 0.0935448734052, 0.483914791634, 0.513109113188, 0.501459436985, 0.468276391329, 0.408222751734, 0.586515696367, 0.4871970047, 0.539584500612, 0.464866204843, 0.469525379716, 1.02124106452, 2.02883769763e-103, 8.02675497338e-14
0.00253201759459, 0.475204239613, 0.520262259546, 0.490130041638, 0.610168903916, 0.474574943518, 0.537036665918, 0.478843509069, 0.593127881671, 0.463043243991, 0.464866204843, 0.485705682771, 1.02658822308, 7.86224941414e-33, 3.58251547204e-260
0.985366941912, 0.000479153237304, 0.520262259546, 0.448116586135, 0.574167159999, 0.50670128235, 0.439772083713, 0.317028057985, 0.4871970047, 0.487910327462, 0.464866204843, 0.469525379716, 0.981150095494, 0.0, 0.368951503615
0.999995846856, 9.27192537146e-05, 0.520262259546, 0.407552831146, 0.583338976759, 0.468276391329, 0.537036665918, 0.516479619878, 0.4871970047, 0.508574689139, 0.464866204843, 0.48748811203, 0.000665402763599, 0.0, 1.02018025896
0.998719595077, 0.259579126418, 0.524534467291, 0.513109113188, 0.501459436985, 0.50670128235, 0.408222751734, 0.482117062977, 0.4871970047, 0.51548189881, 0.464866204843, 0.469525379716, 0.190051641262, 7.97936175423e-60, 0.994126893942
0.812194136535, 4.68707024209e-05, 0.520262259546, 0.490130041638, 0.501459436985, 0.468276391329, 0.408222751734, 0.446105577005, 0.477235929065, 0.539584500612, 0.408630974344, 0.485705682771, 1.02348192664, 0.0, 1.48656889636e-09
0.999999705099, 0.00102538182696, 0.520262259546, 0.407552831146, 0.583338976759, 0.414049899058, 0.537036665918, 0.410258232433, 0.543630868546, 0.508574689139, 0.509401616464, 0.48748811203, 4.79406739489e-05, 9.23390964692e-304, 1.03493725716
0.999999978486, 0.75768528829, 0.520262259546, 0.513109113188, 0.501459436985, 0.50670128235, 0.408222751734, 0.586515696367, 0.4871970047, 0.539584500612, 0.464866204843, 0.48748811203, 3.44583541934e-06, 4.81171489493e-18, 1.01965925444
0.812194136535, 4.68707024209e-05, 0.520262259546, 0.490130041638, 0.501459436985, 0.468276391329, 0.408222751734, 0.446105577005, 0.477235929065, 0.539584500612, 0.408630974344, 0.485705682771, 1.02348192664, 0.0, 1.48656889636e-09
0.00253201759459, 0.20459899554, 0.520262259546, 0.490130041638, 0.610168903916, 0.616368482552, 0.537036665918, 0.478843509069, 0.593127881671, 0.463043243991, 0.464866204843, 0.485705682771, 1.03948341332, 2.01042171315e-69, 3.62751620114e-260
0.9999974361, 9.27192537146e-05, 0.520262259546, 0.407552831146, 0.583338976759, 0.468276391329, 0.537036665918, 0.516479619878, 0.543630868546, 0.508574689139, 0.509401616464, 0.48748811203, 0.000411050776698, 0.0, 1.02077413603
0.990693809146, 0.654601447204, 0.673315625965, 0.513109113188, 0.501459436985, 0.385177844239, 0.408222751734, 0.586515696367, 0.4871970047, 0.539584500612, 0.464866204843, 0.48748811203, 0.866726208975, 5.39135486277e-19, 0.614438894731
0.999995846856, 9.27192537146e-05, 0.520262259546, 0.407552831146, 0.583338976759, 0.468276391329, 0.537036665918, 0.516479619878, 0.4871970047, 0.508574689139, 0.464866204843, 0.48748811203, 0.000665402763599, 0.0, 1.02018025896
0.998719595077, 0.259579126418, 0.524534467291, 0.513109113188, 0.501459436985, 0.50670128235, 0.408222751734, 0.482117062977, 0.4871970047, 0.51548189881, 0.464866204843, 0.469525379716, 0.190051641262, 7.97936175423e-60, 0.994126893942
0.00253201759459, 0.20459899554, 0.520262259546, 0.490130041638, 0.610168903916, 0.616368482552, 0.537036665918, 0.478843509069, 0.593127881671, 0.463043243991, 0.464866204843, 0.485705682771, 1.03948341332, 2.01042171315e-69, 3.62751620114e-260
0.99999999295, 0.75768528829, 0.673315625965, 0.513109113188, 0.501459436985, 0.50670128235, 0.408222751734, 0.586515696367, 0.4871970047, 0.539584500612, 0.464866204843, 0.48748811203, 1.16200936307e-06, 1.62261311987e-18, 1.04928700149
0.998719595077, 6.95930951147e-05, 0.404331521694, 0.513109113188, 0.501459436985, 0.50670128235, 0.408222751734, 0.513544938871, 0.4871970047, 0.539584500612, 0.464866204843, 0.469525379716, 0.191880826752, 0.0, 1.0036950433
0.736195093334, 0.0935448734052, 0.483914791634, 0.513109113188, 0.501459436985, 0.468276391329, 0.408222751734, 0.586515696367, 0.4871970047, 0.539584500612, 0.464866204843, 0.469525379716, 1.02124106452, 2.02883769763e-103, 8.02675497338e-14
0.00253201759459, 0.475204239613, 0.520262259546, 0.490130041638, 0.610168903916, 0.474574943518, 0.537036665918, 0.478843509069, 0.593127881671, 0.463043243991, 0.464866204843, 0.485705682771, 1.02658822308, 7.86224941414e-33, 3.58251547204e-260
0.998719595077, 0.259579126418, 0.524534467291, 0.513109113188, 0.501459436985, 0.50670128235, 0.408222751734, 0.482117062977, 0.4871970047, 0.51548189881, 0.464866204843, 0.469525379716, 0.190051641262, 7.97936175423e-60, 0.994126893942
0.992730747194, 0.0122063510619, 0.520262259546, 0.407552831146, 0.461468610595, 0.616368482552, 0.537036665918, 0.576477705731, 0.435675013656, 0.452584114286, 0.408630974344, 0.48748811203, 0.760191122925, 5.44036837781e-192, 0.71862617441
0.999999978486, 0.75768528829, 0.520262259546, 0.513109113188, 0.501459436985, 0.50670128235, 0.408222751734, 0.586515696367, 0.4871970047, 0.539584500612, 0.464866204843, 0.48748811203, 3.44583541934e-06, 4.81171489493e-18, 1.01965925444
8.26423915508e-05, 9.85425584288e-05, 0.356186573241, 0.490130041638, 0.501459436985, 0.616368482552, 0.534572849575, 0.478843509069, 0.4871970047, 0.463043243991, 0.408630974344, 0.485705682771, 1.04604869538, 0.0, 0.0
0.995493349044, 0.687535242554, 0.520262259546, 0.671726875059, 0.574167159999, 0.50670128235, 0.439772083713, 0.317028057985, 0.4871970047, 0.539584500612, 0.296003732825, 0.469525379716, 0.603518801409, 5.08518960206e-17, 0.939716192813
0.23569162454, 1.73587978118e-05, 0.520262259546, 0.407552831146, 0.583338976759, 0.468276391329, 0.537036665918, 0.516479619878, 0.543630868546, 0.508574689139, 0.394821701291, 0.48748811203, 1.03174830292, 0.0, 2.78040861544e-63
0.812194136535, 4.68707024209e-05, 0.520262259546, 0.490130041638, 0.501459436985, 0.468276391329, 0.408222751734, 0.446105577005, 0.477235929065, 0.539584500612, 0.408630974344, 0.485705682771, 1.02348192664, 0.0, 1.48656889636e-09
0.99793402255, 6.95930951147e-05, 0.563519891391, 0.448116586135, 0.501459436985, 0.50670128235, 0.408222751734, 0.586515696367, 0.4871970047, 0.463043243991, 0.464866204843, 0.469525379716, 0.296902393857, 0.0, 0.9824935911
0.00200010211537, 0.475204239613, 0.520262259546, 0.490130041638, 0.610168903916, 0.468276391329, 0.537036665918, 0.478843509069, 0.593127881671, 0.463043243991, 0.464866204843, 0.485705682771, 1.02694817693, 7.865006164e-33, 2.05534779876e-270
0.00253201759459, 0.20459899554, 0.520262259546, 0.490130041638, 0.610168903916, 0.616368482552, 0.537036665918, 0.478843509069, 0.593127881671, 0.463043243991, 0.464866204843, 0.485705682771, 1.03948341332, 2.01042171315e-69, 3.62751620114e-260
0.999999978486, 6.95930951147e-05, 0.563519891391, 0.448116586135, 0.405298781235, 0.50670128235, 0.408222751734, 0.586515696367, 0.4871970047, 0.463043243991, 0.464866204843, 0.469525379716, 3.4988293707e-06, 0.0, 1.03534072682
0.99999999978, 0.75768528829, 0.673315625965, 0.388941431131, 0.501459436985, 0.616368482552, 0.408222751734, 0.586515696367, 0.4871970047, 0.539584500612, 0.464866204843, 0.48748811203, 3.71375860504e-08, 5.18583896832e-20, 1.07494587491
0.988165159289, 0.237103778472, 0.673315625965, 0.513109113188, 0.501459436985, 0.50670128235, 0.408222751734, 0.586515696367, 0.4871970047, 0.539584500612, 0.532144187932, 0.48748811203, 0.931688891461, 4.56287201095e-63, 0.482220867794
0.999999998218, 0.914217831214, 0.520262259546, 0.407552831146, 0.583338976759, 0.50670128235, 0.63632110317, 0.410258232433, 0.4871970047, 0.582620232201, 0.578949025726, 0.550866663492, 2.96288677792e-07, 5.9265739123e-11, 1.05839474401
0.998719595077, 0.000652992688014, 0.424127683813, 0.513109113188, 0.501459436985, 0.50670128235, 0.408222751734, 0.482117062977, 0.507982013503, 0.480838301445, 0.464866204843, 0.469525379716, 0.191024675261, 9.2904104044e-320, 0.9992166646
0.999999978486, 0.75768528829, 0.520262259546, 0.513109113188, 0.501459436985, 0.50670128235, 0.408222751734, 0.586515696367, 0.4871970047, 0.539584500612, 0.464866204843, 0.48748811203, 3.44583541934e-06, 4.81171489493e-18, 1.01965925444
0.997362261422, 0.654601447204, 0.673315625965, 0.513109113188, 0.501459436985, 0.50670128235, 0.408222751734, 0.586515696367, 0.4871970047, 0.464278626406, 0.464866204843, 0.48748811203, 0.374060050214, 2.32679068639e-19, 0.980036665579
0.997160953976, 0.654601447204, 0.673315625965, 0.513109113188, 0.501459436985, 0.50670128235, 0.423951082035, 0.586515696367, 0.4871970047, 0.539584500612, 0.464866204843, 0.48748811203, 0.396681668233, 2.46750544619e-19, 0.968563051131
0.999999988669, 0.0487963833468, 0.520262259546, 0.407552831146, 0.583338976759, 0.468276391329, 0.537036665918, 0.516479619878, 0.543630868546, 0.783230144133, 0.509401616464, 0.48748811203, 1.95948506579e-06, 2.12336807619e-137, 1.10092000805
0.99999999295, 6.95930951147e-05, 0.563519891391, 0.448116586135, 0.405298781235, 0.298686112027, 0.408222751734, 0.586515696367, 0.4871970047, 0.463043243991, 0.464866204843, 0.284753504482, 1.24167598764e-06, 0.0, 1.12122545248
0.988165159289, 0.654601447204, 0.559854802325, 0.513109113188, 0.501459436985, 0.50670128235, 0.408222751734, 0.586515696367, 0.4871970047, 0.539584500612, 0.464866204843, 0.48748811203, 0.908372310986, 5.6504088896e-19, 0.470152738858
0.999999985216, 6.95930951147e-05, 0.520262259546, 0.294289778324, 0.461468610595, 0.414049899058, 0.63632110317, 0.478843509069, 0.435675013656, 0.539584500612, 0.509401616464, 0.504304264621, 2.49970074768e-06, 0.0, 1.0764419362
0.990693809146, 0.654601447204, 0.673315625965, 0.513109113188, 0.501459436985, 0.437868455021, 0.63632110317, 0.586515696367, 0.4871970047, 0.539584500612, 0.464866204843, 0.48748811203, 0.867408691129, 5.39560015205e-19, 0.614922719468
0.992730747194, 0.687535242554, 0.520262259546, 0.407552831146, 0.583338976759, 0.411539537833, 0.537036665918, 0.410258232433, 0.4871970047, 0.582620232201, 0.578949025726, 0.550866663492, 0.762275762986, 6.42286002488e-17, 0.720596832664
0.992730747194, 0.0122063510619, 0.520262259546, 0.0152767194613, 0.461468610595, 0.616368482552, 0.537036665918, 0.576477705731, 0.612726172347, 0.452584114286, 0.408630974344, 0.48748811203, 0.930949521674, 6.66241447224e-192, 0.880048021022
0.00200010211537, 0.475204239613, 0.520262259546, 0.490130041638, 0.610168903916, 0.616368482552, 0.537036665918, 0.478843509069, 0.593127881671, 0.463043243991, 0.464866204843, 0.485705682771, 1.03948341332, 7.96100877995e-33, 2.08043598829e-270
0.997160953976, 0.654601447204, 0.673315625965, 0.513109113188, 0.501459436985, 0.50670128235, 0.408222751734, 0.586515696367, 0.4871970047, 0.464278626406, 0.464866204843, 0.48748811203, 0.397571834216, 2.47304260505e-19, 0.970736536699
0.997160953976, 0.654601447204, 0.673315625965, 0.513109113188, 0.501459436985, 0.50670128235, 0.408222751734, 0.586515696367, 0.4871970047, 0.539584500612, 0.464866204843, 0.48748811203, 0.397682092083, 2.47372844941e-19, 0.97100574928
0.999999998218, 0.914217831214, 0.520262259546, 0.407552831146, 0.583338976759, 0.426120614208, 0.63632110317, 0.410258232433, 0.4871970047, 0.582620232201, 0.578949025726, 0.550866663492, 2.97804073261e-07, 5.95688591517e-11, 1.06380800047
0.99793402255, 6.95930951147e-05, 0.563519891391, 0.448116586135, 0.405298781235, 0.50670128235, 0.408222751734, 0.586515696367, 0.4871970047, 0.463043243991, 0.464866204843, 0.469525379716, 0.299496070378, 0.0, 0.991076447325
0.99793402255, 6.95930951147e-05, 0.563519891391, 0.448116586135, 0.405298781235, 0.50670128235, 0.408222751734, 0.586515696367, 0.4871970047, 0.463043243991, 0.464866204843, 0.469525379716, 0.299496070378, 0.0, 0.991076447325
0.988165159289, 0.237103778472, 0.673315625965, 0.513109113188, 0.501459436985, 0.50670128235, 0.408222751734, 0.586515696367, 0.4871970047, 0.539584500612, 0.464866204843, 0.48748811203, 0.931867518409, 4.56374682218e-63, 0.482313321019
0.988165159289, 0.654601447204, 0.673315625965, 0.513109113188, 0.501459436985, 0.50670128235, 0.408222751734, 0.586515696367, 0.4871970047, 0.498777681736, 0.464866204843, 0.48748811203, 0.930477258731, 5.78790977083e-19, 0.481593754397
0.509762776275, 6.95930951147e-05, 0.563519891391, 0.448116586135, 0.405298781235, 0.50670128235, 0.408222751734, 0.410258232433, 0.4871970047, 0.539584500612, 0.464866204843, 0.469525379716, 1.03611047682, 0.0, 8.87846487473e-30
0.988165159289, 0.654601447204, 0.673315625965, 0.513109113188, 0.501459436985, 0.50670128235, 0.408222751734, 0.586515696367, 0.4871970047, 0.498777681736, 0.464866204843, 0.48748811203, 0.930477258731, 5.78790977083e-19, 0.481593754397
0.998377423607, 6.95930951147e-05, 0.563519891391, 0.490130041638, 0.405298781235, 0.50670128235, 0.408222751734, 0.586515696367, 0.4871970047, 0.463043243991, 0.464866204843, 0.469525379716, 0.240916163389, 0.0, 1.00425306966
0.985366941912, 0.000479153237304, 0.520262259546, 0.448116586135, 0.574167159999, 0.50670128235, 0.439772083713, 0.317028057985, 0.4871970047, 0.382740883514, 0.560001314395, 0.469525379716, 0.996097514393, 0.0, 0.374572328302
0.985366941912, 0.687535242554, 0.520262259546, 0.407552831146, 0.583338976759, 0.411539537833, 0.537036665918, 0.410258232433, 0.4871970047, 0.408240795068, 0.578949025726, 0.550866663492, 0.983330613735, 8.28544628713e-17, 0.369771465298
0.998719595077, 0.000652992688014, 0.424127683813, 0.513109113188, 0.501459436985, 0.50670128235, 0.408222751734, 0.482117062977, 0.507982013503, 0.539584500612, 0.464866204843, 0.469525379716, 0.191249959218, 9.30127984861e-320, 1.00039508557
0.998719595077, 0.000652992688014, 0.424127683813, 0.513109113188, 0.501459436985, 0.50670128235, 0.408222751734, 0.482117062977, 0.507982013503, 0.539584500612, 0.464866204843, 0.469525379716, 0.191249959218, 9.30127984861e-320, 1.00039508557
8.26423915508e-05, 9.85425584288e-05, 0.520262259546, 0.490130041638, 0.331735528042, 0.616368482552, 0.534572849575, 0.478843509069, 0.477235929065, 0.463043243991, 0.408630974344, 0.485705682771, 1.05444204163, 0.0, 0.0
0.9999974361, 0.0487963833468, 0.520262259546, 0.407552831146, 0.583338976759, 0.468276391329, 0.537036665918, 0.516479619878, 0.543630868546, 0.508574689139, 0.509401616464, 0.48748811203, 0.000411050776698, 4.45429318229e-135, 1.02077413603
0.985366941912, 6.95930951147e-05, 0.483914791634, 0.328067089518, 0.574167159999, 0.468276391329, 0.352149780975, 0.490519652767, 0.4871970047, 0.487910327462, 0.464866204843, 0.433471687868, 0.996144429246, 0.0, 0.374589970155
0.9999974361, 9.27192537146e-05, 0.520262259546, 0.407552831146, 0.583338976759, 0.468276391329, 0.537036665918, 0.444043593666, 0.543630868546, 0.508574689139, 0.509401616464, 0.48748811203, 0.000412202272052, 0.0, 1.02363367734
0.985366941912, 6.95930951147e-05, 0.483914791634, 0.328067089518, 0.574167159999, 0.468276391329, 0.352149780975, 0.490519652767, 0.4871970047, 0.670138726514, 0.464866204843, 0.433471687868, 1.02310244329, 0.0, 0.384727256858
0.999999980468, 0.135758721191, 0.51495260046, 0.513109113188, 0.583338976759, 0.616368482552, 0.537036665918, 0.337314755907, 0.640327640462, 0.508574689139, 0.403506017333, 0.48748811203, 3.30727212874e-06, 9.82570333803e-93, 1.07795364915
0.999999980468, 9.85425584288e-05, 0.520262259546, 0.490130041638, 0.501459436985, 0.616368482552, 0.56095882494, 0.482117062977, 0.703893274713, 0.670138726514, 0.408630974344, 0.479260966471, 3.36689124099e-06, 0.0, 1.09738556679
0.99793402255, 6.95930951147e-05, 0.563519891391, 0.448116586135, 0.405298781235, 0.50670128235, 0.408222751734, 0.410258232433, 0.543630868546, 0.463043243991, 0.509401616464, 0.48748811203, 0.299608946657, 0.0, 0.991449971497
0.99793402255, 6.95930951147e-05, 0.563519891391, 0.448116586135, 0.405298781235, 0.50670128235, 0.408222751734, 0.410258232433, 0.543630868546, 0.463043243991, 0.509401616464, 0.48748811203, 0.299608946657, 0.0, 0.991449971497
0.99793402255, 6.95930951147e-05, 0.563519891391, 0.448116586135, 0.405298781235, 0.50670128235, 0.408222751734, 0.410258232433, 0.543630868546, 0.463043243991, 0.509401616464, 0.48748811203, 0.299608946657, 0.0, 0.991449971497
0.998719595077, 0.259579126418, 0.524534467291, 0.513109113188, 0.501459436985, 0.50670128235, 0.408222751734, 0.478843509069, 0.4871970047, 0.51548189881, 0.464866204843, 0.469525379716, 0.190075638326, 7.98036927646e-60, 0.994252418385
0.999999993507, 0.989459715942, 0.520262259546, 0.596668710612, 0.501459436985, 0.50670128235, 0.606923528242, 0.482117062977, 0.718394786921, 0.442740866594, 0.408630974344, 0.292103901798, 9.80710926774e-07, 5.93771032024e-07, 1.12409885405
8.26423915508e-05, 9.85425584288e-05, 0.520262259546, 0.490130041638, 0.331735528042, 0.616368482552, 0.352149780975, 0.478843509069, 0.341741636118, 0.463043243991, 0.408630974344, 0.485705682771, 1.09963395378, 0.0, 0.0
0.9999974361, 9.27192537146e-05, 0.520262259546, 0.407552831146, 0.583338976759, 0.414049899058, 0.537036665918, 0.516479619878, 0.543630868546, 0.464278626406, 0.509401616464, 0.48748811203, 0.000414104550262, 0.0, 1.02835765916
0.99999999295, 0.75768528829, 0.673315625965, 0.658936197721, 0.331735528042, 0.50670128235, 0.408222751734, 0.586515696367, 0.477235929065, 0.539584500612, 0.464866204843, 0.48748811203, 1.22153797518e-06, 1.70573801549e-18, 1.10304095639
0.999999993507, 0.358045085803, 0.520262259546, 0.213106706313, 0.331735528042, 0.616368482552, 0.690760965441, 0.369677122133, 0.703893274713, 0.670138726514, 0.408630974344, 0.913933755846, 1.45655841795e-06, 5.66525577597e-51, 1.42815578262
0.999999993507, 0.989459715942, 0.520262259546, 0.596668710612, 0.501459436985, 0.50670128235, 0.793259475935, 0.482117062977, 0.718394786921, 0.442740866594, 0.408630974344, 0.292103901798, 1.04576759169e-06, 6.33159563354e-07, 1.19866733339
0.998719595077, 0.000652992688014, 0.424127683813, 0.513109113188, 0.501459436985, 0.50670128235, 0.408222751734, 0.482117062977, 0.4871970047, 0.539584500612, 0.464866204843, 0.469525379716, 0.191268774939, 9.3022679799e-320, 1.00049350732
0.812194136535, 4.68707024209e-05, 0.520262259546, 0.490130041638, 0.583338976759, 0.468276391329, 0.408222751734, 0.446105577005, 0.477235929065, 0.539584500612, 0.408630974344, 0.485705682771, 1.03042518173, 0.0, 1.49665371251e-09
0.929522077416, 0.00102538182696, 0.520262259546, 0.451225317884, 0.583338976759, 0.414049899058, 0.537036665918, 0.410258232433, 0.4871970047, 0.508574689139, 0.509401616464, 0.48748811203, 1.02702944435, 1.97817350336e-299, 0.0010806221461
0.998719595077, 0.000652992688014, 0.424127683813, 0.513109113188, 0.501459436985, 0.50670128235, 0.408222751734, 0.482117062977, 0.4871970047, 0.539584500612, 0.464866204843, 0.469525379716, 0.191268774939, 9.3022679799e-320, 1.00049350732
0.812194136535, 2.45065560989e-05, 0.520262259546, 0.490130041638, 0.583338976759, 0.468276391329, 0.408222751734, 0.446105577005, 0.477235929065, 0.539584500612, 0.408630974344, 0.485705682771, 1.03042518173, 0.0, 1.49665371251e-09
0.999999993507, 0.358045085803, 0.520262259546, 0.213106706313, 0.331735528042, 0.616368482552, 0.690760965441, 0.273777578247, 0.703893274713, 0.670138726514, 0.408630974344, 0.913933755846, 1.49143095801e-06, 5.80089184561e-51, 1.46234831423
0.999999975681, 0.0225430303762, 0.520262259546, 0.407552831146, 0.461468610595, 0.616368482552, 0.63632110317, 0.576477705731, 0.435675013656, 0.452584114286, 0.408630974344, 0.48748811203, 4.06191418488e-06, 1.27667467803e-170, 1.0633064288
0.999999902138, 0.687535242554, 0.520262259546, 0.407552831146, 0.583338976759, 0.411539537833, 0.537036665918, 0.410258232433, 0.4871970047, 0.498777681736, 0.578949025726, 0.550866663492, 1.60198730194e-05, 1.34981862229e-21, 1.04213875282
0.999999902138, 0.687535242554, 0.520262259546, 0.407552831146, 0.583338976759, 0.411539537833, 0.537036665918, 0.410258232433, 0.4871970047, 0.498777681736, 0.578949025726, 0.550866663492, 1.60198730194e-05, 1.34981862229e-21, 1.04213875282
0.999999967352, 6.95930951147e-05, 0.520262259546, 0.407552831146, 0.461468610595, 0.414049899058, 0.63632110317, 0.478843509069, 0.435675013656, 0.464278626406, 0.509401616464, 0.48748811203, 5.34631147251e-06, 0.0, 1.04251882441
0.999999978486, 0.358045085803, 0.520262259546, 0.513109113188, 0.501459436985, 0.338544366447, 0.408222751734, 0.586515696367, 0.4871970047, 0.539584500612, 0.464866204843, 0.48748811203, 3.53377756709e-06, 1.37445594535e-50, 1.04568226886
0.999999978486, 6.95930951147e-05, 0.483914791634, 0.328067089518, 0.574167159999, 0.468276391329, 0.352149780975, 0.490519652767, 0.4871970047, 0.487910327462, 0.464866204843, 0.433471687868, 3.5965147121e-06, 0.0, 1.0642468556
0.999995846856, 9.27192537146e-05, 0.524534467291, 0.407552831146, 0.583338976759, 0.468276391329, 0.537036665918, 0.516479619878, 0.4871970047, 0.508574689139, 0.464866204843, 0.48748811203, 0.000665527589939, 0.0, 1.02037163985
0.999999978486, 6.95930951147e-05, 0.483914791634, 0.328067089518, 0.574167159999, 0.468276391329, 0.352149780975, 0.490519652767, 0.4871970047, 0.487910327462, 0.464866204843, 0.433471687868, 3.5965147121e-06, 0.0, 1.0642468556
8.26423915508e-05, 9.85425584288e-05, 0.356186573241, 0.490130041638, 0.501459436985, 0.616368482552, 0.534572849575, 0.478843509069, 0.4871970047, 0.463043243991, 0.408630974344, 0.992134237028, 1.28804047513, 0.0, 0.0
