0.999874920905, 0.999998509564, 0.414875169635, 0.452982695881, 0.535762988905, 0.439171270094, 0.691547468136, 0.00230765094119, 0.502824091036, 0.478024520456, 0.13906936997, 0.753787058122, 6.87205444298e-10, 0.000293530608551, 1.49399375517
1.51806360948e-06, 0.997349420368, 0.414875169635, 0.488331799436, 0.607495161293, 0.726878697003, 0.742854786331, 0.45603396346, 0.49095951543, 0.499079194643, 0.520776602094, 0.639612061448, 0.00479356737153, 1.15131879018, 2.7454225945e-06
0.999874920905, 6.31971920795e-07, 0.414875169635, 0.491674798574, 0.515120242604, 0.332213428685, 0.516437236941, 0.560384034137, 0.390336000117, 0.452321986374, 0.594326257289, 0.806649277318, 0.000227289421828, 2.25630020812e-10, 1.15684350093
1.10091172162e-05, 0.999998509564, 0.414875169635, 0.452982695881, 0.569973198552, 0.439171270094, 0.577485062107, 0.627294391697, 0.502824091036, 0.483059900002, 0.00901855877823, 0.753787058122, 3.15127895675e-06, 1.3460266323, 2.32769474274e-05
3.66716565525e-06, 0.000681732344293, 0.14885018248, 0.488331799436, 0.202424742933, 0.564466555804, 0.506223775575, 0.511625644592, 0.376886341759, 0.499079194643, 0.439240119224, 0.639612061448, 1.25466359481, 0.00134357291097, 7.22733110353e-06
0.999874920905, 0.999997868643, 0.727256522197, 0.402973775595, 0.535762988905, 0.725924530719, 0.355471938926, 0.511625644592, 0.339456933093, 0.478024520456, 0.594326257289, 0.753787058122, 8.11678246772e-10, 0.000242442030894, 1.23396630401
4.50727817403e-06, 0.000681732344293, 0.414875169635, 0.488331799436, 0.202424742933, 0.564466555804, 0.506223775575, 0.511625644592, 0.376886341759, 0.499079194643, 0.439240119224, 0.639612061448, 1.13860370375, 0.00121928865954, 8.06133706203e-06
0.498008774474, 0.366281064106, 0.416638496238, 0.409801648007, 0.368831711967, 0.517028903028, 0.544402205609, 0.511625644592, 0.584053302331, 0.490465145009, 0.533655073007, 0.561567458576, 0.62294655624, 0.404009986468, 0.73785644073
1.36797433282e-05, 0.999997868643, 0.727256522197, 0.402973775595, 0.535762988905, 0.725924530719, 0.355471938926, 0.511625644592, 0.339456933093, 0.584268730566, 0.594326257289, 0.753787058122, 4.15338689213e-06, 1.24058462478, 2.66577947832e-05
4.46777843491e-05, 0.997290158222, 0.414875169635, 0.534895404634, 0.549799077163, 0.517028903028, 0.500503775794, 0.444052459366, 0.502370795264, 0.440612678635, 0.607997444713, 0.598995605052, 0.00442413752935, 1.03935087273, 7.29419928969e-05
0.26721593842, 0.457894516975, 0.459877886582, 0.450396601439, 0.569973198552, 0.517028903028, 0.577485062107, 0.386472632027, 0.525633170655, 0.50597519932, 0.526187714823, 0.488559822029, 0.707365615179, 0.619480942936, 0.41961120228
1.36797433282e-05, 7.4507880099e-07, 0.414875169635, 0.513787892682, 0.515120242604, 0.564466555804, 0.516437236941, 0.510139018134, 0.48389474772, 0.452321986374, 0.594326257289, 0.330791649955, 1.05225536416, 1.23152499984e-06, 2.26109585729e-05
0.748288654724, 0.148563778913, 0.53887236793, 0.506440263572, 0.505366588184, 0.492290436978, 0.526912993457, 0.511625644592, 0.525633170655, 0.416470368177, 0.533655073007, 0.413650617961, 0.381741461069, 0.090737656502, 0.940126298694
0.498008774474, 0.752518762553, 0.416638496238, 0.531872514564, 0.519659745965, 0.53578418132, 0.561987253514, 0.474063295202, 0.463150952501, 0.500970060893, 0.533655073007, 0.557417110597, 0.274207807569, 0.6694758032, 0.718943874065
0.602477869063, 0.544808205441, 0.272587016799, 0.506440263572, 0.420284274561, 0.476151236136, 0.529799890526, 0.451088694825, 0.607989079263, 0.490465145009, 0.439240119224, 0.658936084612, 0.422653171845, 0.486768317518, 0.894592130494
0.222602867136, 0.601768204255, 0.468725389916, 0.306562686076, 0.5474937845, 0.520657531354, 0.537571183846, 0.510139018134, 0.505182407239, 0.514799378381, 0.594326257289, 0.435732465367, 0.580836368389, 0.804140090062, 0.361720799858
0.103624584341, 0.752518762553, 0.416638496238, 0.531872514564, 0.519659745965, 0.53578418132, 0.561987253514, 0.327204043159, 0.463150952501, 0.500970060893, 0.685133700051, 0.557417110597, 0.404782632326, 0.988273019288, 0.175386420987
0.415596650691, 0.257660433322, 0.479452690667, 0.534895404634, 0.549799077163, 0.517028903028, 0.408882213747, 0.511625644592, 0.502370795264, 0.440612678635, 0.594326257289, 0.598995605052, 0.755809615205, 0.323775522073, 0.628734124101
0.536409955838, 0.4411516894, 0.618154786868, 0.506440263572, 0.471078529301, 0.564466555804, 0.526912993457, 0.521937725057, 0.463150952501, 0.490465145009, 0.439240119224, 0.636668333962, 0.534571476139, 0.443867352567, 0.779224145924
0.162853585863, 0.665479435208, 0.452702679132, 0.464993137123, 0.537993553989, 0.488355459875, 0.484575349258, 0.510139018134, 0.505182407239, 0.50597519932, 0.499399970035, 0.488559822029, 0.487997055699, 0.841607150247, 0.254439878472
0.473993451213, 0.298955463108, 0.416638496238, 0.450396601439, 0.549799077163, 0.517028903028, 0.419238236767, 0.404842114851, 0.49095951543, 0.490465145009, 0.47809966775, 0.518481182733, 0.674642991095, 0.342354637741, 0.69712158457
0.90973339972, 0.990196465797, 0.414875169635, 0.488331799436, 0.459334346156, 0.564466555804, 0.567491572153, 0.610989681494, 0.338439172476, 0.499079194643, 0.520776602094, 0.261542542943, 0.00242299007687, 0.157331165054, 1.10228813485
0.622988558239, 0.4411516894, 0.574484217288, 0.506440263572, 0.482014710941, 0.564466555804, 0.441832958748, 0.483335689289, 0.532480750532, 0.490465145009, 0.526187714823, 0.557417110597, 0.437550643026, 0.363308657875, 0.845357043727
0.299114555058, 0.499651642486, 0.50430038297, 0.578989977386, 0.549799077163, 0.426276014065, 0.500503775794, 0.444052459366, 0.502370795264, 0.530814171957, 0.492648953489, 0.463701757379, 0.643210812536, 0.642507269199, 0.461638389784
0.243972992941, 0.752518762553, 0.468725389916, 0.506440263572, 0.505366588184, 0.485838965307, 0.526912993457, 0.386472632027, 0.502370795264, 0.500970060893, 0.402308364625, 0.529424829074, 0.360416957311, 0.879954637769, 0.383371703731
0.061721111829, 0.636517224176, 0.483931974479, 0.534895404634, 0.519659745965, 0.53578418132, 0.561987253514, 0.566001811791, 0.463150952501, 0.416954843249, 0.533655073007, 0.557417110597, 0.550823093062, 0.857552277314, 0.0991251188208
0.972603292448, 0.665479435208, 0.411226414886, 0.306562686076, 0.537993553989, 0.485838965307, 0.646918252327, 0.439254051711, 0.49095951543, 0.500970060893, 0.499399970035, 0.557417110597, 0.0232115325464, 0.040030962341, 1.0746017486
0.780746764764, 0.217562857841, 0.483931974479, 0.479641486718, 0.506028754466, 0.486408786359, 0.570602008445, 0.404842114851, 0.463150952501, 0.440612678635, 0.439240119224, 0.398022941048, 0.328895671421, 0.11698938333, 0.973195407799
1.36797433282e-05, 0.148563778913, 0.53887236793, 0.285378432539, 0.505366588184, 0.492290436978, 0.526912993457, 0.511625644592, 0.525633170655, 0.416470368177, 0.533655073007, 0.413650617961, 1.03588346672, 0.246223289228, 2.2879322365e-05
1.36797433282e-05, 0.999998509564, 0.414875169635, 0.452982695881, 0.535762988905, 0.439171270094, 0.691547468136, 0.627294391697, 0.502824091036, 0.584268730566, 0.13906936997, 0.753787058122, 2.97122330133e-06, 1.2691182688, 2.72709283103e-05
0.944124889883, 0.360020953078, 0.491315178213, 0.402543665233, 0.523755768792, 0.486408786359, 0.538708731893, 0.511625644592, 0.463150952501, 0.50597519932, 0.685133700051, 0.488559822029, 0.077542933516, 0.0492138221102, 1.0437216706
0.20052597236, 0.383071798227, 0.411226414886, 0.52004789618, 0.505366588184, 0.490079357991, 0.570602008445, 0.439254051711, 0.505182407239, 0.450595032762, 0.424567409799, 0.557417110597, 0.806170068614, 0.553577846635, 0.318644138962
0.247697070344, 0.4411516894, 0.416638496238, 0.531872514564, 0.578791895901, 0.517028903028, 0.526912993457, 0.404842114851, 0.502370795264, 0.50597519932, 0.533655073007, 0.488559822029, 0.730041288705, 0.60617056567, 0.389029962554
0.0284036698583, 0.189078006937, 0.53887236793, 0.450396601439, 0.523755768792, 0.486408786359, 0.565571502541, 0.511625644592, 0.505182407239, 0.490465145009, 0.479641026666, 0.5800100107, 0.970635805739, 0.297068469583, 0.0453191854952
0.662212822745, 0.98935654348, 0.596646451588, 0.640145220906, 0.505366588184, 0.485838965307, 0.516437236941, 0.511625644592, 0.505182407239, 0.500970060893, 0.402308364625, 0.557417110597, 0.00881946391558, 0.527471687798, 0.899148972808
0.384463173059, 0.544808205441, 0.557615422641, 0.506440263572, 0.420284274561, 0.476151236136, 0.529799890526, 0.451088694825, 0.607989079263, 0.490465145009, 0.439240119224, 0.658936084612, 0.568947238527, 0.655254730125, 0.598685995961
0.425458511789, 0.148563778913, 0.618154786868, 0.506440263572, 0.471078529301, 0.564466555804, 0.526912993457, 0.521937725057, 0.463150952501, 0.490465145009, 0.439240119224, 0.622520712945, 0.794408724705, 0.188826190854, 0.644663796912
0.182025319163, 0.4411516894, 0.598360850132, 0.690802617122, 0.482014710941, 0.517028903028, 0.441832958748, 0.483335689289, 0.532480750532, 0.490465145009, 0.526187714823, 0.557417110597, 0.779077519656, 0.646886509156, 0.29769355804
0.476534630888, 0.725979082352, 0.365284901589, 0.402543665233, 0.380372575377, 0.510528872432, 0.526912993457, 0.444052459366, 0.463150952501, 0.550429208574, 0.483586703674, 0.557417110597, 0.322043808019, 0.701402218697, 0.716903809791
0.69931253026, 0.189078006937, 0.416638496238, 0.534895404634, 0.549799077163, 0.517028903028, 0.529799890526, 0.439254051711, 0.584053302331, 0.404305400321, 0.479641026666, 0.5800100107, 0.451805631881, 0.138277618462, 0.924848133788
0.622988558239, 0.850079743023, 0.574484217288, 0.506440263572, 0.482014710941, 0.517028903028, 0.441832958748, 0.483335689289, 0.532480750532, 0.490465145009, 0.470019759309, 0.557417110597, 0.132220286943, 0.551041196073, 0.842326166767
0.321032031536, 0.635259813695, 0.483931974479, 0.534895404634, 0.519659745965, 0.53578418132, 0.561987253514, 0.566001811791, 0.463150952501, 0.416954843249, 0.685133700051, 0.557417110597, 0.501753356089, 0.777775063972, 0.510795268647
0.536409955838, 0.360020953078, 0.416638496238, 0.502372475598, 0.471078529301, 0.517028903028, 0.544402205609, 0.511625644592, 0.584053302331, 0.50597519932, 0.533655073007, 0.413650617961, 0.576455918289, 0.365856664569, 0.765684027229
0.997939078843, 0.999997868643, 0.479452690667, 0.402973775595, 0.578791895901, 0.725924530719, 0.762791193691, 0.511625644592, 0.502824091036, 0.478024520456, 0.594326257289, 0.639612061448, 1.26282237864e-08, 0.00377195302883, 1.16515446593
0.515148268245, 0.725979082352, 0.491315178213, 0.32167471884, 0.421330029823, 0.564466555804, 0.497796624233, 0.558942735346, 0.463150952501, 0.450215323098, 0.425570619482, 0.398022941048, 0.306798857692, 0.668199152165, 0.771116595881
0.299114555058, 0.999997868643, 0.50430038297, 0.578989977386, 0.519332238882, 0.426276014065, 0.500503775794, 0.455123577747, 0.532480750532, 0.530814171957, 0.736276798609, 0.598995605052, 3.22905858973e-06, 0.964494891275, 0.489746149656
0.274472564928, 0.665479435208, 0.416638496238, 0.450396601439, 0.549799077163, 0.517028903028, 0.484575349258, 0.404842114851, 0.49095951543, 0.404305400321, 0.439240119224, 0.558330247898, 0.472939892285, 0.815639337032, 0.433706553092
0.850825447354, 0.360020953078, 0.491315178213, 0.402543665233, 0.523755768792, 0.486408786359, 0.538708731893, 0.511625644592, 0.463150952501, 0.50597519932, 0.51198861297, 0.488559822029, 0.198706434954, 0.12611211233, 0.985923375913
0.542347411241, 0.189078006937, 0.416638496238, 0.534895404634, 0.549799077163, 0.517028903028, 0.529799890526, 0.439254051711, 0.584053302331, 0.404305400321, 0.479641026666, 0.5800100107, 0.653986540369, 0.200156206403, 0.781557545797
0.888035524283, 0.70717443612, 0.483931974479, 0.502372475598, 0.506028754466, 0.486408786359, 0.570602008445, 0.511625644592, 0.567323201513, 0.416470368177, 0.576800952308, 0.411265245528, 0.080070972323, 0.161625485954, 1.014984179
0.780746764764, 0.904900228303, 0.483931974479, 0.479641486718, 0.506028754466, 0.486408786359, 0.570602008445, 0.511625644592, 0.567323201513, 0.440612678635, 0.557040618085, 0.5800100107, 0.051441511022, 0.341796017553, 0.963612115006
0.374780567396, 0.850079743023, 0.574484217288, 0.506440263572, 0.482014710941, 0.564466555804, 0.441832958748, 0.483335689289, 0.532480750532, 0.490465145009, 0.470019759309, 0.557417110597, 0.197746840808, 0.824129626383, 0.565873607717
0.0284036698583, 0.377619742334, 0.416638496238, 0.450396601439, 0.523755768792, 0.517028903028, 0.699365165213, 0.404842114851, 0.49095951543, 0.490465145009, 0.47809966775, 0.518481182733, 0.87810138156, 0.591969759297, 0.047280317765
0.0380417168419, 0.230065447167, 0.491315178213, 0.54631676414, 0.523755768792, 0.486408786359, 0.469598834495, 0.511625644592, 0.505182407239, 0.490465145009, 0.510348756206, 0.612664698043, 0.949562482409, 0.358921323871, 0.0607323308041
0.337355260696, 0.202853301443, 0.547789267413, 0.534895404634, 0.66572143522, 0.517084525442, 0.536326385216, 0.485763759873, 0.49095951543, 0.43343758532, 0.432980050925, 0.515759424864, 0.853856500962, 0.281671962073, 0.526706542704
0.950626701414, 0.693253283941, 0.416638496238, 0.534895404634, 0.484623092204, 0.517028903028, 0.563192109631, 0.554201052841, 0.49095951543, 0.43343758532, 0.492648953489, 0.466020179833, 0.0366701043088, 0.0701219633582, 1.01827513629
0.582853617558, 0.171557775512, 0.491315178213, 0.402543665233, 0.362048533168, 0.486408786359, 0.538708731893, 0.511625644592, 0.477469747918, 0.50597519932, 0.479641026666, 0.488559822029, 0.605874934359, 0.167343194774, 0.817879044026
0.0380417168419, 0.03176452725, 0.491315178213, 0.54631676414, 0.523755768792, 0.486408786359, 0.469598834495, 0.511625644592, 0.505182407239, 0.490465145009, 0.510348756206, 0.612664698043, 1.0138688605, 0.050629620203, 0.0607323308041
0.294387262676, 0.366281064106, 0.468725389916, 0.409801648007, 0.368831711967, 0.517028903028, 0.537571183846, 0.511625644592, 0.584053302331, 0.490465145009, 0.533655073007, 0.561567458576, 0.781095471678, 0.506576957175, 0.464066865697
7.21289985252e-05, 0.843944106059, 0.416638496238, 0.534895404634, 0.484623092204, 0.517028903028, 0.563192109631, 0.554201052841, 0.532480750532, 0.404305400321, 0.492648953489, 0.5800100107, 0.250521254268, 1.00143227064, 0.000116958688355
0.0380417168419, 0.999997868643, 0.521960504623, 0.611785773274, 0.482014710941, 0.485838965307, 0.526912993457, 0.511625644592, 0.463150952501, 0.478024520456, 0.576800952308, 0.398022941048, 3.45056591336e-06, 1.0306574201, 0.0616611571682
0.0791174021892, 0.901326893324, 0.431577435912, 0.506440263572, 0.380372575377, 0.510528872432, 0.526912993457, 0.444052459366, 0.463150952501, 0.550429208574, 0.483586703674, 0.557417110597, 0.157851852604, 1.01026105279, 0.127734185276
0.186912711119, 0.366281064106, 0.557615422641, 0.506440263572, 0.549799077163, 0.476151236136, 0.526912993457, 0.444052459366, 0.543989025521, 0.490465145009, 0.439240119224, 0.658936084612, 0.836219360358, 0.542327377972, 0.301337433033
0.0588026960524, 0.730376901197, 0.547789267413, 0.450396601439, 0.523755768792, 0.486408786359, 0.526912993457, 0.529200994385, 0.505182407239, 0.490465145009, 0.492648953489, 0.5800100107, 0.414806147506, 0.920145867342, 0.093494219272
0.136981827647, 0.545114737231, 0.50430038297, 0.534895404634, 0.495982201913, 0.485838965307, 0.537571183846, 0.566977207997, 0.463150952501, 0.486682789691, 0.510348756206, 0.612664698043, 0.65403603583, 0.753984260967, 0.218144322657
0.0765377444225, 0.892608308516, 0.459877886582, 0.534895404634, 0.549799077163, 0.517028903028, 0.539024465803, 0.555686696764, 0.532480750532, 0.404305400321, 0.492648953489, 0.5800100107, 0.171161574903, 1.00500597455, 0.123160796069
0.321032031536, 0.752518762553, 0.483931974479, 0.534895404634, 0.519659745965, 0.53578418132, 0.561987253514, 0.566001811791, 0.463150952501, 0.500970060893, 0.685133700051, 0.557417110597, 0.348528229456, 0.850928419661, 0.507463517312
0.247697070344, 0.148563778913, 0.416638496238, 0.531872514564, 0.578791895901, 0.517028903028, 0.526912993457, 0.404842114851, 0.502370795264, 0.50597519932, 0.533655073007, 0.488559822029, 0.923175022808, 0.219433167873, 0.389029962554
0.00768632377883, 0.485501917346, 0.491315178213, 0.534895404634, 0.495982201913, 0.485838965307, 0.570602008445, 0.41043448173, 0.463150952501, 0.490465145009, 0.533655073007, 0.612664698043, 0.744510865635, 0.711350033548, 0.0124330353724
0.247697070344, 0.189078006937, 0.521960504623, 0.531872514564, 0.482014710941, 0.522209664905, 0.526912993457, 0.511625644592, 0.502370795264, 0.478024520456, 0.576800952308, 0.398022941048, 0.902408128942, 0.276187010843, 0.38691068483
0.025862329405, 0.366281064106, 0.468725389916, 0.409801648007, 0.368831711967, 0.517028903028, 0.537571183846, 0.511625644592, 0.700934099092, 0.685994331633, 0.533655073007, 0.561567458576, 0.928885016414, 0.602425391316, 0.045001434672
0.162853585863, 0.383071798227, 0.452702679132, 0.464993137123, 0.262097735219, 0.488355459875, 0.484575349258, 0.511625644592, 0.505182407239, 0.50597519932, 0.543718721087, 0.488559822029, 0.847517250467, 0.581969974779, 0.268887148519
0.12747880104, 0.752518762553, 0.377164817498, 0.46977783194, 0.411237199203, 0.485838965307, 0.502570763687, 0.394146189667, 0.502370795264, 0.499079194643, 0.439240119224, 0.529424829074, 0.386256472164, 0.943041572141, 0.206835557804
0.294387262676, 0.665479435208, 0.416638496238, 0.450396601439, 0.549799077163, 0.517028903028, 0.484575349258, 0.404842114851, 0.49095951543, 0.404305400321, 0.439240119224, 0.558330247898, 0.465904131379, 0.80350535668, 0.462983289303
0.515148268245, 0.901326893324, 0.491315178213, 0.32167471884, 0.421330029823, 0.564466555804, 0.497796624233, 0.558942735346, 0.463150952501, 0.450215323098, 0.425570619482, 0.398022941048, 0.113507015956, 0.726451514806, 0.771116595881
0.0588026960524, 0.324486356248, 0.491315178213, 0.450396601439, 0.523755768792, 0.486408786359, 0.465533629924, 0.511625644592, 0.505182407239, 0.490465145009, 0.510348756206, 0.612664698043, 0.884402287328, 0.494352145353, 0.0938523230305
0.0173166488742, 0.148563778913, 0.416638496238, 0.495224722199, 0.482014710941, 0.517028903028, 0.526912993457, 0.439254051711, 0.502370795264, 0.50597519932, 0.533655073007, 0.5800100107, 0.991571919, 0.235690700013, 0.0277299767713
0.90973339972, 0.974359907093, 0.491315178213, 0.679239585287, 0.482014710941, 0.485838965307, 0.570602008445, 0.329325975335, 0.463150952501, 0.500970060893, 0.533655073007, 0.612664698043, 0.00615673198561, 0.152783292229, 1.07116672361
0.496095462502, 0.543727626253, 0.416638496238, 0.502372475598, 0.570676884342, 0.517028903028, 0.544402205609, 0.511625644592, 0.452198239606, 0.416470368177, 0.533655073007, 0.413650617961, 0.482391995327, 0.55366819034, 0.725383857803
0.337355260696, 0.047913437096, 0.563749871528, 0.479641486718, 0.54271385006, 0.590882481733, 0.539024465803, 0.613483388663, 0.532480750532, 0.440612678635, 0.526187714823, 0.799374080917, 0.966973674121, 0.0729143395347, 0.56806586508
0.415596650691, 0.997290158222, 0.713223021007, 0.534895404634, 0.549799077163, 0.486408786359, 0.500503775794, 0.511625644592, 0.502370795264, 0.440612678635, 0.594326257289, 0.598995605052, 0.00362381763401, 0.85133384655, 0.650986855289
0.337355260696, 0.276265696639, 0.547789267413, 0.534895404634, 0.66572143522, 0.517084525442, 0.639308455825, 0.485763759873, 0.49095951543, 0.43343758532, 0.432980050925, 0.398022941048, 0.837883145569, 0.388291150697, 0.54097985786
0.110570895963, 0.503232829254, 0.416638496238, 0.460259059606, 0.51275760721, 0.426276014065, 0.710087803317, 0.455123577747, 0.463150952501, 0.416954843249, 0.520776602094, 0.529424829074, 0.741308612145, 0.748876008028, 0.184879772865
0.12747880104, 0.752518762553, 0.377164817498, 0.46977783194, 0.411237199203, 0.485838965307, 0.502570763687, 0.394146189667, 0.502370795264, 0.499079194643, 0.439240119224, 0.529424829074, 0.386256472164, 0.943041572141, 0.206835557804
0.0173166488742, 0.148563778913, 0.416638496238, 0.495224722199, 0.482014710941, 0.517028903028, 0.526912993457, 0.439254051711, 0.502370795264, 0.50597519932, 0.533655073007, 0.5800100107, 0.991571919, 0.235690700013, 0.0277299767713
0.496095462502, 0.246613487372, 0.431577435912, 0.502372475598, 0.570676884342, 0.517028903028, 0.544402205609, 0.511625644592, 0.452198239606, 0.416470368177, 0.533655073007, 0.413650617961, 0.678430365033, 0.276796195831, 0.723790361976
0.476534630888, 0.843944106059, 0.385733628146, 0.534895404634, 0.380372575377, 0.510528872432, 0.526912993457, 0.555686696764, 0.463150952501, 0.552306998337, 0.594326257289, 0.557417110597, 0.186489849897, 0.745473490377, 0.71378710526
0.337355260696, 0.607583998716, 0.547789267413, 0.506440263572, 0.66572143522, 0.517084525442, 0.536326385216, 0.485763759873, 0.532480750532, 0.404305400321, 0.432980050925, 0.515759424864, 0.522041145834, 0.736829483347, 0.528993227941
0.310849083186, 0.896435911076, 0.596646451588, 0.450396601439, 0.505366588184, 0.485838965307, 0.516437236941, 0.602806925291, 0.505182407239, 0.490465145009, 0.402308364625, 0.557417110597, 0.148159461208, 0.902704089686, 0.485915298056
0.582853617558, 0.171557775512, 0.491315178213, 0.402543665233, 0.362048533168, 0.486408786359, 0.538708731893, 0.511625644592, 0.477469747918, 0.50597519932, 0.479641026666, 0.488559822029, 0.605874934359, 0.167343194774, 0.817879044026
0.407074808104, 0.545114737231, 0.431577435912, 0.40571047383, 0.482014710941, 0.551664063922, 0.537571183846, 0.566977207997, 0.463150952501, 0.486682789691, 0.510348756206, 0.557417110597, 0.540214668571, 0.622768984173, 0.613090922746
0.476534630888, 0.901326893324, 0.416638496238, 0.402543665233, 0.380372575377, 0.510528872432, 0.526912993457, 0.444052459366, 0.463150952501, 0.550429208574, 0.483586703674, 0.557417110597, 0.117880518374, 0.754442185069, 0.709282106549
