0.997744387258, 0.283304649545, 0.585604237601, 0.416622998505, 0.40193147592, 0.505376206572, 0.704257936264, 0.192200263125, 0.71985937032, 0.606362603417, 0.21019779212, 0.407015267908, 0.791428321543, 0.377448174697, 247.472971274
0.56017191872, 0.872497645473, 0.697976917771, 0.597794417187, 0.384433319391, 0.692872800674, 0.420779804315, 0.896478029044, 0.994039862473, 0.601566174072, 0.408549872296, 0.301688781599, 26.8176886941, 132.10567125, 163.035086343
0.00539949160349, 0.000492228269667, 0.990553391144, 0.592217189809, 0.426492460723, 0.305360463412, 0.338563064133, 0.706038656215, 0.994039862473, 0.601566174072, 0.490214067894, 0.00654860623603, 447.143036932, 0.34572675367, 3.79253644687
0.761044645127, 0.872497645473, 0.697976917771, 0.597794417187, 0.384433319391, 0.692872800674, 0.782184648667, 0.896478029044, 0.994039862473, 0.601566174072, 0.408549872296, 0.301688781599, 14.6931812667, 72.3795624663, 187.43667766
0.862406599548, 0.00177786898835, 0.703065863195, 0.700506032011, 0.497233743821, 0.694740710515, 0.384338043684, 0.324223787443, 0.705051580614, 0.606362603417, 0.477079719407, 0.595384217833, 59.2459488227, 0.165454818554, 269.83968831
0.0261099941067, 0.872497645473, 0.697976917771, 0.597794417187, 0.384433319391, 0.304361735314, 0.420779804315, 0.896478029044, 0.889399954774, 0.601566174072, 0.408549872296, 0.301688781599, 41.8864244442, 206.335239423, 8.6399806799
0.063499756111, 0.283304649545, 0.697976917771, 0.416622998505, 0.40193147592, 0.505376206572, 0.704257936264, 0.192200263125, 0.777893135826, 0.606362603417, 0.21019779212, 0.501400655327, 197.397998203, 94.1430980953, 21.8867224247
0.997744387258, 0.00157600109503, 0.585604237601, 0.300554831572, 0.426492460723, 0.794049562009, 0.384338043684, 0.374959040019, 0.317765890106, 0.492000441402, 0.490214067894, 0.595316103836, 1.46167225368, 0.00361848921165, 412.539084282
0.997744387258, 0.992606502513, 0.536112736615, 0.300554831572, 0.497233743821, 0.364380674439, 0.0939083221408, 0.209170303991, 0.305168533449, 0.0997246761747, 0.613866341329, 0.395656866462, 0.0185070177308, 1.59348180273, 449.769667946
4.15417508344e-05, 0.000492228269667, 0.990553391144, 0.592217189809, 0.426492460723, 0.305360463412, 0.338563064133, 0.706038656215, 0.994039862473, 0.601566174072, 0.958117307388, 0.00654860623603, 637.094785479, 0.492595643387, 0.0415727596496
0.862406599548, 0.00177786898835, 0.703065863195, 0.700506032011, 0.497233743821, 0.694740710515, 0.384338043684, 0.324223787443, 0.705051580614, 0.606362603417, 0.477079719407, 0.595384217833, 59.2459488227, 0.165454818554, 269.83968831
0.38736432267, 0.00177786898835, 0.697976917771, 0.693119193583, 0.426492460723, 0.797177401242, 0.384338043684, 0.412865125714, 0.0854625683894, 0.601566174072, 0.490214067894, 0.595316103836, 244.310897813, 0.682281507371, 170.198527294
0.580835932079, 0.737277372091, 0.697976917771, 0.416622998505, 0.292527835233, 0.208144032975, 0.404534057906, 0.210702951924, 0.396478838835, 0.601566174072, 0.306275382556, 0.407015267908, 37.937282377, 86.6492920945, 122.276359814
0.761044645127, 0.872497645473, 0.697976917771, 0.597794417187, 0.384433319391, 0.692872800674, 0.782184648667, 0.896478029044, 0.994039862473, 0.601566174072, 0.408549872296, 0.301688781599, 14.6931812667, 72.3795624663, 187.43667766
0.0261099941067, 0.00157600109503, 0.585604237601, 0.300554831572, 0.40193147592, 0.797177401242, 0.384338043684, 0.192200263125, 0.898684585375, 0.606362603417, 0.21019779212, 0.539905639044, 357.175402085, 0.884216920626, 14.6572713929
0.0989103768447, 0.000492228269667, 0.999332544142, 0.592217189809, 0.426492460723, 0.305360463412, 0.0287079230806, 0.706038656215, 0.994039862473, 0.601566174072, 0.490214067894, 0.00654860623603, 393.633244182, 0.304353489615, 61.6549517431
0.0261099941067, 0.0930203748175, 0.994592403649, 0.815222683745, 0.483107680108, 0.794049562009, 0.790357752635, 0.389510248615, 0.994039862473, 0.504330086942, 0.408549872296, 0.285959386767, 286.333283376, 42.1382019834, 11.8766717473
4.15417508344e-05, 0.00177786898835, 0.703065863195, 0.592217189809, 0.497233743821, 0.694740710515, 0.384338043684, 0.324223787443, 0.705051580614, 0.606362603417, 0.477079719407, 0.847597140704, 490.6238754, 1.37015417755, 0.0320151135362
0.0261099941067, 0.994968498714, 0.682087692512, 0.220563677749, 0.407037395439, 0.897255725879, 0.790357752635, 0.412811582246, 0.593069919776, 0.390719324997, 0.405796551593, 0.500943890398, 2.07285035365, 262.265667592, 10.762799813
0.00485518712396, 0.992606502513, 0.605425578916, 0.677266755007, 0.41177230028, 0.516371505415, 0.319851486315, 0.44385881551, 0.951902913992, 0.393149005575, 0.405796551593, 0.508981551892, 8.00728074056, 689.43880289, 5.25846855848
0.418643779076, 0.121720092248, 0.682087692512, 0.815222683745, 0.292527835233, 0.516371505415, 0.404534057906, 0.210702951924, 0.396478838835, 0.108242694956, 0.405796551593, 0.500943890398, 195.631639839, 37.8668297278, 153.885226537
0.761044645127, 0.86171635799, 0.697976917771, 0.597794417187, 0.384433319391, 0.692872800674, 0.782184648667, 0.896478029044, 0.994039862473, 0.601566174072, 0.408549872296, 0.301688781599, 15.9167785718, 72.1203632717, 187.43667766
0.862406599548, 0.00177786898835, 0.703065863195, 0.700506032011, 0.497233743821, 0.694740710515, 0.384338043684, 0.324223787443, 0.705051580614, 0.606362603417, 0.477079719407, 0.595384217833, 59.2459488227, 0.165454818554, 269.83968831
0.0261099941067, 0.872497645473, 0.697976917771, 0.597794417187, 0.384433319391, 0.304361735314, 0.420779804315, 0.896478029044, 0.889399954774, 0.601566174072, 0.408549872296, 0.301688781599, 41.8864244442, 206.335239423, 8.6399806799
0.063499756111, 0.283304649545, 0.697976917771, 0.416622998505, 0.40193147592, 0.505376206572, 0.704257936264, 0.192200263125, 0.777893135826, 0.606362603417, 0.21019779212, 0.501400655327, 197.397998203, 94.1430980953, 21.8867224247
0.224754393372, 0.814345987798, 0.697976917771, 0.587785509536, 0.292527835233, 0.794049562009, 0.790357752635, 0.896478029044, 0.886435703569, 0.601103230595, 0.305836344154, 0.408798056676, 50.2074078036, 167.256021419, 64.3475862383
0.997744387258, 0.0930203748175, 0.536112736615, 0.300554831572, 0.497233743821, 0.794049562009, 0.0939083221408, 0.209170303991, 0.305168533449, 0.0997246761747, 0.613866341329, 0.395656866462, 1.05723508902, 0.155587870191, 301.604626393
4.15417508344e-05, 0.000492228269667, 0.990553391144, 0.592217189809, 0.426492460723, 0.305360463412, 0.338563064133, 0.706038656215, 0.994039862473, 0.601566174072, 0.958117307388, 0.00654860623603, 637.094785479, 0.492595643387, 0.0415727596496
0.467246449846, 0.970408474502, 0.599233828152, 0.416622998505, 0.40193147592, 0.505376206572, 0.704255129914, 0.106059914561, 0.71985937032, 0.606362603417, 0.21019779212, 0.491675257072, 7.38470798706, 158.757100527, 143.362398113
0.915180682239, 0.00177786898835, 0.703065863195, 0.700506032011, 0.497233743821, 0.694740710515, 0.384338043684, 0.192200263125, 0.745835638457, 0.606362603417, 0.613866341329, 0.595384217833, 45.5140011042, 0.127105919375, 339.587426096
0.38736432267, 0.00177786898835, 0.697976917771, 0.693119193583, 0.426492460723, 0.797177401242, 0.384338043684, 0.412865125714, 0.0854625683894, 0.601566174072, 0.490214067894, 0.595316103836, 244.310897813, 0.682281507371, 170.198527294
0.0498585668236, 0.00177786898835, 0.619455798655, 0.300554831572, 0.225305432433, 0.794049562009, 0.384338043684, 0.896478029044, 0.317765890106, 0.601566174072, 0.490214067894, 0.595316103836, 344.884772647, 0.963151888261, 27.0660320343
0.224754393372, 0.998566084896, 0.400434995217, 0.612995445704, 0.104653573004, 0.694740710515, 0.468863236694, 0.896478029044, 0.994039862473, 0.0797056542678, 0.507999240838, 0.696067860994, 0.758505897608, 336.755665635, 124.088457914
0.0989103768447, 0.000492228269667, 0.999332544142, 0.592217189809, 0.426492460723, 0.305360463412, 0.0287079230806, 0.706038656215, 0.994039862473, 0.601566174072, 0.490214067894, 0.00654860623603, 393.633244182, 0.304353489615, 61.6549517431
0.0261099941067, 0.0930203748175, 0.994592403649, 0.815222683745, 0.483107680108, 0.794049562009, 0.790357752635, 0.389510248615, 0.994039862473, 0.504330086942, 0.408549872296, 0.285959386767, 286.333283376, 42.1382019834, 11.8766717473
0.00485464703727, 0.992606502513, 0.605425578916, 0.677266755007, 0.41177230028, 0.516371505415, 0.319851486315, 0.44385881551, 0.951902913992, 0.393149005575, 0.405796551593, 0.508981551892, 8.00728079236, 689.43880735, 5.25788362246
0.418643779076, 0.121720092248, 0.682087692512, 0.815222683745, 0.292527835233, 0.516371505415, 0.404534057906, 0.210702951924, 0.396478838835, 0.108242694956, 0.405796551593, 0.500943890398, 195.631639839, 37.8668297278, 153.885226537
0.997744387258, 0.000249659946086, 0.605425578916, 0.805293769266, 0.40193147592, 0.728257966521, 0.925353626211, 0.192200263125, 0.96674164269, 0.606362603417, 0.00227696641195, 0.407015267908, 1.80014615831, 0.000705954221622, 508.067678896
0.0505697692324, 0.000249659946086, 0.0336001554401, 0.496608043771, 0.387958787072, 0.208144032975, 0.925353626211, 0.210702951924, 0.396478838835, 0.504330086942, 0.306275382556, 0.595316103836, 399.340192028, 0.156607224988, 31.7884023919
0.232611394308, 0.00177786898835, 0.703065863195, 0.700506032011, 0.497233743821, 0.694740710515, 0.384338043684, 0.324223787443, 0.705051580614, 0.606362603417, 0.477079719407, 0.595384217833, 258.028754668, 0.720591055317, 98.7127637507
0.997744387258, 0.901631051272, 0.697976917771, 0.677266755007, 0.497233743821, 0.304361735314, 0.496403884547, 0.209170303991, 0.305168533449, 0.202637544226, 0.613866341329, 0.407015267908, 0.10767144025, 0.691268664309, 197.454001234
0.074191283402, 0.0930203748175, 0.9981504582, 0.815222683745, 0.483107680108, 0.794049562009, 0.790357752635, 0.706038656215, 0.994039862473, 0.504330086942, 0.408549872296, 0.285959386767, 269.401821177, 39.6464854578, 31.8785324364
0.580835932079, 0.737277372091, 0.697976917771, 0.416622998505, 0.292527835233, 0.208144032975, 0.404534057906, 0.210702951924, 0.396478838835, 0.601566174072, 0.306275382556, 0.407015267908, 37.937282377, 86.6492920945, 122.276359814
0.854359512748, 0.872497645473, 0.697976917771, 0.597794417187, 0.384433319391, 0.692872800674, 0.782184648667, 0.896478029044, 0.994039862473, 0.601566174072, 0.408549872296, 0.301688781599, 9.08934203608, 44.7746875056, 196.213684515
0.0261099941067, 0.00157600109503, 0.585604237601, 0.300554831572, 0.40193147592, 0.797177401242, 0.384338043684, 0.192200263125, 0.898684585375, 0.606362603417, 0.21019779212, 0.539905639044, 357.175402085, 0.884216920626, 14.6572713929
0.00205599854704, 0.992606502513, 0.703065863195, 0.956823281327, 0.41177230028, 0.694740710515, 0.319851486315, 0.335360166517, 0.997975665606, 0.390719324997, 0.932531965716, 0.495914945508, 8.13580468071, 700.504905642, 2.26247953893
0.00485518712396, 0.992606502513, 0.605425578916, 0.677266755007, 0.41177230028, 0.516371505415, 0.319851486315, 0.44385881551, 0.951902913992, 0.393149005575, 0.405796551593, 0.508981551892, 8.00728074056, 689.43880289, 5.25846855848
0.000182230221284, 0.000143368502356, 0.990553391144, 0.592217189809, 0.426492460723, 0.305360463412, 0.782184648667, 0.706038656215, 0.994039862473, 0.601566174072, 0.958117307388, 0.301688781599, 495.353693658, 0.111554999514, 0.141793299363
0.862406599548, 0.00177786898835, 0.703065863195, 0.700506032011, 0.497233743821, 0.694740710515, 0.384338043684, 0.324223787443, 0.705051580614, 0.606362603417, 0.477079719407, 0.595384217833, 59.2459488227, 0.165454818554, 269.83968831
0.0399319942075, 0.901631051272, 0.697976917771, 0.416622998505, 0.40193147592, 0.682760531989, 0.704257936264, 0.192200263125, 0.899921564296, 0.606362603417, 0.21019779212, 0.501400655327, 30.2556334638, 194.246229862, 12.3472109223
4.15417508344e-05, 0.970408474502, 0.599233828152, 0.416622998505, 0.40193147592, 0.505376206572, 0.704255129914, 0.106059914561, 0.71985937032, 0.606362603417, 0.21019779212, 0.491675257072, 9.94526415504, 213.804161789, 0.0139665829906
0.25109184914, 0.998566084896, 0.400434995217, 0.612995445704, 0.104653573004, 0.694740710515, 0.468863236694, 0.896478029044, 0.994039862473, 0.69671815262, 0.780614741837, 0.491675257072, 0.714913307627, 317.401759882, 132.110668491
0.00205599854704, 0.283304649545, 0.605425578916, 0.416622998505, 0.40193147592, 0.505376206572, 0.704257936264, 0.192200263125, 0.777893135826, 0.606362603417, 0.21019779212, 0.501400655327, 200.31432481, 95.5339532427, 0.716735006317
0.437819095448, 0.000249659946086, 0.697976917771, 0.815222683745, 0.387958787072, 0.208144032975, 0.925353626211, 0.210702951924, 0.396478838835, 0.504330086942, 0.306275382556, 0.595316103836, 218.026033123, 0.0855021675855, 179.11231529
0.580835932079, 0.935576107356, 0.00950033385927, 0.496608043771, 0.292527835233, 0.208144032975, 0.404534057906, 0.210702951924, 0.517745221376, 0.601566174072, 0.490214067894, 0.413482927423, 14.0031441711, 137.902665638, 179.182596596
0.224754393372, 0.226625031734, 0.697976917771, 0.592217189809, 0.292527835233, 0.616679938637, 0.790357752635, 0.896478029044, 0.994039862473, 0.601103230595, 0.305836344154, 0.488819373712, 172.337247863, 64.0788185845, 67.7506855745
0.56017191872, 0.872497645473, 0.697976917771, 0.597794417187, 0.384433319391, 0.692872800674, 0.420779804315, 0.896478029044, 0.889399954774, 0.601566174072, 0.408549872296, 0.301688781599, 27.4764610877, 135.350826724, 167.040018136
0.224754393372, 0.737277372091, 0.697976917771, 0.592217189809, 0.292527835233, 0.616679938637, 0.790357752635, 0.896478029044, 0.994039862473, 0.601103230595, 0.305836344154, 0.488819373712, 73.7424621214, 168.428831476, 67.7506855745
0.580835932079, 0.935576107356, 0.697976917771, 0.815222683745, 0.292527835233, 0.208144032975, 0.404534057906, 0.210702951924, 0.517745221376, 0.601566174072, 0.490214067894, 0.790113417104, 14.3720093215, 141.535241785, 183.90255196
4.15417508344e-05, 0.000492228269667, 0.990553391144, 0.630985646975, 0.426492460723, 0.305360463412, 0.338563064133, 0.996953927638, 0.994039862473, 0.601566174072, 0.958117307388, 0.00654860623603, 778.133587331, 0.601645506804, 0.0507760561517
0.00539949160349, 0.000492228269667, 0.990553391144, 0.587785509536, 0.426492460723, 0.305360463412, 0.338563064133, 0.706038656215, 0.886435703569, 0.601566174072, 0.490214067894, 0.00266326363527, 474.577657867, 0.366938942277, 4.02522887683
0.224754393372, 0.998566084896, 0.400434995217, 0.612995445704, 0.104653573004, 0.694740710515, 0.468863236694, 0.66920141965, 0.994039862473, 0.0797056542678, 0.507999240838, 0.696067860994, 1.01283615859, 449.671275915, 165.695846843
0.224754393372, 0.998566084896, 0.400434995217, 0.612995445704, 0.104653573004, 0.694740710515, 0.468863236694, 0.66920141965, 0.994039862473, 0.0797056542678, 0.507999240838, 0.696067860994, 1.01283615859, 449.671275915, 165.695846843
0.997744387258, 0.992606502513, 0.536112736615, 0.380563360576, 0.497233743821, 0.364380674439, 0.0939083221408, 0.209170303991, 0.305168533449, 0.0997246761747, 0.613866341329, 0.395656866462, 0.0211050641317, 1.81717746902, 512.909093434
0.0261099941067, 0.994968498714, 0.682087692512, 0.569532259299, 0.407037395439, 0.897255725879, 0.790357752635, 0.412811582246, 0.593069919776, 0.390719324997, 0.405796551593, 0.500943890398, 2.49826878366, 316.091380749, 12.9716873918
0.00539949160349, 0.000492228269667, 0.990553391144, 0.587785509536, 0.426492460723, 0.305360463412, 0.338563064133, 0.706038656215, 0.886435703569, 0.601566174072, 0.490214067894, 0.00654860623603, 481.14188694, 0.372014341915, 4.08090474774
4.15417508344e-05, 0.00177786898835, 0.703065863195, 0.592217189809, 0.497233743821, 0.694740710515, 0.384338043684, 0.324223787443, 0.705051580614, 0.390719324997, 0.477079719407, 0.847597140704, 499.326895152, 1.39445890358, 0.032583019379
0.0505697692324, 0.000249659946086, 0.773112608703, 0.496608043771, 0.42209307369, 0.102793936137, 0.925353626211, 0.696077222428, 0.317765890106, 0.504330086942, 0.490214067894, 0.595316103836, 434.74667791, 0.170492407625, 34.606840513
0.00313928547786, 0.992606502513, 0.605425578916, 0.693119193583, 0.41177230028, 0.516371505415, 0.955442091957, 0.696077222428, 0.951902913992, 0.390719324997, 0.932531965716, 0.301688781599, 8.40992171335, 724.106790596, 3.57096930762
4.15417508344e-05, 0.00177786898835, 0.703065863195, 0.592217189809, 0.497233743821, 0.694740710515, 0.384338043684, 0.324223787443, 0.705051580614, 0.390719324997, 0.477079719407, 0.847597140704, 499.326895152, 1.39445890358, 0.032583019379
0.0505697692324, 0.000249659946086, 0.773112608703, 0.496608043771, 0.42209307369, 0.102793936137, 0.925353626211, 0.696077222428, 0.317765890106, 0.504330086942, 0.490214067894, 0.595316103836, 434.74667791, 0.170492407625, 34.606840513
0.0989103768447, 0.0930203748175, 0.411936677139, 0.592217189809, 0.426492460723, 0.305360463412, 0.790357752635, 0.706038656215, 0.994039862473, 0.601566174072, 0.490214067894, 0.00654860623603, 275.583241988, 40.5561734816, 43.629630165
0.000182230221284, 0.000143368502356, 0.990553391144, 0.592217189809, 0.426492460723, 0.305360463412, 0.338563064133, 0.706038656215, 0.994039862473, 0.601566174072, 0.958117307388, 0.00654860623603, 637.094935014, 0.143475512701, 0.182366244563
0.997744387258, 0.000249659946086, 0.585604237601, 0.879251038905, 0.40193147592, 0.728257966521, 0.936626929784, 0.192200263125, 0.99728346813, 0.606362603417, 0.00021647378471, 0.407015267908, 1.88774767147, 0.000740308464332, 532.792058777
0.997744387258, 0.000492228269667, 0.999680653605, 0.124124616485, 0.426492460723, 0.305360463412, 0.338563064133, 0.706038656215, 0.994039862473, 0.601566174072, 0.490214067894, 0.00654860623603, 1.8673540942, 0.00144382046821, 527.03635567
0.0498585668236, 0.00177786898835, 0.619455798655, 0.300554831572, 0.225305432433, 0.794049562009, 0.384338043684, 0.896478029044, 0.317765890106, 0.607880943866, 0.490214067894, 0.595316103836, 356.508865581, 0.995614229155, 27.9782731556
0.000182230221284, 0.000492228269667, 0.990553391144, 0.592217189809, 0.426492460723, 0.305360463412, 0.338563064133, 0.706038656215, 0.994039862473, 0.601566174072, 0.958117307388, 0.00525164683407, 634.27148851, 0.490412696957, 0.181558092331
0.997744387258, 0.000249659946086, 0.585604237601, 0.879251038905, 0.40193147592, 0.728257966521, 0.936626929784, 0.192200263125, 0.99728346813, 0.606362603417, 0.00021647378471, 0.407015267908, 1.88774767147, 0.000740308464332, 532.792058777
0.0498585668236, 0.00177786898835, 0.619455798655, 0.300554831572, 0.225305432433, 0.794049562009, 0.384338043684, 0.896478029044, 0.317765890106, 0.607880943866, 0.490214067894, 0.595316103836, 356.508865581, 0.995614229155, 27.9782731556
0.269811993982, 0.0930203748175, 0.990553391144, 0.815222683745, 0.483107680108, 0.794049562009, 0.790357752635, 0.706038656215, 0.994039862473, 0.504330086942, 0.408549872296, 0.285959386767, 261.382313674, 38.4662956351, 119.195872332
0.248134992864, 0.00177786898835, 0.697976917771, 0.696972314391, 0.876216513135, 0.491207067478, 0.384338043684, 0.412865125714, 0.317765890106, 0.601566174072, 0.490214067894, 0.783835880668, 319.196453511, 0.891412701599, 131.121797325
0.38736432267, 0.000249659946086, 0.287505304, 0.693119193583, 0.583706005638, 0.102793936137, 0.955442091957, 0.696077222428, 0.317765890106, 0.504330086942, 0.490214067894, 0.196388131128, 351.788072062, 0.137958950412, 245.071273721
0.660878057756, 0.000249659946086, 0.773112608703, 0.496608043771, 0.42209307369, 0.102793936137, 0.925353626211, 0.696077222428, 0.317765890106, 0.504330086942, 0.490214067894, 0.595316103836, 221.48614133, 0.0868591007353, 375.694314684
0.248134992864, 0.00133167018544, 0.697976917771, 0.696972314391, 0.829851980364, 0.491207067478, 0.384338043684, 0.412865125714, 0.317765890106, 0.601566174072, 0.490214067894, 0.783835880668, 350.996782889, 0.734210046525, 144.184716785
0.00205599854704, 0.283304649545, 0.585604237601, 0.416622998505, 0.40193147592, 0.505376206572, 0.704257936264, 0.192200263125, 0.777893135826, 0.606362603417, 0.21019779212, 0.501400655327, 229.251590407, 109.334720517, 0.820274038087
0.915180682239, 0.00177786898835, 0.703065863195, 0.700506032011, 0.497233743821, 0.694740710515, 0.384338043684, 0.192200263125, 0.745835638457, 0.606362603417, 0.477079719407, 0.595384217833, 52.1710009932, 0.145696772094, 389.256393952
0.997744387258, 0.00157600109503, 0.585604237601, 0.300554831572, 0.426492460723, 0.583302857899, 0.384338043684, 0.374959040019, 0.317765890106, 0.492000441402, 0.490214067894, 0.595316103836, 1.58676167077, 0.0039281582945, 447.844039582
0.000182230221284, 0.000492228269667, 0.990553391144, 0.592217189809, 0.426492460723, 0.305360463412, 0.338563064133, 0.706038656215, 0.994039862473, 0.601566174072, 0.958117307388, 0.00654860623603, 637.094760734, 0.492595624254, 0.182366244563
0.00313928547786, 0.992606502513, 0.605425578916, 0.677266755007, 0.41177230028, 0.516371505415, 0.319851486315, 0.335360166517, 0.951902913992, 0.390719324997, 0.932531965716, 0.301688781599, 9.44303404161, 813.059301433, 4.00964311949
0.997744387258, 0.971677987138, 0.711085545378, 0.661807392326, 0.173151993037, 0.797177401242, 0.805021352189, 0.335360166517, 0.684644302101, 0.10110233401, 0.21019779212, 0.50970150117, 0.0983508640188, 2.20926359952, 624.153228779
0.580835932079, 0.737277372091, 0.697976917771, 0.815222683745, 0.292527835233, 0.208144032975, 0.404534057906, 0.210702951924, 0.396478838835, 0.601566174072, 0.306275382556, 0.790113417104, 42.4804548533, 97.0259625957, 136.919543448
0.997744387258, 0.283304649545, 0.585604237601, 0.416622998505, 0.40193147592, 0.505376206572, 0.420779804315, 0.896478029044, 0.71985937032, 0.606362603417, 0.21019779212, 0.407015267908, 0.994839117133, 0.474458897486, 311.077814067
