1.47597327767, 1.17169580871, 0.98008029369, 0.806223025043, 2.24678400522, 0.77680695514, 2.68442652233, 0.894512999292, 0.985576950554, 1.47748362098, 2.82601263664, 0.844077015462, 1.15609290697, 0.895379274898, 0.80112148474, 1.09942296674, 1.02046733357, 0.924138085407, 4.49665700608, 0.925931299886, 0.822188895607, 38.9070826537, 0.858483008109, 2.86003207374, 0.956224682077, 1.95132966074, 1.00932772087, 10.5962611305, 5.23968594813, 54.7135980624
2.8483211436, 1.14710735961, 0.747074299902, 0.875274112162, 3.2881363952, 0.786356450607, 1.27507377415, 0.900664989576, 0.975954033112, 1.27737350521, 3.98866010571, 0.915994145057, 1.63651287192, 0.89380665005, 0.858161762409, 1.15556231391, 1.05835390071, 0.924233583154, 4.45329840779, 1.01519930756, 0.821896370937, 38.2389832175, 0.942531770474, 1.23166511003, 1.06575052696, 2.41732563247, 1.01327605054, 7.35856896931, 5.62331869759, 95.0800483863
2.92542613554, 1.08776740404, 1.09222486261, 0.907492999646, 2.77180064991, 0.819595908064, 2.13767716853, 0.833180614745, 0.995423471564, 2.74848119441, 3.46794067271, 0.88306912538, 1.53946974026, 0.814823154611, 0.886223655924, 1.2028394794, 1.03616121557, 0.812002954575, 4.40389050818, 0.917554147393, 0.782685869579, 146.158605567, 0.924502351388, 1.36248271845, 0.96398896993, 2.62308225458, 0.938653678169, 16.5585948696, 7.4347460864, 33.5876294375
1.34169633932, 1.0292099626, 0.796865477737, 0.874664031486, 1.86023659677, 0.894948524245, 1.53667910606, 0.900096273581, 0.976059735478, 2.80360025492, 3.8237285375, 0.89041772396, 1.4089013509, 0.881377106736, 0.850905649472, 1.04440350268, 1.034290622, 0.897179573248, 4.66404240374, 0.962827526441, 0.771797502741, 121.673794851, 0.843570031206, 2.56933063086, 1.0324840928, 2.75331319369, 0.991677132099, 24.4648161564, 7.81828869683, 27.5113029451
2.83697025858, 1.03248597753, 0.808075404032, 0.859646717433, 2.83768252666, 0.799362491963, 2.35656511117, 0.872053136105, 0.936049951449, 2.03453174423, 2.06165513936, 0.960595760292, 1.84935164045, 0.9582918604, 0.878098469125, 1.02973160981, 1.00891904505, 0.830020675078, 4.51604987948, 1.00940122973, 0.834972209145, 166.533153112, 0.973656084545, 1.36742507503, 1.03890136708, 2.23038330259, 0.994297402357, 13.2045727429, 5.87229909264, 37.1457068743
1.42353671279, 1.05774825021, 0.772962945262, 0.891830349658, 3.44667892184, 0.875539887671, 2.67830675527, 0.894606449287, 0.978388947914, 1.70841821019, 3.53722086366, 0.844077015462, 1.79186010989, 0.884543279394, 0.799960296341, 1.09858297168, 1.02105205379, 0.924309001669, 4.90739832787, 0.914603285776, 0.761276792547, 38.9063239045, 0.857317566603, 2.86332244535, 0.951217927068, 1.41687887803, 1.00808776133, 15.4745865842, 11.6155102172, 33.9510910982
2.95168065633, 1.05793105512, 1.08479730511, 0.961071958655, 2.61910661342, 0.875546792484, 2.86383096377, 0.866592469917, 0.977391415378, 1.70555870736, 3.40106291308, 0.865336480581, 1.73157401325, 0.875997796736, 0.895373278213, 1.09942296674, 1.01198480408, 0.925416756346, 4.88771584573, 0.918321676256, 0.786891085915, 116.359157053, 0.924234744462, 3.07992600747, 1.04273131009, 1.57354674015, 1.00932772087, 27.2535625146, 13.4854575894, 31.8051289814
2.98192823525, 1.05157820367, 1.0857405317, 0.873558844395, 3.45632502082, 0.759992780225, 1.43640385664, 0.870507427801, 0.904637250969, 1.7693906336, 2.49916835171, 0.842808010767, 1.43683956778, 0.866126753485, 0.899615732615, 1.24833053852, 1.06489385163, 0.8151518335, 3.47616776998, 0.987122910649, 0.760039986343, 151.505472872, 0.950729356401, 2.74727977725, 0.963948053911, 2.26144016322, 1.01853664371, 13.979671047, 11.4965617613, 41.3299181654
1.91038261648, 1.15220409515, 1.09344259985, 0.896287288326, 2.13829711614, 0.738247668807, 1.36590174886, 0.823910343674, 0.929315409886, 3.08704031391, 1.82821922943, 0.925571904925, 1.18106036964, 0.818009970275, 0.884673891214, 1.14821363345, 1.03796950846, 0.898905465693, 3.25597692904, 0.958569516415, 0.833452102497, 124.732220563, 0.950699673019, 1.04104487081, 1.05273238681, 2.68554661626, 1.03208322154, 43.0822108081, 7.90219938926, 40.612283407
2.16741067798, 1.10546849318, 0.77216908891, 0.93513418901, 3.47728640364, 0.777931720322, 2.78319353181, 0.9592517774, 0.902048908889, 1.26213608846, 3.25231522952, 0.84966092154, 2.35133715327, 0.863113567866, 0.800318894164, 1.21543506257, 1.05196761749, 0.932045700514, 3.11191331874, 0.95889543561, 0.808135191792, 124.368233178, 0.94140180596, 2.35991221166, 0.988904256743, 1.89358520543, 1.00074475012, 14.4359251034, 5.93478383561, 53.4768864466
1.79874876927, 1.04172304233, 0.795915016897, 0.859576295973, 1.66753410983, 0.79886748562, 2.63579290229, 0.934894308134, 0.929538321065, 2.76175662445, 1.86161817634, 0.925633744876, 1.1835662175, 0.907012414599, 0.825197410954, 1.14820541172, 1.0689751234, 0.835829378641, 4.8442134928, 0.994143250755, 0.827457120206, 26.864563553, 0.916319961638, 2.85342996353, 1.04435602064, 1.43820694356, 1.00772658909, 13.9169166867, 8.28164758432, 81.7156507378
1.84622155578, 1.09005557283, 0.979431866687, 0.87398716354, 2.39574813148, 0.827433080129, 2.12449832398, 0.925981193699, 0.934506245456, 3.11466372992, 2.96047659472, 0.939368259907, 2.18068180145, 0.832386760355, 0.890265781158, 1.20269725396, 1.00430481773, 0.851380962829, 5.51605248148, 0.94708116443, 0.826116615919, 82.0046078847, 0.859767534069, 2.71129598079, 0.992175530325, 2.64989216903, 0.893347777919, 26.7324951855, 13.668839706, 37.8246053437
3.12938942367, 1.15103805393, 1.06984990012, 0.829841186942, 2.76668104063, 0.787837725668, 2.79620573542, 0.86133999044, 0.968676635298, 2.66321105314, 1.87356757802, 0.955659962177, 1.62427565871, 0.90676034815, 0.859649089481, 1.24491829223, 1.01257392158, 0.81570949435, 4.5200312391, 0.95911823864, 0.814029375867, 32.0457024837, 0.934309401563, 1.3115180334, 0.961109185251, 2.76277271938, 1.0129428022, 25.4972762846, 13.4233584442, 41.1258398176
2.95168065633, 1.05793105512, 0.750496651602, 0.859041706801, 2.04582274256, 0.874736521271, 2.86879645424, 0.89378862594, 0.977391415378, 1.70555870736, 3.80533623311, 0.865336480581, 1.15663463215, 0.875997796736, 0.8383448971, 1.09942296674, 1.01195783148, 0.925416756346, 4.88746677236, 0.918321676256, 0.760967237014, 98.7173789408, 0.924234744462, 2.86003207374, 0.956224682077, 1.57548344015, 1.00932772087, 32.7106732124, 10.5573356313, 55.7711040442
2.98192823525, 1.16269529715, 1.09288329129, 0.938733836169, 2.87176137058, 0.819234118649, 1.32252421976, 0.937704660968, 0.904637250969, 2.10198318282, 3.46334930245, 0.955378899212, 1.53995311998, 0.866975289483, 0.796040991521, 1.20595000666, 1.03589192713, 0.8151518335, 4.60219370847, 0.962669543934, 0.797869628341, 146.194678511, 0.899998714959, 1.36185053648, 0.981301330759, 1.48539594042, 0.919996405242, 76.9819287248, 9.59491252889, 76.9763892918
1.18354509832, 1.10546849318, 0.792917797208, 0.93513418901, 2.76623110734, 0.777037145906, 2.77513368759, 0.974988691268, 0.971429908535, 1.26213608846, 1.87321971932, 0.883154484371, 2.40184113268, 0.830615194838, 0.78421996724, 1.20330141432, 1.05184472362, 0.817856280845, 3.15429748907, 0.958675260686, 0.76004712744, 124.586595004, 0.94140180596, 2.36275264552, 1.06538068304, 1.95044808876, 0.876748186153, 32.6765316996, 7.77199524846, 443.53458273
2.17815585717, 1.0414061828, 0.738069375457, 0.911619188172, 2.27053471677, 0.900604940089, 2.42939061045, 0.86133999044, 0.954842790642, 2.791968308, 1.85671792667, 0.874396807234, 1.37392469868, 0.92514268613, 0.851332036994, 1.08260510595, 1.02831963445, 0.835300014272, 5.58661506279, 0.956645895555, 0.799340370905, 124.427558968, 0.849079726818, 2.91012310258, 0.99369449654, 2.75888183136, 0.944896379989, 24.2171024789, 8.21665060499, 233.210869111
3.05827922879, 1.10517745944, 0.830139301338, 0.953435447705, 2.73276351195, 0.762463006275, 1.08723524643, 0.87069237419, 0.952059718795, 3.17091405398, 2.50640824712, 0.879873372107, 1.18320441884, 0.812270122532, 0.788424136787, 1.23191776485, 1.00113533994, 0.812770148156, 4.98548277596, 0.982763468461, 0.828594078066, 70.0179937725, 0.860006822387, 1.03734049378, 0.966687677654, 1.94357721706, 1.02178079945, 26.2348270128, 10.0934966366, 63.8171523397
2.99746951781, 1.10369001668, 0.739715887596, 0.877354342995, 3.47431636706, 0.752936261496, 1.39250594304, 0.937359314344, 0.972191054492, 1.91628019046, 3.39601904584, 0.842808010767, 1.1337582822, 0.867216322929, 0.789853907936, 1.24647812113, 1.05154884062, 0.88848716042, 3.47898442286, 0.925695149318, 0.816840268308, 151.371874552, 0.899367178446, 2.74756056696, 0.96403539589, 1.14263049236, 0.885419669513, 16.5926142193, 11.6097634936, 89.0210744548
2.16757408343, 1.11740837313, 1.09869812047, 0.905701400841, 3.47728640364, 0.777972061187, 1.94668982534, 0.9592517774, 0.912471100441, 1.259853208, 1.87321971932, 0.91417297938, 2.40184113268, 0.830615194838, 0.786611286619, 1.06720726001, 1.05189220061, 0.932020275033, 3.54219272073, 0.958495601248, 0.760622253689, 98.7314249691, 0.94140180596, 2.36275264552, 1.06533794316, 1.95044808876, 0.878662336118, 32.7695384851, 8.83758012055, 123.516589083
2.16811082019, 1.10608160861, 0.774069260724, 0.953104349333, 2.50605621862, 0.847328883457, 1.76713392416, 1.00244068669, 0.969294053512, 1.25599636155, 3.85092789859, 0.89293202712, 2.36751928654, 0.821305883557, 0.798860105168, 1.20387428327, 1.05246839851, 0.923615947886, 4.4582029818, 0.980451625852, 0.791745374034, 41.1096939403, 0.858653812911, 2.8866876349, 1.02176993208, 1.78399207108, 0.965531240318, 37.4855941565, 9.02644717753, 108.311424781
2.22459706432, 1.10369001668, 0.739863762667, 0.877354342995, 3.47431636706, 0.752936261496, 1.39368357806, 0.937359314344, 0.960644548713, 1.91628019046, 3.39529802402, 0.909312201273, 1.1337582822, 0.82155784071, 0.789853907936, 1.25071022535, 1.05154708071, 0.888503443219, 3.48901371338, 0.960576152482, 0.816840268308, 151.371874552, 0.941055889566, 2.74756056696, 1.01506982468, 1.12423259487, 0.885419669513, 52.1461259398, 8.31177181921, 81.8951468722
2.04962402769, 1.09519723776, 1.07925500112, 0.906362270078, 3.57556319201, 0.876616908641, 2.83795902204, 0.85593777043, 0.970269636008, 2.54995390457, 3.51443543119, 0.880420236937, 2.36071667394, 0.866946373718, 0.817891753842, 1.17546205953, 1.0560855717, 0.89477322735, 4.52159493251, 0.963982232376, 0.856469006389, 165.850334793, 0.857163124914, 2.58854590889, 1.04929895371, 2.07726119718, 0.904944043225, 46.7618939417, 8.49665809387, 86.6698570441
2.99793904751, 1.05793105512, 0.750496651602, 0.911113313849, 3.47237801259, 0.781860261744, 1.96482530959, 0.942574812325, 0.978094877912, 1.70779511728, 3.39525514504, 0.865336480581, 1.15784955348, 1.0046986476, 0.8383448971, 1.09942296674, 1.01206589977, 0.925416756346, 4.89784846907, 0.918281304279, 0.761390498468, 40.5272316631, 0.924399061366, 2.86338745118, 0.974426193904, 1.72474025171, 0.975760273561, 21.6281195636, 9.63712881918, 281.952310579
2.35729378485, 1.09339103542, 1.08733404921, 0.962174973258, 1.86561579189, 0.738457516982, 1.11108560485, 0.877827741744, 0.989499444047, 2.10707408859, 3.28319563011, 0.842867973402, 1.18421906975, 0.867656003233, 0.788170793388, 1.24592116381, 1.00061092528, 0.897545588511, 4.76073148807, 0.921612202741, 0.767125824491, 79.5725540564, 0.949239863147, 2.57012322449, 1.01345711736, 1.55233720309, 0.953337263441, 28.2794279691, 8.65952411688, 203.045168788
2.0507666263, 1.10369001668, 0.739863762667, 0.877354342995, 3.4740406562, 0.752936261496, 1.39474603947, 0.937359314344, 0.960644548713, 1.8973470705, 3.98055150544, 0.909312201273, 2.33243956579, 0.82155784071, 0.789853907936, 1.25012850136, 1.03124351539, 0.888503443219, 4.50147929745, 0.960560317137, 0.816826138882, 151.371874552, 0.941055889566, 2.79002208293, 1.06501688146, 1.09074182236, 1.0140869148, 93.7717210463, 15.0114953109, 63.0810645692
2.16811082019, 1.10608160861, 0.774069260724, 0.953104349333, 2.50605621862, 0.847194515685, 1.76713392416, 1.00244068669, 0.969294053512, 1.26000211839, 3.85092789859, 0.89293202712, 2.36751928654, 0.821305883557, 0.798860105168, 1.20387428327, 1.05246839851, 0.860190816783, 3.1482224935, 0.980451625852, 0.791745374034, 41.0103036633, 0.942854904231, 2.8866876349, 1.02176993208, 1.78695732481, 0.965531240318, 45.1577560743, 8.36470009515, 442.610571443
3.05924764009, 1.10512703402, 1.05532427933, 0.953435447705, 1.87036385973, 0.760358435445, 1.10438004151, 0.87069237419, 0.968057321193, 1.85514250278, 2.52276711509, 0.891554862576, 1.18320441884, 0.812262915208, 0.788424136787, 1.23191776485, 1.00113533994, 0.812309953424, 4.98607490064, 0.982763468461, 0.828594078066, 70.0179937725, 0.951066189332, 1.03734049378, 0.97410884934, 2.23938931951, 1.02178079945, 41.1764601954, 16.0968059461, 70.4352635493
1.33916753801, 1.03635797927, 1.08812627514, 0.966402702358, 2.90719864899, 0.874918127835, 2.50267568362, 0.897557574136, 0.975862252155, 2.7215444051, 2.34306138653, 0.915190921269, 1.16566591369, 0.866817701844, 0.864835874133, 1.02396466315, 1.02651557289, 0.919503780262, 4.5470221215, 1.02176824194, 0.800055740813, 17.9608106936, 0.849466288173, 3.08573934608, 0.964143575206, 1.55131727588, 0.877987457758, 44.8587185111, 15.4679268994, 76.2879455806
2.8674733481, 1.09607586367, 0.843587749379, 0.898195282675, 2.51868920742, 0.786751931805, 2.68833040818, 0.947111776245, 0.947941467799, 3.13999971686, 3.94849398445, 0.879654327054, 2.73253390898, 0.866874451243, 0.919643280042, 1.17686354467, 1.05470542553, 0.859349487936, 4.5200180186, 0.920729680041, 0.827648217429, 56.7074303707, 0.859691362516, 2.06924095197, 0.97536800235, 2.63140035178, 0.999763968821, 20.4360743194, 12.8397902166, 228.624997212
2.04963384119, 1.09333801519, 1.08143265338, 0.963760209184, 1.86561579189, 0.872496369775, 3.31833370871, 0.893525741293, 0.989499444047, 3.09003724973, 3.80389355947, 0.950575725844, 1.18387589783, 0.876012227373, 0.817439831978, 1.03582381104, 1.00359270397, 0.923885422319, 4.75626737654, 0.970245366423, 0.760619216939, 75.5425517291, 0.923760238618, 2.57012322449, 1.0109393688, 2.0756787324, 1.00914398875, 35.1483866733, 14.6422371832, 114.260095607
1.84855437136, 1.04212726509, 0.80219412397, 0.897549597452, 2.14808083681, 0.791212759126, 2.61277576416, 0.93659442218, 0.929079253289, 3.0849726949, 2.49386165046, 0.925848617613, 1.18388142064, 0.907032397931, 0.887283885814, 1.1471007736, 1.06845805424, 0.824578294942, 4.84052662618, 0.994798788278, 0.827456339066, 26.875673404, 0.949162018856, 1.75633895932, 0.973152364339, 1.81727459235, 1.03347161395, 40.7653806564, 9.54829067837, 173.328404178
1.34271580297, 1.08433918136, 0.816817233111, 0.886065873322, 2.51867932689, 0.803859787492, 2.68833040818, 0.947302486911, 0.948048422083, 2.72569172185, 2.53651930129, 0.879857266065, 2.11877107108, 0.866874451243, 0.865717962767, 1.17992040192, 1.0390205404, 0.822778840835, 4.54663310346, 1.0215246538, 0.800030994739, 56.6615772061, 0.859691362516, 2.06258687348, 0.97536800235, 1.79883708661, 0.999411748015, 89.4841710894, 9.79411061734, 127.248462255
2.04861184331, 1.10546849318, 0.744066912099, 0.935511473834, 3.47728640364, 0.777972061187, 1.30086629523, 0.855884697869, 0.932579806436, 2.52254155978, 1.87321971932, 0.925148135982, 2.40184113268, 0.830615194838, 0.887543161486, 1.02775640944, 1.02797864254, 0.950227320016, 3.16792069961, 0.958328282777, 0.781269001151, 124.576893185, 0.938924321871, 2.36275264552, 1.06510617635, 1.83691845543, 0.900548838563, 62.2268427709, 10.6640356244, 116.378137413
1.79874876927, 1.09793096436, 0.914904390189, 0.859576295973, 1.66556109836, 0.788960448486, 1.5644193876, 0.861592061492, 0.97122391341, 2.76175662445, 1.86059400649, 0.956102075691, 1.15062770585, 0.849440316503, 0.824615400244, 1.03532560786, 1.02832203546, 0.835761148873, 4.59130674945, 1.02157560455, 0.828051688228, 17.3270572218, 0.916319961638, 2.85342996353, 1.04436624389, 1.43693595807, 1.00751433629, 33.0712954556, 9.30339124776, 1148.5290894
2.8674733481, 1.12816576097, 0.843534759251, 0.898195282675, 3.11431243877, 0.762483922515, 2.68833040818, 0.947111776245, 0.952071695345, 3.14153748345, 3.96932187137, 0.879796775964, 2.73253390898, 0.866520841262, 0.919643280042, 1.17661868969, 1.05470542553, 0.859380584344, 4.5200180186, 0.947043961999, 0.827648217429, 56.7074303707, 0.859691362516, 2.06924095197, 0.975449259237, 2.63140035178, 0.999763968821, 76.1922205464, 9.41738731515, 204.426555526
1.18107087191, 1.10457880473, 0.915875803777, 0.966402702358, 1.96468825111, 0.782659716972, 2.43360550679, 0.893887769733, 0.933163521084, 2.66328223948, 2.33047363115, 0.907946688987, 2.11403605922, 0.999297619841, 0.866553820785, 1.02501572685, 1.02733063837, 0.830255573154, 4.5470221215, 1.02176824194, 0.760145969708, 17.551671577, 0.938860955933, 3.08573934608, 0.964143575206, 1.79502875634, 0.877987457758, 32.8760769617, 10.6371939865, 247.034247193
2.85040153187, 1.04892780873, 0.747074299902, 0.900596774965, 2.5214230617, 0.786584277031, 1.49754848777, 0.9711444718, 0.979064069335, 3.0788888396, 3.96831966842, 0.901425898896, 1.83216708404, 0.906523438551, 0.857839139888, 1.10119375342, 1.05458112806, 0.950836783935, 3.32629728733, 0.983335086276, 0.827465727479, 33.5759481466, 0.930493922536, 1.78070895162, 1.06460893729, 1.83744346648, 1.01329530105, 61.9572617524, 9.09386684108, 574.357683855
2.8674733481, 1.12816576097, 0.843283277618, 0.898261299437, 2.75551326649, 0.762483922515, 2.68833040818, 0.947377891264, 0.952071695345, 3.1696101961, 3.96932187137, 0.879796775964, 2.73253390898, 0.830005910004, 0.919643280042, 1.17661868969, 1.05470542553, 0.859380584344, 4.5200180186, 0.946933931635, 0.760684137625, 56.7074303707, 0.859691362516, 2.06924095197, 0.975449259237, 1.94330584204, 0.998200925526, 49.8109324917, 16.5185228136, 104.312691668
1.46271277372, 1.17152731018, 0.77216908891, 0.892688114666, 3.47728640364, 0.777916479309, 1.68772351677, 0.920783144744, 0.985593315807, 1.26213608846, 3.53220776665, 0.962791671134, 1.79690722589, 0.894135737314, 0.800329526219, 1.21481476548, 1.05313136376, 0.908411192017, 3.15423943545, 1.01785229102, 0.820377641408, 38.015870137, 0.943495941903, 1.24863351775, 1.05937086051, 1.93403829053, 1.02760961932, 115.908317541, 15.622472313, 100.756706638
2.16811082019, 1.10608160861, 0.774069260724, 0.953104349333, 2.50605621862, 0.847194515685, 1.76713392416, 1.00244068669, 0.93601742568, 1.26000211839, 3.85092789859, 0.89293202712, 2.36751928654, 0.821305883557, 0.798860105168, 1.00248251943, 1.05246839851, 0.860190816783, 3.1482224935, 0.980451625852, 0.791745374034, 41.0103036633, 0.942854904231, 2.8866876349, 1.02176993208, 2.63101560186, 0.965531240318, 25.9627539146, 13.4759332515, 260.237931508
2.92542613554, 1.07393934761, 0.84546507407, 0.8596358015, 2.77180064991, 0.806967513871, 1.55263676791, 0.832425663401, 0.995693972619, 3.12518417593, 3.46794067271, 0.880152014813, 1.53946974026, 0.813670678864, 0.886180412577, 1.2032102951, 1.0439826102, 0.935123724512, 4.40389050818, 0.917371223821, 0.783115074829, 146.919566327, 0.915591137707, 1.36248271845, 1.04471538657, 2.6181714732, 1.01529007649, 43.4292734471, 9.85127148042, 262.776122141
2.12674109715, 1.09425889109, 0.976849882507, 0.87398716354, 2.2723435782, 0.827433080129, 2.12449832398, 0.861641135252, 0.934506245456, 2.79682664391, 2.03524707096, 0.941258363997, 1.62550355314, 0.832386760355, 0.889098057765, 1.20269725396, 1.00430481773, 0.854834443426, 5.51605248148, 0.94708116443, 0.826116615919, 82.0046078847, 0.851858895976, 1.00158012304, 0.992175530325, 2.64989216903, 0.893347777919, 45.7021471712, 9.71042380472, 207.298766745
1.79874876927, 1.04172304233, 0.94369678864, 0.85886601284, 1.66753410983, 0.77810146879, 2.63579290229, 0.934894308134, 0.971450970477, 2.71756700026, 1.86161817634, 0.925348422194, 1.1835662175, 0.907012414599, 0.825568531307, 1.21866788376, 1.05277953151, 0.906690780386, 3.17141476735, 0.994143250755, 0.820369370736, 26.864563553, 0.916301884527, 2.85342996353, 1.04516971278, 1.92552406965, 1.00772658909, 44.6221883974, 15.6068597221, 190.598645191
2.84637198693, 1.14710735961, 0.970651153137, 0.875456062487, 3.2466747757, 0.777763586645, 1.27907589376, 0.900664989576, 0.975518000252, 1.27701474785, 3.59110863229, 0.915994145057, 1.79890189837, 0.89380665005, 0.858161762409, 1.15556231391, 1.05835390071, 0.924233583154, 3.16510362125, 1.01519930756, 0.821878266361, 38.2389832175, 0.942531770474, 1.23166511003, 1.06575052696, 1.93519231025, 1.01309137071, 78.6266636898, 11.6847283358, 160.621332125
1.81803699013, 1.09607586367, 0.843587749379, 0.98035855623, 2.51867932689, 0.820756696894, 2.68833040818, 0.947302486911, 0.948048422083, 1.47804668705, 2.82461992689, 0.879654327054, 2.33369317596, 0.866874451243, 0.865711475855, 1.17686354467, 1.0390205404, 0.822778840835, 4.47888374027, 0.920599143289, 0.816839944385, 56.6615772061, 0.859691362516, 2.06924095197, 0.97536800235, 2.63140035178, 0.999763968821, 90.6435643132, 14.8654750421, 135.055556526
1.84855437136, 1.09415641978, 0.80219412397, 0.963288223993, 2.14808083681, 0.791212759126, 2.61277576416, 0.93659442218, 0.928390440519, 2.96767887832, 2.49386165046, 0.925848617613, 1.18388142064, 0.904568294607, 0.887283885814, 1.1471007736, 1.06845805424, 0.824578294942, 4.76069005739, 0.970447504724, 0.767773691453, 26.875673404, 0.949162018856, 2.57858460884, 0.973152364339, 1.81867467189, 1.03323374442, 99.4456625151, 15.2499759981, 123.336119951
2.04774215885, 1.04884084142, 0.754984800576, 0.962212759289, 1.86561579189, 0.738278392246, 1.44615925705, 0.946139121164, 0.932966047619, 2.05312160312, 3.83239876486, 0.890264176162, 1.17806135125, 1.00023917615, 0.785937054126, 1.04708157119, 1.00049603887, 0.897825395026, 4.7588892782, 0.970262237766, 0.828450208675, 41.0131539879, 0.949239863147, 2.32802598383, 1.01325827837, 2.11238075247, 0.991233554658, 36.0645180974, 11.2402753918, 388.366836478
1.81803699013, 1.09607586367, 0.843587749379, 0.98035855623, 2.87563166663, 0.820756696894, 1.29646179947, 0.947302477062, 0.948048422083, 1.4700923932, 2.82460445227, 0.879654327054, 2.33369317596, 0.866169395036, 0.865711475855, 1.1768646696, 1.0390205404, 0.822778840835, 4.47888374027, 0.920599143289, 0.816839944385, 56.6615772061, 0.857907268712, 2.06924095197, 0.97536800235, 2.63140035178, 0.999763968821, 62.4708310042, 9.41405088928, 759.427860646
2.16741067798, 1.10546849318, 0.792917797208, 0.93513418901, 3.47728640364, 0.777972061187, 2.78319353181, 0.9592517774, 0.971772435939, 1.26213608846, 1.87321971932, 0.925148135982, 2.40184113268, 0.830615194838, 0.887543161486, 1.02775640944, 1.05184472362, 0.932020275033, 3.15429748907, 0.958286276737, 0.76004712744, 124.586595004, 0.94140180596, 2.36275264552, 1.06536839863, 1.95044808876, 0.876673315379, 53.1147604265, 16.6763375253, 109.327431631
2.25780064297, 1.04538296816, 0.742772644686, 0.843599228328, 2.65400283392, 0.747841998872, 1.60218537078, 0.882548557334, 0.946020060805, 1.62791947272, 2.30751350623, 0.909511747446, 1.74740376502, 0.898449458371, 0.900144115868, 1.12556126176, 1.02643516658, 0.93975258902, 5.06338031573, 0.946807943978, 0.853825756515, 116.972768868, 0.900046866506, 1.24460534803, 1.03689940543, 2.77276601517, 0.968252988388, 83.439335977, 10.2201687187, 756.639338687
2.04962402769, 1.00376366943, 1.07925500112, 0.90636235039, 3.58699856307, 0.876616908641, 1.57171545496, 0.85593777043, 0.970702789339, 2.54995390457, 3.51443543119, 0.951096093134, 2.36071667394, 0.895353743518, 0.817891753842, 1.0360745242, 1.01311581536, 0.895924692047, 4.75886182883, 0.964352494979, 0.856469006389, 165.850334793, 0.965121631338, 2.57767158935, 1.04588275369, 2.07306394391, 0.904944043225, 62.1541891085, 10.6055423278, 267.032327327
2.95314436792, 1.07394458168, 0.914904390189, 0.859502653147, 1.66556109836, 0.789046852478, 1.5644193876, 0.939065441984, 0.971178684192, 2.76152410331, 2.336494781, 0.956102075691, 1.15504446923, 0.954700263939, 0.817792269552, 1.03532560786, 1.01306942672, 0.830914028158, 4.59130674945, 1.02180823422, 0.827942878969, 17.3270572218, 0.915611682711, 1.53727675229, 1.04436837712, 1.43693595807, 1.00655778181, 83.3291378568, 11.352199457, 247.413203668
2.36218934556, 1.0511674103, 1.08886259807, 0.959686894149, 2.89648277071, 0.8504313613, 2.1234199832, 0.881662355194, 0.904637250969, 2.10014069496, 3.28926482081, 0.843157840933, 1.84259709419, 0.867292061293, 0.792129303919, 1.24827034069, 1.00575205828, 0.81515798291, 3.16056535798, 0.921713100244, 0.786570436066, 159.206443394, 0.900515563265, 1.95282684298, 1.0638646745, 1.55270414573, 0.952991322402, 100.895190498, 12.0294075494, 202.026195547
2.99625589024, 1.03646879889, 0.910312662227, 0.859549841606, 2.4989187225, 0.790267861674, 1.95550407926, 0.943130431628, 0.97134992559, 3.10808441711, 3.84967300723, 0.956663358504, 2.10975348646, 1.00227188368, 0.886805933418, 1.02420489855, 1.04033166116, 0.92898096311, 4.5930885152, 1.0215978611, 0.767078092647, 17.5400855837, 0.91636983835, 2.29364201551, 0.974856054135, 2.07383312568, 1.00659809849, 98.9291535234, 14.8752971694, 244.18551012
2.16741067798, 1.10546849318, 0.793240953562, 0.935675722945, 3.47728640364, 0.777972061187, 2.78024302371, 0.855884697869, 0.971772435939, 1.27414572955, 1.87321971932, 0.925148135982, 2.40184113268, 0.830615194838, 0.887543161486, 1.02775640944, 1.02797864254, 0.933031888492, 3.15429748907, 0.958286276737, 0.781049857989, 124.576893185, 0.938924321871, 2.36275264552, 1.06536839863, 1.95044808876, 0.900548838563, 112.115245305, 15.6001331948, 147.42340032
2.98192823525, 1.16269529715, 1.09288329129, 0.938733836169, 3.45673031043, 0.819234118649, 1.43729751609, 0.870163708617, 0.904637250969, 2.09620893546, 2.48346960138, 0.954558158485, 1.53995311998, 0.86608842026, 0.897481414309, 1.20595000666, 1.03589192713, 0.8151518335, 3.47753449094, 0.962669543934, 0.760086039024, 146.250046621, 0.950449973244, 1.35483832951, 0.981301330759, 1.48539594042, 0.921002466322, 46.0204706341, 12.0123685974, 413.921297569
2.05923668005, 1.00303559157, 0.805264303817, 0.96541369337, 3.56500023249, 0.760291975637, 1.27502341484, 0.97343051768, 0.931423913501, 2.55123717189, 2.2307592794, 0.883007314587, 1.0281250448, 0.897845884541, 0.784213575501, 1.19964901901, 1.03112288618, 0.900695827558, 4.4886718824, 0.926366911664, 0.76008585559, 124.622022847, 0.942389903458, 2.57321578974, 0.96405925234, 1.94773709907, 0.883341009569, 81.163437379, 9.9004351564, 1114.9489592
2.13111268325, 1.15103805393, 1.06984990012, 0.829841186942, 2.76668104063, 0.900785607715, 2.79620573542, 0.86133999044, 0.968676635298, 2.79350643181, 1.87356757802, 0.873829272964, 1.62427565871, 0.866376152476, 0.785710509637, 1.08260510595, 1.06321642445, 0.815012906534, 4.5200312391, 0.95911823864, 0.833568163749, 124.893372208, 0.851844393031, 1.02897323506, 0.961090230115, 2.76277271938, 0.99128011544, 69.3638624164, 9.6099520919, 1464.33409554
1.91329721568, 1.17118066474, 1.09344259985, 0.896287288326, 2.13829711614, 0.738247668807, 1.37031971059, 0.823910343674, 0.985567105875, 3.12184067246, 2.76666036409, 0.927314134324, 1.18106036964, 0.818009970275, 0.878842242758, 1.09846111931, 1.02037586658, 0.924109314623, 3.25597692904, 0.958569516415, 0.822031695361, 124.732220563, 0.950621088481, 2.8610141943, 1.05348195008, 1.94145326278, 1.00914841589, 53.7687618628, 16.8758957286, 113.98853676
3.12946382379, 1.10608160861, 0.774069260724, 0.953104349333, 2.5251249029, 0.847194515685, 1.76713392416, 0.968013871486, 0.969495937136, 1.26000211839, 3.85092789859, 0.892942579167, 2.36751928654, 0.821305883557, 0.858098025209, 1.20387428327, 1.05246295289, 0.860190816783, 3.1482224935, 0.980263390792, 0.791745374034, 40.9240954783, 0.942643781327, 1.77572836289, 1.02176993208, 1.78707004451, 0.96519419298, 116.20569126, 10.7905678405, 566.423431277
1.80546789716, 1.1051742326, 0.739841654746, 0.809654473121, 2.11304691424, 0.850916896819, 1.39321648543, 0.974907162181, 0.946044984882, 2.40138301062, 2.22455334118, 0.883027140966, 1.45280080137, 0.818869234436, 0.79589403642, 1.1987198876, 1.02086756632, 0.818160097688, 5.54097112578, 0.926019208366, 0.83533309838, 138.254930889, 0.927064348824, 1.58367062604, 1.05315362201, 1.4112053104, 0.894035495682, 121.725829811, 11.3256494404, 321.785506228
2.16361591552, 1.05823757858, 0.750352747032, 0.858500560628, 2.04582274256, 0.874736521271, 2.78405691109, 0.89378862594, 0.977391415378, 1.26205350586, 3.80533623311, 0.865336480581, 1.15663463215, 0.862952522009, 0.837802039709, 1.21395990978, 1.01233915595, 0.931782594908, 3.13090110788, 0.918459428364, 0.807283790049, 89.7886936296, 0.924355611702, 2.86003207374, 0.956224682077, 1.57548344015, 1.00062234779, 109.446405313, 11.1591377778, 430.969122798
2.85027448486, 1.0485971849, 0.747074299902, 0.900596774965, 2.61847187979, 0.877879693305, 2.85173747142, 0.966016455989, 0.979064069335, 3.0788888396, 3.96831966842, 0.901425898896, 1.64595406764, 0.875920226383, 0.857839139888, 1.10116660832, 1.01212945704, 0.950836783935, 3.59455346536, 0.983335086276, 0.785769626831, 32.3223615702, 0.923863417504, 3.08888295619, 1.06460893729, 1.56315104081, 1.01329530105, 77.7655544154, 11.5656588201, 275.517938399
1.91038261648, 1.15220409515, 1.09344259985, 0.952654471625, 2.13281475837, 0.738247668807, 1.36590174886, 0.823910343674, 0.967075056037, 3.08704031391, 1.82575314102, 0.925571904925, 1.18106036964, 0.890654101585, 0.793734403737, 1.32803735375, 1.03796950846, 0.898905465693, 4.83414302166, 0.958569516415, 0.833452102497, 124.890299937, 0.950699673019, 1.02904064966, 1.05273238681, 2.68573926397, 0.947952344279, 97.7570385408, 14.8430039504, 270.856967576
2.04774215885, 1.09333801519, 0.949902955046, 0.962212759289, 1.86561579189, 0.738278392246, 1.10032691215, 0.877827741744, 0.989499444047, 3.0974737087, 3.98593374752, 0.962998776216, 1.17806135125, 0.90454613464, 0.788170793388, 1.05417416228, 1.00061359602, 0.897545588511, 4.76073148807, 0.970262237766, 0.767125824491, 79.5725540564, 0.949239863147, 2.57012322449, 1.01345711736, 2.0756787324, 0.991233554658, 184.394259052, 14.9631673556, 226.689229288
2.04861184331, 1.06572736779, 0.741784376969, 0.860372999096, 3.47728640364, 0.790259997283, 1.30086629523, 0.942521955415, 0.932579806436, 2.52631642881, 3.8641211404, 0.925148135982, 2.40184113268, 0.830615194838, 0.887543161486, 1.02423953618, 1.02797864254, 0.950227320016, 3.17072019018, 0.955664273927, 0.766758987212, 124.576893185, 0.938924321871, 2.36275264552, 1.06467369448, 1.83691845543, 0.972680103214, 124.89421294, 13.8199698527, 264.196032902
1.84812650853, 1.02661756313, 0.740180886047, 0.911462776171, 2.26045218932, 0.815806696209, 2.76489339728, 0.958876606773, 0.967231273645, 2.78781585534, 2.98853595511, 0.874099878195, 1.37392469868, 0.92514268613, 0.851190481233, 1.20268241257, 1.00794152223, 0.835300014272, 5.53037770632, 0.95911823864, 0.769842901388, 87.9108406539, 0.946861639995, 1.03758955125, 0.961090230115, 2.75888183136, 0.978012508822, 123.403157754, 16.0291848984, 269.950478948
1.81803699013, 1.09607586367, 0.843587749379, 0.98035855623, 2.87766237219, 0.820766659924, 1.33330003735, 0.947384011486, 0.905025836555, 1.47002275614, 2.82817620384, 0.879654327054, 2.33369317596, 0.866162512905, 0.865711475855, 1.17678824144, 1.0390205404, 0.822838275604, 4.47993888436, 0.920599143289, 0.816839944385, 57.6170818574, 0.857906490697, 2.06924095197, 0.97536800235, 2.63140035178, 0.999763968821, 117.774986022, 16.0497647928, 176.009247269
1.91038261648, 1.15220409515, 1.09236375618, 0.953236806276, 2.762671455, 0.760445182588, 1.36590174886, 0.823910343674, 0.966467051638, 2.55098853752, 2.49725656708, 0.951061282697, 1.1810329764, 0.891235919208, 0.79368245801, 1.3269146225, 1.03115954169, 0.898905465693, 4.80362159147, 0.958503512893, 0.83343594151, 124.894720509, 0.843633788563, 1.02893863261, 1.05273238681, 2.71614464475, 0.949820791661, 72.4356398414, 13.9052843329, 668.995213269
2.95168065633, 1.05791963198, 0.749971282865, 0.935573389621, 3.47237801259, 0.875546792484, 2.86383096377, 0.863260288537, 0.977391415378, 1.70555870736, 3.40273180093, 0.865972824791, 1.15784955348, 0.862954213054, 0.800502477334, 1.24283767214, 1.01206589977, 0.925416756346, 3.00112016033, 0.918321676256, 0.806664957172, 98.6071214393, 0.941090531648, 2.83866469231, 1.04273131009, 1.57351260623, 1.00932772087, 74.5749773052, 13.5598767544, 1121.82522236
1.46271277372, 1.17152731018, 0.978669722795, 0.896591980767, 3.24760723304, 0.777916479309, 1.69398939525, 0.920761354867, 0.985593315807, 1.47984508931, 3.58919575147, 0.960751458557, 1.79690722589, 0.895389236182, 0.801004492764, 1.21450674908, 1.00345934182, 0.907489302222, 3.15423943545, 1.017571465, 0.820377641408, 38.015870137, 0.943495941903, 1.26457741831, 1.05937086051, 1.9358222552, 1.02760961932, 65.0442035442, 17.8649817782, 174.982860421
1.45067086199, 1.09181199312, 0.95114171987, 0.962212759289, 1.86561579189, 0.738278392246, 1.10032691215, 0.875698430856, 0.989457200449, 3.16702591144, 3.98158119781, 0.962993908499, 1.17806135125, 0.904465355948, 0.800369879657, 1.05417416228, 1.00061359602, 0.897545588511, 4.80389922522, 0.970178815201, 0.76756953064, 79.5725540564, 0.949158644835, 2.53334887427, 1.01345711736, 1.93432211351, 1.02868877855, 110.315983035, 20.6250605429, 131.541378136
3.14272713878, 1.04903065912, 0.747074299902, 0.900596774965, 2.52521791849, 0.894161876744, 1.49754848777, 0.971125412414, 0.976010410623, 3.07364070611, 3.90867800808, 0.890355767427, 1.83216708404, 0.906787528299, 0.857839139888, 1.04363195464, 1.0526139743, 0.897400325117, 4.98638391564, 0.962621358662, 0.827465727479, 33.5759481466, 0.930493922536, 1.77360000931, 0.971746467898, 1.80265701268, 1.01345413726, 72.5179471029, 17.7533448005, 171.744912703
1.46731157545, 1.17152731018, 0.978669722795, 0.911836093167, 3.24760723304, 0.900322497771, 1.69398939525, 0.920761354867, 0.985488400238, 1.47984508931, 3.56930882339, 0.874738049646, 1.14431711436, 0.895389236182, 0.799957727519, 1.21450674908, 1.00348981926, 0.911763867086, 3.15423943545, 1.0172878336, 0.798812131313, 38.015870137, 0.943495941903, 1.26457741831, 1.05937086051, 1.9358222552, 1.02760961932, 89.6110348514, 19.7018432731, 155.423453271
3.14272713878, 1.04903065912, 0.980417272403, 0.900152824211, 2.52521791849, 0.786584277031, 1.49754848777, 0.938756718136, 1.00261998042, 2.06221175814, 3.64377401995, 0.955385607668, 1.83216708404, 0.906787528299, 0.857839139888, 1.24522375272, 1.01207983436, 0.950585080231, 4.97972984456, 1.01378505134, 0.827465727479, 33.5759481466, 0.930493922536, 1.31573607746, 0.973449508649, 2.09753380144, 1.01329530105, 129.00723058, 11.5053423713, 538.371649618
2.14752709551, 1.08893280183, 0.774069260724, 0.874343788229, 2.83843490461, 0.900412050907, 1.50936563974, 0.993100076042, 0.968792803644, 1.26000211839, 2.07214172421, 0.960613505347, 1.85302587725, 0.958526747734, 0.889790922065, 1.20270215596, 1.00906154142, 0.852736855924, 4.54779710047, 0.981410273697, 0.814162956763, 41.626379549, 0.972519671254, 2.87297247214, 0.991719519418, 2.61437844082, 0.965385456269, 109.903179476, 11.3745911283, 588.052213991
2.99625589024, 1.03614551688, 0.793755675219, 0.874512219846, 2.4989187225, 0.783431581001, 1.95550407926, 0.943130431628, 0.933285546099, 2.05311424039, 3.82912822375, 0.890254209533, 2.10975348646, 1.00088889958, 0.889088485351, 1.02424070691, 1.03942409087, 0.929793921805, 4.20618202286, 1.01679718391, 0.799061143328, 41.0103036633, 0.956611475688, 2.33507801704, 0.975269433152, 2.12057992836, 0.964536622313, 93.3982605074, 12.0945568719, 362.562535198
1.46271277372, 1.17152731018, 0.93993412246, 0.892018558111, 3.47728640364, 0.777916479309, 1.68772351677, 0.920783144744, 0.971549483983, 1.26213608846, 2.114259531, 0.96521656493, 1.79690722589, 0.849564354261, 0.800329526219, 1.21481476548, 1.05313136376, 0.908304029899, 3.15423943545, 0.947183423894, 0.820393557497, 110.448087119, 0.943495941903, 1.24863351775, 1.03831274541, 1.93403829053, 1.00087659142, 81.42682439, 14.8803035161, 316.43449863
2.98192823525, 1.15754777912, 0.750474965048, 0.938733836169, 3.47305572963, 0.819946680949, 1.61457311316, 0.939088918592, 0.978695220499, 2.10198318282, 3.46475701243, 0.955378899212, 1.15975880821, 0.866975289483, 0.796248060155, 1.09879954078, 1.03588108664, 0.8151518335, 4.60219370847, 0.962669543934, 0.761692247058, 146.621102738, 0.943814627265, 1.36185053648, 1.02418597188, 1.48539594042, 0.919996405242, 92.6372461795, 12.1758271851, 421.20884988
2.04962402769, 1.00401061952, 0.74461977179, 0.964161294837, 2.51422268559, 0.876699139551, 1.29522544722, 0.872663301212, 0.932540751496, 2.55456416174, 3.9798639856, 0.961581253363, 2.36071667394, 0.895721304374, 0.827506289615, 1.20954004878, 1.03108660332, 0.949994921542, 4.50311433529, 0.964487132226, 0.816136156054, 164.984672704, 0.965375051031, 1.75863827506, 1.06457201662, 1.84011330226, 1.01388927911, 91.3827710259, 14.5785818246, 636.712877293
2.98192823525, 1.05168696011, 1.0857405317, 0.873558844395, 2.33090852865, 0.760253989239, 1.43640385664, 0.870507427801, 0.904637250969, 1.7681312838, 2.48929923035, 0.842808010767, 1.1337582822, 0.866126753485, 0.797991764158, 1.24833053852, 1.06490115564, 0.8151518335, 3.47616776998, 0.987122910649, 0.760039986343, 151.505472872, 0.952253215254, 2.74727977725, 0.964704196113, 1.14263049236, 1.01853664371, 227.717422983, 13.7721056837, 327.166771637
1.81803699013, 1.03517193345, 0.916900891878, 0.980489543442, 2.8847138109, 0.820766659924, 1.33330003735, 0.896491903409, 0.933152029708, 1.47002275614, 2.33147798866, 0.87924803457, 2.33369317596, 0.991124548535, 0.865691879957, 1.02118991379, 1.03913763209, 0.822838275604, 4.47759912548, 0.920599143289, 0.816839944385, 17.8904650372, 0.849506163124, 2.06924095197, 0.97536800235, 2.65706347505, 0.999763968821, 145.74493027, 11.6600878451, 356.071923607
2.7551552192, 1.05295350107, 0.796049048587, 0.931345232181, 1.58138150388, 0.786776363252, 1.24744265267, 0.927837179616, 0.971145938387, 1.67547559351, 3.27616297197, 0.851931845247, 1.14080049193, 0.870171719906, 0.898688766976, 1.13957833419, 1.06551056005, 0.84037313925, 3.61305431726, 0.932056769186, 0.807361401223, 150.878785211, 0.840157728531, 1.53259300855, 0.989763113574, 1.32547046954, 1.00364957567, 116.998886878, 15.0827879974, 304.82696816
2.36137030947, 1.0511674103, 1.0857405317, 0.959686894149, 2.89648277071, 0.8504313613, 2.12479637549, 0.881662355194, 0.904637250969, 2.1006568833, 2.82310065342, 0.843170110814, 1.84004351834, 0.868253123616, 0.794421721196, 1.24827034069, 1.00575205828, 0.81515798291, 4.47909859678, 0.917289230854, 0.786457398991, 116.871413353, 0.900509956374, 2.74210504541, 0.964704196113, 1.55270414573, 0.952991322402, 191.835034231, 15.1852213328, 294.306455194
1.42353671279, 1.05774825021, 0.772962945262, 0.891830349658, 2.2411826425, 0.874736521271, 2.68442652233, 0.894606449287, 0.978388947914, 1.70837413783, 3.53475880487, 0.844077015462, 1.80077385849, 0.884502374507, 0.799960296341, 1.09858297168, 1.02105205379, 0.924309001669, 4.47891572383, 1.01815002653, 0.761276823288, 38.9063239045, 0.858704555151, 2.84914743961, 0.951217927068, 1.41663860825, 1.00808776133, 172.801228904, 17.71530108, 234.818739143
2.95168065633, 1.05793105512, 1.08479730511, 0.961537484279, 2.50674493759, 0.875546792484, 2.95011505464, 1.00278924067, 0.977391415378, 1.70555870736, 3.40106291308, 0.865061347667, 1.73157401325, 0.875997796736, 0.798723088606, 1.09973449211, 1.01198480408, 0.925224379593, 4.88771584573, 0.980381942987, 0.786906822225, 116.359157053, 0.94219517501, 3.07992600747, 1.04273131009, 1.57354674015, 1.00932772087, 75.4284954344, 13.9180455207, 811.142665752
1.75417278149, 1.12827710882, 0.752737008354, 0.920965791228, 3.08925097004, 0.762646150257, 1.68548968348, 0.90064586111, 0.965687133421, 3.07666032331, 2.73875629807, 0.873649457014, 1.33305207352, 0.854026024376, 0.886827199652, 1.05032203191, 1.03672395101, 0.853514453801, 4.45185222658, 0.947445721946, 0.780458762132, 72.7600022874, 0.910214268118, 1.32389055197, 0.96106611312, 2.72158552427, 0.899052704687, 107.660650364, 12.5234685731, 644.771002374
1.88510207383, 1.08450395383, 0.817574196299, 0.886065873322, 2.50591940763, 0.856945886102, 1.75984445779, 0.947302486911, 0.947943885092, 1.27336969516, 2.53651930129, 0.892771566646, 2.11877107108, 0.866874451243, 0.865692376228, 1.17992040192, 1.03878900383, 0.822865173728, 3.07448815595, 1.0215246538, 0.800066980321, 56.6615772061, 0.859691362516, 2.06045728344, 0.975550494318, 1.79893319674, 0.965433894148, 86.4994696138, 18.7402644222, 299.762501617
1.33916753801, 1.03619384713, 1.08812627514, 0.966402702358, 2.90719864899, 0.848818163251, 2.50267568362, 0.897557574136, 0.93273752929, 2.7274507874, 2.33047363115, 0.907946688987, 2.11939154722, 0.866817701844, 0.865644735628, 1.02396466315, 1.02651557289, 0.829693613445, 4.5470221215, 1.02176824194, 0.800055740813, 17.9608106936, 0.849466288173, 3.08573934608, 0.964143575206, 1.55131727588, 0.877987457758, 81.8100900696, 18.8608388147, 202.378393984
2.04774215885, 1.02883810604, 0.795120310561, 0.962212759289, 1.86561579189, 0.738278392246, 1.10032691215, 0.946139121164, 0.968407248325, 2.0526912899, 3.83239876486, 0.890264222216, 1.17806135125, 0.90454613464, 0.788170793388, 1.04708157119, 1.00049603887, 0.897825395026, 4.76073148807, 0.970262237766, 0.828450208675, 41.3790828494, 0.949239863147, 2.57012322449, 1.01325827837, 1.98161040391, 0.991233554658, 109.67751059, 12.2050785701, 480.726694947
1.33916753801, 1.03603420749, 0.915875803777, 0.966402702358, 1.96468825111, 0.782659716972, 2.43360550679, 0.897557574136, 0.93273752929, 2.7274507874, 2.33047363115, 0.907946688987, 2.11939154722, 0.999297619841, 0.866553820785, 1.02536239395, 1.02708165224, 0.830379267183, 4.5470221215, 1.02176824194, 0.800055740813, 17.551671577, 0.849466288173, 3.08573934608, 0.964143575206, 1.79408856297, 0.877987457758, 95.8978753949, 12.257814072, 1093.29758302
