4.51555892067, 1.00000022259, 1.15100671743, 1.02658465679, 4.37265523981, 0.896000757064, 1.73162308524, 1.11959559413, 0.915622044052, 4.71439720007, 5.30410903681, 1.09958698591, 2.63332765977, 1.02342401519, 1.09000025303, 1.06944804324, 1.02824898615, 1.19432160611, 9.2547375543, 1.09001272294, 0.918111163332, 659.073667174, 1.07301583553, 4.68040034859, 1.18027970184, 4.08926046655, 1.14970687391, 4.37164533138, 4.15811695891, 9.62101071186
2.30171310192, 1.00000078663, 1.43328338742, 0.98474846149, 3.9560247864, 0.957714416147, 5.44315049234, 1.10767746591, 0.945111671938, 5.67528881525, 5.15558904399, 0.872084558479, 3.53035058754, 1.25487589714, 1.09000078634, 1.03279887236, 1.01019687525, 0.811119528932, 6.91181942661, 0.984040151954, 0.980103106216, 125.893537476, 1.04184102482, 4.61343696454, 1.09951548381, 2.2324114849, 1.09759196439, 25.2454865943, 8.06135825392, 48.0075463005
4.13993612183, 1.00000057693, 1.64567379432, 1.08134242902, 6.13129153322, 0.886294539115, 2.15306512274, 1.21348106548, 0.909607117657, 5.60259510949, 4.98361744937, 1.02683105, 3.75680376441, 1.10841334288, 1.09000015675, 1.08119964152, 1.02432154418, 1.0195430837, 6.97502745192, 1.07940265181, 0.816898330426, 220.426251399, 0.979968460487, 3.63824142748, 1.07958155845, 1.64270328329, 1.1502195025, 15.5747440701, 8.70663290853, 60.6490817764
3.46035926244, 1.00000080119, 1.29680695522, 1.06782081629, 5.93204007037, 0.914904879153, 2.18636816866, 1.11942061039, 0.954929964849, 4.70469084686, 6.19187384761, 1.03778258535, 3.41224695555, 0.886996129446, 1.09000014079, 1.05423973382, 1.04819336628, 1.04639395787, 7.11451197503, 1.15161041321, 0.817109637142, 855.471596612, 1.05462692495, 4.31393602577, 0.951936804669, 2.55674957517, 1.20952431671, 17.1549111397, 6.37205508748, 83.3709304044
3.93206982587, 1.00000054751, 1.4367701313, 1.09615456527, 4.81129838715, 0.810267297533, 4.8879897356, 1.18423701085, 0.924436705071, 6.17148733418, 5.63087822526, 1.10104265527, 5.03313463715, 0.962144123943, 1.0900005368, 1.07933177852, 1.00135127344, 1.09354654998, 6.46670785459, 1.08754176097, 0.775374312655, 95.2968419664, 1.08216391998, 3.26752450405, 1.04039015775, 4.37851858533, 1.15078963287, 24.6615500453, 6.84682846169, 51.9165213361
2.91834329497, 1.00000033929, 1.33380100214, 1.11616783914, 5.10520453516, 0.817264738591, 2.29099401891, 1.18423701085, 0.92091050931, 5.63609147947, 5.10677611129, 1.01600553345, 3.40872390883, 1.18211789108, 1.09000045676, 1.08456534125, 1.02056714073, 0.903632699455, 6.46670785459, 1.17697988473, 0.92237056715, 369.162727231, 1.19283744857, 3.40372900966, 1.09699232124, 2.38628546179, 1.27849618326, 9.08942951833, 9.76182999226, 65.7925190512
5.05446138732, 1.00000033929, 1.42516544265, 1.08134242902, 5.38977037905, 0.881445916836, 2.29099401891, 1.18423701085, 0.90271361153, 4.00747470575, 4.84258431813, 0.999173075637, 2.76713910898, 0.818117577659, 1.09000006844, 1.08456534125, 1.02056714073, 0.895112964477, 6.46670785459, 1.12224852412, 0.898404784576, 716.9179008, 0.943211809232, 3.24477983466, 1.09622922435, 2.38628546179, 1.04177678091, 17.9012848189, 8.94388812957, 20.2969584621
4.58725429355, 1.00000071611, 1.51095703086, 0.939941928062, 5.11729079648, 0.790722540505, 3.69403129781, 1.10206588028, 0.934257586398, 2.90980489399, 5.26282275621, 1.13735908102, 2.96156252577, 1.07711368714, 1.09000026199, 1.08340632014, 1.03033918552, 1.03270610966, 6.97502745192, 1.03349499841, 0.810348062432, 369.162727231, 1.09187523567, 3.42978725489, 1.18905857182, 3.84437291727, 1.08073049267, 17.4394292581, 9.23222366259, 84.1894380431
3.52555230938, 1.00000079432, 1.47801128185, 1.12776572235, 5.93204007037, 0.872355201542, 2.87608316571, 1.19590198612, 0.966736464656, 2.33543381215, 5.34768751904, 1.13799108952, 4.19257532738, 0.953361305343, 1.09000062755, 1.04819986496, 1.01487903293, 0.836440818783, 7.20889039461, 1.08934165663, 0.953915346978, 258.71910703, 1.05156789202, 4.42481448446, 1.06686758563, 3.15075707099, 1.2039596195, 39.2520604598, 7.74066742927, 196.487872186
3.61681095323, 1.000000249, 1.4367701313, 1.1040169439, 4.81129838715, 0.810267297533, 4.8879897356, 1.07815014905, 0.924436705071, 4.07956036142, 5.10072937657, 1.10104265527, 3.39806234739, 0.962144123943, 1.09000048842, 1.07933177852, 1.01442423249, 1.09354654998, 7.47238157363, 1.04864658454, 0.829788034948, 370.232047761, 1.08216391998, 3.26752450405, 1.04039015775, 3.61170315145, 1.15078963287, 40.3850002767, 8.21707760062, 54.8856908005
2.53541628682, 1.00000036624, 1.4902886855, 0.939941928062, 2.88649660587, 0.785590566164, 2.84042286677, 1.18745792185, 0.998469518437, 5.13107571215, 5.32673918788, 1.00175504087, 3.96007012147, 0.829547008088, 1.09000069087, 1.07856953495, 1.01000841241, 1.03210263001, 9.21546024029, 1.00788088633, 0.827771537672, 691.976961094, 1.04606091024, 4.46480335404, 1.02632154453, 2.60404488667, 0.971718199783, 25.9278264502, 8.15196475238, 55.4987989223
3.37530308346, 1.00000030754, 1.42516544265, 1.08134242902, 5.38977037905, 0.927295204243, 2.29099401891, 1.05826388079, 0.90271361153, 4.00747470575, 5.10677611129, 0.999173075637, 2.76713910898, 1.04835774987, 1.09000007513, 1.09064609169, 1.02056714073, 0.895112964477, 6.43220513559, 1.17627889758, 0.898404784576, 716.9179008, 0.943211809232, 3.24477983466, 1.09622922435, 2.38628546179, 1.00606360333, 16.4972287356, 12.1687410702, 73.6939224358
2.34210319753, 1.00000071258, 1.31698387946, 0.890583274604, 3.77529921262, 0.953263484918, 2.5317737661, 1.11959559413, 0.950825513616, 5.7832078636, 5.12115940511, 1.17380912306, 3.39806234739, 1.02488338394, 1.09000008863, 1.08814437828, 1.02824898615, 1.08153901045, 7.47238157363, 1.09001272294, 0.953915346978, 659.073667174, 1.07301583553, 3.45323860744, 1.08280885244, 1.97263453922, 1.19326370982, 11.9526301209, 10.8454168991, 75.640103365
3.61681095323, 1.00000071144, 1.4367701313, 1.1040169439, 4.81129838715, 0.810267297533, 2.89455210296, 1.07815014905, 0.922255296642, 4.07956036142, 5.10072937657, 1.10104265527, 2.55518099707, 0.962144123943, 1.09000048842, 1.07933177852, 1.00407909918, 1.09354654998, 7.47238157363, 1.04864658454, 0.829788034948, 370.232047761, 1.08216391998, 3.26752450405, 1.05814455343, 3.61170315145, 1.15078963287, 29.2162282457, 13.7303166385, 44.8070676195
2.20553611526, 1.00000056764, 1.48858075688, 1.1148441229, 4.82366499579, 0.720809141414, 3.16308069798, 1.20523176428, 0.964901499994, 2.32895895338, 5.27214725836, 1.10781006091, 4.09989759833, 0.98506155447, 1.09000076062, 1.03681855892, 1.03693742476, 1.11615535055, 5.32945259657, 1.0103323016, 0.823051514872, 424.3176469, 1.05701378302, 4.19260547647, 1.13227344064, 2.31747361264, 1.29111389676, 26.1566482485, 13.57970172, 45.6616409541
5.71538724011, 1.00000036624, 1.4902886855, 0.939941928062, 2.88649660587, 0.785590566164, 2.84042286677, 1.18745792185, 0.998469518437, 5.32026801985, 5.32673918788, 1.00175504087, 3.96007012147, 0.829547008088, 1.09000069087, 1.0877119694, 1.01000841241, 0.983690481423, 9.21546024029, 1.00788088633, 0.827771537672, 691.976961094, 1.04606091024, 2.29304422716, 1.02632154453, 2.60404488667, 0.971718199783, 44.7598279596, 15.8854885506, 38.452125151
3.46035926244, 1.000000807, 1.29680695522, 1.06782081629, 5.93204007037, 0.914904879153, 2.18636816866, 1.029455423, 0.954929964849, 4.70469084686, 5.01896561607, 1.03778258535, 3.41224695555, 0.830191858207, 1.09000032964, 1.05423973382, 1.02570302818, 1.04639395787, 9.08508601836, 0.996716124936, 0.953915346978, 855.471596612, 1.05462692495, 4.31393602577, 1.06686758563, 2.55674957517, 1.20952431671, 46.6733909226, 11.3471768391, 22.147356116
3.53237102479, 1.00000036552, 1.25016849319, 1.11616783914, 3.16699173959, 0.93057979616, 3.88529971827, 1.0727915996, 0.93601670632, 2.28063414598, 5.1062573906, 0.904432862976, 3.89160765753, 1.13901751378, 1.09000068926, 1.05556632645, 1.03540204429, 1.00235550859, 7.67739190421, 1.03930296871, 0.818640425089, 245.24128711, 0.97111944016, 3.15956779957, 1.05411414465, 2.52658786422, 1.17368980171, 20.2422779238, 12.5081117022, 62.9324139277
3.61681095323, 1.000000249, 1.4367701313, 1.1040169439, 4.81129838715, 0.810267297533, 3.6645818631, 1.07815014905, 0.919978162124, 6.17148733418, 5.36013172681, 1.10104265527, 4.8456418488, 0.810061179284, 1.09000060545, 1.07933177852, 1.01442423249, 1.02949972504, 7.47238157363, 1.09651390432, 0.891533438668, 13.0403961594, 1.01223083677, 3.26752450405, 1.14816005044, 4.37851858533, 1.15078963287, 39.8708422563, 9.01232512815, 39.5122316957
4.0444878933, 1.00000001539, 1.51587045918, 0.865725435386, 5.74228255786, 0.762847981085, 2.0823544075, 1.07297407366, 0.937578471556, 4.71439720007, 5.64845680539, 0.832677993684, 3.30189793252, 1.14498073112, 1.09000005711, 1.06944804324, 1.03837323293, 1.01739722783, 8.3627269358, 1.04243136602, 0.918111163332, 287.649047001, 1.01983905033, 5.27330682229, 1.09688503865, 2.22848728111, 1.25117124951, 25.772582958, 9.69750309505, 112.212430296
3.28226930283, 1.00000057082, 1.42516544265, 1.09092665502, 5.38460715104, 0.796116823955, 2.89549800596, 1.16725950807, 0.928424500496, 2.77412838006, 5.36279234293, 0.912012196719, 2.8859365807, 1.17907826123, 1.09000060545, 1.01690968298, 1.02229132508, 0.936563530837, 5.42111311286, 1.10243576904, 0.891533438668, 756.748122922, 0.97111944016, 4.48565246463, 1.14816005044, 3.48893256229, 1.14815965063, 28.8198352914, 10.1956212547, 76.1322455379
2.20553611526, 1.00000056764, 1.48858075688, 1.1148441229, 4.82366499579, 0.787927724183, 3.16308069798, 1.20523176428, 0.964901499994, 2.32895895338, 5.27214725836, 1.10781006091, 4.61094993866, 0.98506155447, 1.09000076062, 1.08769925677, 1.03693742476, 1.11615535055, 5.32945259657, 1.0103323016, 0.823051514872, 424.3176469, 1.05701378302, 2.47815215976, 1.13227344064, 2.31747361264, 1.17035522333, 29.2254117717, 8.66986151586, 96.9259441757
2.98509815114, 1.00000071639, 1.29785475997, 1.10450089189, 3.2570150984, 0.856022426868, 1.88299942194, 1.1561311019, 0.931262658911, 4.8450856193, 5.88229707087, 1.17042561406, 2.97036508591, 1.02392721722, 1.0900003747, 1.06944804324, 1.03892615336, 1.02949972504, 4.7268565169, 1.09651390432, 0.881648568314, 360.704183079, 1.04436107457, 5.2478655399, 1.01847813354, 4.66834052714, 0.962329239123, 43.6118705924, 8.22994156833, 106.6560702
2.30171310192, 1.00000078663, 1.25744531314, 0.802386513045, 3.9560247864, 0.957714416147, 5.44315049234, 1.21611646867, 0.911387492854, 4.97428182125, 4.68248544672, 0.955989717232, 3.63994950712, 1.1033686247, 1.09000078634, 1.03279887236, 1.0039430416, 0.948160178121, 6.91181942661, 1.03726261565, 0.97312963267, 761.763551046, 1.04184102482, 4.61343696454, 1.09951548381, 4.042935441, 1.09759196439, 19.252575031, 12.3091021909, 105.273317486
2.30171310192, 1.00000078663, 1.32672268127, 0.802386513045, 3.9560247864, 0.957714416147, 5.44315049234, 1.10767746591, 0.945111671938, 5.67528881525, 5.15558904399, 0.955989717232, 3.92672385702, 1.25487589714, 1.09000078634, 1.03279887236, 1.01019687525, 0.948160178121, 6.91181942661, 0.984040151954, 0.980103106216, 125.893537476, 1.04184102482, 4.61343696454, 1.09951548381, 2.2324114849, 1.19403648515, 79.7036240339, 13.8933800897, 23.6772415062
4.13993612183, 1.00000057693, 1.42998836706, 0.990688115371, 2.95088895369, 0.927295204243, 3.06609961043, 1.16701014476, 0.922344041653, 5.74766431683, 4.98361744937, 1.02683105, 3.75680376441, 1.10841334288, 1.09000025066, 1.09733107421, 1.02432154418, 1.0195430837, 6.97502745192, 1.07940265181, 0.760472532153, 220.426251399, 0.979968460487, 3.63824142748, 1.08966775312, 1.64270328329, 1.1502195025, 83.1562213363, 9.92441768842, 67.8094161986
3.37530308346, 1.00000033929, 1.42516544265, 1.08134242902, 5.38977037905, 0.881445916836, 2.29099401891, 1.18423701085, 0.90271361153, 4.00747470575, 4.84258431813, 0.999173075637, 2.76713910898, 0.818117577659, 1.09000007513, 1.08456534125, 1.02056714073, 0.895112964477, 6.46670785459, 1.12224852412, 0.898404784576, 716.9179008, 0.943211809232, 3.24477983466, 1.09622922435, 2.38628546179, 1.04177678091, 63.8231358734, 10.6265664298, 47.7904544717
4.0444878933, 1.00000011926, 1.51587045918, 1.01955211663, 5.74228255786, 0.768229476295, 2.33493059045, 1.00195180838, 0.925841852595, 1.40532537733, 5.64845680539, 1.04314068064, 4.00951578103, 1.24529844109, 1.09000008099, 1.06944804324, 1.03837323293, 1.01739722783, 8.2490425356, 1.04243136602, 0.918111163332, 287.649047001, 1.01983905033, 5.27330682229, 1.02017990545, 2.08595171895, 1.25117124951, 47.3619783067, 10.0280530878, 93.6276264632
4.01752219227, 1.00000051033, 1.09733169917, 1.12776572235, 2.96643626105, 0.760482324185, 1.34250609699, 1.15077885982, 0.966736464656, 2.33543381215, 5.82354275498, 1.16899686426, 3.48069107516, 1.09040663339, 1.09000044758, 1.06816939776, 1.01487903293, 0.836440818783, 7.11451197503, 1.08934165663, 0.953915346978, 258.71910703, 1.05156789202, 4.42481448446, 1.06686758563, 3.77644616576, 1.10883910442, 42.3477378297, 11.6961248274, 60.5368217296
2.91834329497, 1.00000033929, 1.18645615666, 1.11616783914, 5.10520453516, 0.817264738591, 2.29099401891, 1.18423701085, 0.92091050931, 5.63609147947, 5.10677611129, 1.01600553345, 3.40872390883, 1.18211789108, 1.09000045676, 1.08456534125, 1.02056714073, 0.895112964477, 6.46670785459, 1.17697988473, 0.898404784576, 369.162727231, 1.19283744857, 3.40372900966, 1.09699232124, 2.38628546179, 1.27849618326, 34.0896400891, 10.7345897655, 94.8578358557
3.46035926244, 1.00000080119, 1.29680695522, 1.06782081629, 5.93204007037, 0.914904879153, 2.18636816866, 1.11942061039, 0.954929964849, 4.70469084686, 6.19187384761, 1.03778258535, 3.41224695555, 0.886996129446, 1.09000014079, 1.05423973382, 1.02570302818, 1.04639395787, 7.11451197503, 0.996716124936, 0.817109637142, 855.471596612, 1.05462692495, 4.31393602577, 0.951936804669, 2.55674957517, 1.20952431671, 28.9112525543, 10.6618143986, 382.079548658
3.37530308346, 1.000000249, 1.56389008852, 0.913968747956, 3.16699173959, 0.93057979616, 4.8879897356, 1.04672916159, 0.950825513616, 3.23055875154, 5.36013172681, 0.811426561012, 2.76713910898, 0.953361305343, 1.09000068926, 1.06868992284, 1.01399631482, 1.14436679782, 6.75523719504, 1.12660362333, 0.854201184381, 456.682581366, 1.01069766398, 5.48442841283, 0.955393787606, 3.19478363223, 1.20668250082, 31.1939836837, 14.4529955564, 78.4766785501
3.52555230938, 1.00000079432, 1.47801128185, 1.12776572235, 4.49676660633, 0.872355201542, 2.87608316571, 1.19590198612, 0.966736464656, 2.33543381215, 5.34768751904, 1.13799108952, 4.19257532738, 0.953361305343, 1.09000062755, 1.04819986496, 1.01487903293, 0.836440818783, 7.20889039461, 1.08934165663, 0.953915346978, 258.71910703, 1.05156789202, 4.42481448446, 1.06686758563, 3.15075707099, 1.2039596195, 37.5740469686, 11.1283975281, 84.82405892
3.93206982587, 1.00000054751, 1.4367701313, 1.09615456527, 4.81129838715, 0.810267297533, 4.8879897356, 1.18423701085, 0.924436705071, 6.17148733418, 5.10072937657, 1.10104265527, 5.03313463715, 0.962144123943, 1.09000043848, 1.07933177852, 1.0088131834, 1.09354654998, 6.46670785459, 1.08754176097, 0.775374312655, 95.2968419664, 1.08216391998, 3.26752450405, 1.04039015775, 4.37851858533, 1.15078963287, 30.6455816375, 8.84325625376, 103.609329556
3.61681095323, 1.00000036624, 1.4902886855, 1.20156316879, 2.24268487059, 0.785590566164, 2.84042286677, 1.18745792185, 0.998469518437, 5.13107571215, 5.00655222746, 1.00175504087, 3.96007012147, 0.829547008088, 1.09000069087, 1.07933177852, 1.01000841241, 1.02655857534, 9.21546024029, 1.00788088633, 0.827771537672, 939.075198408, 1.04606091024, 4.46480335404, 1.02632154453, 2.02882793592, 1.02178895618, 36.6921826818, 8.949677265, 103.139137432
4.58725429355, 1.00000071611, 1.51095703086, 0.939941928062, 5.11729079648, 0.790722540505, 3.69403129781, 1.07986157812, 0.934257586398, 2.90980489399, 5.26282275621, 1.13735908102, 2.96156252577, 1.07711368714, 1.09000026199, 1.08340632014, 1.03033918552, 1.03270610966, 7.22970880613, 1.03349499841, 0.810348062432, 369.162727231, 1.04804322352, 3.42978725489, 1.18905857182, 3.84437291727, 1.08073049267, 29.7455354319, 10.3905931889, 274.366792089
3.61681095323, 1.000000249, 1.56389008852, 1.1040169439, 4.81129838715, 0.810267297533, 4.54698873612, 1.07815014905, 0.924436705071, 6.17148733418, 5.04169093531, 1.10104265527, 5.06883517107, 0.8101753986, 1.09000060545, 1.07933177852, 1.00482386207, 1.09906559581, 7.47238157363, 1.08221078475, 0.891533438668, 13.0403961594, 1.01223083677, 3.26752450405, 1.14816005044, 4.37851858533, 1.15078963287, 30.5694606432, 8.73078821099, 126.088673725
3.76057646489, 1.00000063521, 1.28744787418, 0.959631545206, 6.68462299558, 0.866139514161, 4.67511192251, 1.03000721605, 0.949854564726, 1.34092101807, 5.24952026156, 1.0951416204, 3.89926341927, 0.917389096979, 1.090000688, 1.08668170746, 1.01487903293, 1.18494160898, 7.61922042782, 0.989159441435, 0.843505094007, 310.354591415, 1.18730484577, 3.5144634472, 1.01027983398, 2.8600711014, 0.957780279649, 47.4426922901, 8.2713175391, 243.700607086
4.01752219227, 1.00000051033, 1.47801128185, 1.12776572235, 4.49676660633, 0.760482324185, 2.87608316571, 1.15077885982, 0.966736464656, 2.33543381215, 5.34768751904, 1.16899686426, 3.48069107516, 1.09040663339, 1.09000045634, 1.06816939776, 1.01487903293, 0.836440818783, 7.11451197503, 1.08934165663, 0.953915346978, 258.71910703, 1.05156789202, 4.42481448446, 1.06686758563, 3.77644616576, 1.10883910442, 23.588741759, 12.8822164705, 110.362724837
2.53541628682, 1.00000036624, 1.4902886855, 0.939941928062, 2.88649660587, 0.785590566164, 2.84042286677, 1.18745792185, 0.998469518437, 5.32026801985, 5.32673918788, 1.00175504087, 3.96007012147, 0.829547008088, 1.09000069087, 1.0877119694, 1.01000841241, 0.985425092267, 9.21546024029, 1.00788088633, 0.827771537672, 691.976961094, 1.04606091024, 3.26752450405, 1.02632154453, 2.60404488667, 0.971718199783, 55.4922709213, 17.3274179031, 78.5025259305
3.46035926244, 1.00000080119, 1.29680695522, 1.06782081629, 5.93204007037, 0.913284066928, 2.18636816866, 1.11942061039, 0.954929964849, 4.70469084686, 6.19187384761, 1.03778258535, 3.41224695555, 0.886996129446, 1.09000014079, 1.05423973382, 1.02570302818, 1.14771024918, 7.11451197503, 0.996716124936, 0.817109637142, 855.471596612, 1.05462692495, 4.31393602577, 0.951936804669, 2.55674957517, 1.1532104591, 35.3146972436, 15.2372025141, 79.9489545095
3.52555230938, 1.00000079432, 1.47801128185, 1.12776572235, 5.93204007037, 0.885948840392, 2.87608316571, 1.19590198612, 0.966736464656, 2.33543381215, 5.67836249024, 1.13799108952, 4.19257532738, 0.953361305343, 1.09000062755, 1.04819986496, 1.01487903293, 0.836440818783, 7.20889039461, 1.08934165663, 0.9923927365, 258.71910703, 1.05156789202, 4.42481448446, 1.06686758563, 3.15075707099, 1.2039596195, 67.8313618339, 9.54591321838, 106.311974373
3.93206982587, 1.00000023974, 1.28545943935, 1.09615456527, 5.12432314128, 0.79290214584, 3.7605311651, 1.16917685504, 0.985942588546, 3.73776647025, 5.89213931648, 1.00013161842, 3.14631969986, 0.938390616161, 1.09000078081, 1.05589997357, 1.02892570863, 0.968428314865, 8.36658701078, 1.11565725185, 0.776270074365, 691.34720309, 1.04373870949, 2.85264603088, 1.03507141839, 4.81366810312, 1.15721251538, 47.7085434862, 9.57499071726, 118.321604449
4.0444878933, 1.0000000122, 1.51587045918, 1.01955211663, 5.74228255786, 0.730663987141, 2.33493059045, 1.04913307302, 0.911758718352, 1.40532537733, 5.64845680539, 1.04314068064, 4.00951578103, 1.14498073112, 1.09000005711, 1.06944804324, 1.03837323293, 1.01739722783, 8.2490425356, 1.04243136602, 0.918111163332, 287.649047001, 1.01983905033, 5.27330682229, 1.09688503865, 2.22848728111, 1.25117124951, 46.3822121113, 12.1563833075, 103.649915002
4.0444878933, 1.0000000122, 1.51587045918, 1.01955211663, 5.74228255786, 0.730663987141, 2.33493059045, 1.09899299175, 0.911758718352, 1.40532537733, 5.64845680539, 1.00728595811, 4.00951578103, 1.14498073112, 1.09000005711, 1.06944804324, 1.03837323293, 1.01739722783, 8.2490425356, 1.04243136602, 0.843636817492, 287.649047001, 1.01983905033, 5.27330682229, 0.980105556886, 1.64270328329, 1.25117124951, 30.4474710373, 10.5881523368, 300.632025975
1.75308227087, 1.00000033929, 1.42516544265, 1.08134242902, 5.38977037905, 0.881445916836, 2.29099401891, 1.18423701085, 0.90271361153, 4.00747470575, 4.84258431813, 0.999173075637, 2.76713910898, 0.814293616048, 1.09000007513, 1.08456534125, 1.02056714073, 0.895112964477, 6.46670785459, 1.12224852412, 0.898404784576, 716.9179008, 0.943211809232, 3.24477983466, 1.09622922435, 2.38628546179, 1.04177678091, 43.0729880298, 9.45437703289, 158.049370117
4.13993612183, 1.00000057693, 1.64567379432, 1.1040169439, 2.95088895369, 0.886294539115, 2.15306512274, 1.16701014476, 0.922344041653, 5.60259510949, 4.98361744937, 1.02683105, 3.75680376441, 1.10841334288, 1.09000015675, 1.08119964152, 1.02432154418, 1.0195430837, 6.97502745192, 1.07940265181, 0.816898330426, 220.426251399, 0.979968460487, 3.63824142748, 1.07958155845, 1.64270328329, 1.1502195025, 33.2796726835, 8.73169186783, 177.152323972
4.13993612183, 1.00000057693, 1.42998836706, 0.990688115371, 2.95088895369, 0.849456824589, 3.06609961043, 1.09899299175, 0.922344041653, 3.48133504824, 4.98361744937, 1.02683105, 3.75680376441, 1.10841334288, 1.09000025066, 1.08119964152, 1.02432154418, 0.882100515356, 6.97502745192, 1.07940265181, 0.816898330426, 220.426251399, 0.979968460487, 3.63824142748, 1.07958155845, 1.64270328329, 1.28589280305, 35.2055443973, 15.2607085887, 145.047048525
4.5205644833, 1.00000051297, 1.56389008852, 0.913968747956, 5.38977037905, 0.877663977471, 3.6645818631, 1.11215031534, 0.911387492854, 3.78671869405, 5.36013172681, 0.90244957801, 2.76713910898, 1.15578107652, 1.09000035358, 1.06868992284, 1.01371372731, 1.02949972504, 5.56404264007, 1.09651390432, 0.854201184381, 555.615718164, 1.01069766398, 4.19260547647, 0.955393787606, 5.03781199276, 1.20668250082, 37.7683249658, 15.40310889, 83.4391387296
3.61681095323, 1.000000249, 1.4367701313, 1.1040169439, 4.81129838715, 0.810267297533, 4.8879897356, 1.07815014905, 0.924436705071, 6.17148733418, 5.10072937657, 1.10104265527, 4.8456418488, 0.8101753986, 1.09000060545, 1.07933177852, 1.01442423249, 1.09354654998, 7.47238157363, 1.08221078475, 0.891533438668, 13.0403961594, 1.01223083677, 3.26752450405, 1.14816005044, 4.37851858533, 1.15078963287, 113.88462056, 15.4833811255, 80.9661317143
3.61681095323, 1.00000036624, 1.4902886855, 1.20156316879, 2.88649660587, 0.785590566164, 2.84042286677, 1.18745792185, 0.998469518437, 5.13107571215, 5.32673918788, 1.00175504087, 3.96007012147, 0.829547008088, 1.09000069087, 1.07933177852, 1.01000841241, 1.03210263001, 9.21546024029, 1.00788088633, 0.827771537672, 691.976961094, 1.04606091024, 4.46480335404, 1.02632154453, 2.02882793592, 0.971718199783, 76.1860097088, 9.67723262538, 149.589950303
2.03252209302, 1.00000071685, 1.31741492584, 0.88484729369, 2.24268487059, 0.889545982298, 4.68416386906, 1.15967169371, 0.936810362939, 4.35666870335, 5.00655222746, 1.02683105, 3.46108968931, 0.962006191625, 1.09000070898, 1.0432663692, 1.02380181233, 1.02655857534, 6.11364236777, 0.956869783499, 0.809050895496, 685.61767282, 1.11313947973, 3.99073278279, 1.03898669659, 2.32230114415, 1.08154601794, 57.7781376885, 10.7604348095, 118.896615868
3.37530308346, 1.00000043994, 1.42516544265, 1.08134242902, 5.19065657788, 0.881445916836, 2.29099401891, 1.18423701085, 0.90271361153, 4.00747470575, 4.82778706985, 1.14520925519, 2.76713910898, 0.818117577659, 1.09000007513, 1.09376382093, 1.02056714073, 0.895112964477, 6.46670785459, 1.12224852412, 0.898404784576, 716.9179008, 0.943211809232, 3.24477983466, 1.09622922435, 1.48503137464, 1.19326370982, 79.9192175496, 9.70559698729, 119.70024857
3.61681095323, 1.000000249, 1.4367701313, 1.1040169439, 4.81129838715, 0.940536541588, 4.8879897356, 1.18423701085, 0.994013090366, 6.17148733418, 5.10072937657, 1.10104265527, 4.8456418488, 0.962144123943, 1.09000043848, 1.07933177852, 1.0088131834, 1.09354654998, 6.46670785459, 1.08754176097, 0.775374312655, 95.2968419664, 1.08216391998, 3.26752450405, 1.04039015775, 4.37851858533, 1.15078963287, 52.3134371145, 12.7056202105, 120.664691039
2.20553611526, 1.00000056764, 1.48858075688, 1.1148441229, 4.82366499579, 0.787927724183, 5.58307328186, 1.20523176428, 0.964901499994, 2.32895895338, 5.27214725836, 1.02683105, 4.61094993866, 0.98506155447, 1.09000076062, 1.03681855892, 1.03693742476, 1.11615535055, 5.32945259657, 0.992550982144, 0.823051514872, 424.3176469, 1.05701378302, 2.47815215976, 1.13227344064, 2.31747361264, 1.15875201083, 57.3118533326, 12.7237648091, 109.150332785
4.0444878933, 1.00000001539, 1.51587045918, 0.865725435386, 5.74228255786, 0.768229476295, 2.33493059045, 1.04913307302, 0.937578471556, 1.40532537733, 5.64845680539, 0.832677993684, 4.00951578103, 1.14498073112, 1.09000005711, 1.06944804324, 1.03837323293, 1.01739722783, 8.3627269358, 1.04243136602, 0.918111163332, 287.649047001, 1.01983905033, 5.27330682229, 1.09688503865, 2.22848728111, 1.25117124951, 33.1975372403, 10.9987117322, 592.291758137
4.0444878933, 1.00000001539, 1.51587045918, 0.865725435386, 5.74228255786, 0.768229476295, 2.33493059045, 1.04913307302, 0.937578471556, 1.40532537733, 5.64845680539, 0.832677993684, 4.00951578103, 1.14498073112, 1.09000005711, 1.06944804324, 1.03837323293, 1.01739722783, 8.3627269358, 1.04243136602, 0.918111163332, 287.649047001, 1.01983905033, 5.27330682229, 1.09688503865, 2.22848728111, 1.25117124951, 44.8464366718, 11.6824027359, 175.407764439
3.47104528196, 1.000000807, 1.48808870985, 1.06782081629, 5.93204007037, 0.914904879153, 2.18636816866, 1.0727915996, 0.93601670632, 4.70469084686, 5.01896561607, 1.03778258535, 3.41224695555, 0.830191858207, 1.09000032964, 1.05423973382, 1.02570302818, 0.814627368763, 9.08508601836, 0.996716124936, 0.953915346978, 855.471596612, 1.05462692495, 4.31393602577, 1.06686758563, 2.55674957517, 1.20952431671, 54.0167681734, 10.338783834, 164.211491247
2.53541628682, 1.0000000294, 1.52464544264, 1.08134242902, 5.38977037905, 0.881445916836, 2.29099401891, 1.18423701085, 0.936810362939, 4.35666870335, 5.80499540734, 0.999173075637, 2.76713910898, 0.948355220628, 1.09000039043, 1.08456534125, 1.02380181233, 0.895112964477, 6.46670785459, 1.12224852412, 0.898404784576, 716.9179008, 0.943211809232, 3.24477983466, 1.09622922435, 2.38628546179, 1.04177678091, 40.5973787217, 9.71425708602, 476.008213378
2.9275820407, 1.00000022259, 1.17258833419, 1.02658465679, 4.37265523981, 0.881445916836, 2.16987949101, 1.11959559413, 0.931385363826, 4.71439720007, 5.30410903681, 1.09958698591, 2.63332765977, 1.07333632561, 1.09000025303, 1.08814437828, 1.02824898615, 1.08153901045, 9.2547375543, 1.09001272294, 0.827931489009, 659.073667174, 1.07301583553, 4.68040034859, 1.18027970184, 4.08926046655, 1.14970687391, 44.521126218, 11.8390125745, 456.08191499
2.98509815114, 1.00000074117, 1.29785475997, 0.981337979405, 4.57916027838, 0.856022426868, 1.8745954828, 1.1561311019, 0.928424500496, 6.03468244161, 5.88229707087, 1.17042561406, 2.97036508591, 1.04245322819, 1.0900003747, 1.06944804324, 1.03812195455, 1.02949972504, 4.7268565169, 1.09651390432, 0.881648568314, 360.704183079, 1.14298211365, 1.9372002749, 1.04956493663, 4.66834052714, 0.962329239123, 55.4639317262, 8.94130293632, 315.185290118
3.53237102479, 1.00000036552, 1.20197275685, 1.11616783914, 3.16699173959, 0.93057979616, 3.88529971827, 1.0727915996, 0.93601670632, 2.28063414598, 5.09734560315, 0.904432862976, 3.89160765753, 1.13901751378, 1.09000068926, 1.05556632645, 1.03540204429, 1.00235550859, 7.67739190421, 1.11610252113, 0.818640425089, 245.24128711, 0.97111944016, 3.15956779957, 1.03770671231, 2.52658786422, 1.17368980171, 46.0335697351, 9.94817048362, 227.43062465
2.31488057375, 1.0000003406, 1.2573072186, 1.07897656299, 5.61706275198, 0.827767637961, 2.72474014735, 1.16985934493, 0.974872711015, 3.79812627014, 5.55599989381, 0.925786852311, 5.04230399783, 1.07703917881, 1.09000078613, 1.08287858203, 1.04239362593, 0.971140628366, 6.75523719504, 0.976941418771, 0.933874769465, 646.193884521, 1.10455481626, 3.33064596613, 1.02477557694, 1.98545887737, 1.00023674675, 60.9477979009, 9.01660048155, 241.795902578
2.98509815114, 1.00000074117, 1.29785475997, 0.981337979405, 4.57916027838, 0.758955077495, 1.8745954828, 1.1561311019, 0.928424500496, 6.06421642241, 5.88229707087, 1.17042561406, 2.97036508591, 1.07333632561, 1.09000021564, 1.06944804324, 1.03812195455, 1.02949972504, 4.7268565169, 1.09651390432, 0.881648568314, 360.704183079, 1.03459400813, 1.9372002749, 1.04956493663, 4.66834052714, 0.962329239123, 43.0748275506, 16.9064316798, 230.98645776
2.34210319753, 1.0000009718, 1.31698387946, 0.890583274604, 3.77529921262, 0.881445916836, 2.16987949101, 1.11959559413, 0.954929964849, 5.7832078636, 5.12115940511, 1.17380912306, 3.39806234739, 1.02488338394, 1.09000008863, 1.08814437828, 1.02824898615, 1.08153901045, 7.47238157363, 1.09001272294, 0.953915346978, 659.073667174, 1.07301583553, 3.45323860744, 1.08280885244, 1.97263453922, 1.19326370982, 44.3742384352, 15.9560097199, 158.710035322
3.37530308346, 1.00000033929, 1.42516544265, 1.08134242902, 5.19065657788, 0.881445916836, 2.29099401891, 1.18423701085, 0.90271361153, 4.00747470575, 4.84258431813, 1.14520925519, 2.76713910898, 0.818117577659, 1.09000007513, 1.08456534125, 1.02056714073, 0.895112964477, 6.46670785459, 1.12224852412, 0.898404784576, 716.9179008, 0.943211809232, 3.24477983466, 1.09622922435, 2.38628546179, 1.04177678091, 68.8503235768, 18.9089571869, 87.5463227329
5.3135328441, 1.00000078663, 1.62720687391, 0.802386513045, 3.11880511374, 0.957714416147, 5.44315049234, 1.13081121149, 0.908161495902, 4.97428182125, 4.80344197371, 0.955989717232, 3.53035058754, 1.16918872991, 1.09000078634, 1.03279887236, 1.01019687525, 0.948160178121, 6.91181942661, 0.984040151954, 0.97312963267, 761.763551046, 1.04184102482, 4.61343696454, 1.09951548381, 4.042935441, 1.09759196439, 47.5426526484, 15.8442420146, 135.919388865
2.9275820407, 1.00000022259, 1.15100671743, 1.02658465679, 4.37265523981, 0.881445916836, 2.16987949101, 1.11959559413, 0.915622044052, 4.71439720007, 5.30410903681, 1.09958698591, 2.63332765977, 1.02342401519, 1.09000025303, 1.06944804324, 1.02824898615, 1.08153901045, 9.2547375543, 1.09001272294, 0.918111163332, 659.073667174, 1.07301583553, 4.68040034859, 1.18027970184, 4.08926046655, 1.14970687391, 58.6678130018, 10.7787586883, 124.577725738
2.30171310192, 1.00000078663, 1.32672268127, 0.802386513045, 3.9560247864, 0.957714416147, 5.44315049234, 1.10767746591, 0.945111671938, 5.67528881525, 5.15558904399, 0.955989717232, 3.53035058754, 1.25487589714, 1.09000078634, 1.03279887236, 1.01019687525, 0.948160178121, 6.91181942661, 0.984040151954, 0.980103106216, 125.893537476, 1.04184102482, 4.61343696454, 1.09951548381, 2.2324114849, 1.09759196439, 91.9595421424, 10.271977143, 160.523922744
4.14895274558, 1.000000249, 1.56389008852, 0.913968747956, 3.16699173959, 0.93057979616, 2.51678711456, 1.07722625965, 0.950825513616, 3.11084935684, 4.70100349575, 0.811426561012, 2.76713910898, 0.953361305343, 1.09000035578, 1.00972523573, 1.01399631482, 1.09354654998, 5.56404264007, 1.12660362333, 0.917966938588, 456.682581366, 0.943211809232, 4.94846268138, 0.955393787606, 3.19478363223, 1.00606360333, 68.5278536274, 13.509243015, 109.855352807
3.37530308346, 1.00000057146, 1.42516544265, 1.08134242902, 5.38977037905, 0.927295204243, 2.29099401891, 1.05826388079, 0.90271361153, 4.00747470575, 5.10677611129, 0.999173075637, 2.76713910898, 1.04835774987, 1.09000007513, 1.09064609169, 1.02056714073, 0.895112964477, 6.46670785459, 1.17627889758, 0.898404784576, 716.9179008, 0.943211809232, 3.24477983466, 1.09622922435, 2.38628546179, 1.00606360333, 54.4705663169, 12.3080575485, 181.016773543
3.46035926244, 1.00000080119, 1.29680695522, 1.06782081629, 6.08378496518, 0.914904879153, 2.18636816866, 1.11559540836, 0.954929964849, 4.70469084686, 6.19187384761, 1.03778258535, 3.41224695555, 1.18082064243, 1.09000014079, 1.05423973382, 1.04144830405, 1.10123639481, 7.11451197503, 0.996716124936, 0.817109637142, 832.371055656, 1.05462692495, 4.31393602577, 0.951936804669, 2.55674957517, 1.20952431671, 57.2790574695, 8.96411950608, 416.637790921
4.01752219227, 1.00000051033, 1.47801128185, 1.12776572235, 4.49676660633, 0.872355201542, 2.87608316571, 1.15077885982, 0.966736464656, 2.33543381215, 5.34768751904, 1.16899686426, 3.48069107516, 0.953361305343, 1.09000045634, 1.06816939776, 1.01487903293, 0.836440818783, 7.11451197503, 1.08934165663, 0.953915346978, 258.71910703, 1.05156789202, 4.42481448446, 1.06686758563, 3.77644616576, 1.10883910442, 53.8013884259, 10.2237668283, 259.940135758
4.0444878933, 1.0000000122, 1.51587045918, 1.01955211663, 5.74228255786, 0.730663987141, 2.33493059045, 1.04913307302, 0.911758718352, 1.40532537733, 5.64845680539, 1.04314068064, 4.00951578103, 1.14498073112, 1.09000005711, 1.08772620699, 1.03837323293, 1.01739722783, 8.2490425356, 1.04243136602, 0.918111163332, 287.649047001, 1.01983905033, 5.6195953815, 1.09688503865, 2.22848728111, 1.25117124951, 48.844919664, 10.3000640607, 477.622399537
1.98542254843, 1.000000249, 1.4367701313, 1.1040169439, 4.81129838715, 0.760482324185, 4.8879897356, 1.18423701085, 0.924436705071, 6.17148733418, 5.10072937657, 1.10104265527, 4.87310715708, 1.09040663339, 1.0900008261, 1.07933177852, 1.02328119123, 1.09354654998, 6.46670785459, 1.08754176097, 0.775374312655, 95.2968419664, 1.1486512228, 3.26752450405, 1.04039015775, 4.37851858533, 0.95580246758, 73.5563446656, 10.0422791327, 243.132160244
2.03252209302, 1.00000087497, 1.28286625616, 0.88484729369, 1.67515278882, 0.889545982298, 3.06609961043, 1.15967169371, 0.936810362939, 4.35666870335, 5.00655222746, 1.02683105, 3.46108968931, 0.962006191625, 1.09000098978, 1.0432663692, 1.00173708939, 1.02655857534, 6.97502745192, 0.992550982144, 0.809050895496, 369.162727231, 1.11313947973, 4.22600528353, 1.03898669659, 5.27699186773, 1.18411306244, 45.6963767958, 16.1332693171, 189.949472383
4.0444878933, 1.0000000122, 1.51587045918, 1.01955211663, 5.74228255786, 0.728002691917, 2.33493059045, 1.05710395674, 0.911758718352, 1.40532537733, 5.64845680539, 1.00728595811, 4.00951578103, 1.14498073112, 1.09000005711, 1.06944804324, 1.03837323293, 1.01739722783, 8.2490425356, 0.921808494111, 0.90479199931, 287.649047001, 1.09563962926, 5.27330682229, 0.980105556886, 1.64270328329, 1.25117124951, 75.9908406514, 18.9896111939, 94.197173969
4.91195845753, 1.00000023974, 1.09991468234, 1.09615456527, 5.12432314128, 0.79290214584, 3.7605311651, 1.16917685504, 0.985942588546, 3.73776647025, 5.89213931648, 1.00013161842, 4.23062286881, 0.876839485618, 1.09000078081, 1.05589997357, 1.02739252407, 0.968428314865, 8.36658701078, 1.11565725185, 0.776270074365, 255.999044707, 1.04373870949, 3.99102837534, 1.09766708097, 4.81366810312, 1.15721251538, 221.847909391, 12.9930443333, 156.218571278
3.93206982587, 1.00000023974, 1.28545943935, 1.09615456527, 5.12432314128, 0.79290214584, 3.7605311651, 1.16917685504, 0.985942588546, 3.73776647025, 5.89213931648, 1.00013161842, 3.14631969986, 0.938390616161, 1.09000078081, 1.05589997357, 1.02739252407, 0.968428314865, 8.36658701078, 1.11565725185, 0.776270074365, 691.34720309, 1.04373870949, 3.99102837534, 1.09766708097, 4.81366810312, 1.15721251538, 59.378141721, 9.31079860922, 582.939952524
3.46035926244, 1.00000080119, 1.29680695522, 1.06782081629, 5.93204007037, 0.914904879153, 2.18636816866, 1.11942061039, 0.954929964849, 4.70469084686, 6.19187384761, 1.03778258535, 3.41224695555, 0.886996129446, 1.09000014079, 1.05423973382, 1.04819336628, 1.04639395787, 7.11451197503, 1.15161041321, 0.817109637142, 855.471596612, 1.05462692495, 4.74652145422, 0.951936804669, 2.55674957517, 1.20952431671, 171.354232631, 13.9814662828, 124.198436429
3.53237102479, 1.00000036552, 1.25016849319, 1.11616783914, 3.16699173959, 0.940536541588, 3.88529971827, 1.0727915996, 0.93601670632, 2.21603189323, 5.1062573906, 0.904432862976, 3.89160765753, 1.13901751378, 1.09000068926, 1.04757217955, 1.03540204429, 1.13455468402, 5.56404264007, 1.08934165663, 0.818640425089, 245.24128711, 1.01069766398, 3.15956779957, 1.05411414465, 2.52658786422, 1.17368980171, 96.9091172399, 10.0869897033, 392.60992137
4.54263290744, 1.00000048013, 1.18645615666, 1.11616783914, 2.88649660587, 0.844173086287, 2.29099401891, 1.18512727952, 0.92091050931, 4.56394181828, 5.10677611129, 0.999173075637, 3.40872390883, 1.27193987211, 1.09000045676, 1.08456534125, 1.02056714073, 1.10490006691, 6.46670785459, 1.18589306212, 0.962467702195, 466.628199685, 1.01165183973, 3.24477983466, 1.04054268319, 2.38628546179, 1.23670490957, 73.5333641789, 11.1224004432, 268.302385963
3.46035926244, 1.00000080119, 1.29680695522, 1.06782081629, 5.93204007037, 0.914904879153, 2.18636816866, 1.029455423, 0.954929964849, 4.70469084686, 5.01896561607, 1.03778258535, 3.41224695555, 0.886996129446, 1.09000032964, 1.05423973382, 1.02570302818, 1.04639395787, 9.08508601836, 0.996716124936, 0.817109637142, 855.471596612, 1.05462692495, 4.31393602577, 1.00433085336, 2.55674957517, 1.20952431671, 92.0699041142, 10.1510721915, 539.224439634
4.91195845753, 1.00000023974, 1.28917525344, 1.05436512393, 5.12432314128, 0.79290214584, 3.7605311651, 1.16917685504, 0.985942588546, 3.73776647025, 6.10863706927, 1.00013161842, 4.23062286881, 0.876839485618, 1.09000078081, 1.05589997357, 1.02739252407, 0.944856600874, 8.36658701078, 1.11565725185, 0.776270074365, 255.999044707, 1.04373870949, 3.99102837534, 1.09766708097, 4.81366810312, 1.15721251538, 137.642146201, 11.6061983591, 191.657999706
2.68429013669, 1.00000083723, 1.31698387946, 0.88484729369, 5.93204007037, 0.914904879153, 2.18636816866, 1.00790220292, 0.937578471556, 5.70478538011, 5.01896561607, 1.04082360866, 3.41224695555, 1.02488338394, 1.09000032964, 1.0444297763, 1.02570302818, 1.02655857534, 9.6892749552, 0.996716124936, 0.919986155076, 247.040650323, 1.11313947973, 4.00126702665, 0.975526147451, 2.55674957517, 1.20952431671, 65.9010969718, 17.7485820683, 140.961671022
2.30171310192, 1.00000078663, 1.25744531314, 0.802386513045, 3.9560247864, 0.957714416147, 5.44315049234, 1.21611646867, 0.945111671938, 4.97428182125, 5.15558904399, 0.955989717232, 3.53035058754, 1.16918872991, 1.09000078634, 1.03279887236, 1.01019687525, 0.948160178121, 6.91181942661, 0.984040151954, 0.97312963267, 761.763551046, 1.04184102482, 4.61343696454, 1.09951548381, 4.042935441, 1.09759196439, 85.2759415081, 11.8925923212, 209.680785451
2.53541628682, 1.00000036624, 1.4902886855, 0.939941928062, 2.8569363339, 0.785590566164, 2.84042286677, 1.18745792185, 0.998469518437, 5.32026801985, 5.32673918788, 1.00175504087, 3.96007012147, 0.829547008088, 1.09000069087, 1.0877119694, 1.01000841241, 0.985425092267, 9.21546024029, 1.00788088633, 0.827771537672, 691.976961094, 0.973020866803, 3.26752450405, 1.01172584655, 2.60404488667, 0.971718199783, 128.545487205, 16.0198417232, 144.899051129
4.54263290744, 1.00000036552, 1.25016849319, 1.11616783914, 3.16699173959, 0.940536541588, 3.88529971827, 1.0727915996, 0.93601670632, 2.28063414598, 5.1062573906, 0.904432862976, 3.89160765753, 1.13901751378, 1.09000065769, 1.05556632645, 1.03540204429, 1.00235550859, 3.37027522074, 1.12442389499, 0.818640425089, 245.24128711, 1.01069766398, 3.15956779957, 1.05411414465, 2.52658786422, 1.17368980171, 107.631099229, 12.5574831271, 198.84022937
3.61681095323, 1.000000249, 1.4367701313, 1.1040169439, 4.81129838715, 0.810267297533, 4.8879897356, 1.18423701085, 0.924436705071, 6.17148733418, 5.10072937657, 1.10104265527, 4.8456418488, 0.962144123943, 1.09000043848, 1.07933177852, 1.0088131834, 1.09354654998, 6.46670785459, 1.08754176097, 0.775374312655, 95.2968419664, 1.08216391998, 3.26752450405, 1.04039015775, 4.37851858533, 1.15078963287, 56.3709687225, 10.4946816369, 373.699767077
2.53541628682, 1.00000036624, 1.4902886855, 0.939941928062, 2.88649660587, 0.785590566164, 2.84042286677, 1.18745792185, 0.998393559506, 5.13107571215, 5.32673918788, 0.992470043579, 3.96007012147, 0.948355220628, 1.09000039043, 1.07856953495, 1.01000841241, 1.03210263001, 9.21546024029, 1.00788088633, 0.827771537672, 691.976961094, 1.01099546072, 4.46480335404, 1.02632154453, 2.60404488667, 0.971718199783, 50.1366478934, 16.776800521, 161.065862568
3.61681095323, 1.000000249, 1.4367701313, 1.1040169439, 4.81129838715, 0.714420878693, 4.8879897356, 1.24201064985, 0.924436705071, 4.07956036142, 5.15567337025, 1.10104265527, 3.39806234739, 0.962144123943, 1.09000048842, 1.07933177852, 1.01442423249, 1.09354654998, 8.78291973946, 1.04864658454, 0.829788034948, 370.232047761, 1.16969913467, 3.42978725489, 0.955804530909, 3.61170315145, 1.06801441797, 60.1391502849, 10.2566771738, 318.166137182
2.68429013669, 1.00000083723, 1.31698387946, 0.88484729369, 5.93204007037, 0.914904879153, 2.18636816866, 1.00790220292, 0.954929964849, 5.70478538011, 5.01896561607, 1.04082360866, 3.41224695555, 1.02488338394, 1.09000032964, 1.0444297763, 1.02570302818, 1.02655857534, 9.6892749552, 0.996716124936, 0.919986155076, 247.040650323, 1.11313947973, 4.00126702665, 0.975526147451, 2.55674957517, 1.20952431671, 61.5235573303, 9.37645246038, 541.423848076
