0.00556263928295, 0.002224680311, 0.0172011891176, 1.02427315175e-05, 0.658160216768, 0.553880302563, 0.923028478993, 0.512496944701, 0.598936775791, 0.904682901117, 0.597060360469, 0.92426818273, 0.0130992364657, 0.206592055252, 1.89316852492, 0.0, 1.06943950623e-176, 1.58514966502e-265, 1.00322649933e-225
0.00611647175583, 0.268232094386, 0.998469165741, 0.997557467589, 0.752424665288, 0.702166827937, 0.493221689403, 0.596768997284, 0.263607174971, 0.445419172278, 0.0250457415154, 0.930862560074, 0.0130992364657, 0.372284426982, 0.135887417603, 0.383202181063, 1.79192075115, 2.04839527438e-57, 1.28954696682e-221
0.000260589996733, 0.000514741445388, 0.323087088671, 0.000225889651235, 0.736159531968, 0.409869563579, 0.776697844259, 0.331246602837, 0.563678002123, 0.211501416341, 0.308615117753, 0.882248999987, 0.372227591504, 0.299542753535, 1.49547191408, 0.0, 2.00843800352e-49, 0.0, 0.0
0.936863788703, 0.000514741445388, 1.56400401037e-05, 1.04549259737e-05, 0.495528490037, 0.287039208416, 0.539452735909, 0.316985259844, 0.563678002123, 0.203381725525, 0.594234010006, 0.621347606946, 0.612496132056, 0.584146587012, 1.21579856742, 0.0, 0.0, 0.0, 0.0028094906205
0.0454645534082, 0.999999394316, 0.997253110961, 0.999952462131, 0.563102683465, 0.271800834266, 0.499660585335, 0.39267468996, 0.563678002123, 0.520514413306, 0.448091309036, 0.603833224894, 0.333512425763, 0.876704487464, 3.28096726835e-07, 4.40408647556e-05, 0.000110993717014, 1.25515160275, 1.15374280895e-134
0.999243376434, 0.998466177795, 0.000135745844092, 0.000225889651235, 0.0780291927696, 0.583352963496, 0.796394544408, 0.418435244631, 0.661648178786, 0.286125959028, 0.412842979557, 0.724410404479, 0.961316805874, 0.897838507344, 0.0450927011275, 0.0, 0.0, 0.19836522352, 1.76876732233
0.785462143949, 0.000151384270941, 0.0123005347436, 0.999944606172, 0.684482143621, 0.475293986519, 0.809621818458, 0.316985259844, 0.85889357042, 0.252291267609, 0.0484664629866, 0.00413486309472, 0.155945585884, 0.406285308168, 0.0167566722661, 1.93101627452, 2.98072125204e-191, 0.0, 9.87297480777e-11
0.00611647175583, 0.998888296534, 0.00936833039659, 0.997557467589, 0.863526330936, 0.702166827937, 0.94230580377, 0.596768997284, 0.263607174971, 0.211003633205, 0.597060360469, 0.930862560074, 0.0130992364657, 0.297434232977, 0.109509560813, 0.30881669025, 7.54677134119e-204, 1.96343837678, 1.39700916785e-221
0.999243376434, 0.268232094386, 0.999589440049, 0.75729254416, 0.631051606997, 0.407499136263, 0.941286760331, 0.0298606795283, 0.304953260452, 0.802678142061, 0.97734110903, 0.92426818273, 0.00891655550046, 0.0770385459176, 0.0173115198372, 2.29521397473e-14, 0.273563005143, 3.05575935905e-58, 2.38335964779
0.999243376434, 0.999999825066, 0.99308761591, 0.000225889651235, 0.631051606997, 0.726575732585, 0.147239640632, 0.828829690922, 0.661648178786, 0.560155854293, 0.753133367419, 0.724410404479, 0.544693561462, 0.665045624472, 3.27469430235e-06, 0.0, 3.27216846411e-06, 0.168472031829, 1.4648467291
0.639408313392, 0.710568917333, 0.0857518075712, 0.000225889651235, 0.570656292946, 0.726575732585, 0.147239640632, 0.106585666357, 0.317196502601, 0.560155854293, 0.0484664629866, 0.724410404479, 0.815506531028, 0.451231062714, 1.72874477391, 0.0, 5.73032286506e-107, 3.93071326568e-15, 1.02725582117e-19
0.997668539275, 0.998888296534, 0.99121694585, 0.99827430855, 0.339527490812, 0.62378119156, 0.520597251741, 0.418435244631, 0.61878752756, 0.371098914678, 0.47654854617, 0.663360251666, 0.698667245733, 0.297434232977, 0.0123152924521, 0.0483985222072, 0.0379744553566, 0.375951006416, 1.12373408248
0.984984451039, 0.998888296534, 0.987545192877, 0.130902817237, 0.409719863412, 0.519381687475, 0.522536284698, 0.258806065961, 0.292305960814, 0.520514413306, 0.593304457923, 0.346094286968, 0.478256112392, 0.524498033214, 0.159655671765, 1.24223443646e-89, 0.0768385717978, 1.0617440939, 0.388035949439
0.768955510958, 0.2135705016, 0.998469165741, 0.99827430855, 0.515540830087, 0.481776537152, 0.522536284698, 0.418435244631, 0.133925955774, 0.371098914678, 0.146442078214, 0.0486333861068, 0.573636245652, 0.23015728182, 0.0854131315339, 0.335669604225, 1.52653073396, 2.21234687645e-67, 9.56858753887e-12
0.0301699712689, 0.998888296534, 0.00936833039659, 0.219325646267, 0.908215399597, 0.702166827937, 0.94230580377, 0.596768997284, 0.263607174971, 0.211003633205, 0.597060360469, 0.652355386674, 0.0130992364657, 0.297434232977, 0.306598782253, 6.18916520634e-67, 7.06171489196e-204, 1.83724156966, 2.65301949364e-152
0.993301345325, 0.991286132176, 0.998469165741, 0.99827430855, 0.684482143621, 0.434213956789, 0.520597251741, 0.479850697401, 0.61878752756, 0.371098914678, 0.47654854617, 0.320003047361, 0.64609181048, 0.297434232977, 0.0350636961635, 0.137798682738, 0.626669563314, 0.493258988114, 0.83758724793
0.639408313392, 0.999999825066, 0.99308761591, 0.000225889651235, 0.911116899975, 0.726575732585, 0.147239640632, 0.828829690922, 0.661648178786, 0.560155854293, 0.753133367419, 0.724410404479, 0.544693561462, 0.665045624472, 3.16122752364e-05, 0.0, 3.15878920463e-05, 1.62634546864, 9.66408041109e-20
0.99919501322, 0.991286132176, 0.999237560194, 0.00348048792723, 0.60334404757, 0.692704232428, 0.258220566498, 0.628024318645, 0.463544436387, 0.805040608469, 0.47654854617, 0.52392364854, 0.00696610176718, 0.734073565208, 0.0167815897508, 3.84561801118e-248, 0.144832801136, 0.111917560748, 1.50485302244
0.993301345325, 0.0747733503781, 0.996333908488, 0.999748756066, 0.0677032773732, 0.62378119156, 0.557242190293, 0.383302052398, 0.61878752756, 0.901862145363, 0.413172860957, 0.391385482727, 0.461133394244, 0.755067241859, 0.0186236732248, 0.477551538664, 0.911654888666, 3.83140346659e-113, 1.0642744049
0.128064507079, 0.000811577098451, 0.990439405631, 0.968998665255, 0.899620685419, 0.710771451969, 0.43422640239, 0.270529016349, 0.499015949138, 0.88059808616, 0.556446335795, 0.419559198496, 0.544595633662, 0.451231062714, 1.16846440713, 0.0788335173606, 0.803014186554, 1.91153288522e-309, 1.23390482153e-89
0.999243376434, 0.268232094386, 0.0123005347436, 0.998771949891, 0.263152597377, 0.702166827937, 0.923028478993, 0.384975886162, 0.304953260452, 0.802678142061, 0.0484664629866, 0.92426818273, 0.00891655550046, 0.584146587012, 0.0423289143115, 0.230479009694, 3.61704522964e-192, 2.61233458813e-58, 2.0375075758
0.0290152146336, 0.461913614639, 0.997190546151, 0.999547375365, 0.597389319676, 0.685830195281, 0.289828384376, 0.194271117219, 0.608189236946, 0.501070118856, 0.0793390087665, 0.457350494649, 0.317444108525, 0.652363141514, 0.0372945832228, 0.535528428835, 1.32399009578, 6.41403988211e-34, 4.10803471889e-154
0.973721558825, 0.999235155185, 0.671178459235, 0.994375822284, 0.409719863412, 0.519381687475, 0.693750331739, 0.819671202427, 0.434663871435, 0.520514413306, 0.593304457923, 0.35701941292, 0.962894491747, 0.250843171534, 0.104862824511, 0.130438527161, 1.26934793227e-18, 1.44000888832, 0.159448088575
0.98834207468, 0.991286132176, 0.982972235564, 0.999547375365, 0.597389319676, 0.608791115146, 0.557242190293, 0.383302052398, 0.338836953217, 0.501070118856, 0.484967877288, 0.329808785887, 0.681087650567, 0.44607841447, 0.0528378651583, 0.758720877565, 0.22034752526, 0.607812918548, 0.527622622233
0.999043902257, 0.999780369054, 0.0122877864087, 0.999431151832, 0.031623785283, 0.0368666186499, 0.534995356882, 0.106585666357, 0.61878752756, 0.560155854293, 0.46980196411, 0.681105417593, 0.987956401121, 0.238855532774, 0.000823473830751, 0.00945393407892, 1.32050213537e-193, 0.277961808669, 1.92764578061
0.000260589996733, 0.00196220548454, 0.996495817742, 0.997557467589, 0.777066091667, 0.705913874352, 0.493221689403, 0.0475397051364, 0.563678002123, 0.30172754205, 0.632751271044, 0.930862560074, 0.0130992364657, 0.366249257714, 0.273603929419, 0.771562403279, 1.63167971788, 5.3945659096e-271, 0.0
0.222441414079, 0.000151384270941, 0.971427759503, 0.999944606172, 0.999986832018, 0.475293986519, 0.594324057251, 0.540351697072, 0.480860824346, 0.563918375581, 0.0793390087665, 0.346094286968, 0.372227591504, 0.406285308168, 0.0128922856235, 1.48568957842, 0.128884624918, 0.0, 1.23383467786e-65
0.993301345325, 0.0747733503781, 0.996182991346, 0.999241006861, 0.132787761102, 0.62378119156, 0.520597251741, 0.383302052398, 0.61878752756, 0.426342254126, 0.413172860957, 0.391385482727, 0.461133394244, 0.755067241859, 0.0484245410134, 0.419769317299, 0.774955432279, 3.28550797092e-113, 0.912637384981
0.987439946848, 0.968287293759, 0.997618319676, 0.00167341430651, 0.409719863412, 0.608791115146, 0.754753930067, 0.677528192512, 0.416718161605, 0.520514413306, 0.556446335795, 0.218391713714, 0.718391345818, 0.23015728182, 0.391192302741, 1.40882787318e-278, 1.13009004117, 0.0749547931104, 0.569678149233
0.986560345328, 0.993742263794, 0.986901758052, 0.689283508935, 0.173234076429, 0.608791115146, 0.557242190293, 0.373053157424, 0.338836953217, 0.501070118856, 0.451879260497, 0.305178000405, 0.0942642482964, 0.652363141514, 0.780681032853, 8.47973577614e-17, 0.348868838327, 0.951061268483, 0.549738422675
0.95588024815, 0.998888296534, 0.998841310416, 0.130902817237, 0.0780291927696, 0.599828025897, 0.156550704872, 0.714649460896, 0.317196502601, 0.520514413306, 0.36378945573, 0.238472837288, 0.230284489062, 0.652363141514, 0.0441782518601, 3.43738153466e-90, 0.254385136488, 1.54717679895, 0.027040594996
0.000723671014977, 0.268232094386, 0.0172011891176, 0.99827430855, 0.745741912447, 0.702166827937, 0.923028478993, 0.384975886162, 0.304953260452, 0.501070118856, 0.0484664629866, 0.92426818273, 0.456289818175, 0.206592055252, 0.444707951488, 1.74768140906, 1.01871475705e-176, 2.0103866413e-57, 2.54872720472e-314
0.976985929244, 0.26018153953, 0.997894707369, 0.0207502807193, 0.339527490812, 0.481776537152, 0.0877139253039, 0.418435244631, 0.743475219381, 0.802678142061, 0.412842979557, 0.528590678989, 0.0037006313857, 0.272224168647, 0.482522053508, 3.81974777668e-169, 1.56824834438, 8.68608156517e-59, 0.253173597293
0.973721558825, 0.998982207601, 0.671178459235, 0.130902817237, 0.409719863412, 0.519381687475, 0.522536284698, 0.418435244631, 0.317196502601, 0.520514413306, 0.593304457923, 0.346094286968, 0.64609181048, 0.302427397682, 0.172015409624, 1.3384019689e-89, 1.30463256001e-18, 1.12234265763, 0.124884300624
0.990837756983, 0.994741039906, 0.987327464431, 0.999748756066, 0.461826586929, 0.608791115146, 0.557242190293, 0.373053157424, 0.338836953217, 0.501070118856, 0.451879260497, 0.305178000405, 0.0942642482964, 0.652363141514, 0.0220820975876, 0.566233070812, 0.265926467964, 0.83426082048, 0.753626758594
0.993489992657, 0.984588775326, 0.987545192877, 0.994375822284, 0.461826586929, 0.542310571246, 0.379277252104, 0.270529016349, 0.317196502601, 0.520514413306, 0.413172860957, 0.348574693813, 0.456289818175, 0.451231062714, 0.415847372476, 0.517271197321, 0.319423720385, 0.254235589337, 0.830857039011
0.0494124533685, 0.000516651744237, 0.584791644586, 0.99982883714, 0.746335654466, 0.430926375958, 0.617951516953, 0.15992043574, 0.29415882104, 0.371098914678, 0.25418035667, 0.0294431390843, 0.681087650567, 0.451231062714, 0.0418781142835, 1.57046911269, 1.23714189871e-23, 0.0, 5.96960202915e-131
0.00858802019931, 0.000811577098451, 0.986901758052, 0.00167341430651, 0.727675238492, 0.497794807619, 0.790723238912, 0.429548835032, 0.499015949138, 0.427225528862, 0.683996386316, 0.263996499532, 0.176702456693, 0.161067804418, 1.32891390314, 4.78590947389e-278, 0.593861807976, 1.95943701412e-309, 5.60349121528e-207
0.00611647175583, 0.268232094386, 0.00936833039659, 0.997557467589, 0.863526330936, 0.702166827937, 0.493221689403, 0.596768997284, 0.263607174971, 0.211003633205, 0.597060360469, 0.930862560074, 0.0130992364657, 0.297434232977, 0.599923024637, 1.69178144354, 4.13432567499e-203, 2.00105428736e-57, 1.2597439171e-221
0.986560345328, 0.991286132176, 0.986901758052, 0.999547375365, 0.597389319676, 0.608791115146, 0.557242190293, 0.772581308127, 0.405388455464, 0.501070118856, 0.204454639028, 0.329808785887, 0.681087650567, 0.652363141514, 0.0591749077369, 0.849717107107, 0.38063918472, 0.716137757945, 0.505542377743
0.00434418196515, 0.268232094386, 0.541167525806, 0.994375822284, 0.735250705956, 0.62378119156, 0.475126110178, 0.0778789021584, 0.608189236946, 0.520514413306, 0.0484664629866, 0.329808785887, 0.317444108525, 0.0266898177475, 1.09760051249, 1.3653017161, 5.92618519219e-27, 1.95288428591e-57, 1.69982133951e-236
0.4189398993, 0.991286132176, 0.0533538642714, 0.000225889651235, 0.533034583038, 0.691355390586, 0.258220566498, 0.628024318645, 0.61878752756, 0.805040608469, 0.36378945573, 0.52392364854, 0.681087650567, 0.451231062714, 1.01060863695, 0.0, 8.26591330885e-128, 0.775743928293, 3.28447564484e-38
0.986560345328, 0.962372981093, 0.987545192877, 0.998693428431, 0.592716383825, 0.608791115146, 0.621411159827, 0.429548835032, 0.431526211835, 0.520514413306, 0.514776465117, 0.418884624969, 0.309592904792, 0.73127428296, 0.180738102487, 0.927218176487, 0.454647352831, 0.0355752567128, 0.450894466183
0.994382042473, 0.991286132176, 0.998363216356, 0.471636171648, 0.556145481665, 0.608791115146, 0.823506235911, 0.628024318645, 0.338836953217, 0.218503893338, 0.575597181807, 0.999213978013, 0.415514496693, 0.652363141514, 0.178266470792, 6.42539883645e-34, 0.736927660066, 0.5819817486, 1.19027269497
0.318325580096, 0.991286132176, 0.986901758052, 0.999857835513, 0.690132014797, 0.608791115146, 0.706246093354, 0.772581308127, 0.59278984746, 0.432835197991, 0.203104422444, 0.329808785887, 0.681087650567, 0.652363141514, 0.021695596057, 0.978232635374, 0.437257716688, 0.822660339354, 4.11102143269e-50
0.993301345325, 0.0747733503781, 0.99337159861, 0.999241006861, 0.132787761102, 0.599828025897, 0.754753930067, 0.373053157424, 0.317196502601, 0.520514413306, 0.47654854617, 0.391385482727, 0.461133394244, 0.755067241859, 0.0737031428532, 0.638897495171, 0.672589538558, 3.46387802954e-113, 0.962184421633
0.990070033357, 0.174401668808, 0.997788460073, 0.0230709350982, 0.461826586929, 0.342041515871, 0.569469809335, 0.373053157424, 0.317196502601, 0.762598470932, 0.424034466368, 0.346094286968, 0.456289818175, 0.297434232977, 0.313958821254, 9.9887768876e-165, 0.973529449343, 2.29624269314e-76, 0.668776527261
0.718295062027, 0.365431924966, 0.00936833039659, 0.99827430855, 0.691376139905, 0.481776537152, 0.522536284698, 0.0597122072925, 0.133925955774, 0.913224127469, 0.146442078214, 0.0486333861068, 0.573636245652, 0.23015728182, 0.47915312719, 1.88304933537, 4.47532763802e-203, 5.82443122716e-44, 1.30284588007e-14
0.00611647175583, 0.999999394316, 0.997253110961, 0.999820700692, 0.519157251993, 0.271800834266, 0.499660585335, 0.39267468996, 0.563678002123, 0.520514413306, 0.36378945573, 0.930862560074, 0.333512425763, 0.299542753535, 1.31293259016e-06, 4.70197301653e-05, 0.000118544082965, 1.34053349804, 9.40795025039e-222
0.999243376434, 0.268232094386, 0.999589440049, 0.99827430855, 0.631051606997, 0.702166827937, 0.941286760331, 0.384975886162, 0.304953260452, 0.802678142061, 0.97734110903, 0.92426818273, 0.00891655550046, 0.0770385459176, 0.00395671879066, 0.0155497194242, 0.253552623347, 2.83223896228e-58, 2.20902344146
0.997950578341, 0.782083178131, 0.512758493838, 0.811535492032, 0.533034583038, 0.608791115146, 0.678944483954, 0.418435244631, 0.375249481583, 0.520514413306, 0.146442078214, 0.305178000405, 0.317444108525, 0.366249257714, 0.368175194677, 4.93090030098e-10, 5.66840301547e-30, 1.22311945651e-11, 1.22774310733
0.993987705228, 0.991286132176, 0.986901758052, 0.999862985487, 0.555390067797, 0.494735085386, 0.557242190293, 0.772581308127, 0.163500915483, 0.560155854293, 0.382727430902, 0.329808785887, 0.681087650567, 0.700571455501, 0.0132724601642, 0.620784845087, 0.277478216713, 0.522049846606, 0.994776021841
0.976985929244, 0.26018153953, 0.997894707369, 0.0541428346958, 0.339527490812, 0.481776537152, 0.0877139253039, 0.418435244631, 0.743475219381, 0.501070118856, 0.412842979557, 0.528590678989, 0.456289818175, 0.272224168647, 0.384863350312, 1.36623505143e-127, 1.25084710129, 6.92808634953e-59, 0.201933234256
0.988118908287, 0.991286132176, 0.99337159861, 0.999547375365, 0.461826586929, 0.608791115146, 0.621411159827, 0.131252009821, 0.338836953217, 0.501070118856, 0.514776465117, 0.329808785887, 0.62711549227, 0.652363141514, 0.0426178738648, 0.611967772767, 0.641545319953, 0.681351584671, 0.576003665594
0.95588024815, 0.998888296534, 0.997894707369, 0.130902817237, 0.0780291927696, 0.599828025897, 0.156550704872, 0.714649460896, 0.317196502601, 0.520514413306, 0.36378945573, 0.346094286968, 0.230284489062, 0.652363141514, 0.0737646668667, 5.73941460158e-90, 0.239743066345, 1.50308370889, 0.0262699633582
0.318325580096, 0.991286132176, 0.986901758052, 0.999986363357, 0.684482143621, 0.608791115146, 0.706246093354, 0.772581308127, 0.59278984746, 0.432835197991, 0.203104422444, 0.329808785887, 0.681087650567, 0.810993777351, 0.00220517946567, 1.03017035372, 0.460361073031, 0.866127187951, 4.32823519352e-50
0.999243376434, 0.268232094386, 0.999589440049, 0.99827430855, 0.631051606997, 0.702166827937, 0.941286760331, 0.384975886162, 0.304953260452, 0.802678142061, 0.97734110903, 0.92426818273, 0.00891655550046, 0.0770385459176, 0.00395671879066, 0.0155497194242, 0.253552623347, 2.83223896228e-58, 2.20902344146
0.998372748487, 0.999795565469, 0.999949769897, 0.902461177416, 0.461826586929, 0.36321293426, 0.369761784623, 0.270529016349, 0.317196502601, 0.371098914678, 0.146442078214, 0.305178000405, 0.782894636406, 0.708305171748, 8.34441417672e-05, 4.57476252854e-09, 0.0106018666834, 0.33339805308, 1.38664198913
0.00611647175583, 0.998888296534, 0.00936833039659, 0.999820700692, 0.863526330936, 0.702166827937, 0.94230580377, 0.596768997284, 0.263607174971, 0.211003633205, 0.597060360469, 0.168080900972, 0.0130992364657, 0.297434232977, 0.00879889544267, 0.315112666535, 7.26063921986e-204, 1.88899557701, 1.34404225278e-221
0.990070033357, 0.000485233613931, 0.987545192877, 0.994375822284, 0.485663748373, 0.728300274903, 0.67753126069, 0.741039011811, 0.434663871435, 0.539444947059, 0.527697421308, 0.412698411725, 0.372227591504, 0.451231062714, 0.555171289971, 0.690575766228, 0.426442225275, 0.0, 0.64291220758
0.643512487651, 0.000485233613931, 0.987545192877, 0.994375822284, 0.485663748373, 0.728300274903, 0.67753126069, 0.741039011811, 0.434663871435, 0.539444947059, 0.527697421308, 0.412698411725, 0.372227591504, 0.190910196603, 0.715892760998, 0.890496682545, 0.549896775236, 0.0, 1.42870867701e-19
0.98871452982, 0.995409038562, 0.416041949908, 0.982926887569, 0.479765576682, 0.464930840592, 0.678944483954, 0.255601419454, 0.330296373605, 0.520514413306, 0.146442078214, 0.329808785887, 0.572519768308, 0.755067241859, 0.620108700611, 0.178784561013, 8.31072723739e-39, 0.986480709285, 0.651529776629
0.98871452982, 0.995409038562, 0.541167525806, 0.982926887569, 0.479765576682, 0.464930840592, 0.678944483954, 0.418435244631, 0.375249481583, 0.520514413306, 0.146442078214, 0.329808785887, 0.572519768308, 0.366249257714, 0.567860687052, 0.163720850152, 1.99927926836e-27, 0.903363576074, 0.596634342055
0.00633670606153, 0.991286132176, 0.997894707369, 0.999547375365, 0.431143385267, 0.0576414028667, 0.557242190293, 0.772581308127, 0.536060597751, 0.501070118856, 0.204454639028, 0.329808785887, 0.681087650567, 0.451231062714, 0.023187670634, 0.332961404845, 1.08478119286, 0.871201874167, 3.45183697825e-220
0.00633670606153, 0.962372981093, 0.987327464431, 0.998693428431, 0.461826586929, 0.0530286599185, 0.621411159827, 0.429548835032, 0.536060597751, 0.447689298253, 0.514776465117, 0.418884624969, 0.309592904792, 0.349723572996, 0.223407150401, 1.14611787862, 0.547978373602, 0.0437699684733, 3.1136771369e-220
0.999562033921, 0.968287293759, 0.997618319676, 0.00167341430651, 0.659088439805, 0.608791115146, 0.754753930067, 0.677528192512, 0.416718161605, 0.520514413306, 0.556446335795, 0.218391713714, 0.718391345818, 0.23015728182, 0.02951700917, 1.06301644895e-279, 0.0852697710934, 0.00565563611573, 1.34087183127
0.222441414079, 0.991286132176, 0.971427759503, 0.999944606172, 0.0557585886229, 0.475293986519, 0.954282458955, 0.540351697072, 0.480860824346, 0.563918375581, 0.0793390087665, 0.346094286968, 0.210798886223, 0.406285308168, 0.0116816117719, 1.34617315932, 0.116781476584, 1.03724320589, 1.40935560667e-65
0.98871452982, 0.993742263794, 0.541167525806, 0.997382687499, 0.173234076429, 0.464930840592, 0.754753930067, 0.0778789021584, 0.375249481583, 0.520514413306, 0.575597181807, 0.329808785887, 0.317444108525, 0.23015728182, 0.312601661679, 0.825134585584, 2.98497440699e-27, 0.981401193214, 0.729409188862
0.993301345325, 0.999235155185, 0.996333908488, 0.994375822284, 0.409719863412, 0.519381687475, 0.693750331739, 0.819671202427, 0.434663871435, 0.520514413306, 0.593304457923, 0.35701941292, 0.962894491747, 0.250843171534, 0.0340520376158, 0.0423572191016, 0.103672026992, 1.00714135919, 1.04834366068
0.993301345325, 0.0433002454063, 0.99337159861, 0.285527726424, 0.545307761446, 0.519381687475, 0.678944483954, 0.373053157424, 0.224911628497, 0.371098914678, 0.146442078214, 0.251966943677, 0.0661160688722, 0.366249257714, 0.737757342134, 4.254633306e-55, 0.771545864568, 7.47353287221e-137, 1.10374807948
0.973721558825, 0.999235155185, 0.671178459235, 0.0218405060502, 0.409719863412, 0.519381687475, 0.522536284698, 0.819236487372, 0.317196502601, 0.520514413306, 0.593304457923, 0.35701941292, 0.193034372542, 0.652363141514, 0.148191239626, 1.96431934851e-167, 1.12394067919e-18, 1.27505195923, 0.141182876982
0.999043902257, 0.999101911491, 0.15300635735, 0.000225889651235, 0.863526330936, 0.0368666186499, 0.534995356882, 0.350374912824, 0.61878752756, 0.211501416341, 0.46980196411, 0.681105417593, 0.994126457965, 0.23015728182, 0.0349420990057, 0.0, 1.62336605944e-83, 0.257294489244, 1.7996499899
0.986560345328, 0.97736727716, 0.998469165741, 0.99827430855, 0.684482143621, 0.498703877326, 0.520597251741, 0.418435244631, 0.61878752756, 0.371098914678, 0.47654854617, 0.320003047361, 0.64609181048, 0.302427397682, 0.0576718973565, 0.226647853941, 1.03073054716, 0.169681938934, 0.460126862989
0.631873248056, 0.268232094386, 0.987545192877, 0.130902817237, 0.555390067797, 0.519381687475, 0.522536284698, 0.423367618451, 0.292305960814, 0.520514413306, 0.593304457923, 0.346094286968, 0.478256112392, 0.652363141514, 0.999706884197, 7.77842906663e-89, 0.481135736355, 1.23681939743e-57, 2.01478683692e-20
0.998817489534, 0.991286132176, 0.999949769897, 0.689781647025, 0.318793431271, 0.680120162407, 0.569469809335, 0.429548835032, 0.375249481583, 0.549696921948, 0.341166537927, 0.0486333861068, 0.681087650567, 0.410235575936, 0.00148385918075, 1.73251123307e-19, 0.188529438429, 0.144719817059, 1.34202747686
0.990837756983, 0.994741039906, 0.602853509423, 0.999748756066, 0.461826586929, 0.529617971031, 0.557242190293, 0.373053157424, 0.338836953217, 0.501070118856, 0.451879260497, 0.0980695692532, 0.0942642482964, 0.652363141514, 0.0265279173445, 0.680233571137, 1.12276090687e-22, 0.907285925599, 0.819593746274
0.0454645534082, 0.999999394316, 0.997253110961, 0.999820700692, 0.519157251993, 0.271800834266, 0.499660585335, 0.39267468996, 0.563678002123, 0.520514413306, 0.36378945573, 0.603833224894, 0.333512425763, 0.299542753535, 1.14167168782e-06, 4.08864058223e-05, 0.000103081014436, 1.16567229175, 1.07149289477e-134
0.997668539275, 0.00339804485492, 0.99121694585, 0.99827430855, 0.339527490812, 0.62378119156, 0.520597251741, 0.418435244631, 0.317196502601, 0.27940341722, 0.99826160219, 0.238472837288, 0.698667245733, 0.652363141514, 0.0951809802353, 0.374056791872, 0.293492493077, 1.01081451553e-247, 1.42958017713
0.993987705228, 0.597844598072, 0.986901758052, 0.999547375365, 0.555390067797, 0.608791115146, 0.557242190293, 0.772581308127, 0.163500915483, 0.560155854293, 0.204454639028, 0.329808785887, 0.611222273096, 0.461416656453, 0.0554671111637, 0.796475314286, 0.356788996884, 6.26195544736e-23, 1.01465196605
0.643512487651, 0.000659333963498, 0.000628715326346, 0.997187008358, 0.519157251993, 0.164918974503, 0.355380408336, 0.270529016349, 0.503692440256, 0.520514413306, 0.527697421308, 0.92426818273, 0.411832468263, 0.576175104958, 0.519447047437, 1.27958348837, 1.51925186096e-320, 1.7654546536e-318, 1.55600591647e-19
0.842750178396, 0.0714768319967, 0.99337159861, 0.285527726424, 0.479765576682, 0.608791115146, 0.678944483954, 0.303219781503, 0.224911628497, 0.371098914678, 0.146442078214, 0.391385482727, 0.681087650567, 0.366249257714, 0.941808489717, 5.43139259941e-55, 0.984942343447, 5.58558643584e-115, 7.95105115784e-08
0.984984451039, 0.998888296534, 0.245955400173, 0.130902817237, 0.409719863412, 0.519381687475, 0.522536284698, 0.258806065961, 0.292305960814, 0.0475543985222, 0.593304457923, 0.346094286968, 0.478256112392, 0.524498033214, 0.208817427822, 1.62474778944e-89, 3.99505581941e-62, 1.25130327017, 0.45731420148
0.453463298131, 0.000139087725369, 0.999589440049, 0.999944606172, 0.684482143621, 0.475293986519, 0.309012070197, 0.316985259844, 0.85889357042, 0.520514413306, 0.859794994008, 0.00413486309472, 0.372227591504, 0.406285308168, 0.00089561794597, 0.103209802158, 1.6310206689, 0.0, 1.15787433396e-34
0.986560345328, 0.991286132176, 0.987545192877, 0.999547375365, 0.597389319676, 0.608791115146, 0.557242190293, 0.772581308127, 0.431526211835, 0.501070118856, 0.204454639028, 0.329808785887, 0.681087650567, 0.451231062714, 0.0572578302692, 0.822188994562, 0.39665887273, 0.702097271104, 0.495630791566
0.086637369101, 0.461913614639, 0.997190546151, 0.999547375365, 0.597389319676, 0.685830195281, 0.289828384376, 0.194271117219, 0.608189236946, 0.501070118856, 0.47654854617, 0.391385482727, 0.372227591504, 0.767277156736, 0.0337651427808, 0.484847725869, 1.19869189468, 5.80703559892e-34, 1.19785363614e-106
0.986560345328, 0.994741039906, 0.986901758052, 0.899827888933, 0.461826586929, 0.608791115146, 0.557242190293, 0.373053157424, 0.338836953217, 0.501070118856, 0.451879260497, 0.305178000405, 0.0942642482964, 0.652363141514, 0.647763189503, 2.65143559342e-05, 0.289470836503, 0.945602531588, 0.508147754522
0.902379701521, 0.500746962666, 0.3462756017, 0.99665630182, 0.608149375111, 0.897584254886, 0.379277252104, 0.828627709025, 0.317196502601, 0.520514413306, 0.413172860957, 0.348574693813, 0.456289818175, 0.451231062714, 0.588363517838, 1.22718091429, 1.87131364207e-46, 1.95789634822e-30, 7.39416404326e-05
0.98871452982, 0.000659333963498, 0.000628715326346, 0.997187008358, 0.519157251993, 0.164918974503, 0.355380408336, 0.270529016349, 0.503692440256, 0.520514413306, 0.181331481455, 0.346094286968, 0.411832468263, 0.576175104958, 0.436348114078, 1.07488115432, 1.27617156321e-320, 1.48302696781e-318, 0.641162256728
0.986560345328, 0.97736727716, 0.999485348175, 0.99827430855, 0.684482143621, 0.498703877326, 0.520597251741, 0.418435244631, 0.61878752756, 0.371098914678, 0.47654854617, 0.320003047361, 0.64609181048, 0.302427397682, 0.0205210895214, 0.0806469201423, 1.05364876379, 0.169681938934, 0.460126862989
0.986560345328, 0.97736727716, 0.689667531781, 0.99827430855, 0.690132014797, 0.477167417516, 0.565381377507, 0.418435244631, 0.61878752756, 0.371098914678, 0.328290658925, 0.320003047361, 0.64609181048, 0.244307804939, 0.274452720462, 1.07858632978, 1.27813357662e-16, 0.178676624575, 0.484517770554
0.571863335913, 0.310966697295, 0.00746551982836, 0.059028498509, 0.461826586929, 0.680120162407, 0.520597251741, 0.732460161792, 0.593835202239, 0.560155854293, 0.593304457923, 0.128600731162, 0.818870734938, 0.584146587012, 1.35618856042, 2.72027986825e-123, 4.30968255811e-213, 3.97949594935e-51, 1.14199785794e-24
0.102772986529, 0.993742263794, 0.541167525806, 0.982926887569, 0.533034583038, 0.464930840592, 0.678944483954, 0.0396014019126, 0.375249481583, 0.520514413306, 0.684533104506, 0.329808785887, 0.317444108525, 0.273799074909, 0.905688860287, 0.261120647301, 3.18867814455e-27, 1.04837499729, 3.4133138848e-99
