0.999790392144, 0.999915520172, 0.994382810624, 0.999992214793, 0.884045822315, 0.368560248145, 0.840126798084, 0.426471945441, 0.796384247547, 0.729009208356, 0.21543949814, 0.609356248134, 0.0735604957336, 0.00340320226693, 0.597212610537, 0.499049643023, 0.392603819886, 8.71103509392e-14, 3.39553169075e-13, 2.2913443952e-13, 2.27380125524e-12, 1.89062997119e-07, 2.14267511065e-05, 0.161473154852, 490.425321139
0.000118782754795, 0.00013122625708, 0.00128799660897, 2.5973581909e-05, 0.215509310913, 0.881882237223, 0.199355078857, 0.217157314614, 0.59554272405, 0.778799407786, 0.145872742941, 0.532334697692, 0.182866637348, 0.803847073952, 0.946924340682, 0.550102062129, 0.507865170281, 167.11538295, 54.1119735604, 935.854648206, 335.243835993, 0.0411863501068, 2.04238105678, 0.208086113257, 0.188354394763
0.0187366996294, 3.62329048605e-05, 0.137622642279, 0.992100992861, 0.775247011055, 0.248599876495, 0.425060819298, 0.378569369671, 0.320558841584, 0.740276668295, 0.651049451342, 0.821086809085, 0.427652756836, 0.775468367374, 0.63900848235, 0.960330973544, 0.866022816065, 4.2581196613, 3.35749053453, 2.23214495297, 15.9141497256, 1366.83226487, 300.191510216, 0.0796525287815, 41.2016807129
0.000153611113354, 0.00013122625708, 0.0214507187989, 0.000205375028512, 0.12500642501, 0.0128547242769, 0.000410992453563, 0.132123287419, 0.133919438032, 0.522355667107, 0.984789996474, 0.0586749875955, 0.192201534754, 0.846509143255, 0.790059263879, 0.654235952357, 0.684040693874, 1161.57849013, 0.749898260639, 23.4579644717, 231.111675656, 0.382148056364, 39.9291693346, 0.244315688117, 0.285991589571
0.999790392144, 0.999915520172, 0.0214507187989, 0.901785668568, 0.884045822315, 0.368560248145, 0.840126798084, 0.426471945441, 0.796384247547, 0.729009208356, 0.21543949814, 0.609356248134, 0.0735604957336, 0.00340320226693, 0.597212610537, 0.499049643023, 0.392603819886, 1.23985374597e-07, 4.83290750289e-07, 3.26130236081e-07, 3.23633296561e-06, 2.11610768181e-05, 7.21859665892e-07, 0.161473154852, 490.425321139
0.91427474067, 7.88072385127e-08, 0.0214507187989, 0.000205375028512, 0.497886683543, 0.13928980921, 0.017830095521, 0.301298606472, 0.376702837083, 0.534853263735, 0.790892084986, 0.532334697692, 0.0775941854806, 0.0799344735938, 0.196159229685, 0.0878290356679, 0.573522156784, 72.3351428154, 2.02645267996, 16.0904251508, 73.6402968956, 0.0337088963245, 3.52211193282, 1.29422443483e-05, 771.718327714
0.999790392144, 0.999915520172, 0.994382810624, 2.5973581909e-05, 0.884045822315, 0.368560248145, 0.840126798084, 0.406650548945, 0.796384247547, 0.729009208356, 0.21543949814, 0.575685091979, 0.496532494431, 0.00340320226693, 0.597212610537, 0.250913094242, 0.392603819886, 7.98016207004e-09, 3.11063988539e-08, 2.09909608156e-08, 2.08302484564e-07, 8.6415221433e-12, 2.40042594001e-05, 0.180897396714, 549.420514873
0.999790392144, 0.999915520172, 0.994382810624, 0.999992214793, 0.978907900226, 0.368560248145, 0.840126798084, 0.426471945441, 0.796384247547, 0.729009208356, 0.21543949814, 0.609356248134, 0.0735604957336, 0.00340320226693, 0.63900848235, 0.499049643023, 0.392603819886, 2.16650605109e-14, 8.44496649982e-14, 5.6987619081e-14, 3.14260935028e-12, 2.57121719784e-07, 2.91399331326e-05, 0.219600111641, 666.968174198
0.0111003924045, 0.975970744913, 0.347504507651, 0.0246948382391, 0.719330690842, 0.0588119764677, 0.305158808134, 0.572689214105, 0.411070248613, 0.754943492713, 0.145872742941, 0.367718853934, 0.0373507057858, 0.5267709601, 0.640768759378, 0.885470533299, 0.641382255957, 17.3304803143, 9.00795412101, 1.80952455957, 41.5713036359, 1.78396851623, 27.9421860439, 1425.27645473, 24.8720038531
0.0610231200263, 0.182321115627, 0.944091448758, 0.313935884114, 0.710829591571, 0.362528059294, 0.264762858432, 0.509671197568, 0.144697966093, 0.261872950011, 0.994866591553, 0.0719574774144, 0.647020276793, 0.715570933043, 0.0960855312168, 0.245569131624, 0.048600488425, 31.5020498458, 13.9128848111, 22.0470744092, 83.743639072, 50.0835100661, 1201.61105951, 355.225165234, 120.905813624
0.0440528620591, 0.00013122625708, 0.251536669642, 0.34944293658, 0.0831981833861, 0.00799103056978, 0.979858665024, 0.217157314614, 0.133919438032, 0.23768088093, 0.929337585662, 0.541980820911, 0.187286688805, 0.37944462645, 0.790059263879, 0.944031315063, 0.0383197531206, 31.7590637079, 1003.49363816, 12.6031032538, 131.972157974, 619.371834548, 495.073096039, 0.265123412592, 89.1446810263
0.000153611113354, 0.00013122625708, 0.551595750703, 0.369091995559, 0.215509310913, 0.777556113844, 0.227724377976, 0.301298606472, 0.59554272405, 0.778799407786, 0.145872742941, 0.609356248134, 0.820472096685, 0.00351496000673, 0.590182703975, 0.942724042964, 0.507865170281, 109.986402574, 41.1117158649, 322.256419792, 120.75488639, 238.110738598, 511.492623549, 0.138358895544, 0.16196045687
0.91427474067, 2.1730164269e-05, 0.777744756393, 0.72850288251, 0.451458683884, 0.0442201205579, 0.941916809055, 0.538350182911, 0.656075151875, 0.636454879166, 0.981415437917, 0.0442699080847, 0.700583451155, 0.279578038134, 0.62712506938, 0.445114202222, 0.768885277594, 1.7986996235, 19.6598820043, 1.37350434696, 16.9805872112, 57.3923469535, 173.168953687, 0.0062903571285, 1360.27783852
0.0440528620591, 0.0170025573157, 0.0214507187989, 0.0476831968615, 0.870348664264, 0.152770316717, 0.709173266212, 0.3370978388, 0.641687962878, 0.120943036059, 0.985340281493, 0.367718853934, 0.637005654195, 0.0871082233237, 0.590182703975, 0.854476746564, 0.176768780822, 103.789185645, 211.165537877, 57.5730555634, 1172.9426724, 89.87616371, 40.4847591756, 32.1032807174, 83.3210804169
0.91427474067, 2.1730164269e-05, 0.777744756393, 0.72850288251, 0.193103710824, 0.0442201205579, 0.941916809055, 0.538350182911, 0.656075151875, 0.636454879166, 0.981415437917, 0.0442699080847, 0.700583451155, 0.30033252672, 0.62712506938, 0.603754554699, 0.768885277594, 1.8264531809, 19.9632298544, 1.39469723055, 6.28945279364, 46.3437003515, 139.83205995, 0.00507939544802, 1098.40966417
0.0111003924045, 0.975970744913, 0.0502531722739, 0.0855331282283, 0.989891559375, 0.782917198478, 0.276214945483, 0.572689214105, 0.641687962878, 0.283889816698, 0.145872742941, 0.575685091979, 0.0373507057858, 0.0871082233237, 0.402371059433, 0.854476746564, 0.696558190358, 0.200815434552, 0.0930422850333, 0.623699869892, 41.6763035331, 5.63407249634, 3.32707279387, 1117.28395818, 19.4973338827
0.134545116089, 0.20010736422, 0.159812416343, 0.000205375028512, 0.0548542840342, 0.0128547242769, 0.202063897624, 0.0501836839234, 0.133919438032, 0.522355667107, 0.576225087262, 0.913253512584, 0.416788877463, 0.846509143255, 0.597212610537, 0.654235952357, 0.700154176767, 920.798977142, 302.489567281, 19.5731252933, 83.7363700135, 0.313898152422, 249.523194991, 326.570310078, 226.616270693
0.0142726921368, 0.316609797651, 0.0580628799752, 0.725160342856, 0.657277623538, 0.562070536266, 0.941916809055, 0.707823471706, 0.713683479705, 0.0370070471128, 0.682066469162, 0.935150819887, 0.264781263525, 0.0197832561714, 0.590182703975, 0.0255939454007, 0.141617560483, 11.7958221383, 128.928959762, 157.53969559, 341.457278371, 863.272587814, 86.9297067796, 518.112306313, 24.3517969279
0.0142726921368, 0.316609797651, 0.107251413503, 0.00659192423031, 0.657277623538, 0.152770316717, 0.934734665195, 0.707823471706, 0.713683479705, 0.0370070471128, 0.0104282050655, 0.935150819887, 0.264781263525, 0.0197832561714, 0.590182703975, 0.0255939454007, 0.141617560483, 47.2621809348, 459.394808416, 113.000790286, 796.141040407, 9.60214603832, 157.725915336, 510.632376415, 24.0002327367
0.0142726921368, 0.316609797651, 0.0502531722739, 0.00659192423031, 0.5821332814, 0.152770316717, 0.899778881653, 0.580964175023, 0.713683479705, 0.0370070471128, 0.0104282050655, 0.935150819887, 0.264781263525, 0.0197832561714, 0.590182703975, 0.0899074708767, 0.141617560483, 83.716517504, 527.379685361, 130.658162995, 713.640092829, 9.3280228202, 71.2610140311, 490.559433204, 23.0567843167
0.0022858262522, 0.182321115627, 0.429176499648, 0.484706282548, 0.164427880035, 0.990329599934, 0.981074179338, 0.766277121779, 0.132681945099, 0.417635693419, 0.164400371579, 0.505121164206, 0.0373507057858, 0.165451916839, 0.0114905296384, 0.854476746564, 0.048600488425, 0.329371229872, 11.0760037938, 729.419405491, 192.722850528, 719.122483881, 832.853477087, 392.902734749, 4.99397314883
0.00448346289513, 0.00013122625708, 0.251536669642, 0.34944293658, 0.0831981833861, 0.00872174745757, 0.979858665024, 0.217157314614, 0.133919438032, 0.418023306512, 0.929337585662, 0.541980820911, 0.187286688805, 0.168222838711, 0.790059263879, 0.944031315063, 0.0383197531206, 30.8034151781, 973.297936265, 13.3417792627, 128.002968316, 600.743630555, 480.183296229, 0.25714957081, 8.7858912873
0.0440528620591, 0.00013122625708, 0.0214507187989, 0.296703224075, 0.38816947798, 0.152770316717, 0.4312502757, 0.217157314614, 0.133919438032, 0.890320007199, 0.973908342947, 0.532334697692, 0.5463534669, 0.129370540573, 0.790059263879, 0.488615926808, 0.640138716106, 612.87990233, 492.988714835, 192.457595188, 565.63237749, 496.854891653, 37.2693082551, 0.228040724205, 76.6760559604
0.000153611113354, 0.00013122625708, 0.00128799660897, 2.5973581909e-05, 0.215509310913, 0.263600620038, 0.0610514435497, 0.935994887507, 0.59554272405, 0.778799407786, 0.145872742941, 0.532334697692, 0.182866637348, 0.272833025425, 0.0907508021914, 0.955621807312, 0.861423464783, 1069.23950408, 102.854910803, 472.06792261, 413.098482114, 0.0507511753722, 2.5166891196, 0.256410553474, 0.300149623366
0.0111003924045, 0.0898723870591, 0.00219666367586, 0.0693753130156, 0.0740319131511, 0.350643150774, 0.0145089667955, 0.809215741145, 0.418415785429, 0.589481701678, 0.485377751826, 0.0984210967176, 0.0175673375278, 0.143554494493, 0.69683282496, 0.368766099941, 0.408864786221, 507.648515362, 11.5716339257, 311.874286537, 69.6116663827, 65.6403998694, 2.08253096676, 85.7735911193, 10.630486862
0.0440528620591, 0.00013122625708, 0.0214507187989, 0.263914293551, 0.0155140424039, 0.152770316717, 0.4312502757, 0.217157314614, 0.0622598657367, 0.234153984002, 0.973908342947, 0.626859135107, 0.5463534669, 0.467673074643, 0.790059263879, 0.488615926808, 0.640138716106, 852.07817419, 685.395168672, 267.571045637, 27.4402046372, 495.559222532, 41.4715554826, 0.253753127948, 85.3215543251
0.0610231200263, 0.182321115627, 0.00261572466343, 0.841625388701, 0.710829591571, 0.00134587862555, 0.264762858432, 0.0189235745313, 0.725241401618, 0.553553026414, 0.994866591553, 0.805896921945, 0.900163981712, 0.785391827912, 0.0393476452144, 0.245569131624, 0.048600488425, 105.943616858, 46.790013508, 0.244847195858, 237.192335098, 1039.05317908, 4.40485909497, 315.707018504, 107.455264083
0.144661426116, 0.0047285126331, 0.00137875390795, 0.0408865538925, 0.195633321109, 0.937274744435, 0.672926060609, 0.217157314614, 0.026424651704, 0.70283151059, 0.975750829879, 0.532334697692, 0.00582214417024, 0.851700650143, 0.119656985254, 0.203241727987, 0.567344324872, 42.2567396494, 74.8815804884, 869.833344025, 277.389684847, 58.976995686, 1.99016083736, 6.82549729945, 212.487222269
0.000153611113354, 0.00013122625708, 0.0791323084116, 2.5973581909e-05, 0.215509310913, 0.792282337872, 0.132719373371, 0.217157314614, 0.185567923105, 0.778799407786, 0.0104282050655, 0.532334697692, 0.182866637348, 0.244178260185, 0.772673978482, 0.770778227518, 0.507865170281, 268.085548996, 56.7131734372, 809.805158188, 300.991438195, 0.0369782749799, 113.243543459, 0.188277878829, 0.220394728895
0.000153611113354, 0.48202609508, 0.0791323084116, 2.5973581909e-05, 0.215509310913, 0.792282337872, 0.132719373371, 0.217157314614, 0.185567923105, 0.778799407786, 0.0104282050655, 0.532334697692, 0.182866637348, 0.244178260185, 0.772673978482, 0.950648854795, 0.507865170281, 213.330433399, 45.1297950005, 644.406556086, 239.51546139, 0.0294256496009, 90.1141232576, 686.913212762, 0.241309192615
0.0111003924045, 0.665439152356, 0.0502531722739, 0.16909836074, 0.989891559375, 0.782917198478, 0.170130251227, 0.572689214105, 0.641687962878, 0.994023044676, 0.379526804406, 0.367718853934, 0.022186382576, 0.0871082233237, 0.402371059433, 0.854476746564, 0.901920477723, 2.31357456977, 0.633431188466, 6.75973343055, 451.692738533, 122.897302283, 37.0329827814, 809.814113649, 16.3245599182
0.0440528620591, 3.62329048605e-05, 0.170664008236, 0.992100992861, 0.775247011055, 0.624991958319, 0.425060819298, 0.378569369671, 0.320558841584, 0.740276668295, 0.781778371181, 0.821086809085, 0.427652756836, 0.775468367374, 0.63900848235, 0.960330973544, 0.866022816065, 2.27693449628, 1.79534316249, 4.33944136975, 14.1637641791, 1216.49539597, 334.185385467, 0.0718063780308, 87.4435862265
0.285301732946, 0.00013122625708, 0.00018767463107, 0.597725389538, 0.0748822060515, 0.361761322239, 0.566598801004, 0.572689214105, 0.972035207706, 0.589481701678, 0.0329220293754, 0.128237295183, 0.700583451155, 0.726127527465, 0.693460248508, 0.869544633825, 0.768885277594, 281.169327977, 347.139531288, 285.236226671, 62.632620853, 729.094079994, 0.266368592268, 0.186250822336, 434.41103944
0.0610231200263, 0.182321115627, 0.944091448758, 0.0976971569955, 0.215509310913, 0.362528059294, 0.264762858432, 0.509671197568, 0.144697966093, 0.261872950011, 0.994866591553, 0.609356248134, 0.855364018353, 0.715570933043, 0.0960855312168, 0.245569131624, 0.048600488425, 69.1970547769, 30.5608891197, 48.4283601553, 31.6230346159, 14.7290352013, 1094.36416209, 323.520399742, 110.114656795
0.0440528620591, 0.04462360868, 0.707107351676, 0.313935884114, 0.710829591571, 0.00134587862555, 0.264762858432, 0.509671197568, 0.133919438032, 0.418023306512, 0.994866591553, 0.379050900189, 0.264464171129, 0.785391827912, 0.0960855312168, 0.132890839129, 0.048600488425, 150.657346104, 66.5378384121, 0.348185476606, 337.299865549, 201.72470887, 859.932946972, 67.3819935988, 66.6811301414
0.0440528620591, 0.00013122625708, 0.251536669642, 0.34944293658, 0.0831981833861, 0.00799103056978, 0.666521240956, 0.217157314614, 0.133919438032, 0.23768088093, 0.929337585662, 0.541980820911, 0.187286688805, 0.37944462645, 0.997464659993, 0.944031315063, 0.0367381432304, 499.023989855, 863.879108428, 12.5234824485, 131.138416531, 615.45891856, 491.945444239, 0.263448480698, 88.5815045494
0.607959179673, 0.00013122625708, 0.00261572466343, 0.725160342856, 0.451458683884, 0.228161302893, 0.523013549033, 0.301298606472, 0.794917903568, 0.412302719124, 0.927946994383, 0.0442699080847, 0.864517419105, 0.390868134675, 0.653277755858, 0.882969900257, 0.768885277594, 117.295929991, 126.09837085, 64.5080557907, 157.798437999, 525.98911897, 2.379503651, 0.119375806328, 818.428342731
0.998102368864, 0.0047285126331, 0.00137875390795, 0.382572042816, 0.357339130386, 0.0588119764677, 0.276214945483, 0.976472439112, 0.026424651704, 0.70283151059, 0.798838698147, 0.575685091979, 0.496532494431, 0.851700650143, 0.119656985254, 0.243127863797, 0.567344324872, 1.87437824995, 0.868441391379, 0.191385732565, 1.30447225619, 1.67998430811, 0.00643489002675, 0.0220692336395, 996.813369062
0.183205962981, 0.089627804336, 0.00261572466343, 0.241536653349, 0.0941062303884, 0.404289027875, 0.99923085657, 0.86793637543, 0.82914727319, 0.347517861231, 0.00509495052237, 0.367718853934, 0.519497598437, 0.244178260185, 0.30589168212, 0.133110954057, 0.69566004419, 0.947685290975, 784.398432591, 578.013294378, 145.090201166, 392.783953792, 4.35747525342, 150.303678008, 317.050381349
0.409261970879, 3.38988646014e-05, 0.00018767463107, 0.366356349546, 0.451458683884, 0.0912988564482, 0.750450538668, 0.538350182911, 0.972035207706, 0.519516303538, 0.0681264757539, 0.028985298646, 0.700583451155, 0.263369064701, 0.590182703975, 0.869544633825, 0.768885277594, 226.922888714, 548.938799333, 85.7745327835, 514.963009381, 513.006669873, 0.277885485098, 0.0501932654706, 706.037927304
0.230629339074, 0.00013122625708, 0.00018767463107, 0.00107306927093, 0.451458683884, 0.560855724936, 0.934734665195, 0.660125725415, 0.897380967297, 0.119770749448, 0.0681264757539, 0.679891368035, 0.264464171129, 0.263369064701, 0.590182703975, 0.880964924205, 0.768885277594, 50.7494784825, 493.291813529, 601.077870782, 668.623348535, 1.73070384343, 0.302691892613, 0.211648878847, 389.146401598
0.337332191612, 1.78691257791e-05, 0.00018767463107, 0.484086423202, 0.451458683884, 0.0912988564482, 0.566598801004, 0.538350182911, 0.972035207706, 0.418023306512, 0.0681264757539, 0.028985298646, 0.700583451155, 0.263369064701, 0.590182703975, 0.869544633825, 0.768885277594, 345.724975152, 426.841742277, 79.3192766924, 476.207705271, 695.614191131, 0.297536981266, 0.0283294859315, 591.19710165
0.24241910477, 0.13567047486, 0.00261572466343, 0.241536653349, 0.0941062303884, 0.404289027875, 0.99923085657, 0.86793637543, 0.59554272405, 0.483085109808, 0.00137839792873, 0.367718853934, 0.519497598437, 0.244178260185, 0.625143062377, 0.133110954057, 0.69566004419, 0.748499769499, 619.532719967, 456.525833765, 114.594985449, 310.228196719, 3.4416163824, 181.260109416, 343.089748391
0.0610231200263, 0.181019362061, 0.00261572466343, 0.313935884114, 0.852486758282, 0.152770316717, 0.264762858432, 0.509671197568, 0.133919438032, 0.418023306512, 0.994866591553, 0.0719574774144, 0.647020276793, 0.785391827912, 0.743859355302, 0.245569131624, 0.0332260178158, 211.378444689, 93.3553202701, 56.5410379932, 1008.22821453, 556.715033914, 4.83206854991, 343.714433623, 117.806223415
0.0022858262522, 0.595106735121, 0.429176499648, 0.484706282548, 0.164427880035, 0.990329599934, 0.981074179338, 0.766277121779, 0.376702837083, 0.417635693419, 0.387810955301, 0.505121164206, 0.0373507057858, 0.165451916839, 0.0114905296384, 0.854476746564, 0.641382255957, 0.167989817325, 5.64911469268, 372.027127959, 98.2947917678, 366.775369993, 424.781798728, 921.628248009, 4.11346738647
0.134545116089, 0.371355720323, 0.673563416082, 0.296703224075, 0.247238810038, 0.00405639424368, 0.202063897624, 0.0501836839234, 0.0362324657826, 0.418023306512, 0.989923520775, 0.913253512584, 0.790590538373, 0.0197832561714, 0.590182703975, 0.374164400096, 0.859153624797, 313.902268123, 103.119316605, 2.1053002473, 135.185521281, 179.577125202, 709.81002735, 537.559824994, 209.388977773
0.00448346289513, 0.0170025573157, 0.0169633279571, 0.0476831968615, 0.425850237138, 0.152770316717, 0.709173266212, 0.3370978388, 0.740706787214, 0.120943036059, 0.985340281493, 0.367718853934, 0.637005654195, 0.0871082233237, 0.590182703975, 0.854476746564, 0.176768780822, 403.801954964, 821.560131591, 223.993590906, 745.00161134, 90.1497152278, 32.1084249795, 32.1941424775, 8.4905339996
0.0440528620591, 6.32342640139e-07, 0.632549336998, 0.000205375028512, 0.711341275176, 0.264714627047, 0.899778881653, 0.311014959638, 0.938956239606, 0.152693033689, 0.0104282050655, 0.390303447507, 0.264464171129, 0.0458226278232, 0.962680775197, 0.518656448721, 0.195485052227, 39.2692707948, 247.380281617, 110.600835652, 561.908120209, 0.201649014458, 959.93312921, 0.00113780992117, 79.3935718558
0.00448346289513, 0.00013122625708, 0.251536669642, 0.34944293658, 0.705655997415, 0.00872174745757, 0.19745085547, 0.217157314614, 0.133919438032, 0.418023306512, 0.929337585662, 0.541980820911, 0.187286688805, 0.168222838711, 0.790059263879, 0.944031315063, 0.0383197531206, 417.195863436, 133.710650368, 6.00237378461, 879.120885382, 600.743630555, 480.183296229, 0.25714957081, 8.7858912873
0.230629339074, 0.00013122625708, 0.00018767463107, 0.00107306927093, 0.657277623538, 0.560855724936, 0.934734665195, 0.660125725415, 0.215719619045, 0.119770749448, 0.0681264757539, 0.679891368035, 0.264464171129, 0.263369064701, 0.590182703975, 0.880964924205, 0.768885277594, 35.4062092492, 344.153155717, 419.351873247, 910.3477918, 1.78725318254, 0.312582103781, 0.218564333658, 401.861443464
0.0173023312154, 3.62329048605e-05, 0.502894063339, 0.0288607348054, 0.38816947798, 0.612242267229, 0.981074179338, 0.308279224333, 0.133919438032, 0.534491094709, 0.972208203991, 0.633515653464, 0.0260926704344, 0.209124662263, 0.467643285455, 0.854476746564, 0.507865170281, 11.2922320382, 379.732027429, 544.610265448, 463.83531554, 36.7450782594, 818.218570445, 0.0655604632034, 31.3148569988
0.0440528620591, 4.01710778252e-05, 0.632549336998, 0.000205375028512, 0.928987618146, 0.264714627047, 0.899778881653, 0.311014959638, 0.941451895844, 0.418023306512, 0.0104282050655, 0.390303447507, 0.264464171129, 0.0458226278232, 0.962680775197, 0.869544633825, 0.768885277594, 10.6250340674, 66.9333518697, 29.9251201486, 661.402012778, 0.214704189511, 1022.08118917, 0.0769617878947, 84.5336763854
0.0440528620591, 0.00013122625708, 0.0214507187989, 0.263914293551, 0.38816947798, 0.152770316717, 0.4312502757, 0.217157314614, 0.0622598657367, 0.418023306512, 0.973908342947, 0.532334697692, 0.5463534669, 0.129370540573, 0.790059263879, 0.488615926808, 0.640138716106, 655.930239804, 527.617571914, 205.976335793, 605.363921377, 465.197161204, 38.9306645988, 0.238206110189, 80.0940494231
0.292204535272, 0.0935368486946, 0.0529419033698, 0.241536653349, 0.171322740376, 0.404289027875, 0.399181259086, 0.595152615799, 0.376702837083, 0.483085109808, 0.175274775366, 0.367718853934, 0.496532494431, 0.146698015584, 0.30589168212, 0.344937689932, 0.69566004419, 429.035083786, 310.869989229, 390.418784342, 181.515229634, 272.209997521, 61.2622746985, 109.148548426, 368.44991413
0.183205962981, 0.13567047486, 0.00261572466343, 0.241536653349, 0.664447924288, 0.404289027875, 0.999639390005, 0.86793637543, 0.82914727319, 0.483085109808, 0.00509495052237, 0.367718853934, 0.519497598437, 0.0537147639351, 0.490827270441, 0.133110954057, 0.69566004419, 0.19773312157, 349.077405109, 257.230582886, 745.03587548, 343.712289744, 3.81308294903, 200.824192983, 281.053369978
0.0610231200263, 0.181019362061, 0.251536669642, 0.313935884114, 0.852486758282, 0.304347445372, 0.264762858432, 0.509671197568, 0.133919438032, 0.418023306512, 0.973908342947, 0.591634573696, 0.647020276793, 0.785391827912, 0.743859355302, 0.344937689932, 0.0332260178158, 174.194583352, 76.9330626027, 98.6711828413, 908.969432785, 501.907148906, 442.172161727, 335.741396598, 115.073509019
0.0440528620591, 3.62329048605e-05, 0.137622642279, 0.992100992861, 0.775247011055, 0.624991958319, 0.425060819298, 0.378569369671, 0.320558841584, 0.740276668295, 0.651049451342, 0.821086809085, 0.427652756836, 0.775468367374, 0.63900848235, 0.960330973544, 0.866022816065, 2.5533056119, 2.01325939748, 4.8661566769, 15.8829420096, 1364.15190092, 299.602833374, 0.0794963298302, 96.8081716809
0.409261970879, 3.38988646014e-05, 0.384810092752, 0.289716175866, 0.357339130386, 0.0180287082153, 0.750450538668, 0.538350182911, 0.972035207706, 0.519516303538, 0.0681264757539, 0.028985298646, 0.700583451155, 0.263369064701, 0.590182703975, 0.240963817904, 0.768885277594, 233.586298732, 565.057950271, 17.3201269327, 384.607422107, 353.573353448, 555.613709074, 0.0520580352494, 732.268501808
0.00048113103267, 0.20010736422, 0.159812416343, 0.000205375028512, 0.0548542840342, 0.0128547242769, 0.478215059594, 0.301298606472, 0.133919438032, 0.522355667107, 0.576225087262, 0.0586749875955, 0.416788877463, 0.846509143255, 0.597212610537, 0.654235952357, 0.700154176767, 683.758001903, 638.49328426, 18.8927422329, 80.8256029876, 0.302986712251, 240.849498148, 315.218371965, 0.770525709331
0.0610231200263, 6.01137161493e-07, 0.00261572466343, 0.313935884114, 0.852486758282, 0.152770316717, 0.0963690925717, 0.509671197568, 0.133919438032, 0.418023306512, 0.994866591553, 0.0719574774144, 0.647020276793, 0.785391827912, 0.743859355302, 0.245569131624, 0.0332260178158, 237.989711315, 36.3037035063, 58.906380621, 1050.40652004, 580.004698341, 5.03421371963, 0.00115694954555, 117.806223415
0.0789243388022, 0.0047285126331, 0.00137875390795, 0.382572042816, 0.451458683884, 0.937274744435, 0.998429961259, 0.86793637543, 0.0349124805243, 0.407078256452, 0.927946994383, 0.0442699080847, 0.00582214417024, 0.851700650143, 0.119656985254, 0.585349456765, 0.985885825089, 0.169383729298, 68.6816253435, 694.817928295, 599.094944382, 630.681429748, 2.41571639851, 8.2849915669, 139.000207711
0.00048113103267, 0.371355720323, 0.673563416082, 0.296703224075, 0.247238810038, 0.00143271800086, 0.478215059594, 0.301298606472, 0.0362324657826, 0.418023306512, 0.989923520775, 0.0586749875955, 0.790590538373, 0.0197832561714, 0.590182703975, 0.374164400096, 0.821240344763, 204.763303507, 191.207991407, 0.630498939135, 114.624476952, 152.264339063, 601.851458273, 455.799653591, 0.625406263136
0.134545116089, 0.371355720323, 0.673563416082, 0.889817016736, 0.247238810038, 0.00405639424368, 0.202063897624, 0.0105380444037, 0.0362324657826, 0.418023306512, 0.989923520775, 0.913253512584, 0.790590538373, 0.0197832561714, 0.590182703975, 0.374164400096, 0.859153624797, 49.8942962599, 16.3906612193, 0.334634327057, 21.4875365163, 324.579582376, 585.267018618, 443.239773996, 172.649664037
0.0440528620591, 0.00013122625708, 0.0214507187989, 0.296703224075, 0.38816947798, 0.152770316717, 0.593668569323, 0.217157314614, 0.133919438032, 0.890320007199, 0.98639180413, 0.532334697692, 0.5463534669, 0.129370540573, 0.790059263879, 0.488615926808, 0.640138716106, 438.507925603, 591.101456407, 180.087936652, 529.277982852, 464.920972154, 34.8739306316, 0.213384062368, 71.7479229387
0.144661426116, 0.0047285126331, 0.00137875390795, 0.0408865538925, 0.195633321109, 0.937274744435, 0.616809351262, 0.217157314614, 0.026424651704, 0.70283151059, 0.895538484391, 0.532334697692, 0.00582214417024, 0.851700650143, 0.119656985254, 0.203241727987, 0.567344324872, 43.607291393, 63.47947755, 779.11555912, 248.459800821, 52.8260905204, 1.78260040752, 6.11364370113, 190.32622987
0.0440528620591, 3.62329048605e-05, 0.137622642279, 0.522319263931, 0.169542013034, 0.836676178049, 0.99923085657, 0.311014959638, 0.320558841584, 0.927766022739, 0.787920315647, 0.821086809085, 0.427652756836, 0.244178260185, 0.590182703975, 0.960330973544, 0.495342405915, 0.17723875517, 146.700389965, 559.223074055, 157.715577447, 642.835857475, 193.00148866, 0.051210830777, 62.3629657919
0.0173023312154, 3.62329048605e-05, 0.449569464546, 0.369091995559, 0.0155140424039, 0.612242267229, 0.981074179338, 0.308279224333, 0.133919438032, 0.778799407786, 0.908298452606, 0.633515653464, 0.0837284664587, 0.482601541475, 0.467643285455, 0.854476746564, 0.507865170281, 10.123649839, 340.435271374, 488.251003652, 14.5100917064, 389.943583342, 607.099598164, 0.0532454720794, 25.4326199439
0.000153611113354, 0.55618003333, 0.551595750703, 0.369091995559, 0.215509310913, 0.263600620038, 0.227724377976, 0.217157314614, 0.59554272405, 0.778799407786, 0.145872742941, 0.575685091979, 0.820472096685, 0.00351496000673, 0.590182703975, 0.942724042964, 0.507865170281, 226.731897153, 84.7499064897, 106.37529267, 93.0871805346, 183.554123347, 394.297966847, 617.87896576, 0.194462048601
0.0022858262522, 0.551112023963, 0.699311861191, 0.484706282548, 0.164427880035, 0.990329599934, 0.0642255176204, 0.766277121779, 0.376702837083, 0.62198249004, 0.608211695185, 0.505121164206, 0.0373507057858, 0.165451916839, 0.0114905296384, 0.854476746564, 0.641382255957, 3.6091007014, 0.365345186893, 238.789442805, 63.0915242272, 235.418547877, 667.910282187, 881.281017709, 4.15515367897
0.000138437675765, 0.192255315402, 0.159812416343, 0.0868157861232, 0.12500642501, 0.0128547242769, 0.11939282941, 0.301298606472, 0.133919438032, 0.522355667107, 0.133443916891, 0.0586749875955, 0.416788877463, 0.846509143255, 0.0666042506663, 0.63905700393, 0.700154176767, 1092.49466045, 207.324824883, 22.4565832338, 221.245905071, 155.61088034, 293.533696184, 368.118583909, 0.269144295185
0.00048113103267, 0.20010736422, 0.159812416343, 0.000205375028512, 0.0548542840342, 0.707010153675, 0.683141525997, 0.217157314614, 0.133919438032, 0.522355667107, 0.295984453622, 0.0586749875955, 0.726371768179, 0.846509143255, 0.597212610537, 0.6740600516, 0.700154176767, 187.381129625, 344.865284642, 791.72635177, 76.3304228692, 0.286135865555, 227.454461977, 297.687251798, 0.727672309897
0.183205962981, 0.13567047486, 0.00261572466343, 0.539830898909, 0.678149799269, 0.271550829725, 0.99923085657, 0.86793637543, 0.82914727319, 0.483085109808, 0.00509495052237, 0.367718853934, 0.519497598437, 0.244178260185, 0.30589168212, 0.869544633825, 0.048600488425, 0.384673690622, 318.394136595, 144.695344809, 631.801720263, 818.667747295, 4.48536907505, 236.231583936, 330.605998084
0.0173023312154, 3.62329048605e-05, 0.502894063339, 0.0288607348054, 0.0155140424039, 0.612242267229, 0.981074179338, 0.308279224333, 0.133919438032, 0.534491094709, 0.972208203991, 0.633515653464, 0.0837284664587, 0.482601541475, 0.467643285455, 0.854476746564, 0.507865170281, 13.3578778698, 449.194988952, 644.233787252, 19.14566742, 35.6445856565, 793.713425076, 0.0635969674587, 30.3769961989
0.000153611113354, 0.00013122625708, 0.00128799660897, 2.5973581909e-05, 0.215509310913, 0.263600620038, 0.227724377976, 0.217157314614, 0.59554272405, 0.778799407786, 0.145872742941, 0.532334697692, 0.182866637348, 0.803847073952, 0.772673978482, 0.942724042964, 0.507865170281, 746.15320714, 278.903918356, 350.071016841, 306.341097886, 0.0376355069206, 1.86629905777, 0.190146160932, 0.222581706622
0.0135231236565, 0.511849989587, 0.00261572466343, 0.296703224075, 0.489134517779, 0.260046867862, 0.0200104034879, 0.86793637543, 0.133919438032, 0.327125215792, 0.994866591553, 0.915255564241, 0.264464171129, 0.340471453476, 0.30589168212, 0.908154213967, 0.597581476453, 377.694161584, 11.8756954914, 163.556661819, 397.937267946, 288.04129713, 2.63369052773, 665.312435163, 19.627617276
0.183205962981, 0.0047285126331, 0.00137875390795, 0.382572042816, 0.451458683884, 0.937274744435, 0.998429961259, 0.86793637543, 0.0349124805243, 0.407078256452, 0.927946994383, 0.0442699080847, 0.00582214417024, 0.851700650143, 0.119656985254, 0.585349456765, 0.985885825089, 0.163674275471, 66.3665590128, 671.397550811, 578.901122124, 609.422915028, 2.33428932583, 8.00572757263, 319.040660797
0.00048113103267, 0.20010736422, 0.159812416343, 0.000205375028512, 0.0548542840342, 0.0128547242769, 0.683141525997, 0.217157314614, 0.133919438032, 0.522355667107, 0.295984453622, 0.0586749875955, 0.416788877463, 0.846509143255, 0.597212610537, 0.6740600516, 0.700154176767, 394.474529691, 726.009984241, 16.686176427, 71.3856281236, 0.267599572012, 212.719634287, 278.402642815, 0.680532649467
0.111625181674, 0.138472308956, 0.0435273605095, 0.000205375028512, 0.15947160035, 0.0128547242769, 0.979858665024, 0.301298606472, 0.133919438032, 0.522355667107, 0.576225087262, 0.0586749875955, 0.496532494431, 0.846509143255, 0.597212610537, 0.731695344913, 0.700154176767, 26.9765863111, 852.381323056, 17.222372936, 218.254055514, 0.284039068735, 60.2934689176, 195.045058986, 160.120530803
0.0855234947262, 0.182321115627, 0.0502531722739, 0.241536653349, 0.254079704815, 0.312355795175, 0.614301071924, 0.595152615799, 0.411070248613, 0.688742241362, 0.581884065478, 0.367718853934, 0.0881300389216, 0.146698015584, 0.30589168212, 0.344937689932, 0.69566004419, 298.238256729, 430.503557078, 279.779999478, 250.415131345, 256.940891694, 54.8765489541, 204.935619652, 98.0488760201
0.0187366996294, 2.2750394041e-05, 0.766631106205, 0.992100992861, 0.775247011055, 0.248599876495, 0.425060819298, 0.378569369671, 0.320558841584, 0.740276668295, 0.651049451342, 0.821086809085, 0.427652756836, 0.775468367374, 0.597212610537, 0.95896745653, 0.866022816065, 1.3708455528, 1.08089986518, 0.718609674076, 5.12335094203, 440.033648832, 1146.22371693, 0.0438768828034, 36.1464258136
0.292204535272, 0.0662651915934, 0.00018767463107, 0.387143986348, 0.367299248485, 0.573594994928, 0.726057685689, 0.538350182911, 0.972035207706, 0.418023306512, 0.0681264757539, 0.00939027105193, 0.519200723773, 0.263369064701, 0.590182703975, 0.982194407259, 0.768885277594, 167.785995508, 365.55212601, 507.90337068, 421.65296435, 538.112832236, 0.277659462068, 98.3931375885, 467.997360304
0.0111003924045, 0.975970744913, 0.347504507651, 0.0246948382391, 0.719330690842, 0.0588119764677, 0.998429961259, 0.572689214105, 0.411070248613, 0.483085109808, 0.145872742941, 0.367718853934, 0.0373507057858, 0.309192225878, 0.402371059433, 0.885470533299, 0.641382255957, 0.0338111552908, 13.7097294394, 1.27014645074, 29.1798436703, 1.25220808258, 19.6132560025, 1000.43396522, 17.4582252834
0.0022858262522, 0.963195674559, 0.699311861191, 0.484706282548, 0.164427880035, 0.990329599934, 0.0642255176204, 0.839382100627, 0.376702837083, 0.62198249004, 0.608211695185, 0.505121164206, 0.0373507057858, 0.165451916839, 0.0114905296384, 0.885162838542, 0.641382255957, 0.287687050283, 0.0291222351074, 19.0342792077, 5.02912387448, 18.7655799115, 53.2401711213, 1032.98761462, 3.71523454764
0.292204535272, 0.182321115627, 0.0502531722739, 0.241536653349, 0.254079704815, 0.404289027875, 0.364782834216, 0.595152615799, 0.411070248613, 0.139412214795, 0.581884065478, 0.367718853934, 0.0881300389216, 0.146698015584, 0.30589168212, 0.344937689932, 0.69566004419, 444.821853447, 287.002878133, 390.088937278, 277.327215387, 284.554298416, 60.7741250688, 226.960026043, 397.049797827
0.111625181674, 0.00013122625708, 0.159812416343, 0.000115074164156, 0.0941062303884, 0.0102175264515, 0.000410992453563, 0.301298606472, 0.133919438032, 0.522355667107, 0.576225087262, 0.532334697692, 0.416788877463, 0.846509143255, 0.0907508021914, 0.307231574843, 0.684040693874, 802.167054017, 0.517867439578, 12.8756111309, 119.464432867, 0.146615836633, 208.004556491, 0.172605270706, 148.346870125
0.0440528620591, 0.192255315402, 0.159812416343, 0.000205375028512, 0.12500642501, 0.0128547242769, 0.11939282941, 0.301298606472, 0.133919438032, 0.522355667107, 0.576225087262, 0.0586749875955, 0.416788877463, 0.912019260367, 0.0907508021914, 0.63905700393, 0.700154176767, 768.95789714, 145.926627505, 15.8061797879, 155.725050266, 0.257494672727, 204.687071065, 256.696644114, 59.8179346415
0.00448346289513, 0.00013122625708, 0.0214507187989, 0.313935884114, 0.38816947798, 0.00872174745757, 0.979858665024, 0.213128957472, 0.133919438032, 0.418023306512, 0.662830708263, 0.820878391797, 0.187286688805, 0.168222838711, 0.790059263879, 0.488615926808, 0.0383197531206, 21.9696975288, 694.178263728, 9.51566094878, 485.189027923, 455.334760571, 32.4222179993, 0.198382701989, 6.77803524021
0.000153611113354, 0.00013122625708, 0.230060550865, 2.5973581909e-05, 0.215509310913, 0.520440028636, 0.132719373371, 0.217157314614, 0.185567923105, 0.778799407786, 0.0104282050655, 0.532334697692, 0.182866637348, 0.574314225652, 0.772673978482, 0.770778227518, 0.507865170281, 483.204185058, 102.221260547, 526.677244929, 254.207234706, 0.0312306060372, 289.330557481, 0.168681369088, 0.197455403901
0.292204535272, 6.01137161493e-07, 0.00018767463107, 0.387143986348, 0.367299248485, 0.573594994928, 0.566598801004, 0.538350182911, 0.972035207706, 0.418023306512, 0.0681264757539, 0.00939027105193, 0.519200723773, 0.263369064701, 0.590182703975, 0.982194407259, 0.768885277594, 254.535876867, 314.257126221, 510.667297696, 423.947530771, 541.041154197, 0.279170439417, 0.000894205716556, 467.997360304
0.00449505618059, 0.00013122625708, 0.251536669642, 0.0182471103457, 0.240911255225, 0.304347445372, 0.982395045802, 0.330729577822, 0.689246580188, 0.418023306512, 0.973908342947, 0.591634573696, 0.820472096685, 0.482601541475, 0.405805842437, 0.344937689932, 0.0383197531206, 19.0094923478, 687.234599617, 356.231948299, 307.853313408, 23.8899449317, 347.650506156, 0.186175110946, 6.37739363557
0.0440528620591, 3.62329048605e-05, 0.137622642279, 0.980950489199, 0.775247011055, 0.263600620038, 0.425060819298, 0.51093574692, 0.320558841584, 0.534491094709, 0.573463920908, 0.821086809085, 0.190972690092, 0.775468367374, 0.63900848235, 0.960330973544, 0.866022816065, 8.17642304645, 6.44703887359, 4.57594182665, 30.8662093451, 1098.99672875, 241.457450478, 0.0640680894335, 78.0201377145
0.0440528620591, 3.62329048605e-05, 0.137622642279, 0.980950489199, 0.775247011055, 0.881882237223, 0.425060819298, 0.51093574692, 0.320558841584, 0.534491094709, 0.573463920908, 0.821086809085, 0.427652756836, 0.775468367374, 0.63900848235, 0.960330973544, 0.866022816065, 1.7817799109, 1.40491805334, 12.0887894138, 33.380197825, 1188.50772392, 261.123657043, 0.0692863019119, 84.3747154737
