5.82345964314, 1.29779861194, 1.47758019978, 1.0000000406, 4.26478620576, 1.18449861797, 3.05820321786, 1.26000076887, 1.0000002373, 5.52159183655, 5.70635089443, 1.05513085481, 1.56550282307, 1.0251342926, 1.07543931334, 1.24164355117, 1.06628207673, 0.926655045673, 7.79275001738, 1.00000066815, 1.0000000398, 96.231724965, 0.936222154628, 5.94964528666, 0.968019991556, 3.78873160405, 0.870000390549, 74.2016945437, 18.4080184972, 38.2751960513
2.96861615977, 1.22260704005, 1.57150655584, 1.00000032589, 6.55542846643, 1.18930237662, 1.53366114571, 1.26000081227, 1.00000034178, 5.45730769597, 5.7291726789, 1.03567642152, 1.82901033986, 1.02494589682, 1.01162722804, 1.16389806393, 1.13669129297, 0.913159410571, 3.79307050664, 1.00000074059, 1.00000008503, 85.1782826382, 1.00164403077, 4.4542970783, 1.00201878844, 3.9677178411, 0.870000223194, 25.580224258, 6.98623187229, 90.0536576479
4.2934625149, 1.38065437377, 1.42800559272, 1.00000046625, 4.44932811413, 1.13138415558, 5.23335170415, 1.26000012459, 1.00000002918, 5.25195933006, 6.8774730353, 1.08929307943, 1.50708631677, 1.06438152145, 1.07023629701, 1.09891138147, 1.1467131093, 0.986747499827, 8.38797057584, 1.0000009659, 1.00000085883, 102.756436321, 1.02205188161, 5.85517107152, 0.999775658111, 3.74292805715, 0.870000714666, 19.0843894163, 12.733172799, 111.761912257
1.96011740283, 1.40334171335, 1.7392284641, 1.00000059092, 4.64825255856, 1.1223261775, 4.56662293227, 1.26000097413, 1.00000055078, 5.8313867956, 3.58806575321, 1.0018211646, 1.99233087131, 1.10144751005, 1.01212800516, 1.17666692829, 1.02312844988, 1.07816676928, 7.03944632153, 1.00000004078, 1.00000075392, 113.720998407, 1.02583437644, 1.37143042537, 1.0038397526, 4.03306686192, 0.870000029345, 32.7491995813, 10.5324772481, 68.7847411661
5.65804681413, 1.29297908494, 1.35110843787, 1.00000036395, 5.31670701112, 1.16818749586, 5.37669552242, 1.26000007147, 1.000000463, 5.01631046628, 6.24072562883, 1.06824934641, 1.24476403526, 1.09978457014, 1.05804255042, 1.52251915945, 1.02909673949, 1.04175573567, 3.33952779414, 1.00000061079, 1.00000057515, 99.4913542862, 0.971057627758, 3.93723992002, 1.01015914308, 4.28733605136, 0.870000741871, 33.8124755076, 10.7612415838, 59.0688156367
2.27105406208, 1.27048085036, 1.68051533758, 1.00000012104, 6.47104574804, 1.01393174471, 3.17299678723, 1.26000048543, 1.00000058213, 4.98262386381, 4.63427013443, 1.03004244725, 1.682883655, 1.00311654714, 1.08058779652, 1.14899382631, 1.15597798459, 0.964708009804, 7.31849979636, 1.00000099004, 1.00000017188, 123.717656815, 0.924210820373, 1.00185000036, 1.06635219309, 4.17510822749, 0.870000719287, 39.4550884091, 9.42840495601, 42.5351531093
5.82345964314, 1.29764384947, 1.47758019978, 1.00000001851, 4.68252194682, 1.12148866955, 3.10526332892, 1.26000052232, 1.00000030992, 5.95505163044, 6.13171281926, 1.05517100433, 1.5679616483, 1.05666672099, 1.07259822176, 1.24164355117, 1.06365245302, 0.925634413882, 7.79275001738, 1.00000066815, 1.00000003981, 96.231724965, 0.939037176572, 5.94964528666, 0.968019991556, 3.78803546292, 0.870000390549, 35.6287355085, 7.45535994291, 46.0216283036
2.54801646316, 1.26362900532, 1.34627354659, 1.00000058339, 4.42547168327, 1.13475542452, 3.03243575443, 1.26000042452, 1.00000045899, 5.84757815723, 3.54370194199, 1.02292687409, 2.29677984156, 1.02690627388, 1.04783153986, 1.06321185604, 1.09300373851, 0.917829066197, 3.54622749092, 1.00000081017, 1.00000043306, 97.5952468847, 1.08389942841, 2.45028917791, 1.05870874219, 3.61367187382, 0.870000644564, 37.491955857, 9.19582360596, 115.328101369
2.30131405494, 1.28461772983, 1.56622101082, 1.00000004105, 4.26525668681, 1.18936045861, 1.52902238803, 1.2600007709, 1.00000023697, 5.53068037326, 5.71048781022, 1.05513085436, 1.35773834318, 1.02494589682, 1.01176865162, 1.46571450515, 1.11366802047, 1.02624411123, 9.43706548546, 1.00000068641, 1.00000007861, 85.2536600487, 1.00521693389, 3.34861227791, 0.984550070271, 3.97478869782, 0.870000220287, 86.3567781337, 20.8464535144, 113.202119908
5.61150557038, 1.22260704005, 1.57008387631, 1.00000032534, 4.42683956248, 1.18930237662, 1.52890066525, 1.26000081227, 1.00000034086, 5.4655035094, 5.7291726789, 1.03572517549, 1.81961820513, 1.02494589682, 1.01162722804, 1.46363782651, 1.14588077381, 0.913159410571, 9.79457914433, 1.00000074059, 1.00000015834, 85.1782826382, 1.00453765108, 4.4542970783, 0.985855460752, 3.9677178411, 0.870000220287, 115.07216408, 15.4980202869, 104.030795521
4.20595832973, 1.20064126454, 1.43772102689, 1.00000025197, 5.31576110709, 1.17516158564, 3.16239283214, 1.26000071998, 1.00000076053, 5.20138047306, 5.44375388251, 1.07497204934, 1.50708631677, 1.06621152749, 1.01783041021, 1.46753508205, 1.14221786708, 0.98565346044, 8.57354310465, 1.00000058198, 1.00000004274, 110.289607311, 1.03551984326, 1.37936584366, 1.01513820754, 3.74314451284, 0.870000885038, 55.6914117805, 9.03882141737, 174.835316558
2.02761577464, 1.30317631672, 1.59266385093, 1.00000000965, 5.65435939959, 1.16636440031, 3.60917035183, 1.26000055493, 1.00000096458, 5.44556943803, 5.25984746346, 1.09083562903, 3.46697200708, 1.06462931366, 1.05090695672, 1.61695376837, 1.02331572057, 0.984822584901, 3.82250520556, 1.0000009484, 1.00000045381, 112.665415793, 1.00826993593, 4.80570986441, 1.0346336384, 3.9281076127, 0.870000007301, 62.7051963948, 8.8534794262, 185.11729884
4.73725989035, 1.42329875028, 1.55044348907, 1.00000039173, 5.32606792046, 1.09754526815, 3.12400815949, 1.2600002026, 1.00000093046, 5.20423624912, 6.43927814093, 1.07439616249, 2.4741531522, 1.06707290675, 1.01867501019, 1.52286737973, 1.03413817518, 1.07616475786, 3.2746656781, 1.00000062946, 1.00000001888, 110.28307791, 0.981737697152, 2.0826843971, 1.00368825456, 4.30540116095, 0.870000358789, 96.5619179953, 10.4553133469, 163.662428204
5.87547865581, 1.29099463261, 1.73492569645, 1.00000086095, 5.4425243222, 1.08722982155, 3.10078158721, 1.26000050651, 1.00000029803, 5.73850340442, 3.52840316743, 1.04308189996, 1.05993955171, 1.05794210793, 1.0510026525, 1.50169599547, 1.11089116498, 0.926659491969, 7.46159943838, 1.00000065597, 1.00000043972, 117.692244563, 1.02516893306, 2.35486539271, 1.01098147508, 4.12976155973, 0.870000649661, 39.9974339487, 11.4415075816, 170.424253298
2.99945775681, 1.40891899672, 1.48298520486, 1.00000043825, 6.50419282074, 1.12362451619, 2.19099425313, 1.2600002569, 1.00000086457, 5.15323472964, 6.80578750464, 1.07486959035, 2.96099046437, 1.05049116936, 1.08420065153, 1.20828499947, 1.13667576342, 1.06698624963, 4.5383668784, 1.0000002257, 1.00000008725, 86.0408550767, 0.919262421297, 5.67115868515, 0.994678921163, 3.50782050461, 0.870000534509, 64.7900806533, 10.6439837776, 115.869320576
2.06284530648, 1.01055302036, 1.72983309514, 1.0000005563, 6.46523552047, 1.12252602326, 1.66591063137, 1.26000097562, 1.00000025205, 5.23162382496, 4.5337098921, 1.0828205014, 2.71268258106, 1.09982158985, 1.03148515235, 1.52012280719, 1.08100709627, 1.00495167034, 7.07661780199, 1.00000003669, 1.00000076178, 113.712422798, 1.08664171892, 5.95773149556, 0.992396031893, 4.28248217612, 0.870000029345, 45.3827853822, 9.85349579815, 171.713353719
2.04662977215, 1.21652053219, 1.48498869488, 1.00000043486, 6.47682329633, 1.12362399664, 3.16661265444, 1.26000048543, 1.00000058213, 5.15723979717, 5.54551065008, 1.04493790219, 1.834013433, 1.05722592998, 1.07084389962, 1.17100996898, 1.04068725851, 1.06702157162, 4.02680674316, 1.00000036227, 1.00000007968, 123.632272057, 1.07219670169, 4.44582288925, 1.00297635407, 3.95481510821, 0.870000718579, 64.1933274607, 13.1352355613, 122.214163866
4.72069504887, 1.15932718102, 1.57330390985, 1.00000032685, 6.51602738298, 1.09734491713, 3.47511842931, 1.26000095217, 1.00000047426, 5.01001336594, 7.60886609885, 1.05650929798, 2.46867592571, 1.05151227701, 1.01399618108, 1.31032712708, 1.15353110906, 0.977723170285, 9.49892068837, 1.0000009831, 1.00000017391, 123.831288493, 1.0361018437, 5.41987908815, 1.06920961649, 4.30798737148, 0.87000066439, 55.8426579713, 9.16408736421, 468.113100892
1.6614711353, 1.1598889383, 1.60808568633, 1.00000083552, 5.4575568802, 1.08909351686, 3.35315646177, 1.26000061009, 1.00000028873, 5.94268045598, 7.41002035878, 1.06281955691, 2.04140084247, 1.05691744825, 1.06588866772, 1.10667876549, 1.11315099824, 1.06204872805, 8.43502133721, 1.00000046976, 1.00000042862, 111.023714591, 0.970282579623, 5.01581896027, 1.01101204415, 3.9224927843, 0.870000667277, 65.8296572704, 9.42134017846, 276.386846813
2.24661655382, 1.21581276802, 1.68055111095, 1.0000001214, 5.01244276551, 1.12349613613, 4.69276421709, 1.26000047733, 1.00000021718, 5.97748540461, 4.63969700556, 1.04141088854, 1.44288710663, 1.05111386229, 1.00652431615, 1.15084866454, 1.13556510954, 1.07750890728, 7.95912599405, 1.00000065893, 1.00000010518, 124.074941019, 1.07098523871, 4.43569173706, 1.06633743721, 4.00713754238, 0.870000747791, 71.3022680558, 13.7092679704, 117.706585538
4.28372131104, 1.27032766217, 1.55431591209, 1.00000023502, 5.89299230478, 1.01856522716, 1.9726578486, 1.26000025991, 1.00000029133, 5.01858218151, 6.66279088792, 1.01724719076, 2.24087885431, 1.05703253097, 1.03444246493, 1.15797836788, 1.0259391846, 0.922041636032, 4.61217400172, 1.00000044427, 1.00000089442, 114.050859861, 1.04631725092, 1.32925420436, 1.03573169422, 4.10229765761, 0.870000648095, 94.0784192321, 12.1073970475, 140.679138716
4.71819644502, 1.39596659935, 1.48174181594, 1.00000007269, 5.01751095541, 1.00402776136, 4.20992726543, 1.26000051645, 1.00000023809, 5.44596840637, 6.18798762684, 1.05512821375, 1.35609471153, 1.0897624894, 1.03018083121, 1.38934653618, 1.1365892345, 1.08417072154, 3.82243558647, 1.00000094795, 1.00000007351, 112.640475688, 0.918858286628, 3.38322892642, 1.05324362094, 4.16631600203, 0.870000957377, 50.3436466615, 10.1241621835, 747.850548243
1.66374249692, 1.15880401451, 1.56650023952, 1.00000023212, 7.04383250704, 1.0343132422, 1.4298785902, 1.26000076356, 1.00000068989, 5.01401432889, 6.66279088792, 1.09964501953, 2.04512121301, 1.02414111581, 1.03444246493, 1.10503946226, 1.11362158477, 0.915362691579, 8.43672385203, 1.00000074477, 1.00000093401, 110.425737813, 1.04159904286, 5.50544661524, 1.03573169422, 4.10229765761, 0.870000648095, 61.4179095143, 18.4628387873, 497.007330324
2.32667978916, 1.11350920981, 1.37462553818, 1.00000077235, 5.34289484487, 1.16677881116, 2.06914264753, 1.26000083285, 1.00000044443, 5.09731772484, 4.50035734415, 1.04339434773, 2.61367401033, 1.02699548579, 1.00708212828, 1.16758504852, 1.12090758604, 1.01766518295, 3.75158160947, 1.00000068487, 1.00000077398, 118.568979466, 1.0670894519, 4.52253404636, 1.03862914317, 4.16188796608, 0.870000397618, 75.7232391448, 10.102555076, 1692.93849529
4.82804225858, 1.42595044589, 1.3478845433, 1.00000055555, 6.46683741929, 1.09753793438, 2.48754330957, 1.26000020233, 1.00000093046, 6.19245929426, 4.51212931228, 1.07439616249, 2.43462890661, 1.09962512059, 1.00723352002, 1.52563053458, 1.02358036005, 1.07024922225, 9.25358902109, 1.00000068468, 1.00000076661, 119.344413153, 1.08790565224, 4.72170057926, 0.954631583983, 4.1624290382, 0.870000358789, 70.372046043, 19.5244917566, 282.858339148
5.92305550796, 1.18386768062, 1.69794784226, 1.00000049991, 5.64879301378, 1.17198350267, 5.24623150374, 1.26000094299, 1.00000092829, 5.23797769346, 6.01969327611, 1.07374967876, 2.47124687124, 1.06345060086, 1.04968760486, 1.52084693232, 1.03408259922, 1.10075602146, 7.77774384473, 1.00000062946, 1.00000069469, 99.2351262364, 1.0443078586, 4.6285016758, 1.04067733609, 3.54738948264, 0.870000006991, 76.012691427, 9.7098488147, 284.341852
3.64990299612, 1.27149958089, 1.43506211122, 1.00000028472, 6.87538240883, 1.01582543771, 3.15376954657, 1.26000074789, 1.00000076384, 5.28361269677, 3.54854462793, 1.05650929798, 1.62256975519, 1.06649318184, 1.01399618108, 1.03550530885, 1.14204675626, 1.04642136322, 8.55436957852, 1.0000009831, 1.00000054909, 120.035636744, 0.923566014145, 1.38597827876, 0.99246317571, 4.32271032669, 0.870000629417, 91.0195380244, 20.2817816973, 278.744898285
2.54801646316, 1.26362900532, 1.54428841623, 1.00000006714, 5.31342568374, 1.13475542452, 1.98906904654, 1.26000030809, 1.00000046092, 5.84757815723, 3.54370194199, 1.02292687409, 2.29677984156, 1.02690627388, 1.04783153986, 1.06321185604, 1.09300373851, 0.917829066197, 3.47405977528, 1.00000061569, 1.00000042993, 97.6037895134, 1.08389942841, 2.41290813463, 1.05870874219, 3.61367187382, 0.870000643953, 147.813856037, 16.2764944128, 126.664383912
5.82794319271, 1.29164055604, 1.40411881952, 1.00000086081, 5.4499715733, 1.08745090527, 3.38230775483, 1.26000050651, 1.0000007042, 5.80271095687, 7.35531410814, 1.05336765148, 3.42340302107, 1.05694027853, 1.05318831076, 1.43959925159, 1.01165756105, 1.01788988606, 7.82495542428, 1.00000032204, 1.00000043969, 108.378473836, 1.02401894565, 2.34134364, 1.0106450192, 3.72992267602, 0.870000008266, 73.7493174254, 18.3812532975, 336.444486779
4.20595832973, 1.19995726454, 1.43683184059, 1.00000025049, 4.44925472301, 1.1745057388, 3.16239283214, 1.26000073145, 1.00000076053, 5.88853864243, 5.44375388251, 1.0164394526, 1.50708631677, 1.11788238539, 1.0664219732, 1.46697731353, 1.14221786708, 0.986454600514, 8.37875935873, 1.00000058198, 1.00000004274, 102.74854183, 1.03551984326, 1.37936584366, 1.0153844925, 3.74314451284, 0.870000885038, 98.0360845804, 12.7188011537, 149.313525762
2.26460854877, 1.12199181937, 1.47696051528, 1.00000047637, 4.93365479556, 1.18843032367, 1.53788411812, 1.26000043263, 1.00000046199, 5.53068037326, 5.71048781022, 1.05517056072, 2.66386067125, 1.02494589682, 1.05284832778, 1.24312224255, 1.06289153454, 1.01724168968, 7.80405826394, 1.00000079873, 1.00000043616, 108.977063517, 1.08471711484, 3.40193276467, 1.01329617332, 3.73430465522, 0.870000637875, 68.1824697899, 14.2436983904, 962.034007315
4.27815736651, 1.22404160591, 1.56595602919, 1.00000048066, 4.42683956248, 1.18930237662, 1.52890066525, 1.26000077117, 1.00000034086, 5.4669134924, 5.7291726789, 1.03572517549, 1.81961820513, 1.02494589682, 1.01162722804, 1.45833690689, 1.14588077381, 0.915302307368, 9.50223083059, 1.00000074451, 1.00000086333, 85.50855094, 1.00453765108, 4.4542970783, 0.986216478342, 3.97402709285, 0.870000220287, 85.7793955343, 12.1144870771, 1874.63184712
5.84422264187, 1.27293347547, 1.7393714539, 1.00000059092, 4.64825255856, 1.1223261775, 4.56662293227, 1.26000097212, 1.00000031454, 5.51136246598, 3.58305859327, 1.0018211646, 1.38522807102, 1.10080486911, 1.01212800516, 1.2304003018, 1.02312844988, 1.07705127244, 7.03944632153, 1.00000004078, 1.00000069124, 113.720998407, 1.02583437644, 1.7546367066, 1.0038397526, 4.03306686192, 0.870000029345, 105.444517708, 10.6992724579, 339.077544653
2.06572596543, 1.0165592, 1.58797839099, 1.00000077864, 5.34373637653, 1.0048573318, 1.71187725967, 1.26000079923, 1.00000099458, 5.86676315822, 4.5489414829, 1.08737874997, 2.6028185414, 1.11351924292, 1.05253098895, 1.00986650958, 1.11510612286, 0.991125622701, 5.57554613846, 1.00000011763, 1.00000079509, 98.4586172434, 1.0607349062, 4.41449337194, 1.05939356821, 4.3256971731, 0.870000932722, 87.5784692372, 14.7572314801, 714.00385164
5.71883380656, 1.38250564389, 1.42785957733, 1.00000047041, 7.01771092778, 1.17111608832, 5.0964924647, 1.26000092037, 1.00000002688, 5.99284895306, 6.87762916909, 1.09092239063, 2.61963174499, 1.06400638987, 1.07007507705, 1.10223963229, 1.02057152626, 0.985726621791, 6.47653398129, 1.00000096887, 1.00000085779, 77.0541899141, 1.02196311987, 5.80433817015, 1.00013290844, 4.28737073719, 0.870000020174, 97.0697980929, 10.7543010347, 1758.90876239
5.16163491145, 1.11832085916, 1.61424197136, 1.00000050009, 4.33675276786, 1.10036626797, 1.49859711554, 1.26000074782, 1.00000026801, 5.9446095114, 3.85717368798, 1.05669117675, 2.63597110719, 1.03299196841, 1.06951464087, 1.03166206004, 1.15485302453, 0.990770078442, 8.43837753339, 1.00000013332, 1.00000001328, 92.794012474, 0.96970402291, 2.59985949409, 0.987981346808, 4.08446782145, 0.870000666396, 87.764802675, 12.1892536262, 454.888221878
4.20495831587, 1.24424605639, 1.43772102689, 1.00000047701, 6.55783099618, 1.17534338855, 3.16239283214, 1.26000071998, 1.00000073705, 5.45675190682, 5.44375388251, 1.07497204934, 1.50708631677, 1.06621152749, 1.01783041021, 1.46490840121, 1.14221786708, 0.983293839093, 8.57354310465, 1.00000027592, 1.00000004274, 110.289607311, 1.03460356144, 1.36529869094, 0.97298314847, 3.74314451284, 0.870000886776, 85.7811340435, 19.0916128032, 368.245509806
5.87725143724, 1.18496938316, 1.68930270015, 1.00000027902, 4.95425895141, 1.1367261127, 5.34408146841, 1.26000041738, 1.00000087491, 5.75565529842, 5.17514386135, 1.07448963346, 3.35870314393, 1.05171075204, 1.07242123951, 1.52540647085, 1.03348127767, 0.977024870161, 7.7144642156, 1.00000012376, 1.00000069263, 105.555024192, 1.07802537618, 1.7673316542, 0.996389559658, 4.18500454176, 0.870000397718, 152.051935539, 13.9976377292, 280.74443487
2.29606519256, 1.28471403975, 1.37459070901, 1.0000004115, 5.64884211064, 1.16639277584, 1.51074958518, 1.2600001278, 1.00000056899, 5.4492974039, 6.02984129103, 1.04303000171, 2.61367401033, 1.02744773052, 1.04074427438, 1.29318798256, 1.02344949233, 1.02675604633, 5.83809877321, 1.00000068473, 1.00000068668, 118.674126865, 1.00919379884, 2.18359338897, 1.03862914317, 4.16210556525, 0.870000172253, 150.629956648, 23.7103518563, 250.700542243
2.24651100814, 1.26395830758, 1.68055111095, 1.00000012531, 4.42644697774, 1.13478603674, 4.68373853376, 1.2600004766, 1.00000009912, 5.83108682393, 4.97667641764, 1.00101757548, 2.84267540263, 1.10908002422, 1.01545010666, 1.14978260198, 1.04068725851, 1.07728784313, 5.35460693723, 1.00000035073, 1.00000010518, 124.156555029, 1.01556568704, 1.35014276831, 1.06633743721, 3.59910104464, 0.870000718578, 104.589094389, 15.6224177122, 376.191162802
2.29606519256, 1.28471403975, 1.37459070901, 1.0000004115, 5.64884211064, 1.16687651107, 1.51074958518, 1.26000012715, 1.00000056899, 5.11151507689, 3.52480697856, 1.04303000171, 2.61367401033, 1.02744773052, 1.04076017952, 1.2943092832, 1.02344949233, 1.02675604633, 5.83809877321, 1.00000068566, 1.00000043647, 118.674126865, 1.00919379884, 2.18359338897, 1.03862914317, 4.16146937105, 0.870000645622, 313.156025961, 29.1603425163, 176.762259156
5.92147553248, 1.18420126171, 1.69794784226, 1.00000049991, 5.64879301378, 1.09826747699, 5.24623150374, 1.26000094059, 1.00000092882, 5.44536064137, 6.01969327611, 1.07376946264, 2.47564659826, 1.02633808352, 1.0718841461, 1.5199848745, 1.03408259922, 1.10075602146, 7.71118886151, 1.00000062946, 1.00000069469, 99.2351262364, 1.0443078586, 1.74992490196, 1.04067733609, 3.54738948264, 0.870000291911, 280.804983474, 20.6003418029, 230.240486999
2.24848632823, 1.27048085036, 1.68051533758, 1.00000006719, 6.47138177383, 1.0972546355, 3.16353979542, 1.26000019938, 1.00000057724, 4.98023753823, 4.56471892275, 1.03004244725, 2.42511123406, 1.00311654714, 1.02644370825, 1.14991688853, 1.15597798459, 1.08655034965, 7.98489741812, 1.00000099004, 1.00000017188, 123.717656815, 0.922164667849, 1.00185000036, 1.06635219309, 4.31100164438, 0.870000719268, 340.93852548, 21.664851214, 221.827481387
3.65766430026, 1.27149958089, 1.57116781764, 1.00000028323, 6.87538240883, 1.01482831897, 5.1112003347, 1.26000074789, 1.00000047278, 5.28413898254, 4.65165633472, 1.05650929798, 1.62256975519, 1.0514635144, 1.01399618108, 1.03550530885, 1.15427283391, 1.04642136322, 8.455819471, 1.0000009831, 1.00000054909, 120.035636744, 0.923074677859, 1.17102468901, 0.99246317571, 4.32271032669, 0.870000629417, 152.173285256, 22.7390243673, 196.391682942
4.72069504887, 1.15933082045, 1.60827703172, 1.0000003292, 6.51602738298, 1.09734491713, 3.47722603148, 1.26000060086, 1.00000047443, 5.00365641236, 7.60886609885, 1.05650929798, 2.46867592571, 1.05692496135, 1.01399618108, 1.31032712708, 1.15353110906, 0.978144532925, 9.47918877087, 1.0000009831, 1.00000042256, 123.831288493, 0.970621921178, 5.41987908815, 1.06920961649, 4.32092892687, 0.870000667292, 225.799397021, 13.3212760306, 329.739026332
3.6848417892, 1.09405280996, 1.37582863224, 1.00000000426, 5.34109400628, 1.16744421779, 1.51083245642, 1.26000010865, 1.00000073425, 5.09647051829, 4.65181217376, 1.04303000171, 1.63303603512, 1.02753728706, 1.01385910334, 1.29383786499, 1.15436619511, 1.02630838823, 7.8182468176, 1.00000068564, 1.00000055207, 118.579943864, 1.06700870268, 1.16056169005, 1.03922743431, 4.32121541103, 0.870000397618, 157.449351345, 13.8586417202, 246.630805277
5.92147553248, 1.38637587913, 1.70043712857, 1.00000049991, 4.45534987783, 1.09805164477, 5.24623150374, 1.26000091957, 1.00000002081, 5.44536064137, 6.01969327611, 1.07376946264, 2.47564659826, 1.02633808352, 1.07181949232, 1.09088751222, 1.03257683465, 1.10075602146, 7.71118886151, 1.00000062946, 1.00000069469, 98.5517912264, 1.04378211587, 1.76584407484, 1.04067733609, 3.74324671259, 0.870000291911, 100.7964633, 12.8960220045, 384.380664349
2.28044710721, 1.41173493596, 1.5828989537, 1.0000008782, 5.3594728159, 1.13949811004, 4.60554149744, 1.26000074612, 1.00000019581, 5.93511835732, 4.46685681475, 1.08546422935, 2.71339046401, 1.09382921877, 1.06810705226, 1.14163570217, 1.08116295711, 1.04739751811, 8.3784923606, 1.00000070565, 1.00000065193, 120.554480976, 1.08786709183, 4.46001407222, 1.00147605074, 3.84838460087, 0.870000891924, 107.352030648, 12.1396906926, 629.733287726
4.65839876214, 1.42329875028, 1.54950351594, 1.00000006187, 5.29390761595, 1.03240033711, 3.94939784226, 1.26000031037, 1.00000097905, 5.13583504596, 6.42346694997, 1.07430124444, 2.47564659826, 1.06718434915, 1.05847396281, 1.52287237665, 1.0337205615, 1.04170946028, 7.71118886151, 1.00000061486, 1.00000001888, 99.1087240632, 1.03170799978, 1.41383233956, 1.04067733609, 4.30308924727, 0.870000358789, 107.570577292, 10.729083871, 738.510777824
2.02761577464, 1.00492883448, 1.59266385093, 1.00000000814, 4.6419625276, 1.17161770853, 3.60917035183, 1.26000055493, 1.00000096458, 5.44554152396, 5.25984746346, 1.09083562903, 3.4299868789, 1.06462931366, 1.05090695672, 1.61695376837, 1.15665712237, 0.984822584901, 3.82250520556, 1.0000009484, 1.00000045381, 112.665415793, 0.918071718938, 4.80570986441, 1.05288485159, 3.92787973547, 0.870000007301, 139.934852333, 11.8827402025, 583.583433207
2.99945775681, 1.39688389784, 1.48298520486, 1.00000043898, 4.68110650324, 1.12362451619, 2.07001794157, 1.26000020012, 1.00000027178, 5.20618191043, 6.44361475107, 1.04505388252, 2.96099046437, 1.05049116936, 1.01810272331, 1.17120240431, 1.13667576342, 1.06698624963, 3.73748056733, 1.0000002534, 1.00000003999, 85.946286808, 0.919262421297, 5.63852084265, 1.00256306615, 3.50782050461, 0.870000684479, 98.0758927495, 15.4517389614, 487.158435617
1.58012992738, 1.20328282226, 1.44352695626, 1.00000042122, 6.37192960776, 1.13325500914, 2.18981001773, 1.26000018068, 1.00000085778, 5.83702062459, 6.79881734938, 1.07486839824, 1.98149185318, 1.08873538658, 1.08410636932, 1.20722501297, 1.08776067835, 0.993675420697, 4.52436497413, 1.00000022607, 1.00000069288, 108.074317312, 0.969031338621, 1.83599935319, 0.994618994678, 4.2254553269, 0.87000053458, 153.80513928, 23.0666559271, 376.271736349
1.98123811804, 1.27293347547, 1.73865039335, 1.00000077774, 4.64825255856, 1.00510712169, 4.56655006332, 1.26000097212, 1.00000097669, 5.51136246598, 4.549885322, 1.08710223524, 2.62107641486, 1.10080486911, 1.01212800516, 1.2304003018, 1.02312844988, 0.992004515352, 5.58887141173, 1.00000004078, 1.00000079142, 109.748806753, 1.02583437644, 1.7546367066, 1.00247912143, 4.31359073358, 0.870000029345, 252.210512862, 27.383520882, 256.753604402
3.6848417892, 1.0132221541, 1.37582863224, 1.00000000426, 6.7756489795, 1.01423554129, 1.40290457426, 1.26000059298, 1.00000073425, 5.28580317645, 4.47459109552, 1.04345958322, 2.27161417399, 1.02753728706, 1.08908441407, 1.29263140828, 1.10775359974, 1.02786445744, 7.7915786485, 1.00000068202, 1.00000055207, 123.313174161, 1.02307151945, 1.16056169005, 1.06324178703, 4.3196647699, 0.870000402431, 269.198537292, 16.8133965466, 249.13596533
2.25993913112, 1.03238639298, 1.58357236496, 1.00000000925, 4.86942363307, 1.09834468361, 1.51340454928, 1.26000019779, 1.00000090789, 5.49912346291, 7.61911358657, 1.00457795813, 1.47222446068, 1.0660168495, 1.05303679629, 1.30813007856, 1.13759721419, 1.08382004396, 9.49498824637, 1.00000067886, 1.00000044319, 88.0421094287, 1.08610483358, 5.00525382545, 1.03881342794, 4.30802161664, 0.870000392284, 209.948223218, 15.7387736919, 461.608123993
5.61316640296, 1.27144713678, 1.36856331467, 1.00000032518, 5.90249448859, 1.0373455538, 3.17332061363, 1.26000081258, 1.00000069611, 5.00636001648, 6.34520807435, 1.0300767251, 2.99293506382, 1.00278745067, 1.07721572527, 1.11660305457, 1.15634101234, 0.963470750392, 7.32385456206, 1.0000003635, 1.00000017166, 123.716275197, 0.996148736175, 1.02968293798, 1.06821316731, 4.1756706301, 0.870000556313, 246.923320963, 20.9696900947, 426.528490401
3.67037847982, 1.27186665768, 1.56957418645, 1.00000027745, 6.87538240883, 1.01482831897, 5.08941431144, 1.26000074789, 1.00000047279, 5.28413898254, 3.85725955057, 1.05648524886, 1.62041323786, 1.05147542021, 1.00586200079, 1.03550530885, 1.15427283391, 1.07456385732, 8.455819471, 1.00000098154, 1.00000001916, 118.743769723, 1.0684890227, 4.34685455123, 0.96785480397, 4.32216551353, 0.870000715465, 104.926710154, 13.0284916358, 727.50042571
5.79891953732, 1.39688389784, 1.48298520486, 1.00000043443, 4.68248128046, 1.12367624536, 2.07001794157, 1.26000020062, 1.00000027178, 5.20970765974, 6.13244036141, 1.04505388252, 2.65991380293, 1.05054559904, 1.01748332828, 1.17120240431, 1.13667576342, 1.06698624963, 3.59054029484, 1.0000002534, 1.00000003999, 95.7534943383, 0.91893012363, 5.63852084265, 0.968314517373, 4.16769631771, 0.870000684479, 274.862450431, 14.8139739054, 449.871884155
1.97777512882, 1.15932718102, 1.57327820306, 1.00000032685, 6.87538240883, 1.01854864587, 5.52966005992, 1.26000095217, 1.00000047426, 5.00945117502, 6.72224777235, 1.05650929798, 2.23847929891, 1.0514635144, 1.01399618108, 1.15949521141, 1.15427283391, 0.977723170285, 8.455819471, 1.0000009831, 1.00000017391, 123.831288493, 0.923074677859, 5.42296244807, 1.06920961649, 4.3236442597, 0.870000638708, 137.085430005, 13.7038619064, 681.903274911
4.65606597174, 1.38492048256, 1.52711319106, 1.00000037185, 4.37644161181, 1.06604944936, 3.034815265, 1.26000097422, 1.00000019401, 5.05851341998, 5.61013218314, 1.00679360669, 2.86983853801, 1.11783329144, 1.05912280327, 1.11854856069, 1.01272347348, 1.01795114995, 5.8464838072, 1.00000036252, 1.00000077213, 102.638864797, 1.08436661037, 1.36975594542, 1.06847808039, 3.85004823432, 0.870000558131, 217.074087759, 13.8368203497, 640.885215045
2.29606519256, 1.09838189238, 1.37582863224, 1.00000000743, 5.6443100312, 1.01917496729, 1.51494584092, 1.26000012996, 1.00000029041, 5.09493989598, 6.69972518523, 1.04273111551, 2.24269409625, 1.05753108968, 1.07321861585, 1.29326248076, 1.0258671239, 1.02630838823, 7.78697143236, 1.00000043566, 1.00000089354, 118.58689282, 1.07319916233, 5.8651429023, 1.0357180454, 4.10226176307, 0.870000399327, 206.78203218, 13.582859883, 697.166631502
5.61232464363, 1.27144713678, 1.36363205736, 1.00000032638, 5.90249448859, 1.0373455538, 3.17332061363, 1.26000081258, 1.00000024826, 5.23740167639, 6.33101463345, 1.0300767251, 2.99293506382, 1.00335414559, 1.0305543264, 1.10446589743, 1.1570602194, 0.96357519037, 7.32385456206, 1.0000003635, 1.0000007602, 123.756874996, 0.994469855367, 1.02968293798, 1.06644386613, 4.17665571074, 0.870000555928, 205.744169911, 12.9323927107, 3263.4670703
4.28372131104, 1.1585051126, 1.49917666655, 1.000000937, 7.03540870063, 1.01856522716, 5.56786760444, 1.26000095426, 1.00000070697, 5.01858218151, 6.66483897231, 1.09897518364, 2.24918051638, 1.05703253097, 1.03428685371, 1.15797836788, 1.0259391846, 1.04654455135, 8.55104578007, 1.00000023679, 1.00000093401, 114.050859861, 1.04159904286, 5.50544661524, 1.03630605026, 4.10177285125, 0.870000630113, 101.587764203, 20.5049680857, 494.711774936
2.556073136, 1.20328282226, 1.44352695626, 1.00000042122, 6.37192960776, 1.13469948149, 2.18744091649, 1.26000018068, 1.00000085778, 5.83702062459, 3.5265367901, 1.02342255268, 2.29876363676, 1.08873538658, 1.08410636932, 1.20722501297, 1.08962135221, 0.993675420697, 4.5462465813, 1.00000022044, 1.00000069166, 108.074317312, 0.969031338621, 1.84260067845, 0.994618994678, 4.20769063869, 0.87000053458, 184.344659454, 24.8279517123, 397.51915733
3.6848417892, 1.09584096497, 1.37582863224, 1.00000000426, 6.7756489795, 1.01423554129, 1.51083245642, 1.26000011695, 1.00000073425, 5.28580317645, 4.66158228366, 1.04303000171, 1.63303603512, 1.02753728706, 1.01383968547, 1.29383786499, 1.15436619511, 1.02630838823, 7.7915786485, 1.00000068564, 1.00000055207, 120.044526315, 1.07224672605, 1.16056169005, 1.03917959351, 4.3196647699, 0.870000397618, 403.944822415, 29.9847575427, 384.30990904
2.09904682298, 1.11832085916, 1.61424197136, 1.00000050009, 4.33736623514, 1.10036626797, 1.49927722701, 1.26000074782, 1.00000026782, 5.2788250004, 3.85717368798, 1.05687091115, 2.63631623383, 1.0909617422, 1.06951464087, 1.03166206004, 1.15485302453, 0.990770078442, 8.44157452814, 1.00000012763, 1.00000001648, 92.794012474, 0.922617912955, 2.59985949409, 0.967379248083, 4.17209247305, 0.870000626697, 338.795775409, 17.261526399, 426.520077066
3.01209226576, 1.24437326455, 1.43772102689, 1.00000047701, 4.66551173061, 1.12323143313, 2.07188129374, 1.26000071998, 1.00000073705, 5.45675190682, 6.42079690734, 1.04410186342, 1.50708631677, 1.06598336257, 1.01783041021, 1.16979368812, 1.14221786708, 1.07143337106, 8.57354310465, 1.00000027592, 1.00000004001, 86.1969445662, 1.02601705268, 1.36529869094, 0.97298314847, 3.74319206375, 0.870000886776, 226.224716215, 18.3996073288, 526.221002328
4.20595832973, 1.20113015945, 1.43772102689, 1.00000057943, 5.31576110709, 1.12053707944, 3.16239283214, 1.26000097566, 1.00000075887, 5.20138047306, 3.54217766233, 1.07497204934, 1.50699024001, 1.06658412257, 1.01783041021, 1.22189319041, 1.14221786708, 0.98565346044, 8.57354310465, 1.00000058198, 1.00000004274, 113.552246819, 1.03551984326, 1.37936584366, 1.01336147442, 4.03276438062, 0.870000008479, 217.398695485, 13.4234739224, 1392.5643473
2.11733318841, 1.11832085916, 1.61424197136, 1.00000050009, 4.33736623514, 1.0531973334, 1.50705202317, 1.26000043364, 1.00000026782, 5.55521581994, 3.89060866295, 1.04003793239, 2.60184266184, 1.09087807819, 1.06939414674, 1.14831581868, 1.13741033653, 0.990599169987, 9.59024777639, 1.00000012763, 1.00000074517, 92.794012474, 0.92434204914, 1.73219493834, 0.990166501619, 4.17209247305, 0.870000201137, 132.765773795, 16.685131216, 1043.40700644
5.82345964314, 1.29764384947, 1.47408010127, 1.00000012132, 4.68252194682, 1.01426828832, 1.44853488822, 1.26000052232, 1.00000058183, 5.95505163044, 4.59190520669, 1.02966756757, 2.64522769036, 1.05666672099, 1.07264257449, 1.24147576932, 1.06365245302, 0.965357255117, 7.3215276719, 1.00000066815, 1.00000003957, 96.231724965, 0.9391384579, 5.94984213262, 0.968019991556, 4.16902932194, 0.870000393688, 128.505961768, 16.6393074031, 1150.57480636
5.23651882018, 1.1133535188, 1.61231075434, 1.00000023954, 4.35244043835, 1.03660932391, 2.4582884244, 1.26000060729, 1.00000028727, 5.94735936127, 4.21361098234, 1.08390717055, 2.6044845943, 1.03238228128, 1.06579201832, 1.30788711148, 1.05072895944, 1.06154992555, 9.59041756778, 1.00000083941, 1.00000017625, 76.9394308682, 0.970282579623, 5.01581896027, 0.960721775776, 4.08352721577, 0.870000666124, 221.788260648, 13.3542178025, 1147.28244736
1.16573297416, 1.24750179217, 1.59267435172, 1.00000000814, 6.17042998192, 1.09665034681, 3.62463305577, 1.26000002514, 1.00000006021, 5.51317772554, 5.22387494229, 1.00416185375, 1.54655091213, 1.09531952007, 1.00590017617, 1.60197690386, 1.08481567221, 0.917230613787, 9.32526712365, 1.0000009471, 1.00000045381, 97.5001952209, 0.934031034441, 4.77520850899, 1.0367964163, 3.83031995397, 0.870000511416, 180.448461021, 14.9788435474, 750.21371687
4.26191734245, 1.24471758514, 1.55670576692, 1.00000048079, 6.55985479641, 1.1894042805, 2.10015621123, 1.2600000492, 1.00000073702, 5.45621610152, 5.23604930305, 1.03545662152, 2.52763225301, 1.0253609467, 1.01180530931, 1.25802169769, 1.05775066007, 0.983276646365, 5.54338194002, 1.00000027793, 1.00000086429, 77.572039845, 0.978332474191, 5.42163455626, 0.972577487311, 4.32241099578, 0.870000223329, 143.862360455, 16.8035460407, 827.743943497
3.66764882588, 1.27207280827, 1.56957418645, 1.00000027745, 6.87039227755, 1.12468123031, 5.06461836708, 1.26000025416, 1.00000047279, 5.15270012961, 3.85725955057, 1.05640958204, 1.62041323786, 1.05147542021, 1.00586200079, 1.03550530885, 1.15427283391, 1.06697404212, 8.455819471, 1.0000002301, 1.00000001916, 82.6567666529, 1.0684890227, 4.34685455123, 0.995348895033, 4.32216551353, 0.870000534319, 166.901866752, 15.0054749658, 1229.35485745
5.84422264187, 1.27293347547, 1.7393714539, 1.00000057324, 4.64825255856, 1.12233642269, 4.57188164343, 1.26000097212, 1.00000056459, 5.51136246598, 3.58305859327, 1.00412022843, 1.46298286382, 1.10080486911, 1.00592616649, 1.2304003018, 1.13845378979, 1.07705127244, 7.96166483929, 1.00000004078, 1.00000069124, 113.695433323, 1.02583437644, 4.83374618442, 1.03866939271, 3.80786031736, 0.870000029345, 137.414104661, 14.05402921, 1523.00769793
5.55144632874, 1.28471403975, 1.37459070901, 1.00000041295, 5.90783354008, 1.16639277584, 1.52693661152, 1.26000013081, 1.00000056899, 5.00860162735, 6.34531480772, 1.04303000171, 2.48275899762, 1.02744773052, 1.04044034097, 1.29852203486, 1.02344949233, 1.02627587483, 5.83809877321, 1.00000069415, 1.00000068668, 124.078992618, 1.00909226821, 2.18359338897, 1.03847864377, 4.16210556525, 0.870000554318, 147.519822331, 13.8137372134, 1384.26303905
2.29606519256, 1.09838189238, 1.37582863224, 1.00000000743, 5.6415526791, 1.16687651107, 1.51083245642, 1.26000012996, 1.00000073853, 5.09493989598, 3.52572138939, 1.04303000171, 2.61367401033, 1.02752958293, 1.07321861585, 1.29383786499, 1.02357878494, 1.02630838823, 7.78697143236, 1.00000068564, 1.00000043282, 118.58689282, 1.07319916233, 5.86653151796, 1.03921913945, 4.16146937105, 0.870000397618, 146.223476952, 16.6195438489, 1031.90574283
5.82794319271, 1.29164055604, 1.47473040431, 1.00000085812, 5.38400833828, 1.12112608057, 3.38230775483, 1.26000052228, 1.00000070614, 5.80271095687, 7.35531410814, 1.05336765148, 2.65665686348, 1.05666811832, 1.05318831076, 1.43959925159, 1.01165756105, 1.01788988606, 7.79308553647, 1.00000066873, 1.00000043969, 108.378473836, 1.02401894565, 5.88666048766, 1.01147748042, 4.18116930668, 0.87000038684, 247.045807871, 13.8248739622, 958.754041215
4.73725989035, 1.42329875028, 1.55044348907, 1.00000088765, 5.32606792046, 1.09754526815, 3.10097143561, 1.26000020238, 1.00000029263, 5.20423624912, 6.43927814093, 1.07439616249, 1.06625748141, 1.05796822483, 1.01880108245, 1.52295152015, 1.1133258584, 1.07616475786, 7.51139288026, 1.00000062967, 1.00000001888, 110.28307791, 1.02425645343, 2.0826843971, 1.00368825456, 4.30540116095, 0.870000358789, 252.845309644, 16.0433497132, 749.575172831
2.22033824879, 1.03238639298, 1.58420522823, 1.00000006926, 4.86942363307, 1.09834468361, 1.51340454928, 1.26000019779, 1.00000090789, 5.49912346291, 7.61911358657, 1.08385802711, 2.46145041774, 1.0660168495, 1.05303679629, 1.30813007856, 1.13651500459, 1.08398098717, 9.49498824637, 1.00000067886, 1.00000044319, 88.0421094287, 1.08455860753, 5.00525382545, 1.05633991117, 4.30802161664, 0.870000664796, 268.527669999, 14.6909409274, 858.169027692
4.70242018953, 1.03238639298, 1.47314344683, 1.00000006677, 6.51311086779, 1.09774691237, 3.50329512006, 1.26000019779, 1.00000090116, 5.95509561441, 7.61911358657, 1.02882256989, 2.46812567434, 1.05670258862, 1.03027915315, 1.30813007856, 1.13492765156, 1.0855030032, 9.52843766052, 1.00000067886, 1.00000001908, 87.8449641741, 1.03274584739, 5.94933403035, 1.05133392042, 4.30802161664, 0.870000664796, 128.210201176, 21.8876095848, 774.49626127
4.70266192274, 1.03238639298, 1.45711241187, 1.00000006391, 6.51311086779, 1.09834236662, 3.50329512006, 1.26000051734, 1.00000019498, 5.93868031474, 7.62040768655, 1.08385802711, 2.83113052592, 1.03375314485, 1.03027915315, 1.30813007856, 1.13651500459, 1.0855030032, 9.46654994989, 1.00000045815, 1.00000054698, 88.0421094287, 1.03274584739, 5.01676858804, 1.05423505642, 3.92520171739, 0.870000663808, 145.462914765, 23.1068889082, 533.92201101
4.55626995537, 1.38469014837, 1.7392284641, 1.00000078419, 5.95300714232, 1.09784058462, 4.72400781014, 1.26000097417, 1.00000019728, 5.06955463455, 3.59381492533, 1.09011661436, 2.86532786573, 1.10144751005, 1.01206647176, 1.12426394987, 1.02312844988, 1.07474003549, 8.38518790465, 1.00000004153, 1.00000010393, 86.6056350233, 1.08344285654, 1.37143042537, 1.00137287967, 3.84925637733, 0.870000863349, 488.677801608, 16.1090596769, 788.320239457
4.73725989035, 1.41172267859, 1.55044348907, 1.00000088765, 5.33182793562, 1.09755855266, 1.51271096817, 1.26000075789, 1.00000029263, 5.20083920956, 6.43927814093, 1.07439616249, 1.06625748141, 1.05703532382, 1.01880108245, 1.52295152015, 1.1133258584, 0.990101785426, 7.51139288026, 1.00000062967, 1.00000001887, 92.6017984655, 0.968481318099, 2.08248152544, 1.00368825456, 4.30540116095, 0.870000359478, 546.5972484, 17.5919892803, 613.498190978
4.27815736651, 1.22404160591, 1.54641034379, 1.00000048066, 4.42683956248, 1.02980691863, 1.52890066525, 1.26000077117, 1.00000034086, 5.4669134924, 6.18855752914, 1.03572517549, 1.81247855785, 1.02494589682, 1.01162722804, 1.54313273236, 1.13658141313, 0.915302307368, 9.50223083059, 1.00000074451, 1.00000092746, 112.39529922, 1.03155230323, 4.4542970783, 1.05094262374, 3.97402709285, 0.870000218947, 403.119631804, 17.9431162815, 476.110125127
2.99945775681, 1.39970365139, 1.48298520486, 1.00000043825, 6.50419282074, 1.12362451619, 2.06069400181, 1.2600002569, 1.00000027321, 5.14960107492, 4.53636316628, 1.04476403553, 2.96099046437, 1.05049116936, 1.07077198974, 1.17120240431, 1.13667576342, 1.06698624963, 3.72975966518, 1.0000002534, 1.00000008725, 86.0408550767, 0.919262421297, 5.63852084265, 1.00256306615, 3.50782050461, 0.870000684479, 249.223112703, 13.4472413636, 2416.05250234
2.2845868445, 1.42508585192, 1.34787492824, 1.00000055555, 5.61370788255, 1.09753793438, 2.48754330957, 1.26000020233, 1.00000093046, 6.19403229285, 4.51212931228, 1.04236908447, 2.61958953664, 1.10035962739, 1.00708081635, 1.27904084414, 1.02357877562, 1.06070445994, 9.25358902109, 1.00000068487, 1.00000076661, 118.87011173, 1.08790565224, 4.75943365451, 0.95500650017, 4.16189111572, 0.870000397573, 297.192988501, 14.0537752178, 1714.69280166
2.27105406208, 1.21652053219, 1.68051533758, 1.00000012055, 5.01675045923, 1.00408028934, 4.15401314126, 1.26000048543, 1.00000058878, 5.97748540461, 4.63427013443, 1.05508644611, 1.3580475421, 1.05102687082, 1.03013106516, 1.14881504033, 1.02867122541, 1.07938402092, 9.58978781624, 1.00000094836, 1.00000008275, 123.632272057, 0.924210820373, 4.70602106654, 1.06633743721, 4.33061217362, 0.870000719287, 159.765957598, 17.9066679006, 2454.91117893
2.27105406208, 1.27048085036, 1.55172963206, 1.00000023693, 6.46244109993, 1.01393174471, 3.17299678723, 1.26000048543, 1.00000029403, 5.01858508646, 6.64347261599, 1.03004244725, 2.24756958092, 1.06069180571, 1.08058779652, 1.14899382631, 1.15655792255, 0.921600200773, 4.62855816479, 1.00000099004, 1.000000915, 123.841053323, 1.04551829495, 1.32274916235, 1.06659576527, 4.10182502528, 0.870000645859, 277.886701321, 14.6570290185, 1301.64123788
4.89268952282, 1.24805369408, 1.59267435172, 1.00000000814, 4.50633221457, 1.17161770853, 3.61277774274, 1.26000002514, 1.00000006034, 5.23821081706, 5.25984746346, 1.09083562903, 3.42574435053, 1.06451810343, 1.00399536527, 1.60124382578, 1.15665712237, 0.984822584901, 9.33737981023, 1.00000093068, 1.00000045381, 97.6185064249, 0.948130601146, 4.77520850899, 0.999788821101, 3.83616085323, 0.87000066629, 335.566977698, 18.0411622072, 863.471505084
2.27105406208, 1.27048085036, 1.52350751134, 1.00000023045, 6.46244109993, 1.08672867493, 3.17367696895, 1.26000048543, 1.00000029403, 5.01858508646, 7.40487108804, 1.03004244725, 2.12345987107, 1.06069180571, 1.06597712399, 1.14899382631, 1.15655792255, 0.922534752461, 4.6276480319, 1.00000099947, 1.000000915, 123.841053323, 1.04551829495, 1.32274916235, 1.01131401377, 4.11272259149, 0.870000645675, 277.882264394, 13.8686763251, 1758.62914446
2.17871683912, 1.03238639298, 1.58357236496, 1.00000001283, 4.87738510942, 1.09285132275, 1.49370151727, 1.26000019779, 1.00000090807, 5.49912346291, 7.61911358657, 1.00457795813, 1.47870330517, 1.02580662199, 1.05303679629, 1.51523684269, 1.13759721419, 1.0835360739, 9.49498824637, 1.00000062979, 1.00000044477, 88.0421094287, 1.08610483358, 1.74922878736, 1.03881342794, 3.54691806747, 0.870000394478, 186.190414986, 18.8586956976, 949.39142851
