0.988509287565, 0.999999996441, 0.999980178097, 1.16271285266e-06, 0.313358468234, 0.700040752529, 0.999188942526, 0.618622173858, 0.996730294807, 0.000363213335998, 0.0020740757541, 0.623448320279, 0.995617526535, 0.311577473072, 1.1170320614e-12, 2.04013068868e-18, 3.58757033172e-08, 6.41676285932, 355.469211069
1.85174764411e-10, 0.0941410736274, 0.999980178097, 0.999993694543, 0.313358468234, 0.114041812145, 0.370491134079, 0.618622173858, 0.996730294807, 0.000326112374012, 0.945017187084, 0.623448320279, 0.858507747515, 0.311577473072, 2.64559012613e-07, 0.0267107537348, 857.868909524, 127.791462974, 2.52283280587e-07
0.999989758578, 0.999999110195, 1.2802908389e-07, 0.861001735439, 0.313358468234, 0.0265595273133, 0.999188942526, 0.477296752841, 0.996730294807, 0.00468096298008, 0.195256945074, 0.601264895286, 0.609619145794, 0.50080252493, 1.80347388314e-09, 8.12833590802e-09, 1.67442304682e-15, 0.00595692222125, 370.28985062
2.56473298155e-09, 4.32513084477e-05, 6.62681216568e-08, 2.24951737238e-08, 0.447445736499, 0.114041812145, 0.999188942526, 0.618622173858, 0.983145314162, 8.48117661826e-05, 0.959408053414, 0.71018126957, 0.329747016441, 0.445954292361, 995.847843496, 3.51886184097e-05, 0.000103661508657, 0.0676569031969, 4.01194547448e-06
2.56473298155e-09, 0.999999961662, 6.11036246378e-07, 0.994091425257, 0.586163873276, 0.755844783474, 0.643841572304, 0.0531679869506, 0.491081520026, 0.00189538323032, 0.714511360139, 0.71018126957, 0.0632456412437, 0.063995034829, 6.30065943897e-07, 6.7884547094e-05, 6.51593105486e-11, 1127.30712416, 4.54155193909e-06
2.56473298155e-09, 9.304704046e-05, 6.11036246378e-07, 0.98779267399, 0.150591572458, 0.114041812145, 0.999188942526, 0.618622173858, 0.961557197121, 8.48117661826e-05, 0.714511360139, 0.71018126957, 0.329747016441, 0.135614783546, 18.1768348963, 947.817251978, 0.000909895059938, 0.138556498998, 3.81914805992e-06
0.999890070251, 4.32513084477e-05, 0.999675345662, 0.999605720331, 0.313358468234, 0.105031558735, 0.643841572304, 0.0531679869506, 0.997798277552, 0.0638480823717, 0.679655600197, 0.284325145737, 0.993468172244, 0.9982548358, 4.70103615929e-08, 7.59048062826e-05, 0.148842938275, 1.01122411839e-05, 861.972034792
1.76120007467e-10, 0.000204614970709, 0.525504713488, 0.924333145376, 0.999465642819, 0.998978893249, 0.999517107608, 0.618622173858, 0.228649708104, 0.695170148128, 0.0020740757541, 0.000103168950658, 0.870229351165, 0.00841886063517, 40.9084582605, 342.559240937, 373.805689555, 0.16349269043, 1.40724475122e-07
0.988509287565, 0.999999996441, 0.999980178097, 0.999993694543, 0.313358468234, 0.700040752529, 0.370491134079, 0.618622173858, 0.996730294807, 0.000363213335998, 0.945017187084, 0.623448320279, 0.995617526535, 0.311577473072, 2.02091685848e-17, 2.04038456268e-12, 6.55310028752e-08, 11.7209383093, 649.304452281
0.999996696351, 1.67716877267e-05, 0.998410055965, 0.004266115019, 0.978972377277, 0.0373493204854, 0.0062851310106, 0.580706516372, 0.119143428235, 0.412507444244, 0.0020740757541, 0.702658217526, 0.685375342627, 0.0836580571771, 8.2479907576e-06, 5.52722448871e-08, 0.00330259484884, 8.70068204841e-08, 636.41864948
0.999991912999, 0.237253852943, 3.11638486128e-08, 0.861001735439, 0.313358468234, 0.114041812145, 0.783583892814, 0.0016174041988, 0.996730294807, 0.00592110128241, 0.0020740757541, 0.139230258367, 0.329747016441, 0.279030399034, 0.00168586231904, 0.00759825542912, 3.80995536126e-10, 0.00304275101744, 657.848602169
3.25099047682e-09, 0.0941410736274, 6.11036246378e-07, 2.89695384348e-08, 0.990773865435, 0.00138903602136, 0.385779647399, 0.0236856060201, 0.207880623226, 0.380498149871, 0.959408053414, 0.799965701051, 0.762856602314, 0.982368372802, 767.143014864, 3.49090305056e-05, 0.000736314215461, 114.276583571, 3.96075311474e-06
1.85174764411e-10, 0.999999999662, 0.999980178097, 0.999993694543, 0.313358468234, 0.114041812145, 0.370491134079, 0.618622173858, 0.996730294807, 0.000326112374012, 0.945017187084, 0.623448320279, 0.995617526535, 0.311577473072, 1.14246451104e-16, 1.15346999158e-11, 3.70459798204e-07, 696.763552943, 2.02668896517e-07
1.81313186687e-09, 0.999999972126, 0.999705606539, 0.999876504987, 0.313358468234, 0.378520906144, 0.999188942526, 0.618622173858, 0.491081520026, 0.00189538323032, 0.714511360139, 0.71018126957, 0.160643544581, 0.0949282260135, 2.05996930123e-12, 1.06191913682e-08, 2.29637805964e-05, 524.465418533, 1.49370943959e-06
1.65669133967e-09, 0.000139241560366, 0.99931425053, 2.89695384348e-08, 0.915305445519, 0.209398762794, 0.827704656187, 0.99362781905, 0.772282443233, 7.4175880341e-05, 0.886374071873, 0.112729095388, 0.870229351165, 0.557008594045, 0.888090718524, 4.041278534e-08, 824.464206235, 0.180327027147, 2.14552484028e-06
2.56473298155e-09, 0.999999961662, 6.11036246378e-07, 0.861001735439, 0.586163873276, 0.56655704046, 0.643841572304, 0.477296752841, 0.491081520026, 0.00189538323032, 0.714511360139, 0.71018126957, 0.134142315476, 0.063995034829, 1.20981986364e-05, 5.45271119908e-05, 5.36085896113e-11, 927.470602067, 3.73647590883e-06
0.26490122221, 0.00966700096052, 0.0545213689958, 0.0425425743388, 0.979056904356, 0.294103560521, 0.998663560255, 0.499971625094, 0.970139792024, 0.802954651803, 0.195256945074, 0.404905159125, 0.59511997678, 0.311577473072, 319.83462079, 21.405050826, 27.5198548507, 4.88579850589, 142.191729689
2.56473298155e-09, 0.999999961662, 6.11036246378e-07, 0.994091425257, 0.586163873276, 0.755844783474, 0.643841572304, 0.0531679869506, 0.491081520026, 0.00189538323032, 0.714511360139, 0.71018126957, 0.0632456412437, 0.063995034829, 6.30065943897e-07, 6.7884547094e-05, 6.51593105486e-11, 1127.30712416, 4.54155193909e-06
2.56473298155e-09, 0.157913580656, 1.12829539045e-08, 0.98779267399, 0.150591572458, 0.114041812145, 0.999188942526, 0.618622173858, 0.961557197121, 8.48117661826e-05, 0.714511360139, 0.71018126957, 0.230732443755, 0.135614783546, 17.8102728788, 928.703153946, 1.64626391533e-05, 235.25207969, 3.86028103127e-06
0.154951236189, 0.0842339844419, 0.999749851727, 0.991735228291, 0.211839443151, 0.906446221864, 0.792704480552, 0.522968938991, 0.807920556683, 8.48117661826e-05, 0.620043331342, 0.998278169447, 0.364658878924, 0.000825105299617, 0.00243772014725, 0.187762434751, 477.889952, 63.6033472668, 119.716039708
0.988509287565, 0.999999998909, 0.999980178097, 0.861001735439, 0.313358468234, 0.700040752529, 0.999188942526, 0.618622173858, 0.997909015992, 0.00510282862098, 0.0020740757541, 0.934424928862, 0.999006975896, 0.311577473072, 9.14920160504e-14, 4.12358530008e-13, 1.35657810513e-08, 7.9173114551, 438.595054615
0.587728268151, 6.11077773799e-05, 0.105274466029, 2.68985967833e-07, 0.559654361902, 0.00380896482297, 0.999807734836, 0.797274168995, 0.19536262949, 0.592925294166, 0.895612102262, 0.702658217526, 0.277469944733, 0.387263247279, 247.770065026, 0.000104688345593, 41.3500348691, 0.0241118460729, 332.088019618
2.32646106713e-07, 1.33179995574e-05, 0.999675345662, 0.999605720331, 0.85713703685, 0.105031558735, 0.999188942526, 0.618622173858, 0.996040515748, 0.0638480823717, 0.679655600197, 0.284325145737, 0.996715459974, 0.9982548358, 0.000220777346628, 0.356475916363, 699.019277097, 0.0146233906626, 0.000255449393145
9.78324865564e-10, 0.000204614970709, 1.71620410061e-06, 0.997509173946, 0.690592860825, 0.998978893249, 0.999517107608, 0.981584479598, 0.00572924299467, 0.184832140873, 0.945017187084, 0.39173050841, 0.870229351165, 0.063995034829, 3.10214282107, 792.859612192, 0.00213741292973, 0.254833733887, 1.21843568862e-06
7.20954400624e-08, 0.000206073427236, 0.999984050994, 0.999727317965, 0.368334044381, 0.401767830483, 0.16557087567, 0.190366528143, 0.508462389498, 0.695170148128, 0.482236846748, 0.703808088367, 0.59511997678, 0.448450671845, 6.76067836468e-06, 0.0157838826897, 630.028759279, 0.203939927556, 7.13490296998e-05
7.20954400624e-08, 0.00966700096052, 0.0545213689958, 0.0425425743388, 0.994915998728, 0.0303447768307, 0.998663560255, 0.499971625094, 0.970139792024, 0.802954651803, 0.195256945074, 0.404905159125, 0.59511997678, 0.311577473072, 425.02366591, 28.444866752, 36.5707426078, 6.49266795053, 4.84234711781e-05
4.76702854968e-09, 9.304704046e-05, 0.172382104609, 0.999848126222, 0.604213152413, 0.17456942428, 0.999776404771, 0.802875255041, 0.772282443233, 8.48117661826e-05, 0.694060243812, 0.404893680896, 0.254235799792, 0.569702013404, 0.150789922846, 632.076492022, 175.461291865, 0.0958764270642, 4.91198499623e-06
0.999991912999, 4.32513084477e-05, 0.341521269768, 0.46882509192, 0.313358468234, 0.114041812145, 0.783583892814, 0.0107581130877, 0.996730294807, 0.00592110128241, 0.0020740757541, 0.601264895286, 0.329747016441, 0.821639266963, 0.00403116101026, 0.00365449755428, 0.00323543433155, 4.30079320618e-07, 498.335794677
0.203538145257, 0.00966700096052, 1.44753994125e-07, 3.68021863983e-07, 0.726500738535, 0.401767830483, 0.374996508126, 0.0236856060201, 0.721315247149, 0.184832140873, 0.710969087119, 0.702658217526, 0.908561218518, 0.50080252493, 503.871050145, 0.000291281501346, 0.000114569716804, 7.65181439877, 166.838505522
0.125471077923, 0.654922433644, 0.99901299675, 0.999848126222, 0.00522489229258, 0.401767830483, 0.385779647399, 0.0125359296709, 0.207880623226, 0.243642025438, 0.00439932079447, 0.702658217526, 0.967932857399, 0.293202249409, 0.000103935245565, 0.435672518258, 281.009738502, 466.627506151, 108.768432812
4.81456857715e-08, 6.11077773799e-05, 0.468040408656, 0.950647327489, 0.559654361902, 0.00380896482297, 0.999776404771, 0.334650756966, 0.19536262949, 0.281418336495, 0.895612102262, 0.702658217526, 0.277469944733, 0.505218993456, 34.1475425379, 439.599986609, 398.73617216, 0.0570627305972, 4.49586684153e-05
4.76702854968e-09, 0.999999666162, 2.58691537858e-07, 2.89695384348e-08, 0.975897506446, 0.17456942428, 0.512248722353, 0.830985613874, 0.816272449392, 0.153893610918, 0.596787052077, 0.799965701051, 0.509936317119, 0.063995034829, 0.000465491016121, 2.11822825301e-11, 1.89153073854e-10, 887.677990479, 6.64696025352e-06
4.76702854968e-09, 9.304704046e-05, 0.172382104609, 1.98265845963e-08, 0.738614006408, 0.17456942428, 0.999776404771, 0.802875255041, 0.812381520908, 8.48117661826e-05, 0.694060243812, 0.404893680896, 0.254235799792, 0.569702013404, 719.495188873, 2.24076173063e-05, 199.728281832, 0.109136515765, 5.59133192999e-06
1.76120007467e-10, 6.79409225113e-05, 0.999980178097, 0.924333145376, 0.999465642819, 0.999276307075, 0.71230978938, 0.981584479598, 0.996730294807, 0.695170148128, 0.0020740757541, 0.000726765569928, 0.870229351165, 0.0301414460535, 0.00203013864031, 0.0169999746066, 549.867378494, 0.0586825900408, 1.5212007482e-07
4.379047569e-09, 0.167570710827, 0.314328774089, 0.746866252382, 0.986322558507, 0.103422259977, 0.311817083541, 0.797274168995, 0.694024638096, 0.500728280302, 0.913665025473, 0.887897422347, 0.000263100721939, 0.107161931295, 89.9192429515, 214.097291852, 124.979681159, 71.0624474294, 1.87866058162e-06
0.999991912999, 4.32513084477e-05, 0.19673054485, 0.214589531057, 0.113973470836, 0.114041812145, 0.783583892814, 0.0107581130877, 0.996730294807, 0.00592110128241, 0.171480132895, 0.601264895286, 0.329747016441, 0.311577473072, 0.00638672514326, 0.00223823351431, 0.00216055400229, 4.82644010477e-07, 559.242853531
0.299177367422, 0.00966700096052, 0.999749851727, 0.991735228291, 0.211839443151, 0.792300041548, 0.999294580567, 0.902276744268, 0.807920556683, 8.48117661826e-05, 0.620043331342, 0.998278169447, 0.364658878924, 0.0104917919127, 0.00203742913092, 0.156930505204, 399.417017034, 6.06556998483, 202.886853075
0.18121577153, 0.00966700096052, 0.0545213689958, 0.0425425743388, 0.994808817943, 0.0303447768307, 0.998663560255, 0.499971625094, 0.970139792024, 0.802954651803, 0.195256945074, 0.404905159125, 0.59511997678, 0.107161931295, 404.799229656, 27.0913388416, 34.8305509151, 6.18371915634, 119.159190219
4.81456857715e-08, 0.265621795661, 0.105274466029, 0.880140000349, 0.559654361902, 0.00300783686203, 0.999776404771, 0.797274168995, 0.883443929889, 0.281418336495, 0.895612102262, 0.702658217526, 0.277469944733, 0.387263247279, 87.9249501771, 461.470057519, 78.3996018449, 211.112542614, 3.93987557874e-05
3.97464516855e-07, 0.0842339844419, 0.291453148793, 0.658564243167, 0.00619997302753, 0.888520992722, 0.907546107449, 0.0107581130877, 0.491081520026, 0.296564404389, 0.710969087119, 0.390955760162, 0.825257078145, 0.510254379014, 156.585797917, 263.414453254, 150.992386191, 45.4670467836, 0.000215167023943
3.25099047682e-09, 0.0941410736274, 0.000301282655518, 2.89695384348e-08, 0.693778963616, 0.00138903602136, 0.385779647399, 0.0236856060201, 0.207880623226, 0.380498149871, 0.959408053414, 0.799965701051, 0.659904913536, 0.995565500846, 696.39635658, 3.16896865185e-05, 0.329572169094, 103.737899989, 3.59548909898e-06
0.127653912694, 0.474948859568, 0.00275822714816, 0.920287742249, 0.604213152413, 0.401767830483, 0.875223813159, 0.499971625094, 0.721315247149, 0.998168647919, 0.77069552276, 0.998278169447, 0.99653195041, 0.996440686724, 39.6225339335, 314.788820254, 1.37462831505, 293.239328962, 87.8107195155
0.628140642104, 0.427514033246, 0.0247840661725, 0.935228817752, 0.690592860825, 0.68645696507, 0.904806431838, 0.697674971604, 0.998602022962, 8.48117661826e-05, 0.0020740757541, 0.996101040194, 0.716383993145, 0.0836580571771, 13.4617399111, 131.855220915, 5.16251040601, 105.417827258, 256.298371587
8.12451295129e-09, 4.1879669766e-05, 8.86379869502e-08, 0.991761550207, 0.690592860825, 0.91890359554, 0.710471748603, 0.886342791787, 0.0633885191583, 0.184832140873, 0.908975114039, 0.39173050841, 0.655781494783, 0.103125564302, 8.72838927335, 674.441811432, 9.39118970669e-05, 0.0443714865066, 8.60791689774e-06
4.76702854968e-09, 0.999999666162, 6.44086959989e-07, 0.982945175868, 0.975897506446, 0.17456942428, 0.512248722353, 0.677536466953, 0.797623204026, 0.153893610918, 0.596787052077, 0.39173050841, 0.509936317119, 0.063995034829, 1.10230082548e-05, 0.000411366666301, 4.16341155278e-10, 784.745994413, 5.87620228272e-06
7.20954400624e-08, 0.118681102299, 0.00275822714816, 0.0844431080402, 0.68094885178, 0.00138903602136, 0.385779647399, 0.607987963803, 0.207880623226, 0.695170148128, 0.959408053414, 0.799965701051, 0.964826933729, 0.982368372802, 630.260090948, 84.0933040174, 2.75488964812, 119.93044493, 7.32780929924e-05
9.78324865564e-10, 0.000204614970709, 1.92536210519e-06, 0.861001735439, 0.690592860825, 0.56655704046, 0.999517107608, 0.981584479598, 0.00572924299467, 0.184832140873, 0.00680285962605, 0.39173050841, 0.870229351165, 0.063995034829, 159.678268302, 719.676960172, 0.00222948693404, 0.236935389028, 1.13285839157e-06
4.81456857715e-08, 0.244502030886, 0.105274466029, 0.920638854594, 0.559654361902, 0.00380896482297, 0.681914964125, 0.198391687026, 0.883443929889, 0.281418336495, 0.195256945074, 0.702658217526, 0.277469944733, 0.997803329335, 62.0686434407, 495.320824197, 83.3099574152, 204.53035873, 4.12821584516e-05
0.26490122221, 0.118681102299, 0.00275822714816, 2.89695384348e-08, 0.693778963616, 0.00138903602136, 0.385779647399, 0.0236856060201, 0.207880623226, 0.695170148128, 0.959980170759, 0.799965701051, 0.659904913536, 0.982368372802, 622.951514753, 2.83475610293e-05, 2.69902476483, 117.498441778, 280.14500304
1.07696995766e-09, 0.00200998671132, 0.409568238984, 1.20263951797e-07, 0.690592860825, 0.209398762794, 0.317145717812, 0.00108454531724, 0.390829291816, 0.695170148128, 0.38264242079, 0.702658217526, 0.870229351165, 0.981134447712, 354.647821897, 6.69965816472e-05, 265.901190979, 1.39949724016, 7.49865150391e-07
0.628140642104, 9.45801868157e-07, 0.655930026121, 0.849091398987, 0.898535821099, 0.000844296408394, 0.0062851310106, 0.300546635959, 0.999301524485, 0.191999414948, 0.0020740757541, 0.997568357293, 0.000850201174116, 0.0836580571771, 17.8278911865, 73.7943713871, 126.516185994, 0.000219203329867, 223.193819743
0.125471077923, 0.654922433644, 0.99901299675, 1.98265845963e-08, 0.00522489229258, 0.401767830483, 0.385779647399, 0.0125359296709, 0.207880623226, 0.243642025438, 0.00680285962605, 0.702658217526, 0.908561218518, 0.293202249409, 0.334431377765, 1.04153723945e-08, 215.70897268, 358.193066591, 83.4929316931
4.76702854968e-09, 0.000139241560366, 0.341521269768, 1.20263951797e-07, 0.930771799216, 0.209398762794, 0.999776404771, 0.99362781905, 0.390829291816, 0.184832140873, 0.895612102262, 0.431163366743, 0.870229351165, 0.106667435918, 543.257443351, 0.000102626858003, 323.036247957, 0.138240999805, 4.73277372308e-06
7.47613260188e-09, 4.32513084477e-05, 0.314328774089, 2.89695384348e-08, 0.983124587401, 0.17456942428, 0.109964394449, 0.870046847565, 0.772282443233, 8.48117661826e-05, 0.886374071873, 0.588638281011, 0.00509242090058, 0.386482478165, 577.71550445, 2.62890853175e-05, 310.932362457, 0.0445730633058, 7.70460233372e-06
1.07696995766e-09, 9.304704046e-05, 0.468040408656, 0.920638854594, 0.992423318209, 0.91890359554, 0.643841572304, 0.797274168995, 0.410898002772, 0.184832140873, 0.908975114039, 0.687906697657, 0.993468172244, 0.505218993456, 45.9349094394, 366.57023485, 334.088955609, 0.0728006256249, 8.42628487572e-07
8.12451295129e-09, 9.304704046e-05, 0.395115360241, 0.920638854594, 0.1073190865, 0.91890359554, 0.16557087567, 0.797274168995, 0.410898002772, 0.184832140873, 0.908975114039, 0.710449214004, 0.993468172244, 0.505218993456, 46.029569517, 367.325642172, 264.649029852, 0.06651165732, 5.80754444806e-06
0.0378803829648, 0.705812257585, 0.731103865129, 0.98684271284, 0.717095541502, 0.401767830483, 0.385779647399, 0.0125359296709, 0.207880623226, 0.695170148128, 0.00680285962605, 0.702658217526, 0.908561218518, 0.50080252493, 0.943237318108, 45.6323571668, 101.555197175, 223.539752868, 14.8772795031
5.0803706686e-08, 0.249711120251, 0.573182339667, 3.68021863983e-07, 0.690592860825, 0.401767830483, 0.581162395384, 0.000201073328551, 0.807920556683, 0.191127148848, 0.0011831103068, 0.772288755107, 0.908561218518, 0.901073914483, 203.255033148, 0.000117499172049, 256.319118597, 135.326579204, 2.8251063135e-05
1.65669133967e-09, 0.000139241560366, 0.99931425053, 1.20263951797e-07, 0.915305445519, 0.209398762794, 0.916823933405, 0.99362781905, 0.390829291816, 0.184832140873, 0.00433292331442, 0.112729095388, 0.870229351165, 0.557008594045, 0.715086152123, 1.35087049229e-07, 663.854406428, 0.145198409663, 1.72756574336e-06
1.49181355813e-06, 0.178393598748, 0.291453148793, 0.935228817752, 0.690592860825, 0.888520992722, 0.907546107449, 0.0107581130877, 0.19536262949, 0.296564404389, 0.710969087119, 0.390955760162, 0.825257078145, 0.510254379014, 29.0284227907, 284.327963929, 140.824746995, 91.6955319661, 0.000776930393925
0.26490122221, 6.11077773799e-05, 0.0624869302966, 0.950647327489, 0.559654361902, 0.00380896482297, 0.999776404771, 0.580706516372, 0.883443929889, 0.281418336495, 0.895612102262, 0.702658217526, 0.59511997678, 0.387263247279, 34.7745634158, 447.671969218, 44.2153572537, 0.0433089856359, 199.386330793
3.06830032271e-07, 0.000112914279513, 0.294272144573, 0.98684271284, 0.915305445519, 0.91890359554, 0.512248722353, 0.802440796023, 0.998602022962, 0.487861228632, 0.280977514691, 0.825520833578, 0.908561218518, 0.0509464331221, 12.3093723996, 595.508327603, 296.77166818, 0.11803194952, 0.000320736643995
9.87257253726e-09, 0.619219685993, 0.573182339667, 3.68021863983e-07, 0.690592860825, 0.401767830483, 0.485798275966, 0.405247563465, 0.822089491058, 0.695170148128, 0.000666934912644, 0.772288755107, 0.908561218518, 0.901073914483, 127.285307642, 7.35820315504e-05, 160.515866986, 300.646387777, 5.64183813597e-06
0.598378991575, 9.304704046e-05, 0.172511575966, 0.920638854594, 0.780475466468, 0.103422259977, 0.52678004348, 0.392444793751, 0.410898002772, 0.184832140873, 0.496394561796, 0.687906697657, 0.993468172244, 0.505218993456, 25.6890777389, 205.004241322, 57.398477896, 0.0313409996674, 293.566025783
0.125471077923, 0.705812257585, 0.433191925393, 2.89695384348e-08, 0.00522489229258, 0.401767830483, 0.385779647399, 0.0125359296709, 0.207880623226, 0.191127148848, 0.0011831103068, 0.702658217526, 0.426948699875, 0.293202249409, 110.8327211, 5.04347007918e-06, 89.7098131391, 286.279155208, 63.8630415041
4.81456857715e-08, 0.529475576311, 0.0189564415538, 0.0425425743388, 0.993021134592, 0.294103560521, 0.998663560255, 0.499971625094, 0.998010936907, 0.802954651803, 0.195256945074, 0.39173050841, 0.277469944733, 0.311577473072, 170.582132117, 11.4162725691, 5.0922421369, 187.659221165, 1.92025013612e-05
0.0552668387444, 0.746827169445, 0.999541143237, 0.719978214993, 0.868279167777, 0.0071400630302, 0.193726237532, 0.607987963803, 0.491081520026, 0.99892378536, 0.204803437734, 0.623448320279, 0.992980858633, 0.0949282260135, 0.0498575080473, 0.105943187457, 162.449119743, 386.724184256, 36.5061729967
0.999991912999, 4.32513084477e-05, 0.341521269768, 0.214589531057, 0.313358468234, 0.114041812145, 0.783583892814, 0.0107581130877, 0.996730294807, 0.00592110128241, 0.171480132895, 0.601264895286, 0.329747016441, 0.311577473072, 0.0056147103154, 0.00196768023035, 0.00353775040163, 4.70265545002e-07, 544.899842525
6.01845501214e-07, 0.999999110195, 6.44086959989e-07, 0.999848126222, 0.993021134592, 0.17456942428, 0.512248722353, 0.677536466953, 0.19536262949, 0.153893610918, 0.596787052077, 0.282907186457, 0.671687886417, 0.0836580571771, 2.4515897949e-07, 0.00102764975814, 1.03970353454e-09, 735.242136309, 0.00069508078644
0.628140642104, 0.427514033246, 0.0247840661725, 0.438103553283, 0.00619997302753, 0.68645696507, 0.904806431838, 0.697674971604, 0.998602022962, 8.48117661826e-05, 0.0020740757541, 0.996101040194, 0.716383993145, 0.0836580571771, 106.133526566, 87.2700558275, 5.35201570353, 109.287502115, 265.706565535
2.88370105572e-10, 0.286905317456, 0.999980178097, 0.999993694543, 0.313358468234, 0.114041812145, 0.999776404771, 0.618622173858, 0.996730294807, 0.000326112374012, 0.945017187084, 0.623448320279, 0.995617526535, 0.311577473072, 1.64372748059e-07, 0.0165956167992, 533.00119599, 257.909391112, 2.68213561237e-07
0.567899911881, 0.351609745089, 0.341521269768, 0.764303161276, 0.813448930319, 0.91890359554, 0.998663560255, 0.499971625094, 0.19536262949, 0.599978839035, 0.195256945074, 0.39173050841, 0.59511997678, 0.997803329335, 37.1845916889, 95.8045326516, 61.108588644, 73.685191264, 174.124496379
9.41943079091e-10, 0.999999110195, 1.2802908389e-07, 3.68021863983e-07, 0.726500738535, 0.401767830483, 0.999188942526, 0.0107581130877, 0.521012964283, 8.48117661826e-05, 0.99518154439, 0.997652134046, 0.000850201174116, 0.107161931295, 0.00055029339668, 3.18117674591e-10, 1.1066819239e-10, 393.712816893, 5.82537770769e-07
0.26490122221, 0.0479096802952, 0.0247840661725, 3.68021863983e-07, 0.0884323205076, 0.0136547496087, 0.998663560255, 0.48582756683, 0.998010936907, 0.802954651803, 0.195256945074, 0.601264895286, 0.59511997678, 0.311577473072, 227.613876743, 0.000131580712418, 8.86565151052, 17.1748139343, 100.946819655
1.49181355813e-06, 0.0842339844419, 0.291453148793, 0.438103553283, 0.00619997302753, 0.888520992722, 0.907546107449, 0.0107581130877, 0.491081520026, 0.296564404389, 0.710969087119, 0.390955760162, 0.825257078145, 0.510254379014, 236.697935107, 194.628810324, 150.992386191, 45.4670467835, 0.000807591797428
0.00635988861673, 0.474948859568, 0.00275822714816, 0.920287742249, 0.999465642819, 0.993099955619, 0.875223813159, 0.499971625094, 0.721315247149, 0.998168647919, 0.38264242079, 0.998278169447, 0.99653195041, 0.981134447712, 43.3628297119, 344.504317437, 1.50439075004, 320.920593012, 4.72364068264
0.628140642104, 9.45801868157e-07, 0.409568238984, 0.849091398987, 0.898535821099, 0.000844296408394, 0.0062851310106, 0.300546635959, 0.999301524485, 0.191999414948, 0.0020740757541, 0.997568357293, 0.201646142579, 0.0836580571771, 26.1034622651, 108.049155603, 83.3416558164, 0.000206404626075, 210.162121781
0.170273270041, 0.427514033246, 0.998960953812, 0.800749343239, 0.690592860825, 0.91890359554, 0.00337784400398, 5.64626311838e-05, 0.19536262949, 0.599978839035, 0.00867069717599, 0.39173050841, 0.59511997678, 0.882573976729, 0.112137892866, 0.346512228544, 223.147157991, 177.348609537, 78.1094129404
0.170273270041, 0.427514033246, 0.341521269768, 0.800749343239, 0.690592860825, 0.91890359554, 0.00337784400398, 5.64626311838e-05, 0.19536262949, 0.599978839035, 0.00867069717599, 0.39173050841, 0.59511997678, 0.997803329335, 50.4444491691, 155.876109783, 97.4211026294, 151.490616663, 66.7208114256
1.49181355813e-06, 0.178393598748, 0.291453148793, 0.438103553283, 0.00619997302753, 0.888520992722, 0.907546107449, 0.0107581130877, 0.19536262949, 0.296564404389, 0.710969087119, 0.390955760162, 0.825257078145, 0.510254379014, 228.268415326, 187.697497613, 145.615096754, 94.8146831017, 0.000803358762554
4.379047569e-09, 0.167570710827, 0.314328774089, 0.607270321191, 0.986322558507, 0.114041812145, 0.311817083541, 0.797274168995, 0.694024638096, 0.500728280302, 0.913665025473, 0.887897422347, 0.000263100721939, 0.107161931295, 150.729497856, 212.523496731, 140.22995418, 79.7336307349, 2.10789853868e-06
9.78324865564e-10, 0.000204614970709, 3.35795383066e-06, 0.165145894695, 0.690592860825, 0.401767830483, 0.999517107608, 0.981584479598, 0.00572924299467, 0.184832140873, 0.00680285962605, 0.39173050841, 0.870229351165, 0.063995034829, 568.056999635, 150.756926925, 0.00310003129519, 0.188898616983, 9.03180332343e-07
0.0543504028342, 0.00966700096052, 1.44753994125e-07, 0.999605720331, 0.726500738535, 0.401767830483, 0.686042276392, 0.44036758387, 0.721315247149, 0.184832140873, 0.710969087119, 0.702658217526, 0.908561218518, 0.807914800187, 0.344524243167, 556.282594967, 0.000126487027928, 8.44774071676, 47.6129626172
0.0378803829648, 0.392918413568, 0.990576373868, 0.98684271284, 0.196107829009, 0.401767830483, 0.385779647399, 0.136369530673, 0.207880623226, 0.695170148128, 0.00680285962605, 0.702658217526, 0.908561218518, 0.50080252493, 0.082387720033, 3.98578999635, 269.300726675, 191.138965749, 19.6745856342
3.25099047682e-09, 0.0941410736274, 6.11036246378e-07, 2.89695384348e-08, 0.990773865435, 0.00138903602136, 0.385779647399, 0.0236856060201, 0.207880623226, 0.380498149871, 0.959408053414, 0.799965701051, 0.762856602314, 0.982368372802, 767.143014864, 3.49090305056e-05, 0.000736314215461, 114.276583571, 3.96075311474e-06
0.125471077923, 0.000910729996658, 0.433191925393, 2.89695384348e-08, 0.00522489229258, 0.401767830483, 0.385779647399, 0.0125359296709, 0.207880623226, 0.243642025438, 0.00680285962605, 0.702658217526, 0.908561218518, 0.293202249409, 325.006194593, 1.47894863692e-05, 263.065317684, 0.598164671098, 83.4929316931
4.76702854968e-09, 3.95245656372e-05, 0.000462976823625, 0.982945175868, 0.690592860825, 0.91890359554, 0.999517107608, 0.995233815024, 0.452720082872, 0.444639329189, 0.195256945074, 0.183324125563, 0.910925998825, 0.0197309914683, 20.1721376866, 752.802215196, 0.547666220711, 0.0467545464892, 5.63903118204e-06
8.12451295129e-09, 9.70632445108e-06, 0.105274466029, 0.920638854594, 0.322117873835, 0.91890359554, 0.643841572304, 0.0125359296709, 0.410898002772, 0.184832140873, 0.908975114039, 0.39173050841, 0.993468172244, 0.387263247279, 73.6357833212, 587.629032361, 98.8356379752, 0.00915432796538, 7.66247372966e-06
4.81456857715e-08, 1.39257628449e-05, 0.468040408656, 0.950647327489, 0.559654361902, 0.0834489118781, 0.389703546714, 0.334650756966, 0.207880623226, 0.281418336495, 0.996525388145, 0.702658217526, 0.277469944733, 0.0798081849518, 41.7820101069, 537.882662071, 487.882803181, 0.0159112731303, 5.50102112862e-05
4.76702854968e-09, 0.000139241560366, 0.998960953812, 1.20263951797e-07, 0.930771799216, 0.209398762794, 0.999776404771, 0.99362781905, 0.390829291816, 0.184832140873, 0.895612102262, 0.39173050841, 0.870229351165, 0.213387260601, 0.857866016792, 1.62059618268e-07, 525.61088226, 0.114961836271, 3.93579588275e-06
3.25099047682e-09, 0.0706278811863, 6.11036246378e-07, 0.98779267399, 0.990773865435, 0.00138903602136, 0.385779647399, 0.0236856060201, 0.177232275114, 0.977382612459, 0.714511360139, 0.00742654438637, 0.762856602314, 0.982368372802, 14.4254720022, 752.205282693, 0.000722109530454, 83.8106484462, 3.86571629876e-06
0.0378803829648, 0.392918413568, 0.731103865129, 0.98684271284, 0.196107829009, 0.401767830483, 0.385779647399, 0.0125359296709, 0.207880623226, 0.695170148128, 0.00680285962605, 0.702658217526, 0.908561218518, 0.50080252493, 1.4159933618, 68.5035606532, 152.45525415, 118.619669048, 12.2099270938
