0.668627373436, 0.619497368588, 0.872372290169, 0.0380314866621, 0.800832332808, 0.283389569826, 0.145344025208, 0.25885814341, 0.693441372494, 0.302593868443, 0.521833791414, 0.925830691845, 0.583599031815, 0.514679926557, 0.324563609528, 0.599489509512, 0.606505981531, 9.21713137502, 2.14166547566, 4.51449115457, 32.411826577, 2.0374799847, 167.938483557, 251.736644985, 531.235372594
0.735012333874, 0.0333539231482, 0.013765159546, 0.0322313370202, 0.790736424476, 0.282019843565, 0.558121864606, 0.515108387123, 0.59011585955, 0.712409772732, 0.764798868563, 0.707880690067, 0.306055638532, 0.0179969295076, 0.508284110531, 0.219452019111, 0.721798079807, 40.7893006642, 49.0106794884, 30.2524101276, 206.917412437, 11.0780808935, 4.73391767239, 11.4820079223, 495.971276739
0.205569348128, 0.0517439956336, 0.0116907873884, 0.270671849578, 0.0351780283601, 0.213920474814, 0.170769359778, 0.511777666731, 0.711676905091, 0.420342530112, 0.285128489299, 0.664486032458, 0.435874338483, 0.217706610602, 0.376315916843, 0.611296870188, 0.774497168791, 622.107188493, 170.997623421, 225.342940965, 37.8015272602, 309.909085815, 13.7990160684, 61.2134094336, 252.287740543
0.199046621188, 0.0517439956336, 0.336574736443, 0.74800572125, 0.177790726537, 0.283389569826, 0.170769359778, 0.28672755037, 0.711676905091, 0.230129440574, 0.490350437365, 0.925830691845, 0.435874338483, 0.215919106193, 0.209959182493, 0.403226625533, 0.547999245019, 210.277274367, 57.7985833332, 104.04063673, 69.2895921085, 601.504373612, 380.820774437, 61.5007908058, 244.871144834
0.390326423627, 0.439478230711, 0.16334704455, 0.440982573493, 0.823384165916, 0.2310223832, 0.122214514639, 0.313649943567, 0.796384247547, 0.729009208356, 0.508742910583, 0.0865772573398, 0.496532494431, 0.775253993124, 0.297144064938, 0.358464329213, 0.513665509914, 68.7575240508, 13.3642448791, 26.5961528562, 263.101299474, 227.021776225, 93.2698280062, 303.535388949, 335.369712778
0.715804626001, 0.63428863977, 0.148002786126, 0.620557546488, 0.349031104729, 0.932120784168, 0.0619929978101, 0.579965769592, 0.31045930584, 0.717753086187, 0.692801879518, 0.595314954401, 0.117939790696, 0.303358968248, 0.287972315329, 0.602002421214, 0.700154176767, 3.36435151116, 0.328654562004, 31.5832534571, 19.3983490502, 54.8688219866, 15.697619071, 105.26246945, 261.970122151
0.116404539566, 0.1844005047, 0.133086914891, 0.340903262885, 0.125497221394, 0.0282462726752, 0.990396609184, 0.607410210514, 0.796384247547, 0.411086509901, 0.701739262506, 0.539570361717, 0.292240356957, 0.521211680908, 0.239507624383, 0.306438542225, 0.70034976526, 6.16805030584, 408.856101306, 18.1545730757, 81.7482960067, 247.643281369, 102.962809892, 147.86467624, 95.7282945347
0.0287773358916, 0.554579681596, 0.118685751067, 0.115570827377, 0.0374384175146, 0.83388929812, 0.0873597435596, 0.30484042579, 0.808853079256, 0.941994890372, 1.22491711098e-05, 0.322165896942, 0.315017277863, 0.284506665141, 0.0215983460071, 0.820216411258, 0.309830686825, 102.96907633, 14.2192301482, 389.292153024, 23.7229581158, 74.0897033647, 77.4050014748, 496.139818086, 29.3343188573
0.63430743762, 0.617887592677, 0.0116907873884, 0.670054839161, 0.143258615847, 0.973108998718, 0.999299680243, 0.103420494455, 0.919630719007, 0.539314856688, 0.092452758694, 0.400421711476, 0.49307320598, 0.557758592483, 0.252633420099, 0.244157392478, 0.169483506356, 0.00728381327072, 6.62128639163, 156.659733061, 35.8925338711, 282.065597414, 5.96356097527, 474.479832959, 888.364577834
0.0492933150233, 0.166721746573, 0.942517848334, 0.270671849578, 0.327155917067, 0.0771185979129, 0.54380432497, 0.511777666731, 0.59011585955, 0.0183632404034, 0.692801879518, 0.567900208382, 0.25903723472, 0.217706610602, 0.120539069933, 0.85716126148, 0.721798079807, 41.0984652103, 47.1824759253, 7.61713202288, 35.5817084583, 32.7743392851, 877.606668801, 236.197561062, 70.7808882903
0.0744159499763, 0.0195525768442, 0.0907624325124, 0.553508327115, 0.36368612837, 0.109710210065, 0.477898761178, 0.280998363268, 0.693441372494, 0.302593868443, 0.936781772476, 0.20112643364, 0.190378655133, 0.57915198844, 0.324563609528, 0.264671920406, 0.606505981531, 253.5404189, 236.520363521, 60.3521820728, 226.221772938, 495.364097907, 93.0740917299, 20.124982472, 76.957365083
0.466341724674, 0.554579681596, 0.118685751067, 0.115570827377, 0.0374384175146, 0.0573448942496, 0.0873597435596, 0.30484042579, 0.808853079256, 0.941994890372, 1.22491711098e-05, 0.322165896942, 0.315017277863, 0.284506665141, 0.0215983460071, 0.820216411258, 0.309830686825, 295.856447595, 40.8554788402, 26.975804238, 17.6557287876, 55.1410031656, 57.608402214, 369.250328145, 434.128237398
0.449024602568, 0.0909487589654, 0.0821767853774, 0.198307385668, 0.177790726537, 0.283389569826, 0.170769359778, 0.28672755037, 0.606683336843, 0.221171086041, 0.45416767091, 0.985657734764, 0.58478459364, 0.215919106193, 0.209959182493, 0.403226625533, 0.866949848628, 404.570364385, 111.203619081, 200.172645567, 133.312149931, 155.716093913, 65.9495177403, 73.6944404255, 440.704558963
0.205569348128, 0.166721746573, 0.0116907873884, 0.270671849578, 0.721614057452, 0.060963391387, 0.90914467296, 0.511777666731, 0.59011585955, 0.420342530112, 0.97782862169, 0.664486032458, 0.498508330125, 0.217706610602, 0.376315916843, 0.611296870188, 0.721798079807, 32.7851638834, 228.162609742, 22.1412283025, 495.361002862, 247.591143925, 11.0242465607, 160.920886955, 207.982651141
0.516202386062, 0.210959765485, 0.0116907873884, 0.74800572125, 0.177790726537, 0.283389569826, 0.289858940866, 0.00192193838306, 0.711676905091, 0.230129440574, 0.490350437365, 0.975019308115, 0.602707697925, 0.215919106193, 0.209959182493, 0.403226625533, 0.547999245019, 121.772502996, 59.6222799846, 64.6855471657, 43.0796592495, 373.975407616, 7.44399693999, 139.477227919, 451.104395428
0.193364336403, 0.206770004377, 0.573522160158, 0.440982573493, 0.823384165916, 0.0535327389526, 0.122214514639, 0.313649943567, 0.796384247547, 0.729009208356, 0.508742910583, 0.0865772573398, 0.496532494431, 0.775253993124, 0.297144064938, 0.358464329213, 0.513665509914, 67.4678048075, 13.1135650586, 5.79313490176, 242.208966975, 208.994444384, 413.155253721, 177.472551597, 174.314403238
0.0106214828411, 0.166721746573, 0.0116907873884, 0.270671849578, 0.327155917067, 0.0771185979129, 0.0619929978101, 0.511777666731, 0.59011585955, 0.911403766119, 0.692801879518, 0.664486032458, 0.244295339814, 0.0970660204363, 0.525509307809, 0.611296870188, 0.721798079807, 528.029068322, 51.5817570189, 64.5848766415, 301.693635422, 277.89024181, 12.3733445952, 180.613666059, 11.6401747121
0.199046621188, 0.0909487589654, 0.0116907873884, 0.74800572125, 0.930647683617, 0.283389569826, 0.0609621932614, 0.131262834903, 0.711676905091, 0.230129440574, 0.490350437365, 0.925830691845, 0.602707697925, 0.0053917207755, 0.209959182493, 0.0125513993904, 0.547999245019, 27.521623622, 2.64353355312, 13.190556798, 280.088145389, 674.243107216, 13.4208387095, 105.129795027, 238.696430769
0.2399568329, 0.275205089638, 0.562055925681, 0.0760219407606, 0.215509310913, 0.00710752546496, 0.428955202111, 0.710606733255, 0.372595775602, 0.0829300222556, 0.42488399101, 0.397431850513, 0.292240356957, 0.328075242225, 0.402371059433, 0.288466296712, 0.694317991088, 194.249191194, 155.100223092, 2.77530886691, 87.5217369651, 31.6218136013, 322.975608983, 192.889200848, 182.252519432
0.63430743762, 0.0197353590215, 0.0116907873884, 0.670054839161, 0.143258615847, 0.973108998718, 0.999299680243, 0.103420494455, 0.919630719007, 0.185954283907, 0.092452758694, 0.400421711476, 0.49307320598, 0.557758592483, 0.252633420099, 0.244157392478, 0.169483506356, 0.0112803352959, 10.2542895887, 242.616641946, 55.5862433093, 436.830873611, 9.23567983671, 15.5967352578, 777.457768428
0.427862357265, 0.0909487589654, 0.336574736443, 0.74800572125, 0.177790726537, 0.48926273259, 0.998514108164, 0.28672755037, 0.711676905091, 0.0744063974655, 0.490350437365, 0.925830691845, 0.58478459364, 0.215919106193, 0.209959182493, 0.403226625533, 0.547999245019, 0.273891247486, 117.34654086, 113.453793615, 46.8072996398, 406.33513048, 257.256415512, 73.3624782976, 409.976784767
0.135498536692, 0.291937404452, 0.944725941235, 0.00649454475187, 0.125497221394, 0.302135477577, 0.152174080346, 0.235577859572, 0.27594868783, 0.504538290328, 0.655693515165, 0.482923855235, 0.292240356957, 0.328075242225, 0.0632114022411, 0.0729657845584, 0.529031151579, 70.9702365319, 17.2949931125, 37.5285725637, 16.4020883761, 0.854368610869, 962.165468831, 476.792311568, 232.772566028
0.270955210752, 0.0179090417757, 0.361666788156, 0.026104913569, 0.521004019826, 0.283389569826, 0.170769359778, 0.28672755037, 0.680843199529, 0.132184702225, 0.701739262506, 0.27754245591, 0.88478591306, 0.679383141799, 0.204542844329, 0.00397881484063, 0.433315302628, 310.359934377, 85.3081465146, 153.559367199, 380.969096772, 21.4103802435, 333.370740058, 17.4350544736, 280.994560867
0.101243201661, 0.225438217949, 0.603456212028, 0.634905285197, 0.0834902829009, 0.265447045678, 0.0364587525866, 0.595152615799, 0.681405700486, 0.553553026414, 0.907286075004, 0.689223569664, 0.759575354417, 0.305843633769, 0.580451602101, 0.565359079626, 0.90353794192, 202.611067274, 11.6160910032, 89.890924046, 29.2773532372, 346.620769736, 574.479755766, 261.49613099, 120.948808363
0.205569348128, 0.0517439956336, 0.0116907873884, 0.457682292424, 0.790736424476, 0.213920474814, 0.170769359778, 0.511777666731, 0.711676905091, 0.420342530112, 0.285128489299, 0.795891832974, 0.435874338483, 0.995821883057, 0.376315916843, 0.611296870188, 0.774497168791, 126.921383915, 34.8866809646, 45.9741318726, 408.773770228, 377.98355659, 10.5409335189, 46.7603252367, 192.720139429
0.0124284344121, 0.0517439956336, 0.529902785511, 0.599688711329, 0.212314150708, 0.109710210065, 0.289858940866, 0.280998363268, 0.211522234657, 0.399064450165, 0.633864527588, 0.20112643364, 0.483920883759, 0.57915198844, 0.829875660013, 0.808269801431, 0.991952670637, 194.478498247, 95.2206055402, 37.6904262953, 76.1460549799, 319.831882345, 434.487484408, 47.8586168266, 11.5093307785
0.0171827629258, 0.974347727438, 0.336574736443, 0.74800572125, 0.177790726537, 0.283389569826, 0.170769359778, 0.28672755037, 0.711676905091, 0.230129440574, 0.490350437365, 0.925830691845, 0.435874338483, 0.215919106193, 0.209959182493, 0.489109330525, 0.547999245019, 9.14770876026, 2.51441630428, 4.52608798027, 3.01431056034, 26.1672919453, 16.5668760207, 814.670805477, 22.0116790762
0.205569348128, 0.166721746573, 0.000389168066734, 0.270671849578, 0.349331952929, 0.213920474814, 0.90914467296, 0.511777666731, 0.523841497625, 0.420342530112, 0.96884337549, 0.81944340489, 0.574964569177, 0.217706610602, 0.0713233362743, 0.402672620538, 0.721798079807, 78.4376952258, 545.873411172, 192.616156407, 357.124950471, 310.009467992, 0.459444899802, 201.45549474, 260.371718524
0.427862357265, 0.610416854957, 0.0121781544179, 0.467689036864, 0.0618648986133, 0.486601919622, 0.9994986338, 0.585184003225, 0.920166552307, 0.873317367618, 0.508742910583, 0.322165896942, 0.292698394862, 0.59057044132, 0.234797283807, 0.403226625533, 0.398512835465, 0.104949678894, 133.261928813, 127.767620113, 17.997210846, 167.557764459, 4.78227612797, 356.225809543, 346.271303986
0.199046621188, 0.0240210236094, 0.336574736443, 0.74800572125, 0.930647683617, 0.29843675472, 0.512558445515, 0.28672755037, 0.962877994099, 0.230129440574, 0.490350437365, 0.925830691845, 0.602707697925, 0.215919106193, 0.209959182493, 0.169444309658, 0.398512835465, 15.7347269206, 16.3680937208, 11.4984024125, 232.694686216, 560.155047079, 354.641941425, 26.5417799895, 227.446981631
0.205569348128, 0.0517439956336, 0.0116907873884, 0.270671849578, 0.177790726537, 0.213920474814, 0.570897768454, 0.511777666731, 0.335314185525, 0.64531460843, 0.764798868563, 0.664486032458, 0.477977191807, 0.217706610602, 0.376315916843, 0.611296870188, 0.721798079807, 520.627019739, 651.730138826, 291.344329414, 253.3774863, 416.192685147, 18.5314010229, 82.206603179, 338.810047759
0.157626374257, 0.0333539231482, 0.349871036927, 0.099977654031, 0.915963392349, 0.265447045678, 0.19125948295, 0.0968607758152, 0.681405700486, 0.712409772732, 0.22246271019, 0.689223569664, 0.467830338258, 0.305843633769, 0.30589168212, 0.219452019111, 0.69566004419, 44.9983261553, 13.9408019387, 20.8659355429, 388.040337163, 61.9848536868, 242.756694122, 24.3721665885, 117.646449822
0.2399568329, 0.578618542512, 0.636748333734, 0.973801230793, 0.214283948508, 0.00334960711464, 0.0859605511194, 0.0805934089648, 0.519535125551, 0.407764341246, 0.385451818353, 0.751754482681, 0.278046315815, 0.328075242225, 0.402371059433, 0.306438542225, 0.433729910773, 9.30663813197, 1.26433615649, 0.0494176097289, 3.28646380766, 241.660251188, 376.849830482, 574.705920437, 288.400630398
0.191521546444, 0.0517439956336, 0.040415291949, 0.270671849578, 0.0351780283601, 0.486601919622, 0.905225334171, 0.810772422346, 0.796384247547, 0.420342530112, 0.907286075004, 0.266231378073, 0.435874338483, 0.59057044132, 0.210275564008, 0.611296870188, 0.993627779696, 52.5614516118, 350.4532767, 339.762286187, 27.1555751447, 222.630144278, 34.311120481, 44.0553585149, 168.35291886
0.466751130151, 0.0176334188054, 0.174012345139, 0.273044866756, 0.995164644427, 0.944711517925, 0.742026434647, 0.313649943567, 0.796384247547, 0.552155130562, 0.777419260551, 0.568404875966, 0.196075090297, 0.349457559209, 0.200814892134, 0.597160757105, 0.398512835465, 0.120035814331, 0.279826832142, 3.49718670804, 462.170314703, 211.350922811, 142.480788691, 14.623298436, 475.551753895
0.0174129138067, 0.273117780729, 0.0116907873884, 0.340903262885, 0.0110383879065, 0.929024778327, 0.464994029736, 0.259192097148, 0.590993747973, 0.0829300222556, 0.42488399101, 0.597871556392, 0.292240356957, 0.112606995217, 0.918305014888, 0.288466296712, 0.694317991088, 35.971790781, 32.2184152464, 431.352855664, 7.52673058518, 257.565663118, 9.27058338931, 230.934552032, 15.188801886
0.0467652440872, 0.571245053249, 0.529902785511, 0.684306465723, 0.138966027322, 0.716313079206, 0.678705127672, 0.0548669795026, 0.345953520035, 0.712409772732, 0.303416111601, 0.103907252201, 0.49307320598, 0.201475178139, 0.525509307809, 0.375836832816, 0.793506711823, 28.7243312461, 51.9985553811, 124.36705805, 30.5728871486, 260.965265637, 325.974184432, 552.40218884, 52.0076641898
0.2399568329, 0.0909487589654, 0.564753380859, 0.973801230793, 0.177790726537, 0.00398497989078, 0.0859605511194, 0.473959792106, 0.519535125551, 0.42943376586, 0.796250440609, 0.5085540146, 0.496042906112, 0.328075242225, 0.402371059433, 0.267052737295, 0.433729910773, 17.3312872017, 2.35451005368, 0.109484756093, 5.01580051959, 441.901366644, 542.821347062, 100.716335066, 280.021734212
0.503430163699, 0.0333539231482, 0.747836884809, 0.0380314866621, 0.99764016478, 0.493071719886, 0.087355317222, 0.0968607758152, 0.211378202971, 0.47901224647, 0.367392980035, 0.27754245591, 0.205608221837, 0.583870643494, 0.601089326357, 0.208477172576, 0.69566004419, 0.324895187504, 0.0448632013793, 0.320915894814, 123.788666925, 7.40396098467, 296.534543491, 16.8553799874, 325.34982363
0.0492933150233, 0.166721746573, 0.0438180292376, 0.270671849578, 0.721614057452, 0.220861309635, 0.0619929978101, 0.688429508511, 0.59011585955, 0.0183632404034, 0.901927363707, 0.664486032458, 0.25903723472, 0.217706610602, 0.376315916843, 0.611296870188, 0.721798079807, 267.252419131, 26.107178891, 97.0853785599, 610.81057955, 305.295106475, 51.0247031145, 198.862759187, 59.5928369448
0.292204535272, 0.996963436136, 0.200178537062, 0.402361164946, 0.800832332808, 0.0771185979129, 0.54380432497, 0.511777666731, 0.311269936966, 0.911403766119, 0.295571382999, 0.99928135809, 0.483920883759, 0.0970660204363, 0.0780757921123, 0.613425758139, 0.77609252689, 0.281988142973, 0.323732253722, 0.0522632877632, 1.33702608435, 1.02894881942, 0.56644400779, 383.967408187, 189.757398418
0.0960652410352, 0.206770004377, 0.16334704455, 0.876946600514, 0.933407892187, 0.600283658336, 0.399819339317, 0.313649943567, 0.575236788524, 0.729009208356, 0.508742910583, 0.652888840925, 0.496532494431, 0.833603898209, 0.297144064938, 0.198248073655, 0.513665509914, 6.03743847126, 4.38383864261, 10.2790152229, 120.982531661, 621.488599378, 166.153018839, 220.454586012, 105.04480616
0.503107587343, 0.341155871723, 0.38094582182, 0.977248879457, 0.0769103454175, 0.997128508071, 0.999299680243, 0.103420494455, 0.867902565094, 0.671955342374, 0.22246271019, 0.909153757846, 0.322659527363, 0.59057044132, 0.289980842363, 0.259180152045, 0.711925420331, 6.80189705636e-05, 0.0618320469549, 13.7082957233, 1.66422719463, 386.240056909, 263.496428415, 277.781966877, 549.364201161
0.0999925945686, 0.0018053471288, 0.361666788156, 0.026104913569, 0.177790726537, 0.283389569826, 0.170769359778, 0.28672755037, 0.680843199529, 0.0665121082763, 0.701739262506, 0.945015608582, 0.653867166834, 0.679383141799, 0.204542844329, 0.00397881484063, 0.513665509914, 588.420268348, 161.73815272, 291.137592343, 193.893517523, 28.8589188353, 449.348354396, 2.36839390255, 132.267680097
0.0129905680148, 0.0419368675005, 0.0207648108643, 0.148101048053, 0.57325094929, 0.213920474814, 0.103042538667, 0.892151003791, 0.65436650391, 0.712409772732, 0.764798868563, 0.748330300134, 0.444899241278, 0.217706610602, 0.640722338078, 0.219452019111, 0.721798079807, 694.047319583, 113.329103794, 245.621218782, 939.579198904, 284.08273397, 40.2062112275, 81.3330389041, 25.2158481303
0.157626374257, 0.0237385799454, 0.997483328377, 0.571029082318, 0.950231779722, 0.193546231432, 0.289858940866, 0.0968607758152, 0.335314185525, 0.64531460843, 0.564493519404, 0.689223569664, 0.467830338258, 0.188212030771, 0.30589168212, 0.611296870188, 0.69566004419, 0.126424088952, 0.0618997905342, 0.044164611949, 1.88331441869, 2.36578938276, 765.828818698, 28.5700540547, 193.726878961
0.205569348128, 0.0517439956336, 0.44677127589, 0.930318137408, 0.991575994557, 0.213920474814, 0.0609621932614, 0.511777666731, 0.48210952212, 0.671955342374, 0.764798868563, 0.9329909178, 0.444899241278, 0.00971888472622, 0.376315916843, 0.0125513993904, 0.721798079807, 0.988786402621, 0.0949758658172, 0.346944205529, 79.5110432151, 723.580091994, 615.358934541, 77.6450865544, 320.010004871
0.63430743762, 0.341155871723, 0.995414094583, 0.270671849578, 0.269670345045, 0.797857027758, 0.999299680243, 0.0223706815517, 0.932185768386, 0.64531460843, 0.564493519404, 0.539570361717, 0.0241066384999, 0.304796202373, 0.289980842363, 0.244157392478, 0.221367722216, 0.00119277319697, 1.08427998411, 3.29924245558, 1.56588605674, 1.72491967642, 580.520743592, 344.752146609, 1043.18600612
0.183462739431, 0.405764781252, 0.0702565465407, 0.0771735237765, 0.759471371257, 0.0573448942496, 0.999857518731, 0.59901539619, 0.398577854446, 0.0043525256824, 0.597289753298, 0.378778746962, 0.702768146144, 0.386397843931, 0.546650170345, 0.689279736937, 0.620606607036, 0.0281997261892, 125.999038574, 11.3804310153, 318.759127585, 41.7782178795, 38.282536134, 257.385029747, 128.212915675
0.0174129138067, 0.414836190876, 0.0581124511815, 0.501700160262, 0.995164644427, 0.929024778327, 0.464994029736, 0.259192097148, 0.590993747973, 0.0829300222556, 0.42488399101, 0.597871556392, 0.292240356957, 0.177702299726, 0.918305014888, 0.288466296712, 0.694317991088, 0.212246816747, 0.19010051844, 2.54514074839, 337.178441427, 338.993987556, 43.7671169062, 366.230973908, 16.5211329549
0.2399568329, 0.0909487589654, 0.144383569369, 0.973801230793, 0.154329797407, 0.00300447002315, 0.0859605511194, 0.473959792106, 0.811643457173, 0.42943376586, 0.476718613924, 0.5085540146, 0.496042906112, 0.328075242225, 0.402371059433, 0.267052737295, 0.433729910773, 28.6560099414, 3.89300937202, 0.136482776332, 7.15134124314, 723.492320267, 167.099972693, 106.894080028, 297.197725143
0.217852028888, 0.0517439956336, 0.336574736443, 0.270671849578, 0.0351780283601, 0.213920474814, 0.189353321312, 0.511777666731, 0.59011585955, 0.420342530112, 0.522702026757, 0.664486032458, 0.435874338483, 0.217706610602, 0.20385252251, 0.0208557753644, 0.721798079807, 525.343468759, 161.032786583, 191.91411321, 32.1938044789, 263.935169769, 373.791805768, 60.3656449295, 264.850621603
0.205569348128, 0.0517439956336, 0.0116907873884, 0.457920458137, 0.0351780283601, 0.213920474814, 0.170769359778, 0.511777666731, 0.711676905091, 0.420342530112, 0.285128489299, 0.664486032458, 0.435874338483, 0.217706610602, 0.0514119664647, 0.611296870188, 0.774497168791, 595.442009657, 163.668207698, 215.684139505, 36.1812526463, 573.763572938, 15.9938699727, 70.9499363009, 292.416306927
0.0116827986166, 0.166721746573, 0.00945566256225, 0.270671849578, 0.327155917067, 0.140124061989, 0.54380432497, 0.511777666731, 0.161106020021, 0.0183632404034, 0.692801879518, 0.664486032458, 0.25903723472, 0.217706610602, 0.525509307809, 0.611296870188, 0.721798079807, 463.143689756, 531.705159306, 157.760170181, 407.876591558, 375.695445143, 13.529478579, 244.167532665, 17.3088016408
0.0287773358916, 0.554579681596, 0.269827919964, 0.115570827377, 0.0374384175146, 0.317138359633, 0.0873597435596, 0.30484042579, 0.808853079256, 0.941994890372, 1.22491711098e-05, 0.322165896942, 0.306236662414, 0.284506665141, 0.0215983460071, 0.820216411258, 0.309830686825, 308.510006475, 42.602837099, 169.395762689, 20.8730508773, 65.1890940525, 162.913192049, 470.615448714, 27.8251878372
0.0222903197852, 0.0676462439297, 0.0785145197087, 0.75713236979, 0.0333373221564, 0.105174265457, 0.399819339317, 0.120281618305, 0.705686288967, 0.177429746852, 0.508742910583, 0.403824517171, 0.410595045376, 0.604315933356, 0.508284110531, 0.611296870188, 0.78418396053, 96.4385152236, 70.0248775513, 19.8705190304, 6.33293504161, 301.611845062, 40.2836771747, 34.927152265, 11.5353528106
0.205569348128, 0.0240210236094, 0.0116907873884, 0.270671849578, 0.026406498886, 0.369313596071, 0.570897768454, 0.511777666731, 0.59011585955, 0.420342530112, 0.764798868563, 0.664486032458, 0.435874338483, 0.15613427343, 0.00407907538052, 0.611296870188, 0.721798079807, 430.171584855, 538.496420829, 451.670753977, 34.199923906, 373.434365281, 16.6275435051, 34.1827046497, 303.21398069
0.199046621188, 0.210959765485, 0.0116907873884, 0.426061258465, 0.0676250422997, 0.283389569826, 0.0609621932614, 0.131262834903, 0.711676905091, 0.230129440574, 0.490350437365, 0.925830691845, 0.602707697925, 0.0053917207755, 0.209959182493, 0.403226625533, 0.0156185161543, 374.490571875, 35.9709298286, 179.485746424, 44.4457694855, 331.604307743, 9.81655890963, 183.931621071, 182.756532187
0.205569348128, 0.0517439956336, 0.0116907873884, 0.270671849578, 0.991575994557, 0.213920474814, 0.570897768454, 0.511777666731, 0.335314185525, 0.64531460843, 0.764798868563, 0.664486032458, 0.444899241278, 0.217706610602, 0.376315916843, 0.611296870188, 0.99232247653, 7.59935945254, 9.51301296939, 4.2526227025, 974.5960938, 441.32445013, 19.6504183241, 87.1706429252, 359.269067819
0.0986097710552, 0.166721746573, 0.0187644310783, 0.0876322373799, 0.793216100096, 0.0771185979129, 0.54380432497, 0.12759829196, 0.62259937929, 0.0183632404034, 0.692801879518, 0.664486032458, 0.25903723472, 0.26556229038, 0.376315916843, 0.43206355982, 0.721798079807, 226.346035966, 259.853168193, 41.9506575243, 1030.91986483, 150.691446506, 32.3786159252, 294.488688146, 177.608966605
0.292204535272, 0.0176334188054, 0.0116907873884, 0.170707981099, 0.887064512367, 0.944711517925, 0.742026434647, 0.90413187204, 0.748134499489, 0.105931988032, 0.777419260551, 0.530303819538, 0.109143413007, 0.349457559209, 0.517499372591, 0.597160757105, 0.795209446088, 4.05512165765, 9.45327737175, 118.144052587, 661.472640726, 184.647189757, 12.7996622608, 19.3119782963, 344.607967125
0.0174129138067, 0.414836190876, 0.529902785511, 0.340903262885, 0.00552414257824, 0.929024778327, 0.464994029736, 0.259192097148, 0.590993747973, 0.0829300222556, 0.42488399101, 0.597871556392, 0.292240356957, 0.112606995217, 0.918305014888, 0.288466296712, 0.458701875771, 27.8690035136, 24.9610905715, 334.188929411, 2.91804748401, 199.525501139, 429.599574544, 443.100196064, 19.9887987993
0.0467652440872, 0.571245053249, 0.0086482458829, 0.684306465723, 0.000660977717369, 0.512282234972, 0.678705127672, 0.511777666731, 0.345953520035, 0.712409772732, 0.501098129242, 0.103907252201, 0.49307320598, 0.201475178139, 0.525509307809, 0.12687993502, 0.793506711823, 53.8856339605, 97.5470968405, 115.826190241, 0.166881977561, 297.11400421, 4.58922604697, 423.381514065, 39.860601664
0.991295824851, 0.994806732605, 0.572164628239, 0.0380314866621, 0.800832332808, 0.109710210065, 0.00219345839539, 0.0194705204328, 0.693441372494, 0.230129440574, 0.521833791414, 0.954198614645, 0.583599031815, 0.305843633769, 0.416487897154, 0.599489509512, 0.293998364517, 0.0138772432152, 4.78139030674e-05, 0.00241547216158, 0.0435458090193, 0.00273738704862, 0.057629591095, 9.02739048173, 660.24043342
0.181425121572, 0.210959765485, 0.0116907873884, 0.74800572125, 0.177790726537, 0.00779659747348, 0.170769359778, 0.000606054429545, 0.711676905091, 0.230129440574, 0.490350437365, 0.954198614645, 0.113816633049, 0.215919106193, 0.209959182493, 0.31358062056, 0.547999245019, 259.077523557, 71.2122309942, 3.29073020852, 77.0562589725, 668.926968333, 13.3150207312, 249.481857158, 224.646346983
0.0492933150233, 0.166721746573, 0.0116907873884, 0.270671849578, 0.721614057452, 0.932120784168, 0.933895134574, 0.218319716119, 0.929138639299, 0.0183632404034, 0.515119211347, 0.689223569664, 0.0091525626642, 0.475363048211, 0.184074973207, 0.611296870188, 0.906341027821, 2.48378087574, 23.8339024216, 223.889551446, 481.673053842, 240.749638566, 10.7196216022, 156.474277544, 46.8903586869
0.357389526149, 0.0517439956336, 0.0116907873884, 0.270671849578, 0.0351780283601, 0.060963391387, 0.570897768454, 0.511777666731, 0.59011585955, 0.420342530112, 0.764798868563, 0.451705215164, 0.435874338483, 0.217706610602, 0.185164769352, 0.592258049457, 0.721798079807, 409.908596576, 513.130852652, 63.08460023, 36.4948878435, 299.196835372, 13.322042263, 59.0975199604, 457.759136375
0.205569348128, 0.166721746573, 0.429506132538, 0.270671849578, 0.721614057452, 0.213920474814, 0.90914467296, 0.483870739981, 0.59011585955, 0.420342530112, 0.97782862169, 0.664486032458, 0.731625564837, 0.217706610602, 0.376315916843, 0.611296870188, 0.721798079807, 30.4489148771, 211.903893691, 74.7721224279, 485.083522687, 242.454257778, 470.170105504, 201.757649514, 260.762239309
0.2399568329, 0.55339421572, 0.133086914891, 0.123656044194, 0.215509310913, 0.283389569826, 0.273659526802, 0.00192193838306, 0.711676905091, 0.253832645052, 0.91103097219, 0.197602809766, 0.292240356957, 0.0017488435323, 0.402371059433, 0.306438542225, 0.513665509914, 178.342558468, 81.7621584701, 93.5998368377, 76.532200949, 45.3346827819, 49.8283931691, 284.173422303, 147.265545195
0.390326423627, 0.0177505382338, 0.16334704455, 0.733415821075, 0.956027229377, 0.00398497989078, 0.402146503989, 0.313649943567, 0.711676905091, 0.956485307975, 0.508742910583, 0.0865772573398, 0.496532494431, 0.775253993124, 0.139281761303, 0.358464329213, 0.513665509914, 15.5741967042, 11.3957445265, 0.120800119228, 278.951718159, 628.25245432, 180.422221822, 19.8279901773, 500.398332555
0.0106214828411, 0.166721746573, 0.26776153142, 0.270671849578, 0.327155917067, 0.0771185979129, 0.0619929978101, 0.511777666731, 0.59011585955, 0.911403766119, 0.692801879518, 0.103907252201, 0.244295339814, 0.0970660204363, 0.525509307809, 0.611296870188, 0.721798079807, 381.639128964, 37.2813127157, 46.6794681285, 218.052571617, 200.848393004, 217.800996127, 142.9800979, 9.21476960315
0.292204535272, 0.996963436136, 0.63123502591, 0.402361164946, 0.215509310913, 0.876998468236, 0.54380432497, 0.768614824403, 0.311269936966, 0.0183632404034, 0.15039831997, 0.800064814743, 0.483920883759, 0.217706610602, 0.234797283807, 0.613425758139, 0.77609252689, 0.199883670535, 0.22947344687, 1.55543006512, 0.558009347592, 1.23034400428, 3.18385192017, 797.606740049, 394.178716021
0.191521546444, 0.0517439956336, 0.00602008877914, 0.632763214975, 0.0351780283601, 0.213920474814, 0.905225334171, 0.0257515290449, 0.450980880091, 0.420342530112, 0.764798868563, 0.664486032458, 0.435874338483, 0.217706610602, 0.210275564008, 0.611296870188, 0.721798079807, 79.6283339738, 530.921610867, 187.50971497, 31.454961809, 875.286705485, 9.87523566968, 85.0685140799, 325.080379124
0.0129905680148, 0.0419368675005, 0.0207648108643, 0.148101048053, 0.991575994557, 0.213920474814, 0.103042538667, 0.511777666731, 0.335314185525, 0.712409772732, 0.764798868563, 0.748330300134, 0.444899241278, 0.217706610602, 0.640722338078, 0.219452019111, 0.721798079807, 14.3436260868, 2.34213178801, 5.07616530141, 1163.33171794, 275.647912474, 39.0124314789, 78.9181449916, 24.4671536395
0.2399568329, 0.0517439956336, 0.0116907873884, 0.930318137408, 0.991575994557, 0.053198554507, 0.570897768454, 0.511777666731, 0.335314185525, 0.671955342374, 0.764798868563, 0.744438271864, 0.444899241278, 0.217706610602, 0.376315916843, 0.288466296712, 0.721798079807, 0.954371259729, 1.19469887273, 0.128075648525, 115.954751917, 1055.2314077, 19.4969618159, 86.4898990212, 421.690698021
0.0744159499763, 0.0195525768442, 0.0907624325124, 0.794638562163, 0.36368612837, 0.760963559985, 0.969004547768, 0.280998363268, 0.693441372494, 0.302593868443, 0.937107884179, 0.20112643364, 0.190378655133, 0.57915198844, 0.324563609528, 0.264671920406, 0.606505981531, 3.09323426357, 63.4821469932, 161.24041629, 111.4018089, 616.383482407, 93.289475658, 20.1715539474, 77.1354530909
0.217852028888, 0.0517439956336, 0.336574736443, 0.270671849578, 0.0351780283601, 0.213920474814, 0.798407565658, 0.511777666731, 0.59011585955, 0.420342530112, 0.522702026757, 0.482923855235, 0.435874338483, 0.217706610602, 0.20385252251, 0.0208557753644, 0.0209849129529, 149.696151437, 456.826054895, 167.904338135, 28.1661381889, 230.915065335, 327.027880847, 52.8134877027, 231.71598785
0.101243201661, 0.0179090417757, 0.603456212028, 0.634905285197, 0.0834902829009, 0.265447045678, 0.0364587525866, 0.595152615799, 0.681405700486, 0.553553026414, 0.907286075004, 0.689223569664, 0.759575354417, 0.679383141799, 0.580451602101, 0.565359079626, 0.582299516057, 245.119610428, 14.0531893924, 108.750368771, 35.4198490557, 419.343075317, 695.007710224, 24.0788371806, 137.299630799
0.0174129138067, 0.275205089638, 0.659664617142, 0.340903262885, 0.0110383879065, 0.138477274102, 0.66272514634, 0.259192097148, 0.590993747973, 0.0829300222556, 0.42488399101, 0.597871556392, 0.292240356957, 0.328075242225, 0.918305014888, 0.288466296712, 0.694317991088, 124.161323833, 212.011414342, 54.3021078645, 4.3633247217, 149.313518349, 494.201010566, 264.996885787, 17.3051697895
0.205569348128, 0.166721746573, 0.000389168066734, 0.594851247023, 0.349331952929, 0.213920474814, 0.90914467296, 0.511777666731, 0.920166552307, 0.420342530112, 0.96884337549, 0.81944340489, 0.574964569177, 0.217706610602, 0.0713233362743, 0.402672620538, 0.721798079807, 50.8581558503, 353.938434066, 124.89023898, 231.555967278, 600.740723931, 0.456625609773, 200.219304137, 258.774000517
0.199046621188, 0.210959765485, 0.000886080217573, 0.426061258465, 0.991575994557, 0.283389569826, 0.0609621932614, 0.131262834903, 0.711676905091, 0.230129440574, 0.490350437365, 0.474371682581, 0.602707697925, 0.0053917207755, 0.146807852934, 0.403226625533, 0.547999245019, 7.46173320555, 0.71672159914, 3.5762576006, 627.624887489, 496.52175889, 1.11393060027, 275.360541995, 273.60133871
0.161796391765, 0.771555660651, 0.16334704455, 0.464842322851, 0.112458292273, 0.2310223832, 0.181866288496, 0.295785599155, 0.62479267967, 0.309236518905, 0.58253643353, 0.539570361717, 0.496532494431, 0.990563982984, 0.508284110531, 0.232472509013, 0.513665509914, 131.354955895, 38.5800769903, 51.9828984492, 26.1410240578, 133.169921015, 52.3832562186, 550.319585562, 152.679418483
0.808968240487, 0.384439313063, 0.38094582182, 0.670054839161, 0.729604239825, 0.994945664222, 0.999857518731, 0.103420494455, 0.800826442617, 0.671955342374, 0.458038755344, 0.00475000005363, 0.622090902417, 0.217706610602, 0.289980842363, 0.244157392478, 0.221367722216, 5.99750095082e-05, 0.267974003925, 33.7520055461, 74.6310256049, 143.630247486, 112.727277966, 138.047941289, 785.714236181
0.2399568329, 0.206770004377, 0.467348746933, 0.018350390353, 0.000660977717369, 0.992823183379, 0.444702715866, 0.599971652352, 0.998050253335, 0.552155130562, 0.596222362861, 0.322228760759, 0.501966711142, 0.103931135531, 0.293509700182, 0.306438542225, 0.513665509914, 2.2294337195, 1.87225882139, 258.236945229, 0.268134579139, 7.44614852248, 233.130837967, 117.176038566, 145.353098621
0.0174129138067, 0.273117780729, 0.0116907873884, 0.684306465723, 0.0110383879065, 0.716313079206, 0.464994029736, 0.259192097148, 0.345953520035, 0.360870797558, 0.42488399101, 0.95358436062, 0.292240356957, 0.112606995217, 0.918305014888, 0.288466296712, 0.694317991088, 147.739570438, 132.324099673, 415.223653453, 7.97954312628, 850.735511848, 17.7643257935, 442.51763314, 29.10483772
0.0467652440872, 0.571245053249, 0.529902785511, 0.340903262885, 0.138966027322, 0.935851957256, 0.678705127672, 0.0548669795026, 0.590993747973, 0.712409772732, 0.303416111601, 0.103907252201, 0.49307320598, 0.201475178139, 0.896379939914, 0.375836832816, 0.793506711823, 7.53922422584, 13.6479685142, 154.213383759, 34.3822877886, 94.1989547113, 202.820344445, 343.703297878, 32.359042122
0.183462739431, 0.166721746573, 0.0702565465407, 0.0208829559035, 0.759471371257, 0.00398497989078, 0.0136635395821, 0.59901539619, 0.398577854446, 0.0222510294128, 0.597289753298, 0.378778746962, 0.000140376478128, 1.82947356425e-05, 0.546650170345, 0.689279736937, 0.717956974027, 178.097440964, 3.82302790348, 1.11508865728, 448.845952451, 15.8463545124, 53.5389942056, 130.301126202, 149.190320232
0.0212031864264, 0.0517439956336, 0.00425763991744, 0.632763214975, 0.552276190821, 0.213920474814, 0.31194097477, 0.0257515290449, 0.450980880091, 0.420342530112, 0.764798868563, 0.664486032458, 0.435874338483, 0.217706610602, 0.210275564008, 0.611296870188, 0.721798079807, 321.072443487, 171.254477575, 127.096178831, 454.58109644, 915.9588146, 7.30857395041, 89.0194190432, 36.5312757833
0.357389526149, 0.0517439956336, 0.0116907873884, 0.0132498153591, 0.0351780283601, 0.126260682586, 0.638233895581, 0.511777666731, 0.609982283666, 0.420342530112, 0.764798868563, 0.664486032458, 0.435874338483, 0.475363048211, 0.184074973207, 0.592258049457, 0.721798079807, 384.233573181, 601.758741227, 143.487259656, 40.2818981, 15.1821055636, 13.3981896339, 59.4353150735, 460.375638714
0.0999925945686, 0.0018053471288, 0.361666788156, 0.026104913569, 0.177790726537, 0.283389569826, 0.756040773481, 0.28672755037, 0.680843199529, 0.0665121082763, 0.701739262506, 0.945015608582, 0.653867166834, 0.679383141799, 0.0548460877955, 0.00397881484063, 0.513665509914, 282.796567712, 701.484930618, 360.839207433, 240.313807044, 35.7680686857, 556.927405894, 2.93541404876, 163.934050808
0.099554957995, 0.0176334188054, 0.872372290169, 0.340903262885, 0.177790726537, 0.283389569826, 0.170769359778, 0.28672755037, 0.711676905091, 0.105931988032, 0.464715024848, 0.917153360245, 0.602707697925, 0.0995227323357, 0.209959182493, 0.00397881484063, 0.529580926984, 74.0577954649, 20.3561496388, 36.642191688, 24.4031812551, 52.5246210106, 506.560437744, 14.3213919255, 81.5319223461
0.205569348128, 0.267759760516, 0.013765159546, 0.913264154337, 0.995164644427, 0.213920474814, 0.940412078492, 0.511777666731, 0.523841497625, 0.643027461255, 0.971406691991, 0.235322524703, 0.363642998171, 0.217706610602, 0.376315916843, 0.402672620538, 0.984732470879, 0.0801453008952, 0.853746740271, 0.299500244856, 119.583762897, 872.30296314, 19.0405502697, 393.911917125, 322.824100467
