0.448632370166, 0.0021337449575, 0.0817069042965, 0.577007749497, 7.4546535723e-05, 0.982057253741, 0.348392904352, 0.947631297561, 0.94347639319, 0.00277507569826, 0.853084410279, 0.137584433221, 0.0297960961612, 0.733589378892, 0.567576958349, 0.440819863854, 0.920413754626, 17.7120440541, 10.7925460807, 735.714220122, 0.0861844692288, 939.700350337, 154.042527882, 4.03384292558, 1023.44955602
2.75536622053e-05, 0.00130475691227, 0.351771331922, 0.396462990071, 0.0191403461431, 0.000606655894234, 0.999216382707, 0.613227839514, 0.634193747949, 0.877304205227, 0.658246791185, 0.628996528471, 0.244997078181, 0.65891701474, 0.0574260487025, 0.0027109741023, 0.593688212407, 1.05440859001, 856.613327911, 0.816295845645, 25.7623753926, 615.402512316, 650.592494902, 2.54043611564, 0.0536485892309
0.239015930518, 0.681230842728, 3.34527140881e-05, 0.979670542793, 0.158300123076, 5.65018566019e-05, 0.325188935283, 0.997699734817, 0.707839964661, 0.132605419305, 0.161153209699, 0.0149818539451, 0.548918774732, 0.405859694811, 0.401926771976, 0.464447513668, 0.551059148916, 12.3713517261, 6.93311372869, 0.00125866022917, 3.60088572593, 458.035972433, 0.0240808767942, 837.420434548, 376.251732075
2.51841823518e-06, 0.220921133765, 0.000143666354945, 0.315787823321, 0.419752899707, 0.999999932951, 0.998246961216, 0.5950867196, 0.47139922271, 0.132204251037, 0.63193548066, 0.0326192193372, 0.428820530384, 0.720784842023, 0.996890148234, 0.152435465423, 0.942672553171, 2.36585780214e-07, 8.59164133741e-05, 815.769054328, 632.268344587, 558.544275088, 0.264835189299, 424.422280897, 0.00493674427415
2.75536622053e-05, 0.00332523670834, 0.0880243474054, 7.26195712974e-05, 0.170754312109, 0.00596552799906, 0.214232671365, 0.0789703372644, 0.634193747949, 0.877304205227, 0.0355113665857, 0.628996528471, 0.57585822231, 0.65891701474, 0.143075120079, 0.0124558937079, 0.244745073445, 1261.54933016, 441.317224513, 12.5243368107, 367.347436885, 0.15811712335, 192.889276538, 7.30998499018, 0.0605724616926
1.99698397398e-05, 0.0021337449575, 0.0817069042965, 0.559805426843, 7.4546535723e-05, 0.982057253741, 0.282740885158, 0.947631297561, 0.94347639319, 0.631356883416, 0.733450598789, 0.137584433221, 0.279528797337, 0.733589378892, 0.567576958349, 0.440819863854, 0.920413754626, 25.1806808702, 11.9818166355, 989.151620765, 0.115873127215, 1195.4098957, 200.271453405, 5.2444191654, 0.0490829075019
5.88967375514e-06, 0.289493385282, 0.00900906454441, 0.429869018882, 0.0882334967142, 0.0643460263103, 0.594346106882, 0.116828186756, 0.688066723866, 0.625002437041, 0.247638470801, 0.530429013602, 0.279528797337, 0.720784842023, 0.770014165024, 0.0310560863958, 0.0113708661761, 426.818635106, 576.625978702, 72.7594153013, 100.585181862, 583.046537391, 13.2006326, 456.076084818, 0.0096064287647
0.149809672267, 0.116688837602, 0.351771331922, 0.0845993579329, 0.00204463849677, 0.0252944137733, 0.940729477688, 0.933830473255, 0.743850769084, 0.295973932879, 0.724951171896, 0.0792767694214, 0.992215503426, 0.675937027089, 0.390414958242, 0.852017392821, 0.201578060056, 70.9843766029, 760.23311009, 30.3532252962, 2.45421455247, 102.148228995, 475.390788832, 167.900203465, 220.860469677
0.218654771422, 0.128916817324, 0.940338081152, 0.307811512708, 0.314642245272, 0.932779986132, 0.868767611288, 0.312760511271, 0.321584907916, 0.816396730832, 0.251460263482, 0.199485660984, 0.280117090683, 0.948735727531, 0.351507114438, 0.0108033583352, 0.368288911258, 1.55836803829, 7.4523944699, 71.8377288267, 38.9262211831, 43.0881161391, 986.091286305, 203.352907309, 361.606002102
0.400316435653, 0.00116212767554, 0.000360531716356, 0.35949384924, 0.398238888142, 0.999938152996, 0.990839837865, 0.890074433102, 0.738961597721, 0.211536801214, 0.411627953888, 0.986437667431, 0.525341041868, 0.961959212725, 0.705610200062, 0.171826723354, 0.601174304951, 0.000599247185099, 0.0416440531312, 428.70584796, 309.664692199, 335.02807017, 0.354539588534, 1.14281415172, 455.320341613
2.51841823518e-06, 0.0021337449575, 0.261624871311, 3.67760881725e-05, 0.759202415727, 0.429607592219, 0.99991198, 0.947631297561, 0.924305680255, 0.132605419305, 0.63193548066, 0.992934550872, 0.57585822231, 0.614551236319, 0.0174577237984, 0.00363510625427, 0.0583096924877, 0.0408432418769, 295.405761888, 236.365835608, 952.065159317, 0.0591819598751, 446.440468332, 3.74561142498, 0.00442088157856
5.88967375514e-06, 0.108475774558, 0.0193698136291, 0.144641517648, 0.0039617670415, 0.000744491318952, 0.594346106882, 0.710686650864, 0.688066723866, 0.625002437041, 0.0615068986939, 0.530429013602, 0.279528797337, 0.93904042824, 0.770014165024, 0.0310560863958, 0.0113708661761, 631.329335444, 852.917061233, 1.24095902086, 6.60377765516, 245.337260372, 33.1491902576, 187.490404843, 0.010229186731
0.0556450324753, 0.000237020437022, 0.00238825163263, 0.540256138887, 0.251484307527, 0.377841456716, 0.171102870311, 0.773616064594, 0.404241532227, 0.480925096092, 0.0260195459393, 0.0817349860238, 0.460249370461, 0.228679181136, 0.357878317385, 0.668931384427, 0.255290577895, 598.226909422, 164.770812682, 418.625349137, 312.090926836, 920.611637434, 4.60255404171, 0.456778492127, 107.511331206
0.599361637521, 0.128916817324, 0.881587675832, 4.12601358425e-05, 0.314642245272, 0.844104718002, 0.772824396634, 0.489524929939, 0.43778782211, 0.816396730832, 0.0404679051488, 0.0326192193372, 0.176077380299, 0.948735727531, 0.351507114438, 0.0108033583352, 0.368288911258, 10.6403140295, 28.5410835107, 121.891123759, 67.7002031526, 0.00924976791712, 758.42793894, 158.450605943, 1082.08201837
5.25741736189e-05, 0.529736782101, 0.000295516929714, 0.000148139410703, 0.558228661116, 0.999999932951, 0.0769427490843, 0.835139068678, 0.377889222184, 0.846255782899, 0.940332613024, 0.0148795566603, 0.377437430899, 0.691392328715, 0.00999619800276, 0.559904802218, 0.0011712354427, 4.88085003369e-05, 5.92795538047e-06, 466.83631328, 561.121970243, 0.16985180401, 0.338830075313, 801.513850614, 0.0895265115233
2.51841823518e-06, 0.220921133765, 0.000143666354945, 0.315787823321, 0.419752899707, 0.41716304321, 0.998246961216, 0.5950867196, 0.47139922271, 0.132204251037, 0.63193548066, 0.0326192193372, 0.428820530384, 0.720784842023, 0.854262702134, 0.152435465423, 0.942672553171, 2.04139910854, 741.336565167, 569.768624368, 724.677319744, 640.178132741, 0.30354209063, 486.453581922, 0.00565827253488
2.5771978942e-05, 0.220921133765, 0.000143666354945, 0.238123539783, 0.419752899707, 0.00145608434212, 0.997879803925, 0.5950867196, 0.651575485282, 0.132204251037, 0.63193548066, 0.0326192193372, 0.428820530384, 0.11926599092, 0.996890148234, 0.0956365931324, 0.550055278952, 2.59922233302, 780.451502323, 1.78507100401, 604.90012965, 387.588506839, 0.239385706438, 383.637188885, 0.0456649586703
0.238839168898, 0.000237020437022, 0.000468980492793, 1.34124559164e-05, 0.047966482214, 0.00872526529144, 0.000193133693129, 0.845414834398, 0.947023498809, 0.610542553144, 0.465390642741, 0.0087570283691, 0.794382353927, 0.999874450957, 0.123341536602, 0.0199159770705, 0.00169472003099, 840.378691701, 0.25494879735, 11.5186282991, 63.4448687301, 0.0177573408552, 0.620904033087, 0.313801890789, 331.931102992
1.99698397398e-05, 0.0021337449575, 0.204323471112, 0.0125610995953, 0.000377364976408, 0.168097852787, 0.868767611288, 0.756010636418, 0.321584907916, 0.848463001396, 0.315971547938, 0.677462072489, 0.155855878029, 0.228679181136, 0.597124468029, 0.0132695023439, 0.0623560000137, 228.03612979, 1090.50952717, 301.207364771, 0.684106035967, 22.7743441873, 383.747816519, 4.07712120734, 0.0381580794331
0.593954634402, 0.00332523670834, 0.308744859102, 0.0237425705564, 0.444942635358, 0.0252944137733, 0.00160520932545, 0.752021227891, 0.395480762597, 0.74362353078, 0.230781585993, 0.626880375398, 0.0595042454297, 0.787343119059, 0.03091034564, 0.375577586315, 0.574542167956, 509.703950345, 1.28519927241, 20.2624751185, 428.712269758, 24.8623823799, 351.371163066, 3.93688579483, 1016.96221501
5.94124175668e-06, 0.108475774558, 0.351771331922, 0.000148139410703, 0.12852238242, 0.00596552799906, 0.431576296267, 0.0789703372644, 0.997655288159, 0.877304205227, 0.0355113665857, 0.737268143671, 0.57585822231, 0.65891701474, 0.143075120079, 0.0124558937079, 0.244745073445, 843.448823542, 679.165597161, 10.1477491477, 221.647497078, 0.257222384166, 681.626021437, 223.449677027, 0.0122978099464
0.00186026906631, 0.00420073146017, 0.000468980492793, 0.0678677713377, 0.487172463615, 0.350463503424, 0.214232671365, 0.845414834398, 0.0489868043061, 0.168771256971, 0.233244224733, 0.243749014216, 0.75767456381, 0.427026993731, 0.390414958242, 0.80747987276, 0.601174304951, 739.84295712, 258.813058361, 481.102231515, 883.345047678, 136.460825948, 0.944761524081, 8.46249999006, 3.74760589933
1.91364847346e-06, 0.00696061306872, 0.191428367037, 0.0845993579329, 0.00483386931858, 0.494245787372, 0.940729477688, 0.784697114201, 0.688066723866, 0.369657483158, 0.646117226359, 0.0087570283691, 0.810305971759, 0.733589378892, 0.384237260964, 0.626965774388, 0.920413754626, 55.9666891756, 599.395700993, 591.217438017, 6.40687888541, 112.795009048, 263.985898696, 9.74549059896, 0.00267933508247
0.238839168898, 0.999167352542, 0.0248513562333, 0.758516971585, 0.266067337407, 0.0643460263103, 0.989208475807, 0.358323158811, 0.947023498809, 0.610542553144, 0.136320660407, 0.0087570283691, 0.754563011485, 0.642771113104, 0.123341536602, 0.464447513668, 0.270865501761, 0.00998201698877, 0.588808456249, 0.0597255981871, 0.262869669037, 1.62473255882, 0.0683118269051, 1338.30453046, 527.051888936
0.0430547943388, 0.000237020437022, 0.000143666354945, 0.0845993579329, 0.251484307527, 0.47540612739, 0.0588129450986, 0.039426064858, 0.473722891968, 0.0432856521176, 0.135712609994, 0.163681779644, 0.460249370461, 0.720784842023, 0.56848816254, 0.668931384427, 0.942672553171, 1081.64269996, 100.210818948, 1005.42807237, 617.150151236, 214.37227194, 0.365119982069, 0.602374177877, 109.588484884
3.44433521948e-05, 0.00116212767554, 0.00041397634523, 0.569527805962, 0.966178448834, 0.711292488399, 0.987357581047, 0.734516962902, 0.211196103861, 0.253569063646, 0.826184397979, 0.838686139094, 0.39912103819, 0.263550023902, 0.780686290549, 0.992571780098, 0.986173806234, 0.301645708309, 15.1876297037, 31.1679311941, 652.02643302, 813.774209232, 0.678458786214, 1.90459351753, 0.0564487217635
0.511891245925, 0.00130475691227, 0.0880243474054, 7.26195712974e-05, 0.150783498771, 0.000606655894234, 0.999216382707, 0.613227839514, 0.634193747949, 0.877304205227, 0.658246791185, 0.628996528471, 0.244997078181, 0.65891701474, 0.0427796901037, 0.0027109741023, 0.593688212407, 1.02070846583, 829.234970225, 0.790206081557, 200.161640756, 0.0973080674102, 118.707463976, 1.76518458679, 894.06451252
0.000326400519319, 0.704254308238, 0.601155382325, 0.176171977878, 3.41079612801e-05, 0.168097852787, 0.953439555045, 0.997379153437, 0.37038515158, 0.550988460825, 0.915175865079, 0.677462072489, 0.279528797337, 0.590742122879, 0.544479633838, 0.0460943279356, 0.0623560000137, 21.406205414, 292.164450927, 79.2013571769, 0.0162586536578, 86.1894580459, 435.865126882, 1073.66066981, 0.615730035728
0.34827652293, 0.325819079622, 0.0193698136291, 0.144641517648, 0.000989473870227, 0.000483400405042, 0.594346106882, 0.313515157567, 0.991161491628, 0.170908594305, 0.625283303427, 0.814273786122, 0.186890218668, 0.720784842023, 0.576415375234, 0.0310560863958, 0.0113708661761, 338.390929933, 457.161391532, 0.431884325027, 0.884026234348, 131.497712682, 17.7675526723, 328.070997779, 408.014678934
1.99698397398e-05, 0.0448061260008, 0.515807498696, 0.644270410944, 0.293076316891, 0.821356365857, 0.999356772106, 0.947631297561, 0.39424017187, 0.843972963924, 0.473388817414, 0.71605636877, 0.279528797337, 0.228679181136, 0.544479633838, 0.207840837578, 0.270865501761, 0.104775679205, 103.699244024, 359.794814788, 185.685605323, 668.458469207, 828.522684431, 80.6258581171, 0.0359641782374
0.224790123235, 0.434016536134, 0.547924019904, 3.62263416553e-06, 0.865180942339, 0.782876500187, 0.998167630398, 0.941845456009, 0.738961597721, 0.621474414794, 0.174829218782, 0.864586033144, 0.0299726013167, 0.333212474006, 0.0440276646908, 0.337464556926, 0.0409747884842, 0.158878131069, 55.198842082, 155.522603028, 767.582519685, 0.00446767640478, 913.213216748, 977.377177928, 571.618095642
2.02283013118e-07, 0.000237020437022, 0.000160782554022, 0.306067032121, 0.128117089749, 0.524331078622, 0.348392904352, 0.997379153437, 0.938280074115, 0.404797273039, 0.853084410279, 0.300612502337, 0.794382353927, 0.680113955898, 0.00190183284769, 0.895026661497, 0.769529234375, 359.905446703, 219.302532581, 454.969011988, 126.521168659, 330.14126518, 0.180294883487, 0.26578489666, 0.000226831794149
0.218654771422, 0.54585043132, 0.940338081152, 0.307811512708, 0.314642245272, 0.168097852787, 0.868767611288, 0.312760511271, 0.321584907916, 0.816396730832, 0.251460263482, 0.199485660984, 0.344777702988, 0.948735727531, 0.351507114438, 0.0108033583352, 0.368288911258, 10.6351903263, 50.8593808566, 14.0477636371, 29.0033169703, 32.104279636, 734.721153739, 852.721493164, 403.308956546
1.99698397398e-05, 0.0021337449575, 0.204323471112, 0.0125610995953, 0.000198592066317, 0.932779986132, 0.0081991443852, 0.947631297561, 0.988644949537, 0.848463001396, 0.315971547938, 0.677462072489, 0.155855878029, 0.228679181136, 0.544479633838, 0.0520857442045, 0.0623560000137, 155.637385896, 2.00459366082, 1468.63297159, 0.460702482231, 29.1435657541, 491.069232631, 5.21735550391, 0.048829616689
0.42739777036, 0.0342696169918, 0.0833646151661, 0.979670542793, 0.398238888142, 0.288632750328, 0.228428767381, 0.632370238263, 0.768800407742, 0.880051715391, 0.444589608533, 0.445957271799, 0.57585822231, 0.263550023902, 0.939779990234, 0.00363510625427, 0.139316188194, 24.5227558546, 9.19727534753, 12.7610409033, 21.0443182917, 1125.07449283, 148.25069121, 61.1766788074, 903.315673812
0.00864395170448, 0.128733081699, 0.375335011671, 4.36296067707e-05, 0.398238888142, 0.177766240863, 0.104415860594, 0.248720407299, 0.768800407742, 0.109921929875, 0.444589608533, 0.0300972189349, 0.146151312793, 0.263550023902, 0.384237260964, 0.959460649129, 0.547073230216, 979.223555289, 162.064237167, 284.587945754, 745.827090648, 0.0872929290166, 852.050060655, 314.174516198, 21.2414222682
5.88967375514e-06, 0.558463382971, 0.0193698136291, 0.144641517648, 0.0039617670415, 0.00014069146079, 0.594346106882, 0.844729464148, 0.404241532227, 0.625002437041, 0.0615068986939, 0.530429013602, 0.460249370461, 0.93904042824, 0.798653871514, 0.0310560863958, 0.0113708661761, 457.273506346, 617.77008182, 0.169857770882, 4.78313045635, 177.698308974, 24.0100302894, 949.363972273, 0.011421761476
4.86215821716e-05, 0.369942204574, 0.265327176743, 0.366058577955, 0.558228661116, 0.0204432563431, 0.943549219792, 0.0323421370081, 0.898635295, 0.0432856521176, 0.0119821439572, 0.0326192193372, 0.972769242721, 0.477169735492, 0.947491544972, 0.865704481168, 0.368288911258, 49.6423307014, 558.369877741, 18.0073948013, 674.137087603, 568.302296066, 462.625238189, 750.537717186, 0.104421786848
4.41754610669e-08, 0.0357584167219, 0.261624871311, 0.389368075869, 0.757047546453, 4.8301971409e-05, 0.999729887843, 0.997699734817, 0.462918550002, 0.820672146143, 0.63193548066, 0.962832126736, 0.57585822231, 0.208507094716, 0.0729295017982, 0.0124558937079, 0.0583096924877, 0.132824532984, 313.050400831, 0.0237519372739, 780.085684749, 589.506978865, 447.394651994, 62.9710837858, 7.78345406338e-05
0.373781678824, 0.704254308238, 0.000468980492793, 0.00328127453329, 0.170754312109, 0.400712706706, 0.995103516399, 0.248720407299, 0.930029965092, 0.778083919472, 0.112229571231, 0.986437667431, 0.44597477228, 0.994115587169, 0.282514484429, 0.417748693657, 0.213656087198, 2.08630756758, 271.247402461, 197.542954915, 92.227223759, 1.79371631057, 0.256370452254, 694.444399084, 516.870764518
6.24037880774e-05, 0.424609102766, 0.00226900876488, 0.0624087767632, 0.235935472745, 0.0212889839195, 0.00160520932545, 0.752021227891, 0.10992485961, 0.74362353078, 0.230781585993, 0.28397019335, 0.0612415829906, 0.787343119059, 0.780686290549, 0.592821226157, 0.66553484636, 807.626043511, 2.03639858548, 27.0177038067, 313.988649954, 85.2605847625, 3.10482037265, 685.874064028, 0.108681876934
0.599361637521, 0.0284046971048, 0.627143618798, 0.979670542793, 0.523840641191, 0.0595629961795, 0.095726501737, 0.196613296129, 0.688066723866, 0.974064769055, 0.398279263183, 0.855188916309, 0.548918774732, 0.720784842023, 0.401926771976, 0.464447513668, 0.986271192355, 6.11988713345, 0.92722688676, 0.580815242351, 6.7009048942, 286.144717508, 431.60328482, 23.1240111349, 712.066746365
0.373688363434, 0.00776202327049, 0.547924019904, 0.414276855434, 0.865180942339, 0.540363068487, 0.998167630398, 0.941845456009, 0.738961597721, 0.610542553144, 0.174829218782, 0.864586033144, 0.0299726013167, 0.333212474006, 0.0440276646908, 0.810812512424, 0.0409747884842, 0.251142701907, 87.2542133352, 99.0847461772, 614.088009239, 478.238255182, 918.258492586, 14.7655400085, 805.599507047
2.02283013118e-07, 0.610967167544, 0.000160782554022, 0.306067032121, 0.128117089749, 0.524331078622, 0.348392904352, 0.997379153437, 0.938280074115, 0.404797273039, 0.853084410279, 0.290521405728, 0.754563011485, 0.680113955898, 0.00190183284769, 0.895026661497, 0.769529234375, 265.834599361, 161.981991163, 336.050777034, 93.451500913, 243.850077195, 0.133170027177, 752.682694262, 0.000292008488997
0.534525180948, 0.0046817321846, 0.000468980492793, 0.00418991511664, 0.000539089589684, 0.982057253741, 0.0081991443852, 0.95955680251, 0.838440071497, 0.973831060063, 0.0451937880665, 0.731531315091, 0.388370749802, 0.755287023962, 0.390414958242, 0.0027109741023, 0.0799351446919, 23.3675269655, 0.300971364653, 828.943562462, 0.702228425544, 5.45794314516, 0.610916387781, 6.0987584332, 924.521206038
4.86215821716e-05, 0.156113144754, 0.265327176743, 0.706329666423, 0.251484307527, 0.0204432563431, 0.483284108463, 0.99871241447, 0.898635295, 0.0432856521176, 0.0260195459393, 0.243749014216, 0.985290511743, 0.981769245334, 0.948017898872, 0.865704481168, 0.368288911258, 332.42249083, 315.4083179, 14.7202638946, 191.162171695, 999.33980827, 494.058451453, 305.430296801, 0.0960866645233
0.238839168898, 0.0277349540296, 0.0248513562333, 0.758516971585, 0.266067337407, 0.999999932951, 0.989208475807, 0.761115532145, 0.132135091689, 0.610542553144, 0.167484241369, 0.00173382046187, 0.754563011485, 0.642771113104, 0.123341536602, 0.464447513668, 0.0409747884842, 7.91694518506e-07, 4.66996227102e-05, 443.47098701, 196.945960338, 1217.27438263, 51.1802613119, 57.1695855571, 516.955500954
0.593954634402, 0.0021337449575, 0.308744859102, 0.0125610995953, 0.000377364976408, 0.0252944137733, 0.546787804863, 0.752021227891, 0.395480762597, 0.74362353078, 0.230781585993, 0.626880375398, 0.0112222741315, 0.787343119059, 0.03091034564, 0.461312258029, 0.574542167956, 408.933447472, 473.936249052, 24.8844863204, 0.371347048331, 12.3623898153, 330.181993246, 2.37387421724, 955.627416369
2.51841823518e-06, 0.00130260505058, 0.704617718112, 0.35949384924, 0.398238888142, 0.021760195361, 0.348392904352, 0.710686650864, 0.997655288159, 0.404797273039, 0.310978671058, 0.243749014216, 0.525341041868, 0.93904042824, 0.00906387633784, 0.464447513668, 0.0113708661761, 217.707489817, 132.656519416, 8.71745055029, 184.2568641, 199.348595918, 744.383357947, 1.70317112087, 0.00329286317406
0.448632370166, 0.0021337449575, 0.628173202287, 0.926742433814, 3.22437362921e-05, 0.985618936837, 0.348392904352, 0.947631297561, 0.94347639319, 0.00232252731037, 0.853084410279, 0.137584433221, 0.0297960961612, 0.128195103148, 0.460615605039, 0.440819863854, 0.920413754626, 1.47893390323, 0.901164329322, 76.6528467358, 0.00388333042157, 663.351724792, 1010.25028976, 4.05889651785, 1029.80604743
0.239015930518, 0.681230842728, 3.34527140881e-05, 0.0465533963885, 0.0659843469272, 5.65018566019e-05, 0.325188935283, 0.997699734817, 0.707839964661, 0.132605419305, 0.161153209699, 0.0149818539451, 0.548918774732, 0.405859694811, 0.958834725448, 0.464447513668, 0.551059148916, 475.539184813, 266.500162937, 0.0483813145556, 56.7041668042, 40.1493372045, 0.0288765626117, 1004.1919909, 451.181939589
0.511891245925, 0.00130475691227, 0.351771331922, 0.396462990071, 0.150783498771, 0.000606655894234, 0.999691203303, 0.613227839514, 0.634193747949, 0.877304205227, 0.658246791185, 0.628996528471, 0.244997078181, 0.905258549774, 0.0574260487025, 0.668931384427, 0.593688212407, 0.268696219791, 553.948000656, 0.527875469062, 133.712486487, 409.207885592, 432.607234928, 1.68924642093, 855.601895212
0.00186026906631, 0.00420073146017, 0.000468980492793, 0.0678677713377, 0.487172463615, 0.904557446998, 0.992126282939, 0.845414834398, 0.0489868043061, 0.636494158424, 0.233244224733, 0.243749014216, 0.75767456381, 0.427026993731, 0.390414958242, 0.954175405046, 0.601174304951, 1.98467198773, 160.460046344, 1062.34912011, 1031.95316005, 159.418090282, 1.10370193712, 9.88617486411, 4.37807826128
0.224790123235, 0.0247579269128, 0.547924019904, 3.62263416553e-06, 0.865180942339, 0.782876500187, 0.998167630398, 0.941845456009, 0.738961597721, 0.610542553144, 0.174829218782, 0.783256144414, 0.0299726013167, 0.333212474006, 0.0440276646908, 0.337464556926, 0.0141555070441, 0.165171212739, 57.3852400398, 161.682773945, 797.986071465, 0.00464463878658, 949.3851261, 48.7151046406, 461.77398581
0.258036360734, 0.0814689510882, 0.643792632964, 0.00418991511664, 4.91276461539e-05, 0.877442107177, 0.556159770285, 0.968003079667, 0.721362884003, 0.00277507569826, 0.0155123301161, 0.0148795566603, 0.454079705851, 0.733589378892, 0.0437120627314, 0.96798637278, 0.751513293706, 79.7989360712, 95.2841809424, 637.599640512, 0.0501293294315, 4.27540671196, 1037.23528481, 157.480515814, 529.469039002
0.224790123235, 0.0257926552452, 0.016917842862, 6.36217709626e-07, 0.208086641826, 0.782876500187, 0.984537055897, 0.835139068678, 0.698778685628, 0.57184467267, 0.174829218782, 0.986437667431, 0.05758623548, 0.99788043802, 0.0440276646908, 0.504838847484, 0.0409747884842, 8.10137400082, 333.473402978, 939.833827763, 338.098384569, 0.00105236310071, 27.9902704686, 42.7018801189, 388.544160578
0.00021682975152, 0.000934594274827, 0.000189283540033, 2.19291642712e-05, 0.0988831667533, 0.0459135144598, 0.895479525278, 0.706886030685, 0.688066723866, 0.99005631499, 0.00384420940704, 0.505701853602, 0.279528797337, 0.190337945632, 0.0729295017982, 0.817561042624, 0.691250592217, 70.9458229243, 428.231574049, 31.359759864, 68.1464910334, 0.0151736797663, 0.13097297604, 0.646684245674, 0.150033489256
1.99698397398e-05, 0.0021337449575, 0.204323471112, 0.0125610995953, 0.000377364976408, 0.168097852787, 0.0081991443852, 0.947631297561, 0.983014028582, 0.848463001396, 0.315971547938, 0.677462072489, 0.155855878029, 0.228679181136, 0.544479633838, 0.0520857442045, 0.162953053968, 1440.51734226, 18.5537164864, 389.490797683, 0.884616502825, 29.449470769, 496.223733703, 5.27211940022, 0.0493421560517
5.25741736189e-05, 0.368706763461, 0.536907399811, 1.34429861975e-06, 0.00483386931858, 0.288632750328, 0.228428767381, 0.985580149952, 0.0898548867178, 0.176960152326, 0.487509864725, 0.285489380472, 0.44597477228, 0.232145194775, 0.939779990234, 0.464447513668, 0.887926260256, 478.425539401, 179.433806105, 248.960920775, 4.31589421112, 0.00120026132256, 638.453064202, 559.026552891, 0.0843490939572
1.91646160892e-05, 0.00144688043556, 0.0880243474054, 7.26195712974e-05, 0.0141294149775, 0.350463503424, 0.214232671365, 0.692275075827, 0.634193747949, 0.877304205227, 0.0355113665857, 0.628996528471, 0.57585822231, 0.65891701474, 0.143075120079, 0.0124558937079, 0.244745073445, 1052.85609437, 368.311819657, 684.647210048, 29.0523690373, 0.149329877902, 182.169593676, 3.00393939815, 0.039788633176
0.167843686595, 0.348611177483, 0.515807498696, 0.590141264435, 0.989235852925, 0.11953407622, 0.984398958315, 0.0789703372644, 0.39424017187, 0.520344313308, 0.218562816869, 0.232879710267, 0.136701533249, 0.553000040138, 0.014309008493, 0.793682318622, 0.40160950235, 0.118558091759, 4.83694084423, 0.919303515864, 291.246883592, 388.139231453, 510.002947247, 429.296852218, 222.575055366
0.491387303919, 0.220921133765, 0.000143666354945, 0.238123539783, 0.419752899707, 0.00145608434212, 0.520183375275, 0.5950867196, 0.651575485282, 0.132204251037, 0.63193548066, 0.0326192193372, 0.428820530384, 0.11926599092, 0.996890148234, 0.0199159770705, 0.550055278952, 407.016723418, 433.679052274, 1.36034584293, 460.975151639, 295.368874887, 0.182428233879, 292.357701135, 836.675147835
0.426310892038, 0.000377131049571, 0.00041397634523, 0.35949384924, 0.966178448834, 0.532931710513, 0.987357581047, 0.685287250801, 0.966579501433, 0.253569063646, 0.826184397979, 0.849160817129, 0.37489181316, 0.263550023902, 0.780686290549, 0.998624544843, 0.501729853278, 0.524978290218, 26.4322536495, 29.3245563774, 742.476280162, 471.02670529, 0.572349273568, 0.521408349078, 696.812458712
0.239015930518, 0.0906878827776, 0.351771331922, 0.998975107242, 0.907318947939, 0.0517446432535, 0.536973957228, 0.603623088463, 0.688066723866, 0.625180292925, 0.310978671058, 0.263737423136, 0.232310945069, 0.915244451216, 0.160978411818, 0.906632353597, 0.549436354474, 0.116445936654, 0.130823136378, 0.0142669393991, 1.19847654013, 752.401273038, 463.957257339, 126.77916827, 351.965594908
0.650070851083, 0.445695498565, 0.0935452459983, 0.00032589128557, 0.54065352031, 0.0204432563431, 0.894232410319, 0.757683290853, 0.776661939181, 0.949917695651, 0.358421403842, 0.0326192193372, 0.315321314624, 0.966803671119, 0.0174577237984, 0.987387144415, 0.0583096924877, 61.4733064972, 366.599875178, 11.9407915769, 422.723041346, 0.288224150808, 83.3337446003, 479.500921674, 1214.77557794
2.51841823518e-06, 0.0021337449575, 0.128310476359, 3.67760881725e-05, 0.398238888142, 0.177766240863, 0.99991198, 0.947631297561, 0.924305680255, 0.132605419305, 0.717384230248, 0.0326192193372, 0.57585822231, 0.263550023902, 0.76649206525, 0.460672016067, 0.505914552326, 0.140360173445, 1015.17906194, 291.078004723, 762.835758342, 0.0752586090846, 266.188832304, 4.45672848077, 0.00526020096744
1.28271288204e-05, 0.0021337449575, 0.45869422503, 0.176171977878, 0.293076316891, 0.821356365857, 0.953439555045, 0.947631297561, 0.39424017187, 0.550988460825, 0.473388817414, 0.71605636877, 0.279528797337, 0.228679181136, 0.0626782112476, 0.440819863854, 0.920413754626, 16.4958849977, 225.145516905, 783.258205299, 404.229766515, 258.418180627, 830.439766908, 4.21869688782, 0.0253609830774
0.189086703219, 0.517690862676, 0.209721063065, 1.09663116366e-08, 0.000184977403889, 0.99982406814, 0.616886471399, 0.620135218893, 0.938650351281, 0.0270404661088, 0.399443330522, 0.722577449487, 0.562615969528, 0.171852952221, 0.939779990234, 0.956633604762, 0.00821941045702, 0.120929849099, 0.176084234758, 772.964161958, 0.224593893667, 1.33149596248e-05, 264.266485358, 863.601521415, 363.840192277
1.59645736533e-05, 0.00309822971472, 0.351771331922, 0.396462990071, 0.170754312109, 0.00596552799906, 0.214232671365, 0.0789703372644, 0.37038515158, 0.877304205227, 0.0355113665857, 0.919475121116, 0.57585822231, 0.65891701474, 0.143075120079, 0.0124558937079, 0.244745073445, 837.166115682, 292.858802899, 8.31116956639, 243.772335723, 660.526648169, 698.296921741, 6.4747974338, 0.0333635004823
1.99698397398e-05, 0.423863606208, 0.515807498696, 0.644270410944, 0.293076316891, 0.821356365857, 0.999356772106, 0.947631297561, 0.39424017187, 0.843972963924, 0.473388817414, 0.71605636877, 0.279528797337, 0.228679181136, 0.544479633838, 0.347104157578, 0.270865501761, 0.0955894299432, 94.6073716442, 328.249661592, 169.405546174, 609.851107596, 755.881629217, 819.530127052, 0.0416186519359
0.167843686595, 0.348611177483, 1.93274852149e-05, 0.590141264435, 0.989235852925, 0.11953407622, 0.984398958315, 0.692275075827, 0.634193747949, 0.520344313308, 0.0901106257429, 0.719991678264, 0.136701533249, 0.0178821537835, 0.014309008493, 0.793682318622, 0.566774546276, 0.169382103239, 6.91046221545, 1.31339464664, 416.099896453, 554.528488082, 0.0210488312163, 422.788368006, 219.20063921
1.99698397398e-05, 0.0021337449575, 0.69457510466, 0.559805426843, 7.4546535723e-05, 0.982057253741, 0.282740885158, 0.947631297561, 0.94347639319, 0.631356883416, 0.733450598789, 0.137584433221, 0.279528797337, 0.733589378892, 0.567576958349, 0.440819863854, 0.920413754626, 11.7189473287, 5.57627010868, 460.345603979, 0.0539267020476, 556.337045692, 1388.06146541, 5.2444191654, 0.0490829075019
0.00021682975152, 0.20897378288, 0.000189283540033, 0.44731037881, 0.0785334074846, 0.545595131595, 0.987357581047, 0.99871241447, 0.569043846093, 0.253569063646, 0.826184397979, 0.0627015053087, 0.992518789482, 0.675937027089, 0.0729295017982, 0.997365999405, 0.270865501761, 10.1997139405, 513.547761978, 593.047164689, 97.2777234089, 669.456097698, 0.308012223783, 352.817414398, 0.372738813011
1.99698397398e-05, 0.315532724971, 0.515807498696, 0.127756839532, 0.0104402333747, 0.821356365857, 0.985956928908, 0.116828186756, 0.39424017187, 0.550988460825, 0.464849710882, 0.334728427663, 0.279528797337, 0.228679181136, 0.544479633838, 0.207840837578, 0.270865501761, 4.16164719116, 188.630900866, 654.632552561, 11.1736429323, 138.603327167, 730.743241297, 545.352209022, 0.0359696645518
0.238839168898, 0.0277349540296, 0.0248513562333, 0.758516971585, 0.266067337407, 0.0643460263103, 0.989208475807, 0.358323158811, 0.947023498809, 0.610542553144, 0.63193548066, 0.345972012093, 0.754563011485, 0.714639569446, 0.123341536602, 0.464447513668, 0.123529212008, 7.36954689147, 434.706886724, 44.0943545734, 194.07203519, 1199.51136046, 50.4334156299, 56.335340928, 509.411850848
4.9275399594e-07, 0.220921133765, 9.78314501602e-05, 4.71294625048e-06, 0.419752899707, 0.999999932951, 0.998246961216, 0.312760511271, 0.966431046903, 0.487003912657, 0.167484241369, 0.0326192193372, 0.344777702988, 0.912505676504, 0.99848774544, 0.152435465423, 0.942672553171, 2.70054429525e-07, 9.80705940126e-05, 931.171968117, 721.712297963, 0.00872166205946, 0.181044469523, 426.073307305, 0.000969681439627
0.871304283791, 0.54585043132, 0.940338081152, 0.307811512708, 0.314642245272, 0.168097852787, 0.868767611288, 0.5950867196, 0.321584907916, 0.816396730832, 0.251460263482, 0.199485660984, 0.428820530384, 0.948735727531, 0.351507114438, 0.0108033583352, 0.368288911258, 2.07631350149, 9.9293022419, 2.74255188771, 5.66233200966, 6.26773449451, 143.439976581, 166.477241586, 1074.20214559
1.99698397398e-05, 0.0021337449575, 0.204323471112, 0.979670542793, 0.000198592066317, 0.932779986132, 0.0081991443852, 0.947631297561, 0.76009968493, 0.848463001396, 0.315971547938, 0.677462072489, 0.155855878029, 0.228679181136, 0.544479633838, 0.0520857442045, 0.0623560000137, 5.41406444023, 0.0697325979467, 51.0884547532, 0.0160261810632, 1608.25519152, 534.928612784, 5.68333863466, 0.0531907873321
0.00864395170448, 0.128733081699, 0.0193698136291, 4.36296067707e-05, 0.398238888142, 0.177766240863, 0.104415860594, 0.248720407299, 0.768800407742, 0.109921929875, 0.444589608533, 0.0300972189349, 0.146151312793, 0.263550023902, 0.798653871514, 0.959460649129, 0.547073230216, 1149.5498541, 190.253716002, 334.08921768, 875.556371789, 0.102476674783, 45.5096203402, 306.698432147, 20.7359622451
4.86215821716e-05, 0.000237020437022, 0.00238825163263, 0.540256138887, 0.405020147689, 0.377841456716, 0.912330038555, 0.773616064594, 0.688066723866, 0.480925096092, 0.0260195459393, 0.0817349860238, 0.279528797337, 0.477169735492, 0.459719861956, 0.668931384427, 0.255290577895, 66.7013546904, 481.289465255, 327.807334295, 432.949677154, 827.209260748, 4.1355933073, 0.410435175305, 0.0841953054883
0.167843686595, 0.348611177483, 1.93274852149e-05, 0.000143917910853, 0.989235852925, 0.00885578520159, 0.99233240131, 0.692275075827, 0.584628296535, 0.520344313308, 0.218562816869, 0.19404369499, 0.136701533249, 0.00434090420409, 0.014309008493, 0.793682318622, 0.170960063076, 0.10714112645, 8.89520488495, 0.12375490522, 526.124574534, 0.118955739516, 0.0159751854609, 320.878747147, 166.36414766
5.88967375514e-06, 0.445695498565, 0.221675735738, 9.21099184703e-08, 0.0785334074846, 0.543469492546, 0.938782452566, 0.773616064594, 0.898635295, 0.480925096092, 0.0260195459393, 0.992239196599, 0.972769242721, 0.687415479934, 0.947491544972, 0.966975822469, 0.368288911258, 47.8490635406, 496.062196081, 571.532735672, 94.021129883, 0.000110555276362, 277.368993567, 684.822544031, 0.00983346523786
0.00864395170448, 0.108475774558, 0.000362240568956, 0.035845277305, 0.444942635358, 0.0252944137733, 0.0013758075446, 0.752021227891, 0.10992485961, 0.789203432864, 0.230781585993, 0.000638593765096, 0.0612415829906, 0.787343119059, 0.0141714373344, 0.706435859538, 0.574542167956, 638.884382749, 1.38070377401, 25.3978176522, 537.365548328, 47.0769943941, 0.475996125166, 143.936490219, 11.5260566866
5.25741736189e-05, 0.000371871756857, 0.0332716151365, 1.34429861975e-06, 0.322784512834, 0.701783768955, 0.0307472782921, 0.997379153437, 0.664621245321, 0.20463966709, 0.63193548066, 0.865467844632, 0.477456325017, 0.483105602038, 0.939779990234, 0.00190519102722, 0.135117145099, 413.652045317, 19.9939961465, 818.446771437, 509.504220896, 0.00221564866607, 54.8876569078, 0.613750384431, 0.0867702926697
4.86215821716e-05, 0.196331965558, 0.000468980492793, 0.00418991511664, 0.000539089589684, 0.982057253741, 0.142461796253, 0.95955680251, 0.838440071497, 0.973831060063, 0.0451937880665, 0.731531315091, 0.388370749802, 0.755287023962, 0.390414958242, 0.0027109741023, 0.0799351446919, 32.5161938631, 7.40036727241, 1182.8833563, 1.00206377673, 7.78835906131, 0.871763603601, 376.979227366, 0.0948553154538
0.534525180948, 0.156113144754, 0.265327176743, 0.706329666423, 0.658927639407, 0.00456016681393, 0.483284108463, 0.99871241447, 0.898635295, 0.0432856521176, 0.0260195459393, 0.243749014216, 0.985290511743, 0.981769245334, 0.948017898872, 0.865704481168, 0.368288911258, 122.829477294, 116.542772799, 1.21287645973, 285.214421262, 667.2973228, 329.901680323, 203.947463786, 936.522729847
2.51841823518e-06, 0.00102230335709, 0.000291843985041, 0.00435946821108, 0.150783498771, 0.400712706706, 0.670683094714, 0.953744770171, 0.66608171924, 0.826809239746, 0.0404679051488, 0.0207843738499, 0.232310945069, 0.814339940312, 0.390414958242, 0.588668318712, 0.0799351446919, 438.155724975, 770.087571632, 645.24132527, 264.568293798, 7.72133530736, 0.516907780119, 1.81068330595, 0.00446057404004
0.0149092391134, 0.00420073146017, 0.00041397634523, 0.902394717281, 0.487172463615, 0.18375805711, 0.536973957228, 0.615714954201, 0.206268128286, 0.118784483641, 0.832268011697, 0.243749014216, 0.611280784919, 0.718333862293, 0.160978411818, 0.755543394653, 0.5175316848, 72.1078050343, 81.0107203656, 32.2042612584, 108.664642513, 1015.12119702, 0.667940592927, 6.77787514964, 24.0606128942
0.11268982679, 0.00696061306872, 0.232753116066, 0.238123539783, 7.4546535723e-05, 0.982057253741, 0.870541140766, 0.989360877341, 0.340879806315, 0.559650828153, 0.099619868168, 0.263737423136, 0.972769242721, 0.961618691504, 0.0437120627314, 0.96798637278, 0.920413754626, 6.82417893026, 33.094353473, 1198.59451108, 0.140408094519, 470.662103021, 493.122414207, 15.0814397603, 246.750547771
0.693661213617, 0.0145832720026, 0.000112316522256, 1.49710696951e-07, 0.722439682209, 0.999999932951, 0.168350546782, 0.959814481327, 0.465248601566, 0.996581278956, 0.358786254449, 0.699816471479, 0.331252172712, 0.175121961153, 0.999958758878, 0.559904802218, 0.0830999928823, 2.1963438171e-05, 5.94739480157e-06, 216.050570475, 463.735444409, 0.000120309007417, 0.0902586770662, 11.7213131472, 980.074969792
0.238839168898, 0.0021337449575, 0.308744859102, 0.0125610995953, 0.266067337407, 0.0252944137733, 0.546787804863, 0.752021227891, 0.395480762597, 0.213771521811, 0.230781585993, 0.626880375398, 0.0112222741315, 0.787343119059, 0.03091034564, 0.464447513668, 0.574542167956, 501.068358289, 580.716641582, 30.4910952737, 340.898168087, 16.5742824712, 442.675704674, 3.18265824127, 373.961151833
2.51841823518e-06, 0.445695498565, 0.0935452459983, 0.35949384924, 0.907318947939, 0.0204432563431, 0.348392904352, 0.603623088463, 0.776661939181, 0.946845341891, 0.358421403842, 0.0326192193372, 0.315321314624, 0.966803671119, 0.160978411818, 0.865704481168, 0.214405076616, 102.632903678, 62.5376912432, 3.86073648461, 820.125937521, 525.108415339, 145.228634473, 835.643044927, 0.00513081029692
