0.992374584804, 0.0118992149151, 0.000297755887693, 0.995770507348, 0.412939504604, 0.773673712342, 0.578340739633, 0.445236704687, 0.594739020047, 0.359165429005, 0.552443065757, 0.479783075104, 0.463317725193, 0.573561239767, 0.434749108896, 0.720896841532, 0.0, 4.71174362529e-193, 0.754298887729
0.997120206693, 0.996969560038, 0.0160319016155, 0.997941683963, 0.529714316923, 0.542960588833, 0.588771190296, 0.559395447287, 0.632822304111, 0.548945985358, 0.641883700175, 0.492111085067, 0.605077065851, 0.455970718376, 0.0471690043581, 0.156643946877, 8.09813510639e-181, 0.375167742168, 0.985757007361
0.674160756887, 0.00370693264293, 0.0675909086525, 0.991483949611, 0.494446101248, 0.515312753714, 0.554918860421, 0.537040838836, 0.510886534482, 0.466272383284, 0.499028745279, 0.492111085067, 0.661511263983, 0.413543569177, 0.816185062959, 0.643794521176, 1.59142715152e-117, 1.30145077822e-243, 1.22830190402e-17
0.989367452512, 0.991772629773, 0.00230003211375, 0.999934017696, 0.516511610189, 0.489958492113, 0.556790824859, 0.466657406636, 0.429587038346, 0.380269053838, 0.552443065757, 0.525356821879, 0.541281975931, 0.542792969003, 0.0070617263084, 0.683542934729, 1.60065904118e-264, 0.561422633516, 0.52947687109
0.992374584804, 0.980036083259, 0.056136530524, 0.997941683963, 0.400894429104, 0.507306963054, 0.426452944868, 0.619581777868, 0.465440067496, 0.585420486509, 0.415482679804, 0.335498810561, 0.379431231045, 0.697480496663, 0.236494761658, 0.785377461025, 1.08293582483e-125, 0.174039013545, 0.751279723869
0.825237321291, 0.995557773219, 0.0675909086525, 0.301613023134, 0.494446101248, 0.402000623317, 0.426452944868, 0.537040838836, 0.510886534482, 0.557414121582, 0.505876281223, 0.492111085067, 0.477240487862, 0.47460848139, 0.546195161635, 7.55921495659e-53, 8.36173142377e-118, 0.862726060956, 7.29575258166e-09
0.992374584804, 0.994865096287, 0.111729568855, 0.999233040964, 0.516511610189, 0.590446030614, 0.556790824859, 0.559395447287, 0.405415893389, 0.487572150954, 0.438367226065, 0.525356821879, 0.373373923696, 0.585332929011, 0.0535853753214, 0.459819404778, 4.76923365665e-96, 0.632170149808, 0.702064569679
0.994952544698, 0.99993443268, 0.000313362049755, 0.396831494275, 0.529714316923, 0.514551352891, 0.446596997513, 0.514176503904, 0.502434990725, 0.464719700887, 0.452984415231, 0.442294681438, 0.477240487862, 0.47460848139, 0.00606888282985, 6.91579107663e-43, 0.0, 0.591146320074, 0.821497507518
0.36507515152, 0.02269420564, 0.846547671986, 0.983570204916, 0.494446101248, 0.514551352891, 0.426452944868, 0.468101420938, 0.465440067496, 0.359165429005, 0.552443065757, 0.525356821879, 0.520676788365, 0.573561239767, 0.990715448827, 0.306115780633, 9.48443183997e-08, 6.35869405614e-165, 2.81901092608e-44
0.446556969821, 0.64806672116, 0.0160319016155, 0.999934017696, 0.516511610189, 0.489958492113, 0.556790824859, 0.466657406636, 0.429587038346, 0.380269053838, 0.552443065757, 0.460848617356, 0.485534263803, 0.542792969003, 0.010643811875, 1.03027249825, 5.10033921291e-180, 2.34999651618e-19, 1.57319434865e-35
0.00674724296977, 0.989436981254, 0.056136530524, 0.997941683963, 0.561224932568, 0.507306963054, 0.549044967169, 0.619581777868, 0.429587038346, 0.359165429005, 0.415482679804, 0.525356821879, 0.379431231045, 0.697480496663, 0.273153413115, 0.907117487758, 1.25079986831e-125, 0.571957220324, 1.42152245146e-217
0.995253357281, 0.702966391018, 0.384702329606, 0.000195042541117, 0.411126479996, 0.417838326097, 0.673744752749, 0.790602170826, 0.0800425349052, 0.648479886733, 0.552443065757, 0.525356821879, 0.937243896188, 0.569360789559, 0.855585687298, 0.0, 4.37386134116e-42, 6.63497923127e-16, 1.26489332913
0.989367452512, 0.988729339638, 0.000341896636925, 0.999934017696, 0.516511610189, 0.208231336227, 0.426452944868, 0.319940531604, 0.645134158736, 0.380269053838, 0.552443065757, 0.525356821879, 0.305029868672, 0.573561239767, 0.00934784101261, 0.904828422979, 0.0, 0.501011958719, 0.619107034263
0.0775040736345, 0.988776217875, 0.00111146489124, 0.999973004363, 0.516511610189, 0.514551352891, 0.426452944868, 0.559395447287, 0.465440067496, 0.557414121582, 0.254129139444, 0.405412447251, 0.477240487862, 0.0224383632229, 0.00485385136254, 1.14617421374, 6.99760281718e-296, 0.638222824327, 1.763891115e-111
0.992374584804, 0.953844317035, 0.0210784242958, 0.987393312945, 0.516511610189, 0.507306963054, 0.446596997513, 0.559395447287, 0.518547776617, 0.464719700887, 0.663264643455, 0.525356821879, 0.477240487862, 0.505615665971, 0.697554874954, 0.329854320468, 2.93314590911e-168, 0.0107472454678, 0.691439556773
0.989367452512, 0.996558172547, 0.000280447412253, 0.0021821589759, 0.516511610189, 0.602776614725, 0.554918860421, 0.494879437815, 0.465440067496, 0.373490713165, 0.499028745279, 0.643386820734, 0.485534263803, 0.455970718376, 0.399853203374, 4.8602559913e-267, 0.0, 0.810967825373, 0.541213925201
0.997237670641, 0.992402380401, 0.846547671986, 0.987393312945, 0.516511610189, 0.507306963054, 0.446596997513, 0.595507922935, 0.295792157392, 0.62533264282, 0.499028745279, 0.470373573408, 0.485534263803, 0.455970718376, 0.267133285281, 0.126319908948, 2.70278209745e-08, 0.26585938016, 0.996374866419
0.446556969821, 0.99971345374, 0.000255575271394, 0.999973004363, 0.516511610189, 0.0124786047318, 0.426452944868, 0.466657406636, 0.465440067496, 0.636625057319, 0.505876281223, 0.504611475568, 0.204313749965, 0.434495532781, 0.000254772382828, 0.0601612026735, 0.0, 1.35477327671, 2.07062527208e-35
0.989367452512, 0.91395525821, 0.000341896636925, 0.0021821589759, 0.698190174316, 0.507306963054, 0.446596997513, 0.494879437815, 0.984027058515, 0.373490713165, 0.262953317888, 0.525356821879, 0.485534263803, 0.455970718376, 1.15961755964, 1.40952683242e-266, 0.0, 0.000225386679114, 0.694106674855
0.000257921123405, 0.980036083259, 0.000410335198215, 0.9999445138, 0.634876431653, 0.514551352891, 0.91093382671, 0.559395447287, 0.584515364821, 0.359165429005, 0.499028745279, 0.379254460629, 0.477240487862, 0.434495532781, 0.0105189262058, 1.21017424887, 0.0, 0.256793998852, 0.0
0.989367452512, 0.99998347716, 0.000410335198215, 0.435547279136, 0.529714316923, 0.660520070022, 0.556790824859, 0.455545742122, 0.587905188821, 0.359165429005, 0.499028745279, 0.525356821879, 0.477240487862, 0.579736825785, 0.00237405734728, 2.98635606148e-39, 0.0, 0.915463060133, 0.547966129011
0.989367452512, 0.331465760158, 0.671465229417, 0.999973004363, 0.516511610189, 0.507306963054, 0.29774607595, 0.678046122697, 0.465440067496, 0.557414121582, 0.0100130176961, 0.492111085067, 0.586134565916, 0.31612376409, 0.00493734805439, 1.16589087747, 9.22857233434e-18, 2.02604456557e-48, 0.69786790881
0.992374584804, 0.993927548059, 0.000280447412253, 0.991483949611, 0.516511610189, 0.527433705293, 0.467510162708, 0.621266216907, 0.405415893389, 0.373490713165, 0.552443065757, 0.525356821879, 0.541281975931, 0.529783244024, 0.402377430449, 0.317389274717, 0.0, 0.588424101302, 0.699166652897
0.97993888719, 0.990990083606, 0.000410335198215, 0.9999445138, 0.539274173542, 0.514551352891, 0.446596997513, 0.559395447287, 0.510886534482, 0.336738869066, 0.499028745279, 0.379254460629, 0.477240487862, 0.47460848139, 0.00719276774756, 0.8275086388, 0.0, 0.610249585066, 0.215958556505
0.999112783979, 0.000546103156614, 2.72711330845e-06, 0.000352654935762, 0.412939504604, 0.0320452163076, 0.426452944868, 0.412549788424, 0.385115095257, 0.433470365035, 0.505876281223, 0.946304477022, 0.723228745548, 0.588987504114, 0.201422797601, 0.0, 0.0, 0.0, 1.50075816421
0.981324528535, 0.989436981254, 0.000473819832788, 0.99400181735, 0.516511610189, 0.514551352891, 0.426452944868, 0.304830911616, 0.465440067496, 0.669129896005, 0.323474096054, 0.405412447251, 0.477240487862, 0.526575156035, 0.604738028447, 0.703392554757, 0.0, 0.560041283776, 0.263379706834
0.995696780601, 0.0118992149151, 0.000297755887693, 0.995770507348, 0.516511610189, 0.773673712342, 0.578340739633, 0.445236704687, 0.594739020047, 0.359165429005, 0.552443065757, 0.479783075104, 0.463317725193, 0.573561239767, 0.30326553536, 0.502872029206, 0.0, 3.28674498409e-193, 0.957261952709
0.00012634291258, 0.997964656033, 1.71756402784e-05, 0.000205972564939, 0.184076949664, 0.542960588833, 0.500941897674, 0.266095661691, 0.523162533805, 0.460235346466, 0.505876281223, 0.405412447251, 0.503235839286, 0.505615665971, 0.333336624006, 0.0, 0.0, 1.11890901687, 0.0
0.989367452512, 0.988776217875, 0.000280264505427, 0.991483949611, 0.516511610189, 0.514551352891, 0.686028372144, 0.559395447287, 0.465466735874, 0.743957345264, 0.499028745279, 0.104214701472, 0.477240487862, 0.526575156035, 0.739971040805, 0.583678044992, 0.0, 0.524786051104, 0.645684413143
0.178612854369, 0.980036083259, 0.00111146489124, 0.997941683963, 0.516511610189, 0.550823164282, 0.426452944868, 0.878731504997, 0.584515364821, 0.557414121582, 0.505876281223, 0.579720858394, 0.628935266637, 0.505615665971, 0.334286942879, 1.11013634556, 7.07813275694e-296, 0.246005321097, 2.89186474834e-75
0.00020127442498, 0.992500930357, 0.000297755887693, 0.995770507348, 0.400894429104, 0.322283886911, 0.545006538921, 0.319940531604, 0.412471831922, 0.359165429005, 0.476477479838, 0.525356821879, 0.383857319357, 0.374602461129, 0.432387537727, 0.716980906658, 0.0, 0.764450984977, 0.0
0.989367452512, 0.980036083259, 0.000280264505427, 0.999480216703, 0.0720578994845, 0.386854961495, 0.545006538921, 0.409961240745, 0.518547776617, 0.359165429005, 0.438367226065, 0.525356821879, 0.383857319357, 0.374602461129, 0.0840687830614, 1.05415008635, 0.0, 0.224388044175, 0.647073558671
0.989367452512, 0.989436981254, 0.000280447412253, 0.0021821589759, 0.516511610189, 0.507306963054, 0.446596997513, 0.494879437815, 0.518547776617, 0.373490713165, 0.499028745279, 0.525356821879, 0.485534263803, 0.455970718376, 0.750956590737, 9.12795305511e-267, 0.0, 0.453385074146, 0.525066123942
0.000400470467093, 0.507413740184, 0.000410335198215, 0.989614683293, 0.412939504604, 0.542960588833, 0.978444698492, 0.247238754584, 0.395509405548, 0.515016024177, 0.476477479838, 0.525356821879, 0.441522319772, 0.548928039615, 1.12357084482, 0.693528854302, 0.0, 7.12918589789e-30, 0.0
0.992374584804, 0.980036083259, 0.056136530524, 0.0021821589759, 0.400894429104, 0.507306963054, 0.426452944868, 0.619581777868, 0.518547776617, 0.585420486509, 0.570492490856, 0.335498810561, 0.379431231045, 0.697480496663, 0.818008487185, 9.94297561512e-267, 1.08002665783e-125, 0.173571480249, 0.74926150808
0.980652747966, 0.992500930357, 0.000410335198215, 0.988750828121, 0.412939504604, 0.554219568706, 0.545006538921, 0.623981464635, 0.491765173667, 0.359165429005, 0.499028745279, 0.525356821879, 0.383857319357, 0.455970718376, 0.669971491016, 0.371913310187, 0.0, 0.699633127185, 0.23493464868
0.000400470467093, 0.992500930357, 0.000410335198215, 0.909113969986, 0.392066915124, 0.542960588833, 0.426452944868, 0.56545672319, 0.465440067496, 0.460235346466, 0.641883700175, 0.46035363324, 0.45602898804, 0.573561239767, 0.779116970987, 8.90339595035e-05, 0.0, 0.711355871783, 0.0
0.178612854369, 0.92477651064, 0.000196310711636, 0.997941683963, 0.516511610189, 0.550823164282, 0.426452944868, 0.878731504997, 0.584515364821, 0.359165429005, 0.505876281223, 0.579720858394, 0.805832317346, 0.505615665971, 0.368673386928, 1.22433057943, 0.0, 0.000806390244616, 3.11987626637e-75
0.994952544698, 0.586748771284, 0.000410335198215, 0.999833546747, 0.516511610189, 0.489958492113, 0.426452944868, 0.522513271128, 0.465440067496, 0.557414121582, 0.505876281223, 0.455616544963, 0.474287294157, 0.589815216293, 0.0154713245144, 0.596474101709, 0.0, 6.56260692914e-24, 0.829136452032
0.982489448123, 0.9999400759, 0.0199676043468, 8.88876616063e-05, 0.676580493603, 0.507306963054, 0.554918860421, 0.442470190959, 0.587905188821, 0.330118187932, 0.313896651177, 0.775425414387, 0.541281975931, 0.0134248617996, 0.0128771285059, 0.0, 2.18039497112e-172, 1.37205807605, 0.37749817481
0.927810704625, 0.980036083259, 0.056136530524, 0.0021821589759, 0.431475969312, 0.507306963054, 0.426452944868, 0.619581777868, 0.534049415875, 0.585420486509, 0.499028745279, 0.335498810561, 0.379431231045, 0.697480496663, 1.08925919002, 1.32400552495e-266, 1.43816229408e-125, 0.231127589688, 0.000974433436808
0.989367452512, 0.964099856607, 0.46953880718, 0.0021821589759, 0.516511610189, 0.507306963054, 0.446596997513, 0.494879437815, 0.518547776617, 0.373490713165, 0.499028745279, 0.525356821879, 0.485534263803, 0.455970718376, 0.876485774113, 1.06537729321e-266, 2.02308431196e-33, 0.0355881217078, 0.525066123942
0.989367452512, 0.279687319377, 0.0160319016155, 0.999958628301, 0.516511610189, 0.489958492113, 0.556790824859, 0.466657406636, 0.429587038346, 0.380269053838, 0.552443065757, 0.525356821879, 0.541281975931, 0.542792969003, 0.00573675968424, 0.88455823698, 4.37884268733e-180, 6.45852126806e-56, 0.52947687109
0.92839548998, 0.996969560038, 0.00111146489124, 0.995770507348, 0.516511610189, 0.514551352891, 0.426452944868, 0.559395447287, 0.584515364821, 0.515016024177, 0.499028745279, 0.405412447251, 0.477240487862, 0.505615665971, 0.21184259443, 0.351275377227, 2.50438024883e-296, 0.940740323676, 0.000956512905751
0.994952544698, 0.992500930357, 0.000280264505427, 0.996256471343, 0.412939504604, 0.489958492113, 0.556790824859, 0.522513271128, 0.465466735874, 0.557414121582, 0.499028745279, 0.525356821879, 0.497219088469, 0.746461532909, 0.219219002441, 0.40974473505, 0.0, 0.424285865332, 0.874414679929
0.178612854369, 0.980036083259, 0.000247039933936, 0.991243211128, 0.444951820562, 0.550823164282, 0.426452944868, 0.878731504997, 0.584515364821, 0.359165429005, 0.796199635082, 0.579720858394, 0.477240487862, 0.500281716533, 0.992321321686, 0.757255579617, 0.0, 0.264864323528, 3.11355785675e-75
0.989367452512, 0.964099856607, 0.46953880718, 0.997941683963, 0.516511610189, 0.507306963054, 0.446596997513, 0.494879437815, 0.465440067496, 0.373490713165, 0.499028745279, 0.525356821879, 0.485534263803, 0.455970718376, 0.252930632696, 0.839959484639, 2.02476707939e-33, 0.0356177233076, 0.525502865094
0.937648548677, 0.980036083259, 0.00111146489124, 0.00349619043191, 0.516511610189, 0.507306963054, 0.797101219285, 0.559395447287, 0.584515364821, 0.821315988572, 0.299083067874, 0.525356821879, 0.477240487862, 0.140131620046, 1.34362481484, 4.8295413239e-246, 8.20300122788e-296, 0.285100890351, 0.00345120255982
0.0775040736345, 0.988776217875, 0.00111146489124, 0.991483949611, 0.516511610189, 0.514551352891, 0.426452944868, 0.559395447287, 0.465440067496, 0.536743299432, 0.360150424335, 0.405412447251, 0.477240487862, 0.0224383632229, 0.870534186845, 0.686664293947, 6.7690909145e-296, 0.617381185307, 1.70628994424e-111
0.998387475725, 0.989845952202, 0.0334823116249, 0.999076447395, 0.556057098918, 0.637038472848, 0.616476893377, 0.435406403694, 0.518547776617, 0.551222113057, 0.663861375745, 0.525356821879, 0.441522319772, 0.5483795523, 0.029108626212, 0.208619151826, 1.00277707167e-148, 0.133852903509, 1.04653596051
0.994952544698, 0.651689880575, 2.02328945536e-05, 0.989971388318, 0.569530134545, 0.542960588833, 0.715660836424, 0.455545742122, 0.502434990725, 0.535363858471, 0.641883700175, 0.617870225855, 0.497219088469, 0.693775886633, 0.553531841338, 0.357381408846, 0.0, 2.62435143736e-19, 0.915572535422
0.0775040736345, 0.988776217875, 0.00111146489124, 0.968211194368, 0.516511610189, 0.514551352891, 0.426452944868, 0.559395447287, 0.465440067496, 0.557414121582, 0.254129139444, 0.405412447251, 0.477240487862, 0.0224383632229, 1.14397473384, 0.0711385721776, 6.99760281718e-296, 0.638222824327, 1.763891115e-111
0.989367452512, 0.99998793287, 0.000341896636925, 0.0021821589759, 0.698190174316, 0.507306963054, 0.426452944868, 0.656198452324, 0.984027058515, 0.373490713165, 0.262953317888, 0.792376615199, 0.485534263803, 0.588987504114, 0.0023881373668, 2.90280504122e-269, 0.0, 1.26064930338, 0.754582096835
0.0407547008989, 0.988776217875, 0.203360374718, 0.983570204916, 0.516511610189, 0.514551352891, 0.556790824859, 0.468101420938, 0.465440067496, 0.359165429005, 0.552443065757, 0.45965310919, 0.520676788365, 0.542792969003, 0.861787176806, 0.266278934764, 9.50503638932e-70, 0.502248172432, 1.6894130697e-139
0.999730528372, 3.80997870876e-05, 0.000319850609804, 0.104542790505, 0.463116751588, 0.536468374829, 0.386475966033, 0.306582739677, 0.566002757492, 0.380269053838, 0.476477479838, 0.474106613919, 0.319450313787, 0.459826566468, 0.0462294933318, 6.17231158468e-100, 0.0, 0.0, 1.10615037678
0.00674724296977, 0.988729339638, 0.22333119514, 0.000352654935762, 0.400894429104, 0.489958492113, 0.426452944868, 0.372000303941, 0.434341361858, 0.557414121582, 0.415482679804, 0.46035363324, 0.379431231045, 0.455970718376, 0.931293030491, 0.0, 1.14853763976e-65, 0.515638142838, 1.367433066e-217
0.989367452512, 0.651689880575, 0.0377543149738, 0.99369814058, 0.400894429104, 0.542960588833, 0.609805817618, 0.422084759841, 0.502434990725, 0.535363858471, 0.438367226065, 0.516939987655, 0.605077065851, 0.121204183065, 0.685294370322, 0.756540411086, 7.97460915395e-143, 4.06581552895e-19, 0.61100039278
0.423870101827, 0.996969560038, 0.000238532829069, 0.999934017696, 0.578757112194, 0.0269987627895, 0.426452944868, 0.886195635141, 0.465440067496, 0.636625057319, 0.505876281223, 0.504611475568, 0.204313749965, 0.434495532781, 0.00617770570024, 0.597973767294, 0.0, 1.3714170918, 1.24270120558e-37
0.992321233146, 0.989436981254, 0.0334823116249, 0.983570204916, 0.400894429104, 0.470308877357, 0.426452944868, 0.517591446608, 0.465440067496, 0.551222113057, 0.505876281223, 0.405412447251, 0.477240487862, 0.544611416312, 0.630693484357, 0.194874551046, 3.1425497945e-148, 0.398539400934, 0.68547952262
0.825237321291, 0.980036083259, 0.00111146489124, 0.995770507348, 0.516511610189, 0.514551352891, 0.426452944868, 0.559395447287, 0.584515364821, 0.515016024177, 0.499028745279, 0.405412447251, 0.477240487862, 0.505615665971, 0.518457933008, 0.859702018301, 6.129153633e-296, 0.213022905803, 7.3328830784e-09
0.992321233146, 0.99780058181, 0.0502736047414, 0.999233040964, 0.516511610189, 0.590446030614, 0.556790824859, 0.559395447287, 0.405415893389, 0.487572150954, 0.438367226065, 0.525356821879, 0.373373923696, 0.585332929011, 0.0278025764684, 0.238575620424, 5.13662321201e-131, 0.74870629078, 0.698989710935
0.992374584804, 0.00965825405667, 0.000347829562246, 0.989971388318, 0.400894429104, 0.0269987627895, 0.484707672749, 0.468101420938, 0.465440067496, 0.359165429005, 0.505876281223, 0.617870225855, 0.452612786095, 0.697480496663, 0.820284681076, 0.529607283782, 0.0, 4.73814959848e-202, 0.874860722707
0.994952544698, 0.02269420564, 0.000313362049755, 0.396831494275, 0.529714316923, 0.514551352891, 0.446596997513, 0.514176503904, 0.502434990725, 0.464719700887, 0.452984415231, 0.442294681438, 0.477240487862, 0.47460848139, 0.591177471725, 6.73675863959e-41, 0.0, 3.62523643734e-165, 0.821497507518
0.257373823785, 0.988776217875, 0.000410335198215, 0.995770507348, 0.516511610189, 0.423588426952, 0.556790824859, 0.468101420938, 0.412471831922, 0.303237689138, 0.505876281223, 0.525356821879, 0.288109273291, 0.589815216293, 0.500993540983, 0.830742729386, 0.0, 0.540184543455, 1.98621431837e-59
0.00186958663822, 0.99998793287, 2.72711330845e-06, 0.000146992467963, 0.561224932568, 0.747800062847, 0.986308511611, 0.522513271128, 0.385115095257, 0.535363858471, 0.438367226065, 0.999759215253, 0.723228745548, 0.588987504114, 0.00308386557944, 0.0, 0.0, 1.62791012297, 3.82217557483e-273
0.981324528535, 0.000599482995949, 0.000410335198215, 0.997941683963, 0.516511610189, 0.507306963054, 0.426452944868, 0.619581777868, 0.465440067496, 0.544533632573, 0.415482679804, 0.364896301305, 0.379431231045, 0.837351082078, 0.329753370348, 1.09508076607, 0.0, 1.08694442085e-322, 0.277984569212
0.000400470467093, 0.999768194809, 0.000410335198215, 0.989614683293, 0.412939504604, 0.542960588833, 0.556790824859, 0.247238754584, 0.395509405548, 0.515016024177, 0.476477479838, 0.525356821879, 0.441522319772, 0.548928039615, 0.0335250851005, 0.0206935005187, 0.0, 1.09398304753, 0.0
0.992321233146, 0.994690993792, 2.02328945536e-05, 0.146488820841, 0.400894429104, 0.379815536654, 0.426452944868, 0.422084759841, 0.465440067496, 0.359165429005, 0.505876281223, 0.617870225855, 0.359813879471, 0.697480496663, 0.509704842143, 3.04710173011e-84, 0.0, 0.672777333868, 0.750340645267
0.997237670641, 0.454129108132, 0.846547671986, 0.987393312945, 0.516511610189, 0.507306963054, 0.446596997513, 0.595507922935, 0.295792157392, 0.62533264282, 0.499028745279, 0.470373573408, 0.485534263803, 0.354526975475, 0.365778852699, 0.172966657149, 3.70085118244e-08, 3.31966001468e-35, 1.01423028194
0.178612854369, 0.993260555122, 0.00111146489124, 0.991407093489, 0.444951820562, 0.550823164282, 0.426452944868, 0.656519173035, 0.584515364821, 0.515016024177, 0.796199635082, 0.525356821879, 0.477240487862, 0.673416138534, 0.638918960886, 0.498646122417, 4.9480371499e-296, 0.832494564337, 2.83493946534e-75
0.999112783979, 0.99998793287, 2.72711330845e-06, 0.000352654935762, 0.767400322263, 0.0320452163076, 0.426452944868, 0.522513271128, 0.44099482487, 0.515016024177, 0.560996953914, 0.366640299643, 0.378558865797, 0.588987504114, 0.000338746718512, 0.0, 0.0, 0.178817525597, 1.33233351024
0.995429930033, 0.989436981254, 0.000410335198215, 0.999833546747, 0.400894429104, 0.489958492113, 0.426452944868, 0.522513271128, 0.465440067496, 0.557414121582, 0.505876281223, 0.455616544963, 0.474287294157, 0.181385178713, 0.0136218127767, 0.52516890406, 0.0, 0.317173891889, 0.942303911025
0.989367452512, 0.651689880575, 0.0217028807753, 0.989971388318, 0.569530134545, 0.542960588833, 0.54788345067, 0.455545742122, 0.502434990725, 0.535363858471, 0.641883700175, 0.844623076556, 0.373373923696, 0.542851638758, 0.842650857507, 0.544047746004, 7.06590477654e-167, 3.99509445337e-19, 0.600372609831
0.992374584804, 0.331465760158, 0.671465229417, 0.999973004363, 0.516511610189, 0.507306963054, 0.29774607595, 0.678046122697, 0.465440067496, 0.557414121582, 0.0100130176961, 0.492111085067, 0.586134565916, 0.31612376409, 0.00428559092945, 1.01198686302, 8.01034997981e-18, 1.75859552886e-48, 0.906757826821
0.989367452512, 0.993927548059, 0.000280447412253, 0.991483949611, 0.516511610189, 0.527433705293, 0.467510162708, 0.621266216907, 0.405415893389, 0.373490713165, 0.868980847243, 0.525356821879, 0.541281975931, 0.529783244024, 0.522593621398, 0.412214000876, 0.0, 0.76422447868, 0.606610723614
0.276890668274, 6.09603779572e-05, 0.271226839036, 0.000352654935762, 0.318886353725, 0.342960151613, 0.426452944868, 0.468101420938, 0.318349904483, 0.569500873883, 0.560996953914, 0.946304477022, 0.525764950578, 0.635188266788, 1.32356549894, 0.0, 4.4784896373e-57, 0.0, 3.53750662411e-56
0.00012634291258, 0.0118992149151, 0.000297755887693, 0.995770507348, 0.516511610189, 0.773673712342, 0.578340739633, 0.266095661691, 0.594739020047, 0.359165429005, 0.552443065757, 0.479783075104, 0.463317725193, 0.573561239767, 0.606667971426, 1.00597106586, 0.0, 6.57497367687e-193, 0.0
0.992374584804, 0.996969560038, 0.000410335198215, 0.987393312945, 0.516511610189, 0.602776614725, 0.554918860421, 0.559395447287, 0.465440067496, 0.464719700887, 0.663264643455, 0.364896301305, 0.477240487862, 0.505615665971, 0.286681947703, 0.135563928295, 0.0, 0.727253423731, 0.710881455858
0.98417919538, 0.397825514514, 0.0334823116249, 0.999973004363, 0.578757112194, 0.920213885221, 0.80474883666, 0.490556567704, 0.632822304111, 0.359165429005, 0.499028745279, 0.525356821879, 0.89347925342, 0.548928039615, 0.00591579964578, 1.39693956431, 6.65035458325e-148, 2.04439449081e-40, 0.461097697718
0.980652747966, 0.992500930357, 0.000410335198215, 0.353342027945, 0.412939504604, 0.554219568706, 0.545006538921, 0.770291016735, 0.491765173667, 0.359165429005, 0.499028745279, 0.246913627961, 0.383857319357, 0.455970718376, 0.853497875106, 8.84814127053e-46, 0.0, 0.779267739834, 0.261675706269
0.982489448123, 0.586748771284, 0.0199676043468, 0.999833546747, 0.516511610189, 0.489958492113, 0.426452944868, 0.522513271128, 0.465440067496, 0.330118187932, 0.505876281223, 0.455616544963, 0.474287294157, 0.589815216293, 0.026177263015, 1.00922577298, 1.70942683559e-170, 1.11038384262e-23, 0.27775226619
0.994952544698, 0.9999400759, 0.000410335198215, 8.88876616063e-05, 0.676580493603, 0.507306963054, 0.554918860421, 0.442470190959, 0.104002075069, 0.557414121582, 0.313896651177, 0.775425414387, 0.541281975931, 0.0134248617996, 0.00847824559212, 0.0, 0.0, 0.903357090056, 1.25535615982
0.936717992033, 0.000546103156614, 0.0334823116249, 0.999977844886, 0.463116751588, 0.0325288919975, 0.902697882824, 0.0504873974129, 0.0902643825792, 0.359165429005, 0.499028745279, 0.543020635386, 0.319450313787, 0.200137897084, 0.00659174178065, 1.89618525145, 9.02706725593e-148, 0.0, 0.00431410010199
0.97993888719, 0.980036083259, 0.000410335198215, 0.9999445138, 0.431475969312, 0.514551352891, 0.91093382671, 0.559395447287, 0.584515364821, 0.359165429005, 0.499028745279, 0.379254460629, 0.477240487862, 0.434495532781, 0.0101820170581, 1.171413755, 0.0, 0.248569181452, 0.251522081921
0.994625401616, 0.980036083259, 0.000207603480448, 0.0511219311352, 0.516511610189, 0.507306963054, 0.797101219285, 0.559395447287, 0.584515364821, 0.821315988572, 0.499028745279, 0.525356821879, 0.477240487862, 0.140131620046, 0.79382843628, 9.04839656285e-130, 0.0, 0.168440766701, 1.05774519462
0.994952544698, 0.992500930357, 0.000280264505427, 0.978383748779, 0.412939504604, 0.489958492113, 0.556790824859, 0.522513271128, 0.465466735874, 0.557414121582, 0.499028745279, 0.525356821879, 0.497219088469, 0.455970718376, 0.432501037031, 0.0771932228801, 0.0, 0.401126027275, 0.826684354609
0.000257921123405, 0.93420529568, 0.000410335198215, 0.9999445138, 0.838118491936, 0.514551352891, 0.91093382671, 0.559395447287, 0.435562998303, 0.359165429005, 0.499028745279, 0.0670079972418, 0.477240487862, 0.579736825785, 0.0130834568967, 1.50521662695, 0.0, 0.00261799136232, 0.0
0.97993888719, 0.993927548059, 0.000280447412253, 0.993497498896, 0.516511610189, 0.527433705293, 0.556790824859, 0.621266216907, 0.405415893389, 0.810278211146, 0.499028745279, 0.525356821879, 0.541281975931, 0.148456944556, 0.549292146087, 0.586426848202, 0.0, 0.92256081333, 0.256956163393
0.376923655387, 0.994907207221, 0.901445362916, 0.999987076317, 0.516511610189, 0.507306963054, 0.252664496378, 0.678046122697, 0.403009256206, 0.653547267227, 0.499028745279, 0.116396956259, 0.62508772628, 0.431968568552, 0.00154210134761, 0.760123108872, 3.72345072302e-05, 1.04673031257, 8.57558147368e-43
0.995712786647, 0.99673842135, 0.000410335198215, 0.0285062053562, 0.412939504604, 0.434649128838, 0.469923951969, 0.66833916176, 0.518547776617, 0.460235346466, 0.499028745279, 0.480003763511, 0.574350354387, 0.455970718376, 0.232326787292, 1.1380467613e-155, 0.0, 0.496361407368, 0.896666021806
0.975508786974, 0.651689880575, 0.0377543149738, 0.99369814058, 0.400894429104, 0.542960588833, 0.609805817618, 0.422084759841, 0.502434990725, 0.535363858471, 0.438367226065, 0.516939987655, 0.605077065851, 0.121204183065, 0.791772797397, 0.874088776402, 9.21367352691e-143, 4.69754644788e-19, 0.156102196809
0.982489448123, 0.0699368146155, 0.000238532829069, 8.88876616063e-05, 0.676580493603, 0.507306963054, 0.554918860421, 0.442470190959, 0.587905188821, 0.330118187932, 0.313896651177, 0.775425414387, 0.219738483828, 0.000569305310932, 1.45842954784, 0.0, 0.0, 6.77002246838e-116, 0.401244128298
