0.110529743515, 0.957282986484, 0.653717822215, 0.686833091059, 0.20010286801, 0.00233619889607, 0.700454419856, 0.810839000306, 0.328208923944, 0.984187771441, 0.210027459291, 0.70795823396, 0.90393899728, 0.406227926168, 5.41890658727, 10.1125650013, 18.969934475, 329.900336135, 57.9902429149
0.0637537193935, 0.021501447349, 0.60680710334, 0.622771897664, 0.416362415291, 0.302993842372, 0.499439258974, 0.166082870923, 0.894904299278, 0.634678513616, 0.59181618159, 0.115672693672, 0.692454584788, 0.395988973862, 158.196371355, 234.973142414, 398.777381594, 16.5268275972, 49.1773507886
0.87269559669, 0.948918648669, 0.963644595567, 0.385427221497, 0.53798923632, 0.184323835836, 0.189540189915, 0.0291076621663, 0.978916650391, 0.697575165412, 0.784857590854, 0.995905337664, 0.693069319376, 0.506447291391, 0.455481763548, 0.315254701727, 9.68949510962, 120.696315243, 597.429697592
0.000104589219237, 0.187647567043, 0.164832447145, 0.253607037996, 0.0229774598781, 0.102532654003, 0.613317827843, 0.796402616491, 0.39473247219, 0.337531769681, 0.985165020425, 0.758400655636, 0.270643554111, 0.0756053184617, 730.881473106, 307.604104742, 210.029927157, 249.048212497, 0.140842718039
0.0808480918254, 0.14633230313, 0.00104326158878, 0.414408686519, 0.299357593694, 0.513991582313, 0.424585759732, 0.697467284658, 0.207880623226, 0.144958242324, 0.630635954828, 0.0106285017065, 0.193011219867, 0.172799708824, 536.19614671, 408.424408581, 1.10456908608, 157.719143046, 88.3870482985
0.169027289368, 0.0731887002358, 0.222776657807, 0.219128722859, 0.695164499388, 0.795412398935, 0.546328621665, 0.52092383611, 0.40267899742, 0.490359581602, 0.597251055804, 0.48286266756, 0.692454584788, 0.225040642213, 417.287842283, 149.588061424, 161.781590586, 54.4907535628, 129.172194312
0.0140343367725, 0.931570257151, 0.00749098489903, 0.992729945543, 0.171253884379, 0.00233619889607, 0.973473576544, 0.844903049116, 0.602883550729, 0.593977185115, 0.898510745733, 0.798477613417, 0.415485456164, 0.368559209515, 0.88382116957, 77.3905582054, 0.910741530777, 717.305983715, 15.9074415245
0.0943041461427, 0.0106108011425, 0.199208734309, 0.104047806144, 0.832963608525, 0.115646696017, 0.824226687055, 0.652860063501, 0.786811306727, 0.904759400901, 0.585355811934, 0.39173050841, 0.179970627026, 0.486646085341, 700.418736506, 115.505268782, 229.678519216, 12.4368706591, 111.354255044
0.0269435410423, 0.484541530842, 0.0652938398544, 0.020629365685, 0.250303580059, 0.513991582313, 0.788438334792, 0.989587792126, 0.975840681036, 0.0168605065277, 0.597251055804, 0.70795823396, 0.415485456164, 0.0444997925549, 569.397627521, 18.457524468, 58.6357332289, 545.547390991, 33.495567993
0.000113398136915, 0.239554047137, 0.493339318092, 0.253607037996, 0.0791485579178, 0.102532654003, 0.99064061781, 0.929919642771, 0.999749131323, 0.337531769681, 0.279187280846, 0.800042393477, 0.612053006514, 0.621967281439, 427.035781008, 179.725391795, 453.72008633, 256.224967791, 0.124200010487
0.00550883960908, 0.0568095189158, 0.136595591106, 0.766717239542, 0.38126822328, 0.131413881964, 0.611572778473, 0.910005834556, 0.881450677132, 0.691315215293, 0.398262779083, 0.627068650842, 0.538594228822, 0.575677782031, 265.227986657, 691.106620077, 161.314645013, 67.7876524578, 6.58228969004
0.214279883051, 0.021600439856, 0.0474632612075, 0.774648820367, 0.987930633476, 0.29553792286, 0.501090626649, 0.25301215751, 0.205923568704, 0.912340921713, 0.30495045564, 0.39173050841, 0.728087308235, 0.35872890719, 215.448383895, 583.007800438, 46.4252843889, 21.1557636048, 218.212453242
0.110529743515, 0.467336414079, 0.85604954417, 0.020629365685, 0.0166316843894, 0.713372746192, 0.788438334792, 0.166082870923, 0.823041305244, 0.60653564022, 0.81067540695, 0.115672693672, 0.692454584788, 0.510549017171, 89.1679709033, 2.89045813534, 387.80443435, 359.060252233, 94.0033429554
0.00550883960908, 0.581315231678, 0.575895121615, 0.104047806144, 0.111753635575, 0.992280005141, 0.644862802416, 0.302783110099, 0.326339341144, 0.213178205395, 0.585355811934, 0.39173050841, 0.179970627026, 0.686191103691, 225.529289134, 37.1917822894, 290.786472503, 478.872489397, 5.23605198201
0.833943595185, 0.0331725304586, 0.680662628943, 0.0122573821671, 0.53798923632, 0.795412398935, 0.6091274372, 0.81373124931, 0.800940558059, 0.465525150176, 0.888173507337, 0.713750084552, 0.604516922848, 0.89065646634, 65.9217275432, 1.26940397659, 120.2296665, 7.15153231505, 514.413963072
0.457345604351, 0.988769480557, 0.163135566027, 0.0420334882136, 0.46368538388, 0.791216385207, 0.318283639345, 0.998739592146, 0.39473247219, 0.795516253057, 0.664494341161, 0.390953184007, 0.182164245682, 0.958811904599, 9.61532773456, 0.635786258198, 2.52484311626, 564.63079921, 493.697057495
0.00550883960908, 0.972709009335, 0.00455577950165, 0.020629365685, 0.101236579417, 0.795412398935, 0.191745798264, 0.262808428516, 0.899665928094, 0.624255928742, 0.918232444991, 0.409560557178, 0.491259085084, 0.575677782031, 23.3904538466, 0.758222116364, 0.167477585695, 545.597656873, 4.72566050951
0.408700241155, 0.14633230313, 0.338941515807, 0.997459931005, 0.0802700958119, 0.513991582313, 0.889222051127, 0.0227718385389, 0.207880623226, 0.689565976811, 0.630635954828, 0.713750084552, 0.788355945063, 0.172799708824, 1.7362399511, 435.153068428, 256.375243323, 118.181825179, 387.802352282
0.390164439905, 0.187647567043, 0.164832447145, 0.055362441424, 0.00960131217931, 0.102532654003, 0.613317827843, 0.796402616491, 0.39473247219, 0.493383202218, 0.985165020425, 0.79145489244, 0.00178803552951, 0.0756053184617, 261.256404356, 22.7771188754, 69.4597733453, 82.3636546767, 199.368818731
0.058028878011, 0.313211902097, 0.832818503707, 0.971323817472, 0.297007050194, 0.184323835836, 0.0150602658133, 0.27790450699, 0.39473247219, 0.61530127865, 0.30376032483, 0.70795823396, 0.16091625925, 0.599204652602, 4.89630289618, 108.625852056, 404.500074135, 224.488009125, 43.4378567699
0.0269435410423, 0.1844090102, 0.00749098489903, 0.020629365685, 0.36226869713, 0.909094515342, 0.390071498977, 0.989587792126, 0.975840681036, 0.000878606413934, 0.135416387877, 0.798477613417, 0.285638829563, 0.083439160438, 676.791355363, 21.9387865308, 7.96822707825, 201.839175855, 29.9245731764
0.0140343367725, 0.0916655630688, 0.0132357059445, 0.933851042769, 0.171253884379, 0.00118829081658, 0.973473576544, 0.312203372087, 0.411216500958, 0.593977185115, 0.30495045564, 0.322954137788, 0.262914277063, 0.991461199582, 68.5312811545, 657.172011031, 13.739068925, 95.8216478506, 14.7238501447
0.0637537193935, 0.021501447349, 0.0170333504813, 0.320376208081, 0.0314284075507, 0.795412398935, 0.21957203963, 0.713560903909, 0.823041305244, 0.634678513616, 0.902019925343, 0.60744893658, 0.692454584788, 0.395988973862, 516.571424102, 284.385199366, 15.7811648778, 19.9307511443, 59.3060909447
0.292794480406, 0.562973603935, 0.925360142304, 0.363595698111, 0.970224748481, 0.302993842372, 0.401617843216, 0.81373124931, 0.0975963451383, 0.904759400901, 0.52954002867, 0.00170279989571, 0.692454584788, 0.599204652602, 23.0405625545, 14.8051909037, 232.520529251, 285.718807069, 182.978667585
0.0637537193935, 0.24634843499, 0.60680710334, 0.622771897664, 0.207605345451, 0.806812242532, 0.499439258974, 0.166082870923, 0.894904299278, 0.070884358721, 0.59181618159, 0.115672693672, 0.692454584788, 0.395988973862, 137.203962432, 203.792577086, 345.860252129, 172.879918385, 46.0308186536
0.220297699947, 0.306747974489, 0.0652938398544, 0.534962130493, 0.297007050194, 0.989951179522, 0.788438334792, 0.805773841606, 0.988405147745, 0.0168605065277, 0.241335770638, 0.70795823396, 0.285638829563, 0.083439160438, 299.566040923, 334.418494156, 46.2101703036, 236.030064764, 183.640614517
0.25103118546, 0.00981260060349, 0.669650122133, 0.062728410868, 0.0782279596159, 0.513991582313, 0.401617843216, 0.810839000306, 0.785282192131, 0.621123342228, 0.830473098222, 0.629527403444, 0.0791421262931, 0.00782112574464, 317.115264472, 31.3480120063, 557.959342589, 9.90470615113, 267.402576542
0.000113398136915, 0.348962143547, 0.60680710334, 0.95338912493, 0.416362415291, 0.511156207193, 0.499439258974, 0.166082870923, 0.894904299278, 0.634678513616, 0.59181618159, 0.115672693672, 0.692454584788, 0.395988973862, 18.4331821191, 251.313709424, 354.748414334, 265.677905173, 0.0908141720857
0.011215738161, 0.693168756826, 0.040410584918, 0.373774021256, 0.78872349609, 0.110077532286, 0.212324168622, 0.188964453797, 0.692593715631, 0.644234968901, 0.990997521501, 0.508141439894, 0.622438922618, 0.22868390726, 237.104235158, 157.768368514, 18.1023154133, 545.522060788, 10.847513659
0.725761441648, 0.14633230313, 0.925568644981, 0.984643129075, 0.101236579417, 0.787510596587, 0.791997871095, 0.42242231645, 0.207880623226, 0.374682412358, 0.271610664787, 0.498808034841, 0.0791421262931, 0.572877065571, 0.705433430201, 29.2381019636, 249.00871611, 58.6670226305, 560.306669243
0.727654933839, 0.963967532979, 0.991315523965, 0.81595181721, 0.0166316843894, 0.922814148047, 0.641862395132, 0.497850336377, 0.344313652812, 0.0827175450829, 0.699112888164, 0.413100607728, 0.855680724607, 0.650756392243, 0.0986439802095, 0.331648520343, 25.3626956852, 447.669845935, 983.394461148
0.00550883960908, 0.0106108011425, 0.575895121615, 0.104047806144, 0.111753635575, 0.595326510161, 0.644862802416, 0.0865958814563, 0.326339341144, 0.213178205395, 0.585355811934, 0.39173050841, 0.416164136719, 0.686191103691, 358.529734643, 59.1247366866, 462.270764142, 9.80119529825, 5.08887688068
0.00538849356343, 0.0307837697693, 0.00455577950165, 0.766717239542, 0.38126822328, 0.14691907869, 0.611572778473, 0.0157077253776, 0.352461726738, 0.691315215293, 0.476357149136, 0.627068650842, 0.183086765084, 0.575677782031, 340.850697527, 888.15730379, 6.80792713674, 46.0379934841, 8.06197752759
0.419905350148, 0.14633230313, 0.00104326158878, 0.765786613052, 0.488033116127, 0.513991582313, 0.889222051127, 0.697467284658, 0.207880623226, 0.571379466662, 0.51655962552, 0.110091235242, 0.713328664412, 0.172799708824, 137.37105705, 356.39049163, 0.625919941499, 89.3738182909, 304.179740395
0.308611870684, 0.250844502856, 0.66429356392, 0.244968732822, 0.101236579417, 0.796455474611, 0.507918909683, 0.513802869926, 0.462959693337, 0.597657220022, 0.378700270092, 0.0985474216993, 0.612467705774, 0.999239539088, 151.336678275, 61.2890134022, 280.383810893, 134.900217204, 185.06958166
0.0269435410423, 0.1844090102, 0.85604954417, 0.020629365685, 0.36226869713, 0.909094515342, 0.788438334792, 0.989587792126, 0.975840681036, 0.000878606413934, 0.30376032483, 0.70795823396, 0.285638829563, 0.083439160438, 120.244815466, 3.89784136135, 522.962137332, 159.941509149, 23.7128464987
0.973627607988, 0.963967532979, 0.99373352491, 0.81595181721, 0.0166316843894, 0.73687781153, 0.641862395132, 0.668789935891, 0.430565865725, 0.0827175450829, 0.761183660353, 0.413100607728, 0.978831127674, 0.687569389449, 0.00743429154281, 0.0249946503044, 2.64909558681, 46.7563595982, 1129.8447446
0.00550883960908, 0.199402280177, 0.0488394718069, 0.789929950982, 0.101236579417, 0.00233619889607, 0.450165400132, 0.981967812955, 0.786811306727, 0.405651637993, 0.0682759281188, 0.39173050841, 0.139709444536, 0.0972330942569, 232.479750362, 678.774061317, 55.1512420724, 233.065159209, 6.5454994931
0.457345604351, 0.021600439856, 0.0474632612075, 0.363595698111, 0.987930633476, 0.29553792286, 0.501090626649, 0.25301215751, 0.205923568704, 0.912340921713, 0.30495045564, 0.101706727055, 0.728087308235, 0.893705154858, 314.784839865, 202.27152166, 27.9480974026, 12.7358044143, 328.21289244
0.0140343367725, 0.523625309697, 0.832818503707, 0.994843202109, 0.38126822328, 0.206282345178, 0.499439258974, 0.844903049116, 0.602883550729, 0.50155952779, 0.988904107885, 0.00698630469096, 0.634800829969, 0.991461199582, 0.814178704071, 100.510226627, 373.91179804, 417.04517301, 12.5472098531
0.110529743515, 0.467336414079, 0.00749098489903, 0.992729945543, 0.0166316843894, 0.00162381145585, 0.881936421837, 0.562540243926, 0.602883550729, 0.60653564022, 0.538055602481, 0.115672693672, 0.692454584788, 0.510549017171, 5.20749802415, 455.987243594, 5.36611351404, 411.49753296, 107.731622967
0.0140343367725, 0.523625309697, 0.279545540024, 0.020629365685, 0.102213454104, 0.713372746192, 0.976783663541, 0.166082870923, 0.823041305244, 0.593977185115, 0.898510745733, 0.798477613417, 0.415485456164, 0.368559209515, 399.240903807, 12.9417447395, 187.619009846, 475.351869789, 14.3014235635
0.00320338692588, 0.0387906322753, 0.0382382867515, 0.606900075241, 0.111753635575, 0.107653225951, 0.670272743822, 0.514231949242, 0.352461726738, 0.222501568962, 0.585355811934, 0.317472785633, 0.27768919463, 0.575677782031, 469.482823091, 661.139726963, 48.7635658169, 49.5590527285, 4.09522692585
0.0943041461427, 0.0106108011425, 0.199208734309, 0.875132971959, 0.832963608525, 0.379218502281, 0.644862802416, 0.652860063501, 0.786811306727, 0.904759400901, 0.567162705171, 0.39173050841, 0.416164136719, 0.486646085341, 171.949034257, 865.390806613, 285.467382552, 15.4577838899, 138.402179847
0.87269559669, 0.948918648669, 0.443912222302, 0.385427221497, 0.101383083172, 0.184323835836, 0.189540189915, 0.0291076621663, 0.40574856016, 0.213178205395, 0.784857590854, 0.995905337664, 0.693069319376, 0.0148543609916, 4.5468591403, 3.14703866715, 4.63211194555, 89.707536731, 444.039624845
0.0140343367725, 0.346501095235, 0.0132357059445, 0.992729945543, 0.171253884379, 0.00233619889607, 0.310696401894, 0.27790450699, 0.602883550729, 0.593977185115, 0.210027459291, 0.49817365872, 0.0396938738941, 0.991461199582, 5.3819595106, 471.263718391, 9.79990560352, 285.320221691, 12.149232411
0.292794480406, 0.562973603935, 0.365385114864, 0.812368003927, 0.218087463989, 0.302993842372, 0.401617843216, 0.81373124931, 0.0975963451383, 0.904759400901, 0.888173507337, 0.00170279989571, 0.521751133617, 0.599204652602, 42.2111872413, 139.047843901, 93.9525065137, 211.171128951, 135.237201234
0.00538849356343, 0.0336960247549, 0.997019177532, 0.550901960873, 0.38126822328, 0.14691907869, 0.546237349858, 0.0157077253776, 0.0975963451383, 0.854826455186, 0.701632005922, 0.627068650842, 0.204595375935, 0.792515875393, 2.78045723886, 3.26485242082, 915.87058072, 48.5225085543, 7.76327763608
0.0269435410423, 0.0244097927992, 0.00749098489903, 0.020629365685, 0.36226869713, 0.909094515342, 0.390071498977, 0.989587792126, 0.975840681036, 0.000878606413934, 0.135416387877, 0.798477613417, 0.422899766371, 0.083439160438, 750.413673646, 24.3253186754, 8.83502205938, 28.8041944225, 31.820877138
0.000104589219237, 0.0348564536782, 0.164832447145, 0.253607037996, 0.0229774598781, 0.102532654003, 0.613317827843, 0.796402616491, 0.39473247219, 0.337531769681, 0.985165020425, 0.758400655636, 0.270643554111, 0.0756053184617, 762.678226262, 320.986318067, 219.167208638, 46.9152095982, 0.140842718039
0.00550883960908, 0.00676532154784, 0.832818503707, 0.414408686519, 0.171253884379, 0.379218502281, 0.202167947719, 0.27790450699, 0.459968363181, 0.912340921713, 0.30376032483, 0.806655945218, 0.0752496939802, 0.621967281439, 156.400929936, 119.131697798, 731.374326962, 8.04849838366, 6.55398677309
0.0037937825107, 0.0387906322753, 0.0382382867515, 0.46375989318, 0.0791485579178, 0.14691907869, 0.670272743822, 0.686945864282, 0.500545017264, 0.222501568962, 0.70651539343, 0.438443197864, 0.27768919463, 0.575677782031, 695.30649656, 620.331700563, 56.0359257602, 56.9500477031, 5.57331480404
0.292794480406, 4.18924822221e-06, 0.925360142304, 0.812368003927, 0.970224748481, 0.302993842372, 0.401617843216, 0.999827210878, 0.785282192131, 0.904759400901, 0.923063786064, 0.00170279989571, 0.692454584788, 0.599204652602, 12.1960870829, 40.1751223725, 356.461495951, 0.0023618939877, 177.793704402
0.00773147939508, 0.0676229977596, 0.653717822215, 0.992729945543, 0.416362415291, 0.302993842372, 0.499439258974, 0.434985826359, 0.328208923944, 0.904759400901, 0.619736743161, 0.940782484757, 0.179970627026, 0.0493336880631, 5.46766304611, 478.768227993, 791.670520877, 98.6476259319, 11.3003834205
0.000113398136915, 0.675209419788, 0.704486275689, 0.95338912493, 0.101383083172, 0.302993842372, 0.644862802416, 0.0157077253776, 0.326339341144, 0.213178205395, 0.585355811934, 0.39173050841, 0.549106252998, 0.431155747753, 13.3218764046, 181.62735843, 363.735475088, 726.917650117, 0.148377343102
0.408700241155, 0.14633230313, 0.0425544096013, 0.997459931005, 0.0802700958119, 0.513991582313, 0.189540189915, 0.0227718385389, 0.207880623226, 0.404877992303, 0.630635954828, 0.713750084552, 0.788355945063, 0.172799708824, 1.93147503245, 484.084752473, 32.4068497009, 113.527286502, 372.528928936
0.000104589219237, 0.187647567043, 0.324338971066, 0.253607037996, 0.0229774598781, 0.102532654003, 0.613317827843, 0.796402616491, 0.39473247219, 0.337531769681, 0.985165020425, 0.758400655636, 0.270643554111, 0.0756053184617, 660.063181787, 277.799002407, 400.081108772, 249.048212497, 0.140842718039
0.00240814811444, 0.402045263785, 0.931054765032, 0.414408686519, 0.191133741413, 0.379218502281, 0.202167947719, 0.27790450699, 0.203085770225, 0.943262844221, 0.989334385342, 0.528640585248, 0.0396938738941, 0.621967281439, 60.4355551301, 46.0341910562, 698.74954146, 514.121176952, 3.29410938109
0.00550883960908, 0.42576226092, 0.193453198581, 0.286725842365, 0.297007050194, 0.22009933285, 0.644862802416, 0.0157077253776, 0.0969155397656, 0.213178205395, 0.585355811934, 0.39173050841, 0.415485456164, 0.197833162332, 348.700719785, 168.608503453, 121.460538441, 320.792922725, 4.47713563663
0.000113398136915, 0.467336414079, 0.0382382867515, 0.888805075743, 0.0791485579178, 0.107653225951, 0.99064061781, 0.929919642771, 0.975840681036, 0.337531769681, 0.522095620654, 0.39173050841, 0.978831127674, 0.621967281439, 113.102050788, 640.940160368, 39.1396672966, 588.323441709, 0.15643148331
0.834097296913, 0.0619982212019, 0.0132357059445, 0.992729945543, 0.171253884379, 0.22009933285, 0.385893273292, 0.0157077253776, 0.602883550729, 0.593977185115, 0.210027459291, 0.322954137788, 0.262914277063, 0.991461199582, 1.93324315327, 169.281718892, 3.52020493156, 16.5427372248, 638.015940785
0.18816574968, 0.0346367206963, 0.376768386044, 0.020629365685, 0.226342416467, 0.29553792286, 0.895263034312, 0.910005834556, 0.0309158368107, 0.313222113772, 0.276521513311, 0.781273947213, 0.792871111649, 0.592750046676, 451.464414385, 14.6346157275, 303.635618159, 29.6414307673, 165.969565637
0.000238075003724, 0.0568095189158, 0.136595591106, 0.766717239542, 0.515399073448, 0.131413881964, 0.611572778473, 0.25301215751, 0.881450677132, 0.691315215293, 0.398262779083, 0.627068650842, 0.538594228822, 0.575677782031, 317.066688152, 826.18312626, 192.843526392, 81.0367214008, 0.34005652435
0.0140343367725, 0.00757468273733, 0.201346593264, 0.523613819617, 0.171253884379, 0.00233619889607, 0.897957567571, 0.312203372087, 0.602883550729, 0.710980145857, 0.210027459291, 0.39173050841, 0.262914277063, 0.991461199582, 319.219302972, 343.824543006, 153.539032028, 5.87386730599, 10.8850940703
0.0116101739753, 0.0106108011425, 0.365385114864, 0.807334515591, 0.832963608525, 0.795412398935, 0.644862802416, 0.652860063501, 0.786811306727, 0.904759400901, 0.303156114953, 0.39173050841, 0.179970627026, 0.510549017171, 188.390989293, 603.373827604, 408.684187602, 12.546903435, 13.7307850277
0.0140343367725, 0.0916655630688, 0.201346593264, 0.836714501628, 0.171253884379, 0.00233619889607, 0.897957567571, 0.494139253079, 0.602883550729, 0.593977185115, 0.210027459291, 0.322954137788, 0.262914277063, 0.991461199582, 125.37819509, 478.059597109, 161.740763342, 75.3983834148, 11.5856335541
0.00550883960908, 0.583142114484, 0.00455577950165, 0.0906646903287, 0.101236579417, 0.795412398935, 0.546237349858, 0.411100349364, 0.899665928094, 0.624255928742, 0.918232444991, 0.409560557178, 0.491259085084, 0.527038675609, 353.613136113, 50.703341433, 2.55645163206, 465.27333595, 5.07612703042
0.816585235935, 0.021501447349, 0.0760832437997, 0.00239046213583, 0.605145862187, 0.731076577367, 0.191745798264, 0.262808428516, 0.0975963451383, 0.826581682151, 0.701632005922, 0.992237023418, 0.685457193309, 0.182738755773, 178.075269605, 0.66866316197, 21.3840596185, 6.059940172, 605.556321975
0.408700241155, 0.589693599233, 0.279372125241, 0.997459931005, 0.0802700958119, 0.513991582313, 0.889222051127, 0.0227718385389, 0.207880623226, 0.689565976811, 0.630635954828, 0.713750084552, 0.788355945063, 0.0756053184617, 1.1077425092, 277.633026244, 130.310926428, 408.071147875, 381.647924482
0.058028878011, 0.620177510637, 0.832818503707, 0.971323817472, 0.297007050194, 0.184323835836, 0.390071498977, 0.167170522538, 0.39473247219, 0.61530127865, 0.30376032483, 0.70795823396, 0.117981595113, 0.599204652602, 2.52962411846, 56.120420055, 208.980768786, 318.613661605, 35.2049298118
0.292794480406, 0.948918648669, 0.937590299366, 0.020629365685, 0.479155168351, 0.795412398935, 0.189540189915, 0.262808428516, 0.120209546663, 0.624255928742, 0.786592359371, 0.409560557178, 0.491259085084, 0.792515875393, 3.99961279566, 0.129650963528, 40.6892462446, 508.456960905, 252.67698531
0.000113398136915, 0.866674883834, 0.655148588511, 0.622771897664, 0.513306416861, 0.379218502281, 0.487538121985, 0.0157077253776, 0.326339341144, 0.213178205395, 0.585355811934, 0.39173050841, 0.692454584788, 0.35872890719, 36.8342549591, 54.7108670197, 109.608515686, 601.864442707, 0.109602106728
0.411399817384, 0.00331318829713, 0.999971445852, 0.789929950982, 0.621853376951, 0.909094515342, 0.613317827843, 0.785444345464, 0.451006210207, 0.00637637794494, 0.204724303936, 0.965003418561, 0.193011219867, 0.225632727346, 0.00873810787398, 0.0255127638455, 601.249138465, 3.12913560483, 453.50750895
0.0269435410423, 0.1844090102, 0.136595591106, 0.020629365685, 0.592885288355, 0.203419091103, 0.788438334792, 0.989587792126, 0.975840681036, 0.95383656365, 0.210027459291, 0.70795823396, 0.285638829563, 0.80837914689, 510.415881046, 16.5455793244, 111.287390206, 155.782755902, 23.0962718652
0.0646786068034, 0.00426570839261, 0.462924586445, 0.997723473051, 0.025854912925, 0.795412398935, 0.590467614938, 0.27790450699, 0.41366516435, 0.213178205395, 0.783753965823, 0.372290984513, 0.676167554418, 0.621967281439, 1.79489439465, 501.93141383, 446.629669188, 4.50200755699, 68.4978318142
0.775330008021, 0.0617280691072, 0.0175376319102, 0.322110003225, 0.218087463989, 0.102532654003, 0.99064061781, 0.461776524652, 0.0975963451383, 0.772313086143, 0.0349775418828, 0.390953184007, 0.782377603273, 0.599204652602, 211.130872928, 116.983106794, 6.65105848805, 23.4866710806, 658.660700154
0.00550883960908, 0.348962143547, 0.60680710334, 0.95338912493, 0.416362415291, 0.511156207193, 0.499439258974, 0.166082870923, 0.894904299278, 0.698862239206, 0.59181618159, 0.115672693672, 0.692454584788, 0.395988973862, 12.8381591583, 175.032470216, 247.071643677, 185.036702259, 3.07270674424
0.000113398136915, 0.42576226092, 0.00104326158878, 0.286725842365, 0.297007050194, 0.22009933285, 0.644862802416, 0.0152934621483, 0.0802620579999, 0.213178205395, 0.131286666759, 0.39173050841, 0.415485456164, 0.197833162332, 490.366739124, 237.10877935, 0.892601681528, 430.452917558, 0.123661948424
0.987256928796, 0.14633230313, 0.925568644981, 0.984643129075, 0.101236579417, 0.787510596587, 0.791997871095, 0.42242231645, 0.207880623226, 0.374682412358, 0.271610664787, 0.43365410669, 0.0791421262931, 0.572877065571, 0.042142484101, 1.74667969279, 14.8757422181, 3.50475886542, 768.381910031
0.00550883960908, 0.0106108011425, 0.991315523965, 0.104047806144, 0.111753635575, 0.595326510161, 0.644862802416, 0.0865958814563, 0.326339341144, 0.217934178271, 0.585355811934, 0.39173050841, 0.416164136719, 0.686191103691, 8.24247905537, 1.35925798255, 612.341718692, 10.2080439338, 5.30011668892
0.25103118546, 0.00191044430807, 0.879752199159, 0.0515865870981, 0.38126822328, 0.513991582313, 0.401617843216, 0.739214634984, 0.785282192131, 0.621123342228, 0.830473098222, 0.197360062853, 0.0791421262931, 0.00782112574464, 119.890356744, 9.73627738023, 629.225552887, 1.92245280925, 266.570984218
0.000113398136915, 0.895677262607, 0.0382382867515, 0.888805075743, 0.0791485579178, 0.107653225951, 0.99064061781, 0.929919642771, 0.975840681036, 0.416827197137, 0.376525766223, 0.632016652788, 0.855680724607, 0.333329568864, 30.388477876, 172.209042608, 10.5161215507, 1059.46754076, 0.19128057253
0.000113398136915, 0.162094715492, 0.0132357059445, 0.992729945543, 0.171253884379, 0.22009933285, 0.385893273292, 0.0157077253776, 0.999749131323, 0.337531769681, 0.210027459291, 0.322954137788, 0.262914277063, 0.621967281439, 9.86098107003, 863.462944471, 17.9556690187, 224.793821589, 0.158973299496
0.0808480918254, 0.0326545920715, 3.9931687599e-05, 0.680010955576, 0.488033116127, 0.513991582313, 0.889222051127, 0.697467284658, 0.207880623226, 0.571379466662, 0.51655962552, 0.110091235242, 0.415485456164, 0.172799708824, 240.142255154, 436.834947366, 0.0312676100196, 25.5918924371, 63.7326472369
0.0140343367725, 0.20765317193, 0.832818503707, 0.994843202109, 0.0638694079646, 0.206282345178, 0.501090626649, 0.86158205407, 0.602883550729, 0.50155952779, 0.988904107885, 0.00698630469096, 0.634800829969, 0.991461199582, 1.33560647818, 164.880399272, 613.377649445, 214.848913343, 14.7837767331
0.499798514666, 0.0106108011425, 0.960757225197, 0.0355250053965, 0.40063625349, 0.504238224102, 0.998887490118, 0.497850336377, 0.262914157358, 0.999025748152, 0.010481492686, 0.115672693672, 0.00178803552951, 0.510549017171, 16.624507269, 0.92865398421, 269.770939661, 4.50535557095, 270.150780019
0.00120412957559, 0.0336960247549, 0.445135740718, 0.673006753758, 0.38126822328, 0.778505274454, 0.546237349858, 0.0157077253776, 0.0975963451383, 0.854826455186, 0.701632005922, 0.627068650842, 0.204595375935, 0.952973289256, 372.475449099, 660.24525926, 637.495665723, 52.4750317963, 1.87607667785
0.436848400305, 0.14633230313, 0.00018244036735, 0.020629365685, 0.537296672836, 0.414575822914, 0.772089241082, 0.697467284658, 0.207880623226, 0.571379466662, 0.51655962552, 0.70795823396, 0.713328664412, 0.018576974918, 506.450578537, 16.417040559, 0.145213152797, 118.568566776, 426.193807038
0.00550883960908, 0.866674883834, 0.931887072, 0.766717239542, 0.862730794469, 0.14691907869, 0.611572778473, 0.514231949242, 0.352461726738, 0.691315215293, 0.476357149136, 0.115672693672, 0.930703060683, 0.575677782031, 8.57846627108, 22.3529760369, 222.925297661, 1054.87958183, 9.33228827719
0.000104589219237, 0.0348564536782, 0.727721756356, 0.253607037996, 0.0547834276528, 0.102532654003, 0.613317827843, 0.796402616491, 0.39473247219, 0.337531769681, 0.985165020425, 0.758400655636, 0.270643554111, 0.0756053184617, 367.425784648, 154.637494183, 874.533382541, 52.6754509042, 0.158135362558
0.201415791292, 0.00193275505133, 0.999971445852, 0.789929950982, 0.621853376951, 0.206282345178, 0.298559813753, 0.489685724569, 0.451006210207, 0.14721002103, 0.210027459291, 0.965003418561, 0.193011219867, 0.225632727346, 0.0120615067771, 0.0352161335683, 829.924585835, 2.51962935325, 271.702115576
0.0117454750399, 0.00127072982414, 0.365385114864, 0.286725842365, 0.123152113231, 0.774870040832, 0.601134143111, 0.652860063501, 0.192930413028, 0.904759400901, 0.248296646901, 0.39173050841, 0.212808951966, 0.205308064038, 549.682643309, 265.790010183, 394.763402514, 1.45127933052, 13.4158422373
