0.775330008021, 0.991128176076, 4.740310261e-05, 0.0543131546887, 0.101236579417, 0.968171383001, 0.385893273292, 0.393957158792, 0.0702982247234, 0.904759400901, 0.0762576119929, 0.390953184007, 0.196007839416, 0.399420573278, 2.57163301442, 0.219932485152, 0.000192184383276, 185.195548413, 502.845817244
0.00447372215885, 0.636173406269, 0.00273344835418, 0.000116669241707, 0.101383083172, 0.791216385207, 0.999962218894, 0.00650719324149, 0.602883550729, 0.101608796516, 0.909975719911, 0.109105372233, 0.620064190463, 0.621967281439, 182.683172897, 0.0334791792813, 0.784389861958, 284.076517471, 2.37349267739
0.00252579491232, 0.00107956136967, 1.43209794178e-05, 0.464295122696, 0.00231478610543, 0.00161610327242, 0.897957567571, 0.494139253079, 0.595853003669, 0.593977185115, 0.202207055433, 0.39173050841, 0.304586259343, 0.304668829467, 95.4587180241, 85.3096634182, 0.00287994021612, 0.217099340349, 0.507939210091
1.36483746527e-08, 0.323505828437, 0.493339318092, 0.0355250053965, 0.40063625349, 0.791216385207, 0.613317827843, 0.999633806669, 0.0872554041501, 0.180518270936, 0.585355811934, 0.499521796091, 0.692454584788, 0.399420573278, 164.740984536, 9.20252066282, 161.580835058, 128.620756422, 5.66714931569e-06
8.0366084898e-09, 0.000793470893781, 0.221934127811, 0.999545724879, 0.00155986366733, 0.499421804588, 0.00731794530688, 0.668132499635, 0.999973876314, 0.313222113772, 0.707789802429, 0.00126777448254, 0.549245168883, 0.908172992385, 0.360603405065, 505.348428762, 183.672890763, 0.670169770165, 6.7877643669e-06
0.628356712967, 0.000329288660051, 1.73563658479e-06, 0.268893376152, 0.392469561009, 0.302993842372, 0.385893273292, 0.995412800723, 0.178817202561, 0.194842439276, 0.0762576119929, 0.39173050841, 0.171947007341, 0.512679866552, 236.780053293, 106.41518134, 0.000707739001055, 0.134273758775, 392.97962953
0.979447375521, 1.35251623927e-05, 0.00467723438827, 0.998971338375, 0.513306416861, 0.0971249473708, 0.105727120561, 0.995474505024, 0.178817202561, 0.00960474999079, 0.998306691434, 0.978756967764, 0.801956147778, 0.438133954351, 0.0281259487467, 17.4066175574, 0.12788858428, 0.000369818847732, 538.999786162
0.246810102467, 6.75775108313e-05, 0.61593544494, 0.998219572791, 0.416362415291, 0.302993842372, 0.499439258974, 0.101979482919, 0.00162409664568, 0.915856455315, 0.993718208312, 0.401636892625, 0.196007839416, 0.399420573278, 0.305091276573, 109.089903658, 158.337496713, 0.0204105819621, 78.5184130336
0.381622711778, 0.999845775595, 7.09543244548e-05, 0.0042505688139, 0.297007050194, 0.571431639964, 0.492940041551, 0.0956910275224, 0.328208923944, 0.600073870631, 0.816218443058, 0.648760845537, 0.422945058576, 0.510549017171, 0.130342596869, 0.000870281499792, 1.45276309272e-05, 538.050528674, 367.667137253
0.00447372215885, 0.616696378616, 0.883018392111, 0.000116669241707, 0.101383083172, 0.791216385207, 0.778005844299, 0.000214045853082, 0.602883550729, 0.101608796516, 0.909975719911, 0.109105372233, 0.109153700078, 0.621967281439, 36.6903121889, 0.00672399937103, 197.418111756, 292.193033541, 2.49148482866
8.49931469649e-09, 0.448694726022, 0.00553607276064, 0.999241362958, 0.0072698755228, 0.511156207193, 0.40628276601, 0.312203372087, 0.0134832800314, 0.299805730676, 0.818593098597, 0.380524277204, 0.415485456164, 0.725964014458, 0.412684229707, 346.308974376, 3.01159570052, 294.561309302, 6.06987593263e-06
1.11861830909e-09, 0.0767862405088, 6.81199864894e-06, 0.949729079671, 0.300932189291, 0.796455474611, 0.487538121985, 0.298155547875, 0.729578481633, 0.924072274237, 0.585355811934, 0.00199894887586, 0.304586259343, 0.304668829467, 29.58934786, 373.933762345, 0.00401369666172, 45.4638941616, 6.63924490529e-07
0.12629821238, 0.000329288660051, 0.599722610303, 0.999923623997, 0.00155986366733, 0.0957369646329, 0.501090626649, 0.86791549262, 0.107185765492, 0.904759400901, 0.989813532383, 0.0795628379954, 0.538411245181, 0.599204652602, 0.0386286029465, 321.982446759, 442.764991119, 0.283171713351, 110.057817608
0.391958006279, 0.000329288660051, 0.00147819369653, 0.225568737714, 0.218087463989, 0.302993842372, 0.499439258974, 0.0227718385389, 0.0809162459411, 0.504030246819, 0.285802134623, 0.390953184007, 0.297549536098, 0.683932859348, 290.942693143, 107.629818951, 0.720296613151, 0.160456468879, 219.450118145
0.499798514666, 0.00851029203759, 0.00120190280945, 0.0355250053965, 0.40063625349, 0.00083898346071, 0.999883794985, 0.497850336377, 0.591385442908, 0.999599987177, 0.200783978556, 0.0896225099679, 0.592320166751, 0.991461199582, 134.206649148, 7.49685614269, 0.25377001641, 1.79697299154, 134.343061874
5.39641442643e-10, 0.538759474981, 0.00229463529282, 0.997649887653, 0.101236579417, 0.0957369646329, 0.487538121985, 0.898620108664, 0.999789676391, 0.903982980409, 0.707789802429, 0.486719482828, 0.00383607586296, 0.78079428465, 0.674385426401, 182.682818125, 0.658470144497, 206.40355005, 2.33649209264e-07
0.541586868221, 0.000329288660051, 0.00467723438827, 0.997723473051, 0.101236579417, 0.302993842372, 0.501090626649, 0.421989091232, 0.178817202561, 0.298477074986, 0.200783978556, 0.00126777448254, 0.297549536098, 0.304668829467, 0.574422435401, 160.633776558, 1.1802023417, 0.0830898660056, 183.127546018
8.49931469649e-09, 0.000793470893781, 0.501674214329, 0.999545724879, 0.506494525417, 0.499421804588, 0.304622489974, 0.15198625643, 0.999833785425, 0.943763901534, 0.404088339446, 0.00126777448254, 0.494081213331, 0.908172992385, 0.267480271949, 374.845975539, 376.822851835, 0.662466927049, 7.09605908791e-06
0.175743529966, 0.000329288660051, 1.73563658479e-06, 0.268893376152, 0.392469561009, 0.302993842372, 0.385893273292, 0.995412800723, 0.178817202561, 0.194842439276, 0.0762576119929, 0.39173050841, 0.171947007341, 0.512679866552, 413.323470439, 185.758434662, 0.00123542982617, 0.234388392071, 128.372308189
1.282932649e-10, 0.239554047137, 1.27930698959e-05, 0.429127853526, 0.416362415291, 0.176475763162, 0.385893273292, 0.272681388203, 0.602883550729, 0.977964799536, 0.0762576119929, 0.21325271395, 0.196007839416, 0.399420573278, 421.794845297, 336.973702334, 0.0108489009713, 213.313246186, 1.16981165425e-07
0.843384924113, 0.683034972001, 0.998444435236, 6.96218774544e-05, 0.101383083172, 0.621031678997, 0.799113389478, 0.107664395373, 0.602883550729, 0.320191309234, 0.913289501362, 0.173138524279, 0.382582895071, 0.350463732902, 0.18077956883, 1.97703772076e-05, 73.9844603366, 136.110670715, 616.969369937
3.7350939446e-05, 0.000329288660051, 1.73563658479e-06, 0.107259037157, 0.333513815735, 0.302993842372, 0.385893273292, 0.895859095909, 0.178817202561, 0.194842439276, 0.0762576119929, 0.401988965139, 0.285303036777, 0.512679866552, 497.652756766, 84.6480481474, 0.00137625357738, 0.261105775699, 0.0296170128109
0.628356712967, 4.12323150801e-05, 2.08413204407e-05, 0.901505523383, 0.824352169657, 0.300645625239, 0.669600963254, 0.393957158792, 0.63412662729, 0.389503623252, 0.202207055433, 0.39173050841, 0.57804425406, 0.516445922991, 50.0080963473, 320.644575882, 0.0106239900336, 0.0210184237804, 491.267543374
5.23770604666e-09, 0.337535094124, 0.997486714905, 0.99722036455, 0.297007050194, 0.176475763162, 0.501090626649, 2.21686324918e-05, 0.999945122403, 0.298477074986, 0.0762576119929, 0.00126777448254, 0.196007839416, 0.399420573278, 0.00463278259133, 1.06103922963, 268.764368841, 157.546656165, 2.56314396071e-06
0.284534295592, 0.616696378616, 0.000353864033257, 0.000116669241707, 0.101383083172, 0.0940513114032, 0.999962218894, 0.000681327719042, 0.602883550729, 0.227452540598, 0.499695863784, 0.800042393477, 0.713328664412, 0.621967281439, 176.370676218, 0.0323223282989, 0.0980353564552, 256.646629904, 149.255124706
0.754218165218, 0.114124410101, 0.996973229806, 6.96218774544e-05, 0.297007050194, 0.621031678997, 0.892278811234, 0.999999425806, 0.602883550729, 0.441612218574, 0.909975719911, 0.39173050841, 0.382582895071, 0.350463732902, 1.11503047947, 0.000121941728923, 234.522299405, 42.4986264786, 586.373649551
0.999555039051, 0.000793470893781, 0.19377886509, 0.998582944365, 0.301279279239, 0.399236194519, 0.501090626649, 0.542829037481, 0.320874249248, 0.233566275704, 0.435962170812, 0.39173050841, 0.71163554195, 0.621967281439, 0.00107415504501, 0.482569063529, 0.15159932238, 0.000630447973244, 723.696783953
8.49931469649e-09, 0.448694726022, 0.000754460995006, 0.999241362958, 0.0072698755228, 0.511156207193, 0.40628276601, 0.312203372087, 0.0134832800314, 0.466413200408, 0.779809409499, 0.380524277204, 0.415485456164, 0.725964014458, 0.553004359501, 464.06031241, 0.549960640154, 394.702854577, 8.13344211164e-06
0.628356712967, 0.538759474981, 8.61045851286e-07, 0.999832577327, 0.102703544384, 0.0957369646329, 0.226751621737, 0.996442717984, 0.999789676391, 0.903982980409, 0.707789802429, 0.486719482828, 0.676167554418, 0.78079428465, 0.0427616553638, 162.599928566, 0.00021992090857, 183.710527973, 371.391150786
0.435224427538, 0.348962143547, 0.999971445852, 0.99824403574, 0.497925721649, 0.302993842372, 0.501090626649, 0.81373124931, 0.999789676391, 0.904759400901, 0.707789802429, 0.00170279989571, 0.196007839416, 0.399420573278, 1.25455746218e-05, 0.00454835032165, 101.406659151, 61.9149066218, 96.7994697733
8.49931469649e-09, 4.12323150801e-05, 0.00115848929695, 0.000116669241707, 0.00155986366733, 0.408543453397, 0.590467614938, 0.171409352969, 0.222322567917, 0.597657220022, 0.704183274274, 0.977264147554, 0.801956147778, 0.749664606396, 617.905331106, 0.113239566791, 1.12443493883, 0.0400202932045, 8.24947776441e-06
5.25210806823e-06, 0.993025930274, 0.878770536774, 0.999479158825, 0.101236579417, 0.302993842372, 0.501090626649, 0.497850336377, 0.207880623226, 0.903982980409, 0.707789802429, 0.499521796091, 0.494081213331, 0.78079428465, 0.000270051606452, 0.330081725647, 1.71237617617, 159.18347053, 0.00131334117355
0.284534295592, 0.798766346785, 2.25469696061e-05, 0.992729945543, 0.297007050194, 0.791216385207, 0.385893273292, 0.103705156835, 0.608255952975, 0.600073870631, 0.210027459291, 0.398812068745, 0.415485456164, 0.686191103691, 0.685580700944, 60.0319102639, 0.0021262706226, 183.560178883, 92.565217635
0.520607823879, 0.00062995104645, 0.653717822215, 0.000116669241707, 0.102703544384, 0.0957369646329, 0.993258155382, 0.298155547875, 0.106245489548, 0.213178205395, 0.995086232029, 0.511636326617, 0.49920144653, 0.991461199582, 82.4178379507, 0.0151041912014, 136.273703026, 0.157590137779, 169.917815977
0.775330008021, 0.0324668357493, 7.09543244548e-05, 0.457673308433, 0.102703544384, 0.511156207193, 0.906860283378, 0.0164168442081, 0.20627778078, 0.915856455315, 0.0762576119929, 0.701092534332, 0.196007839416, 0.399420573278, 90.0303553616, 78.7895253817, 0.0133342299557, 6.10668867495, 325.234298165
1.11861830909e-09, 0.00062995104645, 6.81199864894e-06, 4.93733765929e-05, 0.300932189291, 0.796455474611, 0.487538121985, 0.298155547875, 0.729578481633, 0.998866630165, 0.585355811934, 0.00199894887586, 0.914758810736, 0.304668829467, 340.092748457, 0.0263760695294, 0.00363908167892, 0.336530316308, 5.9758458525e-07
0.388265898049, 0.002512568139, 0.99623783866, 0.998219572791, 0.00231478610543, 0.00161610327242, 0.503146406699, 0.494139253079, 0.595853003669, 0.593977185115, 0.789052243535, 0.00199894887586, 0.875230310364, 0.615369346992, 0.003886063251, 1.3895194593, 235.127801204, 0.928007628867, 164.299734969
1.282932649e-10, 0.142909488176, 6.61105534501e-05, 0.234017224625, 0.300932189291, 0.976993870698, 0.385893273292, 0.0109347112493, 0.317850411333, 0.980706200761, 0.0762576119929, 0.21325271395, 0.196007839416, 0.304668829467, 472.575360354, 181.987396524, 0.0525883305995, 115.627639628, 1.04678646229e-07
1.11861830909e-09, 0.985908202344, 1.33698801271e-05, 4.93733765929e-05, 0.102703544384, 0.796455474611, 0.123330770705, 0.894392137971, 0.899790292833, 0.998866630165, 0.585355811934, 0.511636326617, 0.914758810736, 0.399420573278, 7.08366059311, 0.000549376971942, 0.000148766496739, 319.963567949, 5.62352637689e-07
0.0281276176926, 8.86499210973e-05, 0.197411491912, 0.998219572791, 0.102703544384, 0.302993842372, 0.590467614938, 0.101979482919, 0.344579194389, 0.55743141998, 0.987214187191, 0.199723713398, 0.179970627026, 0.321528889037, 1.7810936273, 636.856400452, 204.068899838, 0.0931247950912, 29.56668642
0.520607823879, 0.798766346785, 2.25469696061e-05, 0.999545724879, 0.297007050194, 0.791216385207, 0.999930770407, 0.668132499635, 0.501157056711, 0.600073870631, 0.210027459291, 0.39173050841, 0.415485456164, 0.991461199582, 0.0494113650822, 69.2449249135, 0.00245242715246, 211.717154917, 237.66244604
1.11861830909e-09, 0.00062995104645, 0.8510065661, 4.93733765929e-05, 0.300932189291, 0.796455474611, 0.487538121985, 0.298155547875, 0.596432033859, 0.998866630165, 0.585355811934, 0.00199894887586, 0.914758810736, 0.304668829467, 48.6732791698, 0.00377488141523, 204.160316864, 0.207683672797, 3.68788651297e-07
0.175743529966, 9.92914626663e-06, 0.430448581408, 0.998971338375, 0.475046122741, 0.0971249473708, 0.732121111076, 0.309573356629, 0.00387619321347, 0.0751619169444, 0.996768601455, 0.221965402683, 0.692454584788, 0.516445922991, 0.742273484314, 459.379016184, 368.564223879, 0.0091857509508, 166.845602246
5.39641442643e-10, 0.158221999202, 0.999450209823, 0.998582944365, 0.171253884379, 0.653419261138, 0.870391173009, 0.999755469353, 0.321771535896, 0.299805730676, 0.661173626726, 0.380524277204, 0.692454584788, 0.544296726027, 0.00194602125343, 0.874258942635, 1012.33487352, 256.911950009, 8.8532554169e-07
8.33313868687e-07, 0.000793470893781, 0.999971445852, 0.999983419181, 0.651367625804, 0.0957369646329, 0.451159207368, 0.86791549262, 0.0366027256458, 0.904759400901, 0.683857409731, 0.300019519814, 0.378067943978, 0.599204652602, 1.08209851158e-06, 0.0415471213493, 926.300405643, 1.15452397807, 0.00121249701695
0.0974627590609, 0.000329288660051, 0.221934127811, 0.999545724879, 0.00155986366733, 0.302993842372, 0.00731794530688, 0.668132499635, 0.509482861649, 0.194842439276, 0.707789802429, 0.000154615696309, 0.684811931846, 0.908172992385, 0.238106305332, 333.681395095, 121.279147105, 0.183641780555, 54.7829091929
0.628356712967, 0.000147142424505, 1.73563658479e-06, 0.944454033464, 0.101236579417, 0.302993842372, 0.307464472293, 0.999908027336, 0.178817202561, 0.194842439276, 0.0762576119929, 0.39173050841, 0.620064190463, 0.512679866552, 18.6783483145, 213.531541944, 0.000584380762566, 0.0495421705921, 324.483617052
8.49931469649e-09, 0.683034972001, 0.00195620016597, 0.999483365414, 0.101236579417, 0.603380932117, 0.0540805995346, 0.497850336377, 0.207880623226, 0.136983596804, 0.404088339446, 0.87526611897, 0.875230310364, 0.686191103691, 0.274468302331, 338.211793196, 1.03925811746, 622.216190648, 9.45490487026e-06
8.49931469649e-09, 0.999845775595, 3.08163364382e-06, 0.0042505688139, 0.60979160222, 0.621031678997, 0.364494706061, 0.0226604716523, 0.328208923944, 0.962427380769, 0.816218443058, 0.173138524279, 0.538411245181, 0.405500610526, 0.253282690221, 0.00169113739339, 1.22607228275e-06, 1045.54372711, 1.39587330023e-05
7.96905469391e-08, 0.134706032539, 7.09543244548e-05, 0.866003729868, 0.0004037051149, 0.499421804588, 0.304622489974, 0.0956910275224, 0.999827151927, 0.313222113772, 0.816218443058, 0.00126777448254, 0.494081213331, 0.908172992385, 47.8540062371, 223.98822227, 0.0255279482998, 49.2010289463, 2.93251038195e-05
0.246810102467, 8.86499210973e-05, 1.33698801271e-05, 4.93733765929e-05, 0.102703544384, 0.768470063271, 0.590467614938, 0.101979482919, 0.0975963451383, 0.55743141998, 0.511240706246, 0.199723713398, 0.179970627026, 0.304668829467, 488.521694343, 0.0378875534249, 0.0102596193159, 0.0680271206727, 199.490423742
0.847315704365, 9.92914626663e-06, 0.602118665903, 0.0196544518149, 0.303523068345, 0.00233619889607, 0.499439258974, 0.373099557327, 0.79901147663, 0.904759400901, 0.0027715302935, 0.00199894887586, 0.285303036777, 0.296481435908, 38.8113846964, 1.19861018407, 53.8205132522, 0.0010350838956, 271.386886887
1.282932649e-10, 0.317964656287, 7.09543244548e-05, 0.0889063955422, 0.37610654795, 0.0957369646329, 0.385893273292, 0.405231777814, 0.602883550729, 0.977964799536, 0.628816906666, 0.21325271395, 0.999652300026, 0.399420573278, 399.232613704, 56.1196803131, 0.0449338533522, 219.962243514, 9.2551207596e-08
0.937235895925, 0.82505947512, 7.09543244548e-05, 0.0042505688139, 0.101383083172, 0.571431639964, 0.492940041551, 0.0956910275224, 0.328208923944, 0.321090587148, 0.565431280219, 0.648760845537, 0.422945058576, 0.510549017171, 22.4177142578, 0.149680322893, 0.00249861738826, 79.5174260968, 835.273726304
1.282932649e-10, 0.593126144238, 7.09543244548e-05, 1.16356047397e-06, 0.101383083172, 0.791216385207, 0.892278811234, 0.778037769032, 0.602883550729, 0.44417363823, 0.909975719911, 0.109105372233, 0.382582895071, 0.688174537783, 301.282542495, 0.00055065907966, 0.0335793833136, 405.401581546, 1.01788182854e-07
1.11861830909e-09, 3.77570008517e-05, 0.99997877458, 0.964250213155, 0.300932189291, 0.00233619889607, 0.669600963254, 0.393957158792, 0.950940845823, 0.226296806356, 0.572754916534, 0.39173050841, 0.679928415718, 0.996088845459, 0.00138569693828, 0.0246500655246, 740.503344788, 0.0439181858336, 1.30115437392e-06
4.30810942476e-11, 0.719957727342, 1.27930698959e-05, 0.429127853526, 0.311789974101, 0.176475763162, 0.385893273292, 0.147037847918, 0.602883550729, 0.977964799536, 0.0762576119929, 0.21325271395, 0.220104556088, 0.399420573278, 238.686143131, 190.687378576, 0.00613919861497, 649.117363079, 4.85487244051e-08
8.49931469649e-09, 9.92914626663e-06, 0.999971445852, 0.887584040389, 0.228899519301, 0.00166501063765, 0.501090626649, 0.312203372087, 0.00629836888472, 0.0968488612816, 0.111187792743, 0.631457210066, 0.494081213331, 0.825150244564, 0.00424225233478, 0.0237739609215, 538.417168593, 0.00839751301685, 7.188241958e-06
2.45046802849e-08, 0.239554047137, 7.09543244548e-05, 0.457673308433, 0.102703544384, 0.511156207193, 0.906860283378, 0.0164168442081, 0.20627778078, 0.915856455315, 0.0762576119929, 0.701092534332, 0.196007839416, 0.399420573278, 242.571955164, 212.285391316, 0.0359268850819, 127.364251793, 1.3341075767e-05
0.719644488051, 0.000793470893781, 0.501674214329, 0.999545724879, 0.00155986366733, 0.499421804588, 0.304622489974, 0.668132499635, 0.999827151927, 0.901084783069, 0.909975719911, 0.00126777448254, 0.494081213331, 0.908172992385, 0.0681671216117, 95.5291805787, 96.0329858346, 0.168829137382, 287.440824737
3.7350939446e-05, 3.77570008517e-05, 7.09543244548e-05, 0.700868931424, 0.40063625349, 0.00233619889607, 0.669600963254, 0.393957158792, 0.950940845823, 0.408124746195, 0.0055600154076, 0.39173050841, 0.679928415718, 0.304668829467, 240.771940452, 474.140298536, 0.0592684007356, 0.0315385578188, 0.0311993733287
8.0366084898e-09, 0.000793470893781, 1.73563658479e-06, 0.999545724879, 0.00155986366733, 0.656226602706, 0.00731794530688, 0.668132499635, 0.999973876314, 0.313222113772, 0.707789802429, 0.346213712724, 0.706351661064, 0.908172992385, 0.512956183176, 718.855112156, 0.00195983788696, 0.895968164484, 9.0747465068e-06
1.11861830909e-09, 0.348962143547, 1.33698801271e-05, 4.93733765929e-05, 0.300932189291, 0.796455474611, 0.60261813704, 0.91038892634, 0.317850411333, 0.998866630165, 0.414524582105, 0.511636326617, 0.914758810736, 0.304668829467, 231.853898921, 0.0179815494048, 0.00486924688787, 141.56084673, 4.77328472737e-07
0.621074344247, 0.000513227080452, 0.987350774757, 0.187679874064, 0.316174591085, 0.791216385207, 0.911045492347, 0.794780696681, 0.595853003669, 0.903982980409, 0.437748071516, 0.109105372233, 0.415485456164, 0.304668829467, 4.35684433913, 1.32297867965, 229.130796462, 0.18475607746, 338.449590891
3.7350939446e-05, 0.000329288660051, 1.73563658479e-06, 0.385385612666, 0.392469561009, 0.302993842372, 0.580960291456, 0.895859095909, 0.178817202561, 0.194842439276, 0.0762576119929, 0.39173050841, 0.171947007341, 0.399420573278, 376.869538993, 260.80802875, 0.00124951519847, 0.237060699064, 0.0268895995975
0.00447372215885, 0.999845775595, 7.09543244548e-05, 0.0042505688139, 0.297007050194, 0.571431639964, 0.492940041551, 0.0956910275224, 0.328208923944, 0.600073870631, 0.909975719911, 0.648760845537, 0.422945058576, 0.510549017171, 0.152591513142, 0.00101883477929, 1.70074345517e-05, 629.893421563, 4.42652702647
0.284534295592, 0.323505828437, 0.000353864033257, 0.000116669241707, 0.193395577092, 0.0940513114032, 0.999962218894, 0.000681327719042, 0.602883550729, 0.227452540598, 0.499695863784, 0.800042393477, 0.713328664412, 0.307145214049, 219.038493286, 0.0401417868429, 0.121752193886, 121.993029723, 120.168082594
0.00447372215885, 0.0245877569802, 0.222776657807, 0.0355585705788, 0.686322521308, 0.594690190647, 0.78446759816, 0.00650719324149, 0.0975963451383, 0.490359581602, 0.597251055804, 0.105786315464, 0.692454584788, 0.399420573278, 192.776875429, 10.7788164459, 70.4651268149, 7.94217752332, 1.44545579003
5.39641442643e-10, 0.158221999202, 0.979369298224, 0.998582944365, 0.171253884379, 0.791216385207, 0.501090626649, 0.999755469353, 0.663337749345, 0.299805730676, 0.661173626726, 0.876673646474, 0.692454584788, 0.544296726027, 0.0593127331722, 26.6465164738, 821.969250642, 208.710165523, 7.19220886148e-07
1.11861830909e-09, 0.0767862405088, 0.599722610303, 0.949729079671, 0.300932189291, 0.946610964333, 0.487538121985, 0.298155547875, 0.729578481633, 0.924072274237, 0.585355811934, 0.00199894887586, 0.304586259343, 0.304668829467, 26.9101624564, 340.075703603, 469.107221001, 70.3021386077, 1.02664570246e-06
0.12629821238, 0.000329288660051, 6.81199864894e-06, 0.999923623997, 0.00155986366733, 0.0957369646329, 0.501090626649, 0.86791549262, 0.107185765492, 0.904759400901, 0.990457575907, 0.0795628379954, 0.538411245181, 0.599204652602, 0.0654104945945, 545.218555339, 0.00583398168015, 0.28201182657, 109.607014785
2.45046802849e-08, 0.994824414733, 4.740310261e-05, 0.0115018433597, 0.101236579417, 0.968171383001, 0.793558135397, 0.393957158792, 0.602883550729, 0.904759400901, 0.0044009121922, 0.390953184007, 0.617310194535, 0.627592333597, 3.63516973836, 0.0656839523932, 0.000270721174042, 447.205017126, 1.72143225811e-05
0.645029423715, 0.813740446403, 1.33698801271e-05, 4.93733765929e-05, 0.300932189291, 0.796455474611, 0.917036796617, 0.91038892634, 0.317850411333, 0.998866630165, 0.683857409731, 0.511636326617, 0.791230277988, 0.304668829467, 48.1866894159, 0.00373714369445, 0.00101198594704, 159.971666714, 267.917812706
0.847315704365, 9.92914626663e-06, 0.853453147042, 0.696101655828, 0.303523068345, 0.00233619889607, 0.499439258974, 0.196442095802, 0.99800768068, 0.645579428042, 0.0027715302935, 0.39173050841, 0.914758810736, 0.825150244564, 11.9054848964, 23.0163107881, 110.574864542, 0.00177132349974, 464.420297045
1.36483746527e-08, 0.697721205579, 0.999971445852, 0.997649887653, 0.506494525417, 0.810366313172, 0.892278811234, 0.15198625643, 0.595853003669, 0.717188228894, 0.437748071516, 0.804739566364, 0.722069210247, 0.627592333597, 5.52440647108e-05, 0.0149649459062, 333.648384332, 649.067663728, 1.56460783947e-05
1.11861830909e-09, 0.348962143547, 0.197411491912, 0.998219572791, 0.300932189291, 0.905050995791, 0.385893273292, 0.91038892634, 0.317850411333, 0.998866630165, 0.585355811934, 0.511636326617, 0.196007839416, 0.304668829467, 0.62108030091, 222.0764584, 71.1603094722, 142.382576878, 4.80099261451e-07
0.391958006279, 0.994824414733, 1.98247380222e-05, 0.0115018433597, 0.101236579417, 0.968171383001, 0.793558135397, 0.319774035526, 0.602883550729, 0.904759400901, 0.707789802429, 0.390953184007, 0.713571208127, 0.421201700315, 2.92411660212, 0.0528359195058, 9.10736841962e-05, 359.730000593, 254.487368833
8.33313868687e-07, 0.00037054130588, 0.999993018675, 0.999983419181, 0.651367625804, 0.242893112236, 0.451159207368, 0.8914349188, 0.0366027256458, 0.904759400901, 0.744295118567, 0.300019519814, 0.378067943978, 0.599204652602, 3.21351965162e-07, 0.012338293556, 1125.11611292, 0.654868194406, 0.00147273939697
0.457941665293, 0.000329288660051, 6.50261775648e-07, 0.998971338375, 0.00231478610543, 0.0971249473708, 0.105727120561, 0.309573356629, 0.178817202561, 0.0751619169444, 0.999920836007, 0.987881415242, 0.801956147778, 0.351110258483, 0.704571876071, 436.046204128, 0.000445390736224, 0.225543215521, 381.928471909
0.246810102467, 8.86499210973e-05, 0.197411491912, 4.93733765929e-05, 0.102703544384, 0.302993842372, 0.304622489974, 0.101979482919, 0.0975963451383, 0.55743141998, 0.987214187191, 0.199723713398, 0.179970627026, 0.315285360911, 391.791418138, 0.0303855866752, 125.541850842, 0.0572897641156, 168.002984787
0.000112774911511, 0.616696378616, 0.393368783014, 9.58675025149e-05, 0.101383083172, 0.791216385207, 0.778005844299, 0.000214045853082, 0.602883550729, 0.101608796516, 0.499695863784, 0.109105372233, 0.109153700078, 0.621967281439, 147.147963243, 0.0221587648628, 104.5849481, 262.696844404, 0.0564650331553
1.06688435864e-10, 0.000793470893781, 0.895121432862, 0.0889063955422, 0.522030496665, 0.176475763162, 0.385893273292, 0.0143209549614, 0.20283375383, 0.904759400901, 7.48403005635e-05, 0.21325271395, 0.111230065641, 0.399420573278, 68.2781604583, 9.59778436369, 414.734412306, 0.524012261812, 7.04576103534e-08
7.96905469391e-08, 0.000793470893781, 0.664672181186, 0.999545724879, 0.000312608769895, 0.302993842372, 0.205925294975, 0.668132499635, 0.792794002091, 0.313222113772, 0.317994449753, 0.000345351854523, 0.592320166751, 0.908172992385, 0.134165027029, 188.018428699, 323.314067936, 0.466158351205, 4.68176260492e-05
0.681601779203, 0.348962143547, 0.999971445852, 0.999983419181, 0.311472716926, 0.0957369646329, 0.119711885621, 0.668132499635, 0.00518569569858, 0.904759400901, 0.683857409731, 0.215623721732, 0.538411245181, 0.509256143284, 2.96782552665e-07, 0.0113949521212, 254.052469326, 155.114417998, 544.688444684
0.175743529966, 0.683034972001, 1.73563658479e-06, 0.999923623997, 0.392469561009, 0.302993842372, 0.196365062881, 0.997887037233, 0.178817202561, 0.194842439276, 0.0762576119929, 0.39173050841, 0.171947007341, 0.864854881862, 0.0322172354723, 268.541534353, 0.00073213326878, 494.039685309, 159.296336643
8.49931469649e-09, 0.999845775595, 3.08163364382e-06, 0.866003729868, 0.60979160222, 0.621031678997, 0.364494706061, 0.0226604716523, 0.231364274689, 0.313222113772, 0.816218443058, 0.00126777448254, 0.538411245181, 0.405500610526, 0.0412604802075, 0.193126183958, 9.55947459779e-07, 815.192451605, 1.08833839105e-05
0.435224427538, 0.000793470893781, 0.999971445852, 0.999983419181, 0.290557977361, 0.0957369646329, 0.435520381662, 0.420502243686, 0.595853003669, 0.904759400901, 0.336578551725, 0.300019519814, 0.632341594813, 0.599204652602, 5.63863403083e-07, 0.0216495087846, 482.679620583, 0.601603100131, 393.246320567
9.84087256128e-11, 9.92914626663e-06, 0.602118665903, 0.0196544518149, 0.303523068345, 0.00233619889607, 0.499439258974, 0.373099557327, 0.79901147663, 0.904759400901, 0.0027715302935, 0.00199894887586, 0.285303036777, 0.296481435908, 163.386598565, 5.0458607059, 226.571421301, 0.00435745434633, 4.31871499967e-08
0.937235895925, 0.82505947512, 7.09543244548e-05, 7.41456045079e-05, 0.101383083172, 0.571431639964, 0.492940041551, 0.0956910275224, 0.328208923944, 0.171522165633, 0.565431280219, 0.648760845537, 0.415485456164, 0.544407055299, 27.311255664, 0.00318087759465, 0.00304397035865, 96.8730503406, 1017.58215411
1.11861830909e-09, 0.593126144238, 0.99997877458, 1.16356047397e-06, 0.101383083172, 0.791216385207, 0.88748822164, 0.778037769032, 0.602883550729, 0.44417363823, 0.572754916534, 0.109105372233, 0.382582895071, 0.688174537783, 0.0119581934758, 2.18561877474e-08, 358.665329861, 482.615056102, 1.05655194783e-06
6.0992860762e-09, 5.17708107373e-06, 0.430448581408, 0.000116669241707, 0.101236579417, 0.0957369646329, 0.590467614938, 0.0486493237793, 0.222322567917, 0.597657220022, 0.704183274274, 0.977264147554, 0.990616762282, 0.703573544113, 415.079852153, 0.0760690356198, 333.022147347, 0.00432760550495, 5.09849152911e-06
0.777945660057, 9.92914626663e-06, 0.00115848929695, 0.000116669241707, 0.00155986366733, 0.585564220892, 0.501090626649, 0.171409352969, 0.222322567917, 0.597657220022, 0.704183274274, 0.791940376723, 0.801956147778, 0.749664606396, 183.398540094, 0.0336102800623, 0.333740001633, 0.00286041064785, 504.29793549
