4.21191847768, 1.11023695174, 0.938581235328, 0.908067555186, 3.68537019671, 0.833422239822, 2.98150976457, 1.0055037717, 0.9208794397, 2.36617549465, 5.30966183875, 0.966786184807, 2.41061296972, 1.02645597454, 1.09000063689, 1.07521416483, 1.02053870432, 1.08218245658, 5.54864940372, 1.07789420476, 0.936805889335, 263.081070978, 1.0165704257, 2.9000033987, 1.1225720376, 2.5874332447, 1.06516870758, 15.504504562, 11.5419377089, 105.571931859
4.17973719264, 1.21915546864, 0.832016333025, 1.0269280711, 5.13164189269, 0.771133681117, 4.55073676789, 1.04046463629, 0.939601152809, 3.59434480586, 3.43981824032, 0.978962702638, 2.24394598721, 1.16655501655, 1.09000070767, 1.06269376182, 1.03545631524, 0.965948051154, 8.30386415531, 1.09900612402, 0.884564726442, 291.503078474, 1.08198741595, 4.25512519303, 1.0080931577, 2.46363892919, 1.05971244655, 576.697401886, 25.9353212065, 1357.58487533
4.01787636597, 1.19563879678, 1.0062606259, 0.941148349014, 5.39891567686, 0.920749295232, 2.77316210363, 1.03305283695, 0.927707195784, 4.34869817119, 3.23909024843, 0.994804426006, 3.31219783244, 0.962899136712, 1.09000042336, 1.04446102688, 1.01136826198, 1.12893033541, 6.56711308686, 0.954940999585, 0.932853290675, 159.772695528, 1.03473577083, 4.62720421411, 1.0672960542, 2.16739348166, 1.13236954745, 1198.00434915, 44.6339145054, 1636.58936432
4.02094928303, 1.19563879678, 1.0062606259, 0.942738953978, 5.39845853564, 0.920749295232, 2.77039562186, 1.03379799, 0.970011564504, 4.36098947881, 3.23899463305, 0.994804426006, 3.3134859842, 0.962899136712, 1.0900003396, 1.07785207081, 1.01134421199, 1.09017436731, 5.36980327309, 1.1171934566, 0.932853290675, 159.772695528, 1.03473577083, 4.62720421411, 1.06317904665, 2.16739348166, 1.13242126059, 250.91887489, 26.7909666026, 410.485340074
4.02094928303, 1.19563879678, 1.0062606259, 0.942738953978, 5.39845853564, 0.920749295232, 2.77039562186, 1.03379799, 0.970011564504, 4.36098947881, 3.23899463305, 0.994804426006, 3.3134859842, 0.962899136712, 1.0900003396, 1.07785207081, 1.01134421199, 1.09017436731, 5.36980327309, 1.1171934566, 0.932853290675, 159.772695528, 1.03473577083, 4.62720421411, 1.06317904665, 2.16739348166, 1.13242126059, 250.91887489, 26.7909666026, 410.485340074
4.02094928303, 1.19563879678, 1.0062606259, 0.942738953978, 5.39845853564, 0.920749295232, 2.77039562186, 1.03379799, 0.970011564504, 4.36098947881, 3.23899463305, 0.994804426006, 3.3134859842, 0.962899136712, 1.0900003396, 1.07785207081, 1.01134421199, 1.09017436731, 5.36980327309, 1.1171934566, 0.932853290675, 159.772695528, 1.03473577083, 4.62720421411, 1.06317904665, 2.16739348166, 1.13242126059, 250.91887489, 26.7909666026, 410.485340074
4.02094928303, 1.19563879678, 1.0062606259, 0.942738953978, 5.39845853564, 0.920749295232, 2.77039562186, 1.03379799, 0.970011564504, 4.36098947881, 3.23899463305, 0.994804426006, 3.3134859842, 0.962899136712, 1.0900003396, 1.07785207081, 1.01134421199, 1.09017436731, 5.36980327309, 1.1171934566, 0.932853290675, 159.772695528, 1.03473577083, 4.62720421411, 1.06317904665, 2.16739348166, 1.13242126059, 250.91887489, 26.7909666026, 410.485340074
4.02094928303, 1.19563879678, 1.0062606259, 0.942738953978, 5.39845853564, 0.920749295232, 2.77039562186, 1.03379799, 0.970011564504, 4.36098947881, 3.23899463305, 0.994804426006, 3.3134859842, 0.962899136712, 1.0900003396, 1.07785207081, 1.01134421199, 1.09017436731, 5.36980327309, 1.1171934566, 0.932853290675, 159.772695528, 1.03473577083, 4.62720421411, 1.06317904665, 2.16739348166, 1.13242126059, 250.91887489, 26.7909666026, 410.485340074
4.01787636597, 1.19563879678, 1.0062606259, 0.941148349014, 5.39892860741, 0.920749295232, 2.77314076829, 1.03370801643, 0.971743037741, 4.36152909747, 3.23908606872, 0.993529416829, 3.31219783244, 0.962899136712, 1.09000034049, 1.0449028884, 1.01134434274, 1.12918248606, 6.56711308686, 0.954940999585, 0.932853290675, 159.772695528, 1.03473577083, 4.62720421411, 1.0672960542, 2.16739348166, 1.13242421108, 97.8248184278, 10.4980405738, 106.4988126
4.01787636597, 1.19563879678, 1.0062606259, 0.941148349014, 5.39892860741, 0.920749295232, 2.77314076829, 1.03370801643, 0.971743037741, 4.36152909747, 3.23908606872, 0.993529416829, 3.31219783244, 0.962899136712, 1.09000034049, 1.0449028884, 1.01134434274, 1.12918248606, 6.56711308686, 0.954940999585, 0.932853290675, 159.772695528, 1.03473577083, 4.62720421411, 1.0672960542, 2.16739348166, 1.13242421108, 97.8248184278, 10.4980405738, 106.4988126
4.01787636597, 1.19563879678, 1.0062606259, 0.941148349014, 5.39892860741, 0.920749295232, 2.77314076829, 1.03370801643, 0.971743037741, 4.36152909747, 3.23908606872, 0.993529416829, 3.31219783244, 0.962899136712, 1.09000034049, 1.0449028884, 1.01134434274, 1.12918248606, 6.56711308686, 0.954940999585, 0.932853290675, 159.772695528, 1.03473577083, 4.62720421411, 1.0672960542, 2.16739348166, 1.13242421108, 97.8248184278, 10.4980405738, 106.4988126
4.01787636597, 1.19563879678, 1.0062606259, 0.941148349014, 5.39892860741, 0.920749295232, 2.77314076829, 1.03370801643, 0.971743037741, 4.36152909747, 3.23908606872, 0.993529416829, 3.31219783244, 0.962899136712, 1.09000034049, 1.0449028884, 1.01134434274, 1.12918248606, 6.56711308686, 0.954940999585, 0.932853290675, 159.772695528, 1.03473577083, 4.62720421411, 1.0672960542, 2.16739348166, 1.13242421108, 97.8248184278, 10.4980405738, 106.4988126
4.01787636597, 1.19563879678, 1.0062606259, 0.941148349014, 5.39892860741, 0.920749295232, 2.77314076829, 1.03370801643, 0.971743037741, 4.36152909747, 3.23908606872, 0.993529416829, 3.31219783244, 0.962899136712, 1.09000034049, 1.0449028884, 1.01134434274, 1.12918248606, 6.56711308686, 0.954940999585, 0.932853290675, 159.772695528, 1.03473577083, 4.62720421411, 1.0672960542, 2.16739348166, 1.13242421108, 97.8248184278, 10.4980405738, 106.4988126
4.01787636597, 1.19563879678, 1.0062606259, 0.941148349014, 5.39892860741, 0.920749295232, 2.77314076829, 1.03370801643, 0.971743037741, 4.36152909747, 3.23908606872, 0.993529416829, 3.31219783244, 0.962899136712, 1.09000034049, 1.0449028884, 1.01134434274, 1.12918248606, 6.56711308686, 0.954940999585, 0.932853290675, 159.772695528, 1.03473577083, 4.62720421411, 1.0672960542, 2.16739348166, 1.13242421108, 97.8248184278, 10.4980405738, 106.4988126
4.01787636597, 1.19563879678, 1.0062606259, 0.941148349014, 5.39892860741, 0.920749295232, 2.77314076829, 1.03370801643, 0.971743037741, 4.36152909747, 3.23908606872, 0.993529416829, 3.31219783244, 0.962899136712, 1.09000034049, 1.0449028884, 1.01134434274, 1.12918248606, 6.56711308686, 0.954940999585, 0.932853290675, 159.772695528, 1.03473577083, 4.62720421411, 1.0672960542, 2.16739348166, 1.13242421108, 97.8248184278, 10.4980405738, 106.4988126
4.01787636597, 1.19563879678, 1.0062606259, 0.941148349014, 5.39892860741, 0.920749295232, 2.77314076829, 1.03370801643, 0.971743037741, 4.36152909747, 3.23908606872, 0.993529416829, 3.31219783244, 0.962899136712, 1.09000034049, 1.0449028884, 1.01134434274, 1.12918248606, 6.56711308686, 0.954940999585, 0.932853290675, 159.772695528, 1.03473577083, 4.62720421411, 1.0672960542, 2.16739348166, 1.13242421108, 97.8248184278, 10.4980405738, 106.4988126
4.01787636597, 1.19563879678, 1.0062606259, 0.941148349014, 5.39892860741, 0.920749295232, 2.77314076829, 1.03370801643, 0.971743037741, 4.36152909747, 3.23908606872, 0.993529416829, 3.31219783244, 0.962899136712, 1.09000034049, 1.0449028884, 1.01134434274, 1.12918248606, 6.56711308686, 0.954940999585, 0.932853290675, 159.772695528, 1.03473577083, 4.62720421411, 1.0672960542, 2.16739348166, 1.13242421108, 97.8248184278, 10.4980405738, 106.4988126
4.01787636597, 1.19563879678, 1.0062606259, 0.941148349014, 5.39892860741, 0.920749295232, 2.77314076829, 1.03370801643, 0.971743037741, 4.36152909747, 3.23908606872, 0.993529416829, 3.31219783244, 0.962899136712, 1.09000034049, 1.0449028884, 1.01134434274, 1.12918248606, 6.56711308686, 0.954940999585, 0.932853290675, 159.772695528, 1.03473577083, 4.62720421411, 1.0672960542, 2.16739348166, 1.13242421108, 97.8248184278, 10.4980405738, 106.4988126
4.02094928303, 1.19563879678, 1.0062606259, 0.942738953978, 5.39845853564, 0.920749295232, 2.77039562186, 1.03379799, 0.970011564504, 4.36098947881, 3.23899463305, 0.994804426006, 3.3134859842, 0.962899136712, 1.0900003396, 1.07785207081, 1.01134421199, 1.09017436731, 5.36980327309, 1.13150713017, 0.932853290675, 159.772695528, 1.03473577083, 4.62720421411, 1.06317904665, 2.16739348166, 1.13242126059, 64.0271338884, 11.0924333938, 266.721165626
4.02094928303, 1.19563879678, 1.0062606259, 0.942738953978, 5.39845853564, 0.920749295232, 2.77039562186, 1.03379799, 0.970011564504, 4.36098947881, 3.23899463305, 0.994804426006, 3.3134859842, 0.962899136712, 1.0900003396, 1.07785207081, 1.01134421199, 1.09017436731, 5.36980327309, 1.13150713017, 0.932853290675, 159.772695528, 1.03473577083, 4.62720421411, 1.06317904665, 2.16739348166, 1.13242126059, 64.0271338884, 11.0924333938, 266.721165626
4.02094928303, 1.19563879678, 1.0062606259, 0.942738953978, 5.39845853564, 0.920749295232, 2.77039562186, 1.03379799, 0.970011564504, 4.36098947881, 3.23899463305, 0.994804426006, 3.3134859842, 0.962899136712, 1.0900003396, 1.07785207081, 1.01134421199, 1.09017436731, 5.36980327309, 1.13150713017, 0.932853290675, 159.772695528, 1.03473577083, 4.62720421411, 1.06317904665, 2.16739348166, 1.13242126059, 64.0271338884, 11.0924333938, 266.721165626
4.02094928303, 1.19563879678, 1.0062606259, 0.942738953978, 5.39845853564, 0.920749295232, 2.77039562186, 1.03379799, 0.970011564504, 4.36098947881, 3.23899463305, 0.994804426006, 3.3134859842, 0.962899136712, 1.0900003396, 1.07785207081, 1.01134421199, 1.09017436731, 5.36980327309, 1.13150713017, 0.932853290675, 159.772695528, 1.03473577083, 4.62720421411, 1.06317904665, 2.16739348166, 1.13242126059, 64.0271338884, 11.0924333938, 266.721165626
4.02094928303, 1.19563879678, 1.0062606259, 0.942738953978, 5.39845853564, 0.920749295232, 2.77039562186, 1.03379799, 0.970011564504, 4.36098947881, 3.23899463305, 0.994804426006, 3.3134859842, 0.962899136712, 1.0900003396, 1.07785207081, 1.01134421199, 1.09017436731, 5.36980327309, 1.13150713017, 0.932853290675, 159.772695528, 1.03473577083, 4.62720421411, 1.06317904665, 2.16739348166, 1.13242126059, 64.0271338884, 11.0924333938, 266.721165626
4.02094928303, 1.19563879678, 1.0062606259, 0.942738953978, 5.39845853564, 0.920749295232, 2.77039562186, 1.03379799, 0.970011564504, 4.36098947881, 3.23899463305, 0.994804426006, 3.3134859842, 0.962899136712, 1.0900003396, 1.07785207081, 1.01134421199, 1.09017436731, 5.36980327309, 1.13150713017, 0.932853290675, 159.772695528, 1.03473577083, 4.62720421411, 1.06317904665, 2.16739348166, 1.13242126059, 64.0271338884, 11.0924333938, 266.721165626
3.46379468921, 1.18058849272, 0.991673984052, 0.942830968732, 5.39845853564, 0.920749295232, 2.77468933428, 1.03379799448, 0.965994182243, 4.36098586446, 3.23900433772, 0.994804426006, 3.5755396469, 0.962899136712, 1.09000033941, 1.07785207081, 1.01134760994, 1.09017436731, 5.24404106922, 1.12437187646, 0.915082732664, 159.772695528, 1.03473577083, 4.62720421411, 1.06317904665, 2.16739348166, 1.13221313753, 44.5248188518, 9.58789823653, 128.965703111
3.46379468921, 1.18058849272, 0.991673984052, 0.942830968732, 5.39845853564, 0.920749295232, 2.77468933428, 1.03379799448, 0.965994182243, 4.36098586446, 3.23900433772, 0.994804426006, 3.5755396469, 0.962899136712, 1.09000033941, 1.07785207081, 1.01134760994, 1.09017436731, 5.24404106922, 1.12437187646, 0.915082732664, 159.772695528, 1.03473577083, 4.62720421411, 1.06317904665, 2.16739348166, 1.13221313753, 44.5248188518, 9.58789823653, 128.965703111
3.46379468921, 1.18058849272, 0.991673984052, 0.942830968732, 5.39845853564, 0.920749295232, 2.77468933428, 1.03379799448, 0.965994182243, 4.36098586446, 3.23900433772, 0.994804426006, 3.5755396469, 0.962899136712, 1.09000033941, 1.07785207081, 1.01134760994, 1.09017436731, 5.24404106922, 1.12437187646, 0.915082732664, 159.772695528, 1.03473577083, 4.62720421411, 1.06317904665, 2.16739348166, 1.13221313753, 44.5248188518, 9.58789823653, 128.965703111
3.46379468921, 1.18058849272, 0.991673984052, 0.942830968732, 5.39845853564, 0.920749295232, 2.77468933428, 1.03379799448, 0.965994182243, 4.36098586446, 3.23900433772, 0.994804426006, 3.5755396469, 0.962899136712, 1.09000033941, 1.07785207081, 1.01134760994, 1.09017436731, 5.24404106922, 1.12437187646, 0.915082732664, 159.772695528, 1.03473577083, 4.62720421411, 1.06317904665, 2.16739348166, 1.13221313753, 44.5248188518, 9.58789823653, 128.965703111
3.46379468921, 1.18058849272, 0.991673984052, 0.942830968732, 5.39845853564, 0.920749295232, 2.77468933428, 1.03379799448, 0.965994182243, 4.36098586446, 3.23900433772, 0.994804426006, 3.5755396469, 0.962899136712, 1.09000033941, 1.07785207081, 1.01134760994, 1.09017436731, 5.24404106922, 1.12437187646, 0.915082732664, 159.772695528, 1.03473577083, 4.62720421411, 1.06317904665, 2.16739348166, 1.13221313753, 44.5248188518, 9.58789823653, 128.965703111
3.46379468921, 1.18058849272, 0.991673984052, 0.942830968732, 5.39845853564, 0.920749295232, 2.77468933428, 1.03379799448, 0.965994182243, 4.36098586446, 3.23900433772, 0.994804426006, 3.5755396469, 0.962899136712, 1.09000033941, 1.07785207081, 1.01134760994, 1.09017436731, 5.24404106922, 1.12437187646, 0.915082732664, 159.772695528, 1.03473577083, 4.62720421411, 1.06317904665, 2.16739348166, 1.13221313753, 44.5248188518, 9.58789823653, 128.965703111
3.46379468921, 1.18058849272, 0.991673984052, 0.942830968732, 5.39845853564, 0.920749295232, 2.77468933428, 1.03379799448, 0.965994182243, 4.36098586446, 3.23900433772, 0.994804426006, 3.5755396469, 0.962899136712, 1.09000033941, 1.07785207081, 1.01134760994, 1.09017436731, 5.24404106922, 1.12437187646, 0.915082732664, 159.772695528, 1.03473577083, 4.62720421411, 1.06317904665, 2.16739348166, 1.13221313753, 44.5248188518, 9.58789823653, 128.965703111
3.46379468921, 1.18058849272, 0.991673984052, 0.942830968732, 5.39845853564, 0.920749295232, 2.77468933428, 1.03379799448, 0.965994182243, 4.36098586446, 3.23900433772, 0.994804426006, 3.5755396469, 0.962899136712, 1.09000033941, 1.07785207081, 1.01134760994, 1.09017436731, 5.24404106922, 1.12437187646, 0.915082732664, 159.772695528, 1.03473577083, 4.62720421411, 1.06317904665, 2.16739348166, 1.13221313753, 44.5248188518, 9.58789823653, 128.965703111
3.46379468921, 1.18058849272, 0.991673984052, 0.942830968732, 5.39845853564, 0.920749295232, 2.77468933428, 1.03379799448, 0.965994182243, 4.36098586446, 3.23900433772, 0.994804426006, 3.5755396469, 0.962899136712, 1.09000033941, 1.07785207081, 1.01134760994, 1.09017436731, 5.24404106922, 1.12437187646, 0.915082732664, 159.772695528, 1.03473577083, 4.62720421411, 1.06317904665, 2.16739348166, 1.13221313753, 44.5248188518, 9.58789823653, 128.965703111
3.46379468921, 1.18058849272, 0.991673984052, 0.942830968732, 5.39845853564, 0.920749295232, 2.77468933428, 1.03379799448, 0.965994182243, 4.36098586446, 3.23900433772, 0.994804426006, 3.5755396469, 0.962899136712, 1.09000033941, 1.07785207081, 1.01134760994, 1.09017436731, 5.24404106922, 1.12437187646, 0.915082732664, 159.772695528, 1.03473577083, 4.62720421411, 1.06317904665, 2.16739348166, 1.13221313753, 44.5248188518, 9.58789823653, 128.965703111
3.46379468921, 1.18058849272, 0.991673984052, 0.942830968732, 5.39845853564, 0.920749295232, 2.77468933428, 1.03379799448, 0.965994182243, 4.36098586446, 3.23900433772, 0.994804426006, 3.5755396469, 0.962899136712, 1.09000033941, 1.07785207081, 1.01134760994, 1.09017436731, 5.24404106922, 1.12437187646, 0.915082732664, 159.772695528, 1.03473577083, 4.62720421411, 1.06317904665, 2.16739348166, 1.13221313753, 44.5248188518, 9.58789823653, 128.965703111
3.46379468921, 1.18058849272, 0.991673984052, 0.942830968732, 5.39845853564, 0.920749295232, 2.77468933428, 1.03379799448, 0.965994182243, 4.36098586446, 3.23900433772, 0.994804426006, 3.5755396469, 0.962899136712, 1.09000033941, 1.07785207081, 1.01134760994, 1.09017436731, 5.24404106922, 1.12437187646, 0.915082732664, 159.772695528, 1.03473577083, 4.62720421411, 1.06317904665, 2.16739348166, 1.13221313753, 44.5248188518, 9.58789823653, 128.965703111
3.46379468921, 1.18058849272, 0.991673984052, 0.942830968732, 5.39845853564, 0.920749295232, 2.77468933428, 1.03379799448, 0.965994182243, 4.36098586446, 3.23900433772, 0.994804426006, 3.5755396469, 0.962899136712, 1.09000033941, 1.07785207081, 1.01134760994, 1.09017436731, 5.24404106922, 1.12437187646, 0.915082732664, 159.772695528, 1.03473577083, 4.62720421411, 1.06317904665, 2.16739348166, 1.13221313753, 44.5248188518, 9.58789823653, 128.965703111
3.46379468921, 1.18058849272, 0.991673984052, 0.942830968732, 5.39845853564, 0.920749295232, 2.77468933428, 1.03379799448, 0.965994182243, 4.36098586446, 3.23900433772, 0.994804426006, 3.5755396469, 0.962899136712, 1.09000033941, 1.07785207081, 1.01134760994, 1.09017436731, 5.24404106922, 1.12437187646, 0.915082732664, 159.772695528, 1.03473577083, 4.62720421411, 1.06317904665, 2.16739348166, 1.13221313753, 44.5248188518, 9.58789823653, 128.965703111
3.46379468921, 1.18058849272, 0.991673984052, 0.942830968732, 5.39845853564, 0.920749295232, 2.77468933428, 1.03379799448, 0.965994182243, 4.36098586446, 3.23900433772, 0.994804426006, 3.5755396469, 0.962899136712, 1.09000033941, 1.07785207081, 1.01134760994, 1.09017436731, 5.24404106922, 1.12437187646, 0.915082732664, 159.772695528, 1.03473577083, 4.62720421411, 1.06317904665, 2.16739348166, 1.13221313753, 44.5248188518, 9.58789823653, 128.965703111
3.46379468921, 1.18058849272, 0.991673984052, 0.942830968732, 5.39845853564, 0.920749295232, 2.77468933428, 1.03379799448, 0.965994182243, 4.36098586446, 3.23900433772, 0.994804426006, 3.5755396469, 0.962899136712, 1.09000033941, 1.07785207081, 1.01134760994, 1.09017436731, 5.24404106922, 1.12437187646, 0.915082732664, 159.772695528, 1.03473577083, 4.62720421411, 1.06317904665, 2.16739348166, 1.13221313753, 44.5248188518, 9.58789823653, 128.965703111
3.46379468921, 1.18058849272, 0.991673984052, 0.942830968732, 5.39845853564, 0.920749295232, 2.77468933428, 1.03379799448, 0.965994182243, 4.36098586446, 3.23900433772, 0.994804426006, 3.5755396469, 0.934657058579, 1.09000033941, 1.07785207081, 1.01134760994, 1.09017436731, 5.24404106922, 1.12437187646, 0.915082732664, 168.43421596, 1.03473577083, 4.62720421411, 1.06317904665, 2.16739348166, 1.13221313753, 181.480719378, 24.8086045408, 702.48628807
3.46379468921, 1.18058849272, 0.991673984052, 0.942830968732, 5.39845853564, 0.920749295232, 2.77468933428, 1.03379799448, 0.965994182243, 4.36098586446, 3.23900433772, 0.994804426006, 3.5755396469, 0.934657058579, 1.09000033941, 1.07785207081, 1.01134760994, 1.09017436731, 5.24404106922, 1.12437187646, 0.915082732664, 168.43421596, 1.03473577083, 4.62720421411, 1.06317904665, 2.16739348166, 1.13221313753, 181.480719378, 24.8086045408, 702.48628807
4.01787636597, 1.19563879678, 1.0062606259, 0.941148349014, 5.39892860741, 0.920749295232, 2.77314076829, 1.03320809189, 0.971743037741, 4.4505555933, 3.23908606872, 0.993529416829, 3.31219783244, 0.962899136712, 1.09000034049, 1.0449028884, 1.01134434274, 1.12918248606, 6.56711308686, 0.954940999585, 0.932853290675, 159.772695528, 1.03473577083, 4.62720421411, 1.0672960542, 2.16739348166, 1.13242421108, 21.1475625283, 12.8077197065, 61.7991638622
4.01787636597, 1.19563879678, 1.0062606259, 0.941148349014, 5.39892860741, 0.920749295232, 2.77314076829, 1.03320809189, 0.971743037741, 4.4505555933, 3.23908606872, 0.993529416829, 3.31219783244, 0.962899136712, 1.09000034049, 1.0449028884, 1.01134434274, 1.12918248606, 6.56711308686, 0.954940999585, 0.932853290675, 159.772695528, 1.03473577083, 4.62720421411, 1.0672960542, 2.16739348166, 1.13242421108, 21.1475625283, 12.8077197065, 61.7991638622
4.01787636597, 1.19563879678, 1.0062606259, 0.941148349014, 5.39892860741, 0.920749295232, 2.77314076829, 1.03320809189, 0.971743037741, 4.4505555933, 3.23908606872, 0.993529416829, 3.31219783244, 0.962899136712, 1.09000034049, 1.0449028884, 1.01134434274, 1.12918248606, 6.56711308686, 0.954940999585, 0.932853290675, 159.772695528, 1.03473577083, 4.62720421411, 1.0672960542, 2.16739348166, 1.13242421108, 21.1475625283, 12.8077197065, 61.7991638622
4.01787636597, 1.19563879678, 1.0062606259, 0.941148349014, 5.39892860741, 0.920749295232, 2.77314076829, 1.03320809189, 0.971743037741, 4.4505555933, 3.23908606872, 0.993529416829, 3.31219783244, 0.962899136712, 1.09000034049, 1.0449028884, 1.01134434274, 1.12918248606, 6.56711308686, 0.954940999585, 0.932853290675, 159.772695528, 1.03473577083, 4.62720421411, 1.0672960542, 2.16739348166, 1.13242421108, 21.1475625283, 12.8077197065, 61.7991638622
4.01787636597, 1.19563879678, 1.0062606259, 0.941148349014, 5.39892860741, 0.920749295232, 2.77314076829, 1.03320809189, 0.971743037741, 4.4505555933, 3.23908606872, 0.993529416829, 3.31219783244, 0.962899136712, 1.09000034049, 1.0449028884, 1.01134434274, 1.12918248606, 6.56711308686, 0.954940999585, 0.932853290675, 159.772695528, 1.03473577083, 4.62720421411, 1.0672960542, 2.16739348166, 1.13242421108, 21.1475625283, 12.8077197065, 61.7991638622
4.01787636597, 1.19563879678, 1.0062606259, 0.941148349014, 5.39892860741, 0.920749295232, 2.77314076829, 1.03320809189, 0.971743037741, 4.4505555933, 3.23908606872, 0.993529416829, 3.31219783244, 0.962899136712, 1.09000034049, 1.0449028884, 1.01134434274, 1.12918248606, 6.56711308686, 0.954940999585, 0.932853290675, 159.772695528, 1.03473577083, 4.62720421411, 1.0672960542, 2.16739348166, 1.13242421108, 21.1475625283, 12.8077197065, 61.7991638622
4.01787636597, 1.19563879678, 1.0062606259, 0.941148349014, 5.39892860741, 0.920749295232, 2.77314076829, 1.03320809189, 0.971743037741, 4.4505555933, 3.23908606872, 0.993529416829, 3.31219783244, 0.962899136712, 1.09000034049, 1.0449028884, 1.01134434274, 1.12918248606, 6.56711308686, 0.954940999585, 0.932853290675, 159.772695528, 1.03473577083, 4.62720421411, 1.0672960542, 2.16739348166, 1.13242421108, 21.1475625283, 12.8077197065, 61.7991638622
4.01787636597, 1.19563879678, 1.0062606259, 0.941148349014, 5.39892860741, 0.920749295232, 2.77314076829, 1.03320809189, 0.971743037741, 4.4505555933, 3.23908606872, 0.993529416829, 3.31219783244, 0.962899136712, 1.09000034049, 1.0449028884, 1.01134434274, 1.12918248606, 6.56711308686, 0.954940999585, 0.932853290675, 159.772695528, 1.03473577083, 4.62720421411, 1.0672960542, 2.16739348166, 1.13242421108, 21.1475625283, 12.8077197065, 61.7991638622
4.01787636597, 1.19563879678, 1.0062606259, 0.941148349014, 5.39892860741, 0.920749295232, 2.77314076829, 1.03320809189, 0.971743037741, 4.4505555933, 3.23908606872, 0.993529416829, 3.31219783244, 0.962899136712, 1.09000034049, 1.0449028884, 1.01134434274, 1.12918248606, 6.56711308686, 0.954940999585, 0.932853290675, 159.772695528, 1.03473577083, 4.62720421411, 1.0672960542, 2.16739348166, 1.13242421108, 21.1475625283, 12.8077197065, 61.7991638622
4.01787636597, 1.19563879678, 1.0062606259, 0.941148349014, 5.39892860741, 0.920749295232, 2.77314076829, 1.03320809189, 0.971743037741, 4.4505555933, 3.23908606872, 0.993529416829, 3.31219783244, 0.962899136712, 1.09000034049, 1.0449028884, 1.01134434274, 1.12918248606, 6.56711308686, 0.954940999585, 0.932853290675, 159.772695528, 1.03473577083, 4.62720421411, 1.0672960542, 2.16739348166, 1.13242421108, 21.1475625283, 12.8077197065, 61.7991638622
4.01787636597, 1.19563879678, 1.0062606259, 0.941148349014, 5.39892860741, 0.920749295232, 2.77314076829, 1.03320809189, 0.971743037741, 4.4505555933, 3.23908606872, 0.993529416829, 3.31219783244, 0.962899136712, 1.09000034049, 1.0449028884, 1.01134434274, 1.12918248606, 6.56711308686, 0.954940999585, 0.932853290675, 159.772695528, 1.03473577083, 4.62720421411, 1.0672960542, 2.16739348166, 1.13242421108, 21.1475625283, 12.8077197065, 61.7991638622
4.01787636597, 1.19563879678, 1.0062606259, 0.941148349014, 5.39892860741, 0.920749295232, 2.77314076829, 1.03320809189, 0.971743037741, 4.4505555933, 3.23908606872, 0.993529416829, 3.31219783244, 0.962899136712, 1.09000034049, 1.0449028884, 1.01134434274, 1.12918248606, 6.56711308686, 0.954940999585, 0.932853290675, 159.772695528, 1.03473577083, 4.62720421411, 1.0672960542, 2.16739348166, 1.13242421108, 21.1475625283, 12.8077197065, 61.7991638622
4.01787636597, 1.19563879678, 1.0062606259, 0.941148349014, 5.39892860741, 0.920749295232, 2.77314076829, 1.03320809189, 0.971743037741, 4.4505555933, 3.23908606872, 0.993529416829, 3.31219783244, 0.962899136712, 1.09000034049, 1.0449028884, 1.01134434274, 1.12918248606, 6.56711308686, 0.954940999585, 0.932853290675, 159.772695528, 1.03473577083, 4.62720421411, 1.0672960542, 2.16739348166, 1.13242421108, 21.1475625283, 12.8077197065, 61.7991638622
4.01787636597, 1.19563879678, 1.0062606259, 0.941148349014, 5.39892860741, 0.920749295232, 2.77314076829, 1.03320809189, 0.971743037741, 4.4505555933, 3.23908606872, 0.993529416829, 3.31219783244, 0.962899136712, 1.09000034049, 1.0449028884, 1.01134434274, 1.12918248606, 6.56711308686, 0.954940999585, 0.932853290675, 159.772695528, 1.03473577083, 4.62720421411, 1.0672960542, 2.16739348166, 1.13242421108, 21.1475625283, 12.8077197065, 61.7991638622
4.01787636597, 1.19563879678, 1.0062606259, 0.941148349014, 5.39892860741, 0.920749295232, 2.77314076829, 1.03320809189, 0.971743037741, 4.4505555933, 3.23908606872, 0.993529416829, 3.31219783244, 0.962899136712, 1.09000034049, 1.0449028884, 1.01134434274, 1.12918248606, 6.56711308686, 0.954940999585, 0.932853290675, 159.772695528, 1.03473577083, 4.62720421411, 1.0672960542, 2.16739348166, 1.13242421108, 21.1475625283, 12.8077197065, 61.7991638622
4.01787636597, 1.19563879678, 1.0062606259, 0.941148349014, 5.39892860741, 0.920749295232, 2.77314076829, 1.03320809189, 0.971743037741, 4.4505555933, 3.23908606872, 0.993529416829, 3.31219783244, 0.962899136712, 1.09000034049, 1.0449028884, 1.01134434274, 1.12918248606, 6.56711308686, 0.954940999585, 0.932853290675, 159.772695528, 1.03473577083, 4.62720421411, 1.0672960542, 2.16739348166, 1.13242421108, 21.1475625283, 12.8077197065, 61.7991638622
4.01787636597, 1.19563879678, 1.0062606259, 0.941148349014, 5.39892860741, 0.920749295232, 2.77314076829, 1.03320809189, 0.971743037741, 4.4505555933, 3.23908606872, 0.993529416829, 3.31219783244, 0.962899136712, 1.09000034049, 1.0449028884, 1.01134434274, 1.12918248606, 6.56711308686, 0.954940999585, 0.932853290675, 159.772695528, 1.03473577083, 4.62720421411, 1.0672960542, 2.16739348166, 1.13242421108, 21.1475625283, 12.8077197065, 61.7991638622
4.01787636597, 1.19563879678, 1.0062606259, 0.941148349014, 5.39892860741, 0.920749295232, 2.77314076829, 1.03320809189, 0.971743037741, 4.4505555933, 3.23908606872, 0.993529416829, 3.31219783244, 0.962899136712, 1.09000034049, 1.0449028884, 1.01134434274, 1.12918248606, 6.56711308686, 0.954940999585, 0.932853290675, 159.772695528, 1.03473577083, 4.62720421411, 1.0672960542, 2.16739348166, 1.13242421108, 21.1475625283, 12.8077197065, 61.7991638622
4.01787636597, 1.19563879678, 1.0062606259, 0.941148349014, 5.39892860741, 0.920749295232, 2.77314076829, 1.03320809189, 0.971743037741, 4.4505555933, 3.23908606872, 0.993529416829, 3.31219783244, 0.962899136712, 1.09000034049, 1.0449028884, 1.01134434274, 1.12918248606, 6.56711308686, 0.954940999585, 0.932853290675, 159.772695528, 1.03473577083, 4.62720421411, 1.0672960542, 2.16739348166, 1.13242421108, 21.1475625283, 12.8077197065, 61.7991638622
4.01787636597, 1.19563879678, 1.0062606259, 0.941148349014, 5.39892860741, 0.920749295232, 2.77314076829, 1.03320809189, 0.971743037741, 4.4505555933, 3.23908606872, 0.993529416829, 3.31219783244, 0.962899136712, 1.09000034049, 1.0449028884, 1.01134434274, 1.12918248606, 6.56711308686, 0.954940999585, 0.932853290675, 159.772695528, 1.03473577083, 4.62720421411, 1.0672960542, 2.16739348166, 1.13242421108, 21.1475625283, 12.8077197065, 61.7991638622
4.01787636597, 1.19563879678, 1.0062606259, 0.941148349014, 5.39892860741, 0.920749295232, 2.77314076829, 1.03320809189, 0.971743037741, 4.4505555933, 3.23908606872, 0.993529416829, 3.31219783244, 0.962899136712, 1.09000034049, 1.0449028884, 1.01134434274, 1.12918248606, 6.56711308686, 0.954940999585, 0.932853290675, 159.772695528, 1.03473577083, 4.62720421411, 1.0672960542, 2.16739348166, 1.13242421108, 71.7025586637, 14.0198872361, 423.950477925
4.01787636597, 1.19563879678, 1.0062606259, 0.941148349014, 5.39892860741, 0.920749295232, 2.77314076829, 1.03320809189, 0.971743037741, 4.4505555933, 3.23908606872, 0.993529416829, 3.31219783244, 0.962899136712, 1.09000034049, 1.0449028884, 1.01134434274, 1.12918248606, 6.56711308686, 0.954940999585, 0.932853290675, 159.772695528, 1.03473577083, 4.62720421411, 1.0672960542, 2.16739348166, 1.13242421108, 71.7025586637, 14.0198872361, 423.950477925
4.01787636597, 1.19563879678, 1.0062606259, 0.941148349014, 5.39892860741, 0.920749295232, 2.77314076829, 1.03320809189, 0.971743037741, 4.4505555933, 3.23908606872, 0.993529416829, 3.31219783244, 0.962899136712, 1.09000034049, 1.0449028884, 1.01134434274, 1.12918248606, 6.56711308686, 0.954940999585, 0.932853290675, 159.772695528, 1.03473577083, 4.62720421411, 1.0672960542, 2.16739348166, 1.13242421108, 71.7025586637, 14.0198872361, 423.950477925
4.01787636597, 1.19563879678, 1.0062606259, 0.941148349014, 5.39892860741, 0.920749295232, 2.77314076829, 1.03370801643, 0.971743037741, 4.36180009096, 3.23908606872, 0.993529416829, 3.31219783244, 0.962899136712, 1.09000034049, 1.0449028884, 1.01134434274, 1.12918248606, 6.56711308686, 0.954940999585, 0.932853290675, 159.772695528, 1.03473577083, 4.62720421411, 1.0672960542, 2.16739348166, 1.13242421108, 116.020565289, 15.8006103325, 362.162030791
4.01787636597, 1.19563879678, 1.0062606259, 0.941148349014, 5.39892860741, 0.920749295232, 2.77314076829, 1.03370801643, 0.971743037741, 4.36180009096, 3.23908606872, 0.993529416829, 3.31219783244, 0.962899136712, 1.09000034049, 1.0449028884, 1.01134434274, 1.12918248606, 6.56711308686, 0.954940999585, 0.932853290675, 159.772695528, 1.03473577083, 4.62720421411, 1.0672960542, 2.16739348166, 1.13242421108, 116.020565289, 15.8006103325, 362.162030791
4.01787636597, 1.19563879678, 1.0062606259, 0.941148349014, 5.39892860741, 0.920749295232, 2.77314076829, 1.03370801643, 0.971743037741, 4.36180009096, 3.23908606872, 0.993529416829, 3.31219783244, 0.962899136712, 1.09000034049, 1.0449028884, 1.01134434274, 1.12918248606, 6.56711308686, 0.954940999585, 0.932853290675, 159.772695528, 1.03473577083, 4.62720421411, 1.0672960542, 2.16739348166, 1.13242421108, 116.020565289, 15.8006103325, 362.162030791
4.01787636597, 1.19563879678, 1.0062606259, 0.941148349014, 5.39892860741, 0.920749295232, 2.77314076829, 1.03370801643, 0.971743037741, 4.36180009096, 3.23908606872, 0.993529416829, 3.31219783244, 0.962899136712, 1.09000034049, 1.0449028884, 1.01134434274, 1.12918248606, 6.56711308686, 0.954940999585, 0.932853290675, 159.772695528, 1.03473577083, 4.62720421411, 1.0672960542, 2.16739348166, 1.13242421108, 116.020565289, 15.8006103325, 362.162030791
3.46379468921, 1.18058849272, 0.991673984052, 0.942830968732, 5.39845853564, 0.920749295232, 2.77468933428, 1.03379799448, 0.965994182243, 4.36098586446, 3.41649782569, 0.994804426006, 3.5755396469, 0.962899136712, 1.09000033941, 1.07785207081, 1.01134760994, 1.09017436731, 5.24404106922, 1.12437187646, 0.915082732664, 159.772695528, 1.03473577083, 4.62720421411, 1.06317904665, 2.16739348166, 1.13221313753, 168.587179851, 25.1055587022, 179.100273684
3.46379468921, 1.18058849272, 0.991673984052, 0.942830968732, 5.39845853564, 0.920749295232, 2.77468933428, 1.03379799448, 0.965994182243, 4.36098586446, 3.41649782569, 0.994804426006, 3.5755396469, 0.962899136712, 1.09000033941, 1.07785207081, 1.01134760994, 1.09017436731, 5.24404106922, 1.12437187646, 0.915082732664, 159.772695528, 1.03473577083, 4.62720421411, 1.06317904665, 2.16739348166, 1.13221313753, 168.587179851, 25.1055587022, 179.100273684
3.46379468921, 1.18058849272, 0.991673984052, 0.942830968732, 5.39845853564, 0.920749295232, 2.77468933428, 1.03379799448, 0.965994182243, 4.36098586446, 3.41649782569, 0.994804426006, 3.5755396469, 0.962899136712, 1.09000033941, 1.07785207081, 1.01134760994, 1.09017436731, 5.24404106922, 1.12437187646, 0.915082732664, 159.772695528, 1.03473577083, 4.62720421411, 1.06317904665, 2.16739348166, 1.13221313753, 168.587179851, 25.1055587022, 179.100273684
3.46379468921, 1.18058849272, 0.991673984052, 0.942830968732, 5.39845853564, 0.920749295232, 2.77468933428, 1.03379799448, 0.965994182243, 4.36098586446, 3.41649782569, 0.994804426006, 3.5755396469, 0.962899136712, 1.09000033941, 1.07785207081, 1.01134760994, 1.09017436731, 5.24404106922, 1.12437187646, 0.915082732664, 159.772695528, 1.03473577083, 4.62720421411, 1.06317904665, 2.16739348166, 1.13221313753, 168.587179851, 25.1055587022, 179.100273684
3.46379468921, 1.18058849272, 0.991673984052, 0.942830968732, 5.39845853564, 0.920749295232, 2.77468933428, 1.03379799448, 0.965994182243, 4.36098586446, 3.41649782569, 0.994804426006, 3.5755396469, 0.962899136712, 1.09000033941, 1.07785207081, 1.01134760994, 1.09017436731, 5.24404106922, 1.12437187646, 0.915082732664, 159.772695528, 1.03473577083, 4.62720421411, 1.06317904665, 2.16739348166, 1.13221313753, 168.587179851, 25.1055587022, 179.100273684
3.46379468921, 1.18058849272, 0.991673984052, 0.942830968732, 5.39845853564, 0.920749295232, 2.77468933428, 1.03379799448, 0.965994182243, 4.36098586446, 3.41649782569, 0.994804426006, 3.5755396469, 0.962899136712, 1.09000033941, 1.07785207081, 1.01134760994, 1.09017436731, 5.24404106922, 1.12437187646, 0.915082732664, 159.772695528, 1.03473577083, 4.62720421411, 1.06317904665, 2.16739348166, 1.13221313753, 168.587179851, 25.1055587022, 179.100273684
3.46379468921, 1.18058849272, 0.991673984052, 0.942830968732, 5.39845853564, 0.920749295232, 2.77468933428, 1.03379799448, 0.965994182243, 4.36098586446, 3.41649782569, 0.994804426006, 3.5755396469, 0.962899136712, 1.09000033941, 1.07785207081, 1.01134760994, 1.09017436731, 5.24404106922, 1.12437187646, 0.915082732664, 159.772695528, 1.03473577083, 4.62720421411, 1.06317904665, 2.16739348166, 1.13221313753, 168.587179851, 25.1055587022, 179.100273684
3.99005843279, 1.19561697486, 1.0062606259, 0.941148349014, 5.39892860741, 0.920749295232, 2.77314076829, 1.03320809189, 0.971596203582, 4.36000650218, 3.23908606872, 0.993529416829, 3.31219783244, 0.962899136712, 1.0900003394, 1.07848751821, 1.01134434274, 1.12918248606, 5.258525344, 1.12635899817, 0.932853290675, 159.772695528, 1.03473577083, 4.62720421411, 1.06726564633, 2.16739348166, 1.1324261152, 72.9724743107, 9.82224513006, 167.861269962
3.99005843279, 1.19561697486, 1.0062606259, 0.941148349014, 5.39892860741, 0.920749295232, 2.77314076829, 1.03320809189, 0.971596203582, 4.36000650218, 3.23908606872, 0.993529416829, 3.31219783244, 0.962899136712, 1.0900003394, 1.07848751821, 1.01134434274, 1.12918248606, 5.258525344, 1.12635899817, 0.932853290675, 159.772695528, 1.03473577083, 4.62720421411, 1.06726564633, 2.16739348166, 1.1324261152, 72.9724743107, 9.82224513006, 167.861269962
3.99005843279, 1.19561697486, 1.0062606259, 0.941148349014, 5.39892860741, 0.920749295232, 2.77314076829, 1.03320809189, 0.971596203582, 4.36000650218, 3.23908606872, 0.993529416829, 3.31219783244, 0.962899136712, 1.0900003394, 1.07848751821, 1.01134434274, 1.12918248606, 5.258525344, 1.12635899817, 0.932853290675, 159.772695528, 1.03473577083, 4.62720421411, 1.06726564633, 2.16739348166, 1.1324261152, 72.9724743107, 9.82224513006, 167.861269962
3.99005843279, 1.19561697486, 1.0062606259, 0.941148349014, 5.39892860741, 0.920749295232, 2.77314076829, 1.03320809189, 0.971596203582, 4.36000650218, 3.23908606872, 0.993529416829, 3.31219783244, 0.962899136712, 1.0900003394, 1.07848751821, 1.01134434274, 1.12918248606, 5.258525344, 1.12635899817, 0.932853290675, 159.772695528, 1.03473577083, 4.62720421411, 1.06726564633, 2.16739348166, 1.1324261152, 72.9724743107, 9.82224513006, 167.861269962
3.99005843279, 1.19561697486, 1.0062606259, 0.941148349014, 5.39892860741, 0.920749295232, 2.77314076829, 1.03320809189, 0.971596203582, 4.36000650218, 3.23908606872, 0.993529416829, 3.31219783244, 0.962899136712, 1.0900003394, 1.07848751821, 1.01134434274, 1.12918248606, 5.258525344, 1.12635899817, 0.932853290675, 159.772695528, 1.03473577083, 4.62720421411, 1.06726564633, 2.16739348166, 1.1324261152, 72.9724743107, 9.82224513006, 167.861269962
4.01787636597, 1.19563879678, 1.0062606259, 0.941148349014, 5.39892860741, 0.920749295232, 2.77314076829, 1.03370801643, 0.971743037741, 4.36152909747, 3.23908606872, 0.993529416829, 3.31219783244, 0.962899136712, 1.09000033938, 1.0449028884, 1.01134434274, 1.12918248606, 5.91873002499, 1.12825714998, 0.932853290675, 159.772695528, 1.03473577083, 4.62720421411, 1.0672960542, 2.16739348166, 1.13242423065, 285.038153491, 16.1836575268, 282.99943572
4.01787636597, 1.19563879678, 1.0062606259, 0.941148349014, 5.39892860741, 0.920749295232, 2.77314076829, 1.03370801643, 0.971743037741, 4.36152909747, 3.23908606872, 0.993529416829, 3.31219783244, 0.962899136712, 1.09000033938, 1.0449028884, 1.01134434274, 1.12918248606, 5.91873002499, 1.12825714998, 0.932853290675, 159.772695528, 1.03473577083, 4.62720421411, 1.0672960542, 2.16739348166, 1.13242423065, 285.038153491, 16.1836575268, 282.99943572
4.01787636597, 1.19563879678, 1.0062606259, 0.941148349014, 5.39892860741, 0.920749295232, 2.77314076829, 1.03370801643, 0.971743037741, 4.36152909747, 3.23908606872, 0.993529416829, 3.31219783244, 0.962899136712, 1.09000033938, 1.0449028884, 1.01134434274, 1.12918248606, 5.91873002499, 1.12825714998, 0.932853290675, 159.772695528, 1.03473577083, 4.62720421411, 1.0672960542, 2.16739348166, 1.13242423065, 285.038153491, 16.1836575268, 282.99943572
3.469594818, 1.19555081821, 1.00675679204, 0.942738953978, 5.39845853564, 0.920749295232, 2.77039562186, 1.03379799, 0.970011564504, 4.36098591533, 3.23900450941, 0.994804426006, 3.31573772244, 0.962899136712, 1.09000033536, 1.07785207081, 1.01134769178, 1.09017436731, 5.36980327309, 1.12423848527, 0.932853290675, 159.772695528, 1.03473577083, 4.62720421411, 1.06317904665, 2.16739348166, 1.13241488147, 747.155640378, 37.4028021311, 2136.89713055
4.01787636597, 1.19563879678, 1.0062606259, 0.941148349014, 5.39892860741, 0.920749295232, 2.88861692375, 1.03320809189, 0.971743037741, 4.4505555933, 3.23908606872, 0.993529416829, 3.31219783244, 0.962899136712, 1.09000034049, 1.0449028884, 1.01134434274, 1.12918248606, 6.56711308686, 0.954940999585, 0.932853290675, 159.772695528, 1.03473577083, 4.62720421411, 1.0672960542, 2.16739348166, 1.13242421108, 382.812271566, 23.3600875224, 1103.2758861
3.47072955754, 1.18058849272, 0.991673984052, 0.942830968732, 5.39845853564, 0.920749295232, 2.77468933428, 1.03379799448, 0.970021441025, 4.36098579807, 3.23899446067, 0.994804426006, 3.57228535977, 0.962899136712, 1.0900003394, 1.07785207081, 1.01134760887, 1.09017436731, 5.24420708887, 1.11728007671, 0.915241802043, 159.772695528, 1.03473577083, 4.62720421411, 1.06317904665, 2.16739348166, 1.13220961889, 256.972805518, 27.5540705792, 891.162351368
3.47072955754, 1.18058849272, 0.991673984052, 0.942830968732, 5.39845853564, 0.920749295232, 2.77468933428, 1.03379799448, 0.970021441025, 4.36098579807, 3.23899446067, 0.994804426006, 3.57228535977, 0.962899136712, 1.0900003394, 1.07785207081, 1.01134760887, 1.09017436731, 5.24420708887, 1.11728007671, 0.915241802043, 159.772695528, 1.03473577083, 4.62720421411, 1.06317904665, 2.16739348166, 1.13220961889, 256.972805518, 27.5540705792, 891.162351368
3.47072955754, 1.18058849272, 0.991673984052, 0.942830968732, 5.39845853564, 0.920749295232, 2.77468933428, 1.03379799448, 0.970021441025, 4.36098579807, 3.23899446067, 0.994804426006, 3.57228535977, 0.962899136712, 1.0900003394, 1.07785207081, 1.01134760887, 1.09017436731, 5.24420708887, 1.11728007671, 0.915241802043, 159.772695528, 1.03473577083, 4.62720421411, 1.06317904665, 2.16739348166, 1.13220961889, 256.972805518, 27.5540705792, 891.162351368
3.47072955754, 1.18058849272, 0.991673984052, 0.942830968732, 5.39845853564, 0.920749295232, 2.77468933428, 1.03379799448, 0.970021441025, 4.36098579807, 3.23899446067, 0.994804426006, 3.57228535977, 0.962899136712, 1.0900003394, 1.07785207081, 1.01134760887, 1.09017436731, 5.24420708887, 1.11728007671, 0.915241802043, 159.772695528, 1.03473577083, 4.62720421411, 1.06317904665, 2.16739348166, 1.13220961889, 256.972805518, 27.5540705792, 891.162351368
4.02094928303, 1.19563879678, 1.0062606259, 0.942738953978, 5.39845853564, 0.920749295232, 2.77039562186, 1.03379799, 0.970011564504, 4.36098947881, 3.23899463305, 0.994804426006, 3.3134859842, 1.10336138443, 1.0900003396, 1.07785207081, 1.01134421199, 1.09017436731, 5.36980327309, 1.13150713017, 0.932853290675, 159.772695528, 1.03473577083, 4.62720421411, 1.06317904665, 2.16739348166, 1.13242126059, 71.3107661266, 13.8518505674, 203.793792329
4.02094928303, 1.19563879678, 1.0062606259, 0.942738953978, 5.39845853564, 0.920749295232, 2.77039562186, 1.03379799, 0.970011564504, 4.36098947881, 3.23899463305, 0.994804426006, 3.3134859842, 1.10336138443, 1.0900003396, 1.07785207081, 1.01134421199, 1.09017436731, 5.36980327309, 1.13150713017, 0.932853290675, 159.772695528, 1.03473577083, 4.62720421411, 1.06317904665, 2.16739348166, 1.13242126059, 71.3107661266, 13.8518505674, 203.793792329
