0.995728918483, 0.990868719313, 0.999250652111, 0.99999726126, 0.999981165419, 0.995130157222, 0.0513486619266, 0.150409887907, 0.0540161187666, 0.768213145204, 0.552877848231, 0.293571181494, 19.8844117694, 367.358624823, 1.89504125795, 0.00732939086691, 0.00106577109255, 0.291824766219, 3.58884112294, 1.68585135731
0.964196812131, 0.972195549397, 0.999670935202, 0.00400159390455, 3.37653382587e-07, 0.953028561311, 0.0208404097605, 0.958178178851, 0.239924171108, 0.681168532756, 0.341501359694, 0.562576291273, 1.03268170118e-08, 4.85192087387e-07, 2.44223906626e-08, 1.53986646163, 383.273539451, 0.126670228452, 11.0091507344, 14.7026461785
0.999728057301, 0.996584951358, 0.999670935202, 0.999999334431, 3.37653382587e-07, 0.664821347972, 0.14250235555, 0.150409887907, 0.239924171108, 0.841394439769, 0.341501359694, 0.232974928909, 1.50017956765e-05, 9.02722232588e-05, 5.30753169522e-05, 468.969927702, 0.000312132147089, 0.154372447743, 1.60757385362, 0.128047045708
0.999850866458, 0.999999963088, 2.55945789118e-06, 0.998933502217, 0.391477988477, 0.940962530385, 0.154167144004, 0.0520946292917, 0.248308573116, 0.871615152329, 0.341501359694, 0.043200547461, 6.97822353633e-05, 0.000382857889834, 2.83993536138e-05, 0.00074773836559, 1.31188797201e-06, 480.604345259, 1.77402173858e-05, 0.071685105221
0.00518824937898, 7.06704301412e-07, 0.999999934223, 1.37633248354e-07, 0.999937825403, 0.925874349524, 0.453082640154, 0.369055802402, 0.00168041426869, 0.914288106055, 0.194401922704, 0.593973731538, 2.57028823491e-14, 3.102602331e-14, 4.54172538091e-15, 3.80971363259e-18, 4.45200800338e-07, 2.92841713031e-14, 0.629967265491, 120.792050522
0.000475973374757, 0.972195549397, 0.000172819571632, 3.15719408395e-08, 3.37653382587e-07, 2.4009717105e-05, 0.994142797626, 0.583305253671, 0.396255711326, 0.922900401822, 0.194401922704, 0.188369520385, 2.14795860365e-24, 1.26551520191e-26, 8.99869777929e-20, 2.6651327267e-13, 8.44146248722e-06, 0.0488370838099, 0.00139696483435, 105.507111706
0.970243604843, 0.999937750042, 0.994636232276, 0.999896649115, 0.905352654041, 0.990155548445, 0.994142797626, 0.369055802402, 0.248308573116, 0.66007747087, 0.975766673225, 0.437560655625, 351.410678781, 2.070410274, 3.51442504407, 37.3210127324, 0.0407571744585, 2.12664771591, 0.0246826447123, 12.1605202582
0.996606365695, 0.999947416416, 0.999999999685, 0.998933502217, 0.999937825403, 0.0227050170884, 0.451546694362, 0.369055802402, 0.248308573116, 0.116302026765, 0.553566768899, 0.437560655625, 3.96422413012, 4.81498780879, 377.884753331, 0.0240421708527, 0.412842197792, 1.21780556995e-07, 0.0203562203473, 1.31822136614
1.19251419073e-06, 0.999937750042, 0.789717894978, 0.999995887733, 0.909024293621, 0.608680698343, 0.870631352966, 0.734766569323, 0.409530090152, 0.966706425559, 0.750153995524, 0.043200547461, 0.000175105316517, 2.6019207566e-05, 0.000129302454513, 3.30693337849e-05, 1.49480002826e-09, 9.6790365966e-05, 2.86547033412e-08, 386.00486476
0.995728918483, 0.0102233822057, 0.751198163879, 0.999664195958, 0.261917550528, 0.446284096675, 0.994142797626, 0.148528543869, 0.284797245063, 0.863356641409, 0.663055772548, 0.043200547461, 0.365346824557, 0.00215251802182, 0.455965677386, 2.32052062859, 0.00105611773592, 1.04165878427, 405.335360381, 1.75660470725
0.000121467468848, 0.00109015525405, 3.43195704799e-06, 0.999995887733, 1.8773286193e-05, 0.785825802645, 0.870631352966, 0.467617807953, 0.409530090152, 0.966706425559, 0.750153995524, 0.043200547461, 2.19983650919e-15, 3.26877583629e-16, 6.88647485172e-16, 1.71270026037e-10, 7.04324190816e-16, 4.99054491425e-05, 0.0457285467891, 376.83251533
0.000475973374757, 0.637953014738, 0.000172819571632, 1.60318729514e-07, 3.37653382587e-07, 2.4009717105e-05, 0.0196363949898, 0.0856963255581, 0.248308573116, 0.887682341098, 0.194401922704, 0.188369520385, 2.38319729321e-25, 1.18983137742e-23, 5.05476264183e-19, 1.4970625387e-12, 9.338040594e-06, 0.054024137466, 0.0306647299394, 177.862661751
0.00518824937898, 1.62153329919e-06, 3.43195704799e-06, 1.37633248354e-07, 0.999937825403, 0.92465664367, 0.848612382518, 0.467617807953, 0.00168041426869, 0.614937190134, 0.194401922704, 0.593973731538, 3.69300685655e-19, 6.58811397141e-20, 3.54597131394e-20, 2.92637672386e-23, 3.41974590533e-12, 9.96438647616e-07, 0.614505081145, 117.827386881
0.00016542889993, 0.999999963088, 0.045120935981, 0.999987228139, 0.998454396602, 0.673814793825, 0.39033482758, 0.0365173196053, 0.701746569364, 0.494896982267, 0.605757580696, 0.593973731538, 0.00020975826086, 0.0003276220753, 0.000260139013496, 1.23455675211e-06, 1.0201704121e-08, 0.0169039738947, 6.53447310229e-10, 106.993458333
0.999999999657, 0.994971374158, 0.27154834302, 2.41860909855e-07, 0.685639106987, 0.619058201931, 0.441414026045, 0.190411532195, 0.37860842781, 0.61512896007, 0.605757580696, 0.605908661465, 1.01566710798e-06, 1.28527270828e-06, 1.4158994229e-06, 1.70414565112e-06, 22.4136408914, 60.1265233794, 0.417161378801, 2.84379581823e-08
0.999850866458, 0.999937750042, 0.999999914489, 0.999664195958, 0.0100182555272, 0.562593354911, 0.451546694362, 0.369055802402, 0.02855033554, 0.66007747087, 0.975766673225, 0.0186209438961, 0.850463034826, 1.03298123671, 1.46434548654, 330.821143047, 0.112252973193, 2.85847346355e-05, 0.020810287096, 0.0498630814065
0.999723238294, 0.996584951358, 0.999670935202, 0.999999334431, 3.37653382587e-07, 0.664821347972, 0.14250235555, 0.150409887907, 0.239924171108, 0.841394439769, 0.341501359694, 0.232974928909, 1.50017233631e-05, 9.0271788118e-05, 5.30750611123e-05, 468.967667118, 0.000312130642513, 0.154371703619, 1.6075661046, 0.130316125226
0.999928886311, 0.996254842141, 0.999918426807, 0.997834568609, 0.998947231289, 0.188601473992, 0.244387940187, 0.0520946292917, 0.0231670762485, 0.613865134621, 0.552877848231, 0.236808140033, 16.9670964826, 52.4598010543, 298.687391644, 0.387947624843, 0.7996980023, 0.0301275954835, 1.38840667815, 0.0263651749586
0.996606365695, 0.999937750042, 0.898784352299, 0.999896649115, 0.905352654041, 0.955499662508, 0.994142797626, 0.369055802402, 0.248308573116, 0.0459714092383, 0.302333273135, 0.437560655625, 284.492639884, 1.67614850674, 13.3276945694, 31.3099510005, 0.0341926716824, 37.2572666898, 0.022915505001, 1.25352139852
0.996606365695, 0.750863644809, 0.736023604885, 0.998933502217, 0.991591265428, 0.681935685649, 0.957935108314, 0.172098340712, 0.248308573116, 0.66007747087, 0.553566768899, 0.437560655625, 158.234628519, 6.9484064754, 77.0436712342, 2.05409239661, 0.260803075975, 87.70535353, 110.239450294, 1.50675040525
0.995728918483, 0.324768994566, 0.237022782867, 0.503784405476, 0.947882602828, 0.972420786942, 0.0057934749156, 0.0365173196053, 0.752329978199, 0.872343421707, 0.552877848231, 0.562576291273, 0.0921612855476, 15.8156120094, 0.451166691287, 0.899463045351, 16.9991143588, 110.275075536, 300.499400106, 1.90892107756
0.964196812131, 0.99924509586, 0.0827445815972, 0.999664195958, 0.909024293621, 0.940962530385, 0.239804823813, 0.00897580381218, 0.02855033554, 0.863356641409, 0.341501359694, 0.043200547461, 6.25616324655, 19.8323997234, 1.63683748704, 2.77477500755, 0.0102455226764, 338.219716966, 0.278566198594, 13.7022730152
0.970243604843, 0.993626895461, 0.999918426807, 0.997834568609, 0.998947231289, 0.944663217983, 0.0016243698838, 0.0520946292917, 0.0231670762485, 0.613865134621, 0.552877848231, 0.0342102328058, 0.548044095675, 336.840688077, 19.7636643111, 0.376395125088, 0.775884192434, 0.029230440772, 2.29834705054, 11.0602283608
0.999341278721, 0.780220752047, 0.997183367065, 0.99999726126, 0.928236409949, 0.990155548445, 0.0513486619266, 0.933595685845, 0.413065163259, 0.841394439769, 0.552877848231, 0.46661819612, 13.7646056622, 254.29701748, 2.66515666861, 20.930363681, 0.000798775333552, 0.823813746966, 82.3887601144, 0.247097954711
0.638561878055, 0.999937750042, 0.999999930299, 0.400206164389, 0.195039340623, 0.972420786942, 0.451546694362, 0.271904669673, 0.248308573116, 0.66007747087, 0.864542582527, 0.107091033085, 7.8132976614, 9.49011250405, 0.490748904171, 73.4395326195, 136.733040978, 1.58894055791e-05, 0.014191804032, 129.041531847
0.999818456779, 0.996574720598, 0.927152114829, 0.999995542103, 0.867002936645, 0.169223388308, 0.566951241633, 0.628828562861, 0.194662951419, 0.458500095187, 0.652000864893, 0.533516278061, 26.1363273381, 19.9634523587, 226.319890879, 41.7888044611, 0.00140071516195, 24.6879930299, 1.16480968786, 0.0617472838936
0.988563840486, 0.996584951358, 0.000172819571632, 0.117986107132, 3.37653382587e-07, 0.664821347972, 0.14250235555, 0.0897219548061, 0.239924171108, 0.973388263391, 0.341501359694, 0.592006275303, 1.79819404696e-10, 1.08205029565e-09, 6.36188633962e-10, 0.00562131994318, 0.0420226082612, 275.638319486, 0.944707195917, 3.20019036311
0.999818456779, 0.993626895461, 0.999918426807, 0.997834568609, 0.989593677384, 0.944663217983, 0.733234967298, 0.0520946292917, 0.248308573116, 0.458500095187, 0.552877848231, 0.0342102328058, 335.384441425, 122.019332785, 26.7939435615, 5.09170357094, 1.06182197477, 0.0400027795987, 3.14536038718, 0.0896144942737
0.00016542889993, 0.999999963088, 0.999918426807, 0.999987228139, 0.998454396602, 0.673814793825, 0.730694393064, 0.146401820838, 0.701746569364, 0.494896982267, 0.605757580696, 0.960804239232, 0.0173765183731, 0.00640431057269, 0.0115119980502, 5.4633154528e-05, 4.51458611958e-07, 2.88367723473e-06, 1.30487623387e-09, 213.656432237
1.19251419073e-06, 0.999937750042, 0.789717894978, 0.999995887733, 1.8773286193e-05, 0.785825802645, 0.870631352966, 0.473343565394, 0.409530090152, 0.966706425559, 0.750153995524, 0.043200547461, 4.35042801189e-09, 6.46437764962e-10, 1.36187907479e-09, 0.000338706042816, 1.39288155114e-09, 9.01910038359e-05, 2.67009679442e-08, 359.686275496
0.819525750363, 0.999937750042, 0.999999936541, 0.0440229514715, 0.999817083363, 0.139665173554, 0.355181359566, 0.369055802402, 0.480297695937, 0.768213145204, 0.340698030024, 0.373180563121, 0.585155049378, 1.06232738071, 10.1484605968, 0.00215806897147, 256.200765439, 1.70068991231e-05, 0.0166839579022, 59.0218286785
0.996606365695, 0.750863644809, 0.736023604885, 0.998933502217, 0.991591265428, 0.527693982448, 0.957935108314, 0.172098340712, 0.248308573116, 0.66007747087, 0.553566768899, 0.746769649096, 126.949274415, 5.57460252947, 118.613868326, 2.1296583729, 0.270397502734, 90.931859152, 114.294940544, 1.56218075765
0.964196812131, 0.990868719313, 0.997683880658, 0.117986107132, 0.999981165419, 0.995130157222, 0.00179313614694, 0.0570375989873, 0.288667743817, 0.768213145204, 0.552877848231, 0.562576291273, 0.0760286281577, 42.3237792656, 0.207490846046, 0.000802505753156, 318.520020373, 0.838357563751, 3.3356765193, 13.5646390292
0.999987541077, 0.393374418544, 0.975069601923, 0.992063616239, 0.678655858502, 0.96138615198, 0.47733437928, 0.129282354729, 0.0433722917647, 0.404392794269, 0.027158436002, 0.236808140033, 39.623378437, 43.3863106969, 3.3340645835, 40.8838427673, 1.01780471956, 3.2789545457, 202.824675478, 0.00416568071625
0.999723238294, 0.0102233822057, 5.83799174181e-06, 0.999910110955, 0.979436804051, 0.446284096675, 0.994142797626, 0.0262295464587, 0.288667743817, 0.863356641409, 0.341501359694, 0.043200547461, 9.59783065234e-06, 5.65476474979e-08, 1.19784299758e-05, 4.54179048273e-07, 1.98555666995e-09, 3.78363740516, 366.314945646, 0.102457477636
0.941609277703, 0.788314770012, 0.999999930299, 0.919872786637, 0.998947231289, 0.972420786942, 0.957935108314, 0.470255249166, 0.336116494667, 0.68154932323, 0.975766673225, 0.562576291273, 206.284770812, 9.05838659149, 6.10743301501, 0.233381949841, 19.3101907255, 1.67974245839e-05, 64.7138812271, 18.9574539284
0.00144482741319, 0.000848993996953, 0.999999914489, 0.998933502217, 0.678655858502, 0.668927399005, 0.451546694362, 0.172098340712, 0.190266935831, 0.990223631645, 0.933086881621, 0.437560655625, 6.76547732767e-05, 8.21741904195e-05, 7.41549303992e-05, 0.000106056569402, 3.52363217087e-07, 2.82522369757e-11, 0.388827664979, 268.956546683
0.99796340032, 0.419492173885, 0.999999914489, 0.999995542103, 0.999817083363, 0.772000256617, 0.566550506313, 0.0365173196053, 0.870534526744, 0.777375546887, 0.552877848231, 0.764492684489, 72.3037092964, 55.3172326863, 37.6911040806, 0.0302438555702, 0.000737082131132, 1.41386555742e-05, 228.807437541, 0.804364907911
0.000213614862562, 0.537184380281, 0.000172819571632, 1.60318729514e-07, 3.37653382587e-07, 0.000879373448183, 0.345062415242, 0.094338704354, 0.284447042142, 0.841394439769, 0.341501359694, 0.671260479479, 9.52183135655e-23, 1.80726875941e-22, 3.13521554697e-19, 9.29347698304e-13, 5.7968764219e-06, 0.0335371479207, 0.0288991998907, 292.249356481
0.819525750363, 0.999937835416, 0.999907349598, 0.441187048595, 0.836471050887, 0.139665173554, 0.355181359566, 0.0845955308748, 0.248308573116, 0.841394439769, 0.340698030024, 0.445162078802, 6.34799143264, 11.5245439966, 110.094480072, 25.0173769241, 193.771916294, 0.0321300883634, 0.0215592991059, 76.3737736703
0.996606365695, 0.788314770012, 0.999999930299, 0.919872786637, 0.998947231289, 0.972420786942, 0.957935108314, 0.867069030645, 0.336116494667, 0.68154932323, 0.553566768899, 0.562576291273, 255.916627154, 11.2378230095, 7.57687371499, 0.289533353367, 23.9561983209, 2.08388638068e-05, 80.2839596373, 1.29145599186
0.999818456779, 0.996574720598, 0.422979938879, 0.999995542103, 0.867002936645, 0.972420786942, 0.566951241633, 0.53881916553, 0.581067159006, 0.458500095187, 0.652000864893, 0.562576291273, 80.5255289805, 61.5070182074, 4.0282416138, 22.4055250114, 0.000751008768962, 229.819116949, 1.3689304236, 0.0725678506775
0.869636007583, 0.88549156408, 0.976267504251, 0.997834568609, 0.886015347326, 0.705388235975, 0.762572888833, 0.306510268676, 0.634939444251, 0.855676958496, 0.0175278472621, 0.445162078802, 116.800369167, 36.3658014082, 63.971233713, 27.9344276429, 0.531837896329, 5.97048250055, 32.5326224095, 42.5894202913
0.953048415205, 0.912121333909, 0.975069601923, 0.992063616239, 0.678655858502, 0.95729084763, 0.47733437928, 0.172098340712, 0.046511966997, 0.427331215129, 0.477929574921, 0.236808140033, 93.8021977102, 102.710355715, 8.76732981167, 97.2002039316, 2.41980253342, 7.79562362421, 30.12676448, 16.8890152789
0.996606365695, 0.702150505889, 0.999999930299, 0.827000069194, 0.986414144595, 0.0227050170884, 0.942144890034, 0.369055802402, 0.245731791764, 0.972572049223, 0.553566768899, 0.70327496466, 4.17408083916, 0.256321409279, 190.698376171, 2.68750340162, 41.3811368851, 1.66721905202e-05, 101.466615095, 1.16002591197
0.819525750363, 0.999937835416, 0.498957386242, 0.441187048595, 0.836471050887, 0.218801395585, 0.355181359566, 0.0845955308748, 0.248308573116, 0.841394439769, 0.340698030024, 0.445162078802, 4.96251679697, 9.00926596504, 49.8842211024, 12.4837616262, 96.6928875162, 173.755785801, 0.0215592991059, 76.3737736703
0.69486252988, 0.999937750042, 0.999999930299, 0.727523095178, 0.099337942903, 0.0227050170884, 0.365605997503, 0.0263965465595, 0.64401922059, 0.542413169508, 0.027158436002, 0.592006275303, 0.138681756173, 0.240638487806, 16.3271302512, 151.471488437, 62.9871471615, 1.6112332557e-05, 0.0143909138079, 101.518678358
0.970243604843, 0.999937750042, 3.43195704799e-06, 0.999896649115, 0.905352654041, 0.990155548445, 0.477394837021, 0.369055802402, 0.248308573116, 0.66007747087, 0.975766673225, 0.437560655625, 0.000582266052667, 0.000637407910085, 1.21263989871e-05, 0.000128774830967, 1.40631185151e-07, 396.482571006, 0.0246826447123, 12.1605202582
0.999978808591, 0.999937835416, 0.999907349598, 0.441187048595, 0.836471050887, 0.978828227214, 0.258973024556, 0.0845955308748, 0.248308573116, 0.841394439769, 0.000251866774991, 0.723543447764, 27.3840890846, 78.3569977777, 2.2871492699, 21.1193727631, 163.579952593, 0.0271238393664, 0.0182001044998, 0.00620440144042
0.997336567452, 0.613910414518, 0.939568116849, 0.998933502217, 0.388816455462, 0.346021383567, 0.451546694362, 0.369055802402, 0.248308573116, 0.542413169508, 0.975766673225, 0.187939922841, 12.0254894976, 14.6062844645, 50.3339143648, 120.982951052, 0.211337175601, 12.7454096554, 132.638852856, 0.917450475522
0.532507520903, 0.999947416416, 0.999999979157, 0.998933502217, 0.474768090628, 0.0227050170884, 0.00652740013454, 0.369055802402, 0.248308573116, 0.116302026765, 0.447908435815, 0.437560655625, 0.0145684260174, 2.21731957182, 96.0674433416, 108.747716009, 0.221050967262, 4.32002925511e-06, 0.0108994727623, 181.971842193
0.775585164068, 0.897728785026, 0.999999962852, 0.999664195958, 0.131050900073, 0.346021383567, 0.951663441763, 0.369055802402, 0.02855033554, 0.271163997108, 0.996823081354, 0.043200547461, 9.78007434327, 0.496746131358, 19.4231372814, 196.929220216, 0.0761285581702, 8.42164262377e-06, 25.8267623673, 73.0699184624
0.995728918483, 0.912121333909, 3.43195704799e-06, 0.999664195958, 0.391477988477, 0.940962530385, 0.322443893326, 0.0520946292917, 0.02855033554, 0.863356641409, 0.341501359694, 0.043200547461, 0.000174878258453, 0.000367474262629, 3.40280504802e-05, 0.000895938661008, 4.94576829625e-07, 429.145450881, 41.3463185318, 2.01813460828
0.953048415205, 0.88549156408, 0.989238763423, 0.396060677826, 0.099337942903, 0.681935685649, 0.877447298582, 0.339281792643, 0.957762596638, 0.841394439769, 0.477929574921, 0.437560655625, 8.26973503888, 1.15503047381, 4.39584207689, 125.306569657, 212.150253299, 3.82130146337, 45.920031369, 19.7560440505
0.999957890103, 0.587159110224, 0.310781625603, 5.90964842617e-08, 1.8773286193e-05, 0.000512249748263, 0.0564179759151, 0.0478359855677, 0.248308573116, 0.713353630813, 0.0456662971074, 0.326982336506, 2.32967759009e-15, 3.89635016192e-14, 8.05701260539e-11, 4.29386230322e-06, 72.6598665644, 161.137319427, 164.386515314, 0.0167681810815
0.999987541077, 0.88549156408, 0.976267504251, 0.396060677826, 0.064944603417, 0.527693982448, 0.87002910703, 0.271904669673, 0.957762596638, 0.841394439769, 0.027158436002, 0.746769649096, 4.45162622547, 0.665014343795, 4.57958629602, 139.603735797, 227.662384324, 9.1637356137, 49.9323715551, 0.00543288636717
0.997336567452, 0.613910414518, 0.939568116849, 0.998933502217, 0.0840225683689, 0.346021383567, 0.451546694362, 0.369055802402, 0.0641338883081, 0.542413169508, 0.975766673225, 0.35885254471, 3.07448849955, 3.73430566933, 12.8685855892, 214.514220667, 0.250031480582, 15.0790017786, 156.924065385, 1.08542900748
0.869636007583, 0.324768994566, 0.634141237053, 0.503784405476, 0.999948281212, 0.972420786942, 0.0057934749156, 0.0365173196053, 0.752329978199, 0.872343421707, 0.552877848231, 0.562576291273, 0.227176710004, 38.9853362142, 1.1121216895, 0.0020856490763, 39.7208552962, 46.1823096493, 262.446026965, 58.2650019379
0.999818456779, 0.993626895461, 0.999670935202, 0.827000069194, 0.997395895557, 0.664821347972, 0.146338194065, 0.0520946292917, 0.518704474565, 0.597802342823, 0.341501359694, 0.232974928909, 24.9993361945, 145.83327763, 86.1275670502, 0.670898237846, 53.8937788764, 0.102545608522, 1.99877240598, 0.056947044625
0.999341278721, 0.754779675156, 0.997183367065, 0.99999726126, 0.928236409949, 0.990155548445, 0.0513486619266, 0.933595685845, 0.413065163259, 0.841394439769, 0.552877848231, 0.46661819612, 13.3157757764, 246.005018122, 2.57825247444, 20.2478760769, 0.000772729237462, 0.796951209889, 91.9258697392, 0.247097954711
0.999928886311, 0.996254842141, 0.267817022017, 0.997834568609, 0.998947231289, 0.0243970204081, 0.504672665744, 0.0440332919672, 0.00354110781759, 0.613865134621, 0.552877848231, 0.283774428271, 0.867383434461, 0.851321566497, 68.7286271818, 0.0742429077058, 0.153041032282, 193.216810906, 0.992030362081, 0.0188381793837
0.776743324544, 0.88549156408, 0.976267504251, 0.919872786637, 0.928236409949, 0.705388235975, 0.762572888833, 0.287459188249, 0.413065163259, 0.841394439769, 0.0227091540892, 0.562576291273, 83.9144861734, 26.1267799171, 45.959728083, 12.0607113376, 14.6393244058, 4.44135587517, 24.2005488936, 60.7455764189
0.964196812131, 0.999947416416, 0.999826576583, 0.998933502217, 0.997395895557, 0.664821347972, 0.146338194065, 0.0520946292917, 0.239924171108, 0.494896982267, 0.341501359694, 0.232974928909, 35.3409524041, 206.160950976, 121.756442816, 0.948432490655, 0.388840419332, 0.0632403854105, 0.0191760780169, 13.5414637915
0.99796340032, 0.992466007081, 0.999999930299, 0.948584255019, 0.96977124409, 0.254871106713, 0.148124400577, 0.867069030645, 0.248308573116, 0.542413169508, 0.0456662971074, 0.459200298006, 16.4753267368, 94.7509578771, 325.175809167, 13.6030970724, 24.3914570694, 3.30657050528e-05, 3.60123289863, 0.975477054532
0.999928886311, 0.996254842141, 0.999918426807, 0.997834568609, 0.998947231289, 0.664821347972, 0.244387940187, 0.0520946292917, 0.0231670762485, 0.613865134621, 0.641758948945, 0.236808140033, 59.0227857409, 182.489891586, 121.761874646, 0.382847131302, 0.789184071463, 0.0297314966383, 1.37015277262, 0.0260185420732
0.999818456779, 0.996574720598, 0.999164541184, 0.999995542103, 0.867002936645, 0.972420786942, 0.566951241633, 0.53881916553, 0.194662951419, 0.458500095187, 0.652000864893, 0.562576291273, 178.663673069, 136.466905981, 8.93754380558, 49.7116063222, 0.00166627884186, 0.312540076506, 1.28578040884, 0.0681600168312
0.796497734157, 0.999975787328, 0.999921283457, 0.999338518798, 0.220741264465, 0.188601473992, 0.146338194065, 0.0520946292917, 0.239924171108, 0.353870839556, 0.341501359694, 0.232974928909, 2.30449450501, 13.4432364256, 67.7496596109, 294.761702719, 0.250376899425, 0.0297973024661, 0.00916566921359, 96.7177439053
0.970243604843, 0.999937750042, 0.370679262448, 0.999896649115, 0.905352654041, 0.955499662508, 0.815998822397, 0.369055802402, 0.248308573116, 0.490859381992, 0.652000864893, 0.437560655625, 93.1452047364, 21.0034952125, 5.31622968725, 12.4890985571, 0.0136389752435, 224.04811396, 0.0221633471989, 10.9193255319
0.964196812131, 0.897728785026, 0.999999962852, 0.975635543543, 0.131050900073, 0.346021383567, 0.951663441763, 0.369055802402, 0.248308573116, 0.271163997108, 0.996823081354, 0.437560655625, 12.2472663047, 0.622058886575, 24.322957721, 246.608003018, 7.08731836889, 1.08058848935e-05, 33.1385495419, 12.0319518811
0.99796340032, 0.992466007081, 0.999999930299, 0.948584255019, 0.96977124409, 0.254871106713, 0.148124400577, 0.867069030645, 0.248308573116, 0.542413169508, 0.0456662971074, 0.459200298006, 16.4753267368, 94.7509578771, 325.175809167, 13.6030970724, 24.3914570694, 3.30657050528e-05, 3.60123289863, 0.975477054532
0.99796340032, 0.999937750042, 0.999999936541, 0.0440229514715, 0.999817083363, 0.772000256617, 0.355181359566, 0.369055802402, 0.870534526744, 0.768213145204, 0.340698030024, 0.373180563121, 4.38464699365, 7.96016467949, 3.64587170725, 0.00292549714399, 347.307995012, 2.30547009714e-05, 0.022616919032, 0.741456087875
0.819525750363, 0.999937750042, 0.498957386242, 0.104220412242, 0.261917550528, 0.139665173554, 0.355181359566, 0.415952944202, 0.637376832657, 0.841394439769, 0.42000232044, 0.373180563121, 0.166124573011, 0.301593026849, 2.88113156531, 9.43704150318, 109.895361433, 123.193957854, 0.015306674408, 54.1494961715
0.999723238294, 0.990868719313, 0.997683880658, 0.612002713915, 0.999817083363, 0.955499662508, 0.0513486619266, 0.150409887907, 0.122361509535, 0.721611272635, 0.552877848231, 0.701582985361, 8.87044578295, 163.878861602, 8.04542668276, 0.0330764149087, 114.641157826, 0.685930088537, 2.72919454555, 0.0827425714206
0.776743324544, 0.88549156408, 0.976267504251, 0.919872786637, 0.928236409949, 0.252172047577, 0.762572888833, 0.287459188249, 0.0719924278695, 0.841394439769, 0.00884788466683, 0.562576291273, 31.9421171756, 9.94517995151, 124.218730601, 12.8419492612, 15.587593134, 4.72904667091, 25.7681501767, 64.6803980608
0.869636007583, 0.925993360134, 0.976267504251, 0.997834568609, 0.886015347326, 0.480898561885, 0.762572888833, 0.148528543869, 0.634939444251, 0.863356641409, 0.0175278472621, 0.445162078802, 105.392899745, 32.8140851719, 149.186232428, 36.9727411143, 0.70391651145, 7.90225977216, 26.6115826768, 53.9038961153
0.769869422123, 0.999937750042, 0.999999930299, 0.400206164389, 0.195039340623, 0.972420786942, 0.451546694362, 0.369055802402, 0.248308573116, 0.66007747087, 0.975766673225, 0.107091033085, 8.85430889125, 10.7545355578, 0.556134243681, 83.2243099933, 154.950781722, 1.80064437825e-05, 0.0160826608775, 77.2282327874
0.999818456779, 0.996574720598, 0.92656548502, 0.999995542103, 0.878591749859, 0.972420786942, 0.566951241633, 0.53881916553, 0.581067159006, 0.458500095187, 0.652000864893, 0.562576291273, 178.754295661, 136.536125339, 8.94207714675, 44.8040859081, 0.0016451342967, 29.2479525818, 1.3689304236, 0.0725678506775
0.996606365695, 0.999947416416, 0.999999979157, 0.998933502217, 0.98023069037, 0.0227050170884, 0.873602110352, 0.572595413595, 0.248308573116, 0.116302026765, 0.553566768899, 0.437560655625, 7.29944757089, 1.05612699148, 359.650075019, 7.42194434803, 0.400820170285, 7.83328335142e-06, 0.0197634445246, 1.27983458601
0.901376245252, 0.996254842141, 0.997183367065, 0.999995542103, 0.999948281212, 0.944663217983, 0.018631875517, 0.320208950903, 0.718757579614, 0.473389647611, 0.552877848231, 0.621783375677, 4.18727027626, 220.549647509, 13.1647105486, 0.0123046201445, 0.0010606004599, 0.672012017834, 0.896905049895, 26.2030451676
0.996606365695, 0.750863644809, 0.652677959144, 0.998933502217, 0.991591265428, 0.527693982448, 0.957935108314, 0.172098340712, 0.333671746112, 0.66007747087, 0.553566768899, 0.746769649096, 106.316455222, 4.6685731993, 99.3357865072, 1.7835291307, 0.22645032139, 112.991658149, 107.941902162, 1.47534756743
0.532507520903, 0.999947416416, 0.999999979157, 0.998933502217, 0.817795223903, 0.0227050170884, 0.451546694362, 0.369055802402, 0.248308573116, 0.116302026765, 0.447908435815, 0.437560655625, 1.73595359572, 2.10850727044, 165.477625578, 37.7249609035, 0.221050967262, 4.32002925511e-06, 0.0108994727623, 181.971842193
0.995728918483, 0.999999963088, 0.999670935202, 0.999664195958, 0.358223506163, 0.964754543099, 0.322443893326, 0.0365173196053, 0.817507985626, 0.863356641409, 0.341501359694, 0.043200547461, 46.2338481654, 97.1518667523, 5.23832209076, 266.267879494, 0.139369183097, 0.136617141955, 1.53247678045e-05, 1.78082205795
0.999928886311, 0.996254842141, 0.999918426807, 0.997834568609, 0.998947231289, 0.188601473992, 0.504672665744, 0.0520946292917, 0.00354110781759, 0.613865134621, 0.552877848231, 0.283774428271, 25.2878006508, 24.8195310263, 215.571035605, 0.279992639755, 0.577164391098, 0.0217439273982, 1.00205189045, 0.0190284833868
0.999818456779, 0.996574720598, 0.999670935202, 0.999995542103, 0.999817083363, 0.972420786942, 0.759285199483, 0.0856963255581, 0.194662951419, 0.174348666524, 0.663055772548, 0.232974928909, 188.060304015, 59.6204148282, 7.02457146853, 0.0465983586592, 0.0011356626614, 0.0838578470804, 0.875887683372, 0.0464313492648
0.996606365695, 0.844185607852, 0.999999930299, 0.827000069194, 0.986414144595, 0.0227050170884, 0.942144890034, 0.369055802402, 0.245731791764, 0.972572049223, 0.337019261589, 0.70327496466, 4.8232711344, 0.296186801871, 220.357489134, 3.10548790982, 47.8171005156, 1.92651983471e-05, 51.0160659154, 1.11491248766
0.964196812131, 0.972195549397, 0.999670935202, 0.00400159390455, 3.37653382587e-07, 0.953028561311, 0.14250235555, 0.0856963255581, 0.239924171108, 0.841394439769, 0.341501359694, 0.232974928909, 6.74429174574e-08, 4.0583289049e-07, 2.3326106371e-08, 1.47074417805, 366.068968183, 0.120984192896, 10.5149665581, 14.0426665609
0.999818456779, 0.993626895461, 0.999918426807, 0.997834568609, 0.989593677384, 0.972420786942, 0.733234967298, 0.0520946292917, 0.248308573116, 0.458500095187, 0.552877848231, 0.562576291273, 343.271558987, 124.888818377, 13.2776828366, 5.06268369375, 1.05577018034, 0.0397747860136, 3.12743358313, 0.0891037415203
0.995728918483, 0.990868719313, 0.997683880658, 0.117986107132, 0.999981165419, 0.995130157222, 0.00179313614694, 0.0570375989873, 0.288667743817, 0.768213145204, 0.552877848231, 0.562576291273, 0.07851499065, 43.7078928535, 0.214276414451, 0.000828750080495, 328.936573334, 0.865774352034, 3.44476307241, 1.61817096447
0.964196812131, 0.999947416416, 0.999826576583, 0.998933502217, 0.315963506134, 0.664821347972, 0.146338194065, 0.0520946292917, 0.239924171108, 0.353870839556, 0.341501359694, 0.232974928909, 14.0682665949, 82.0670361862, 48.467909908, 313.054744264, 0.488612300226, 0.0794671249345, 0.0240964342268, 17.0160442244
0.995728918483, 0.999999963088, 0.999791248358, 0.999664195958, 0.909024293621, 0.940962530385, 0.322443893326, 0.0365173196053, 0.02855033554, 0.863356641409, 0.341501359694, 0.012050695068, 103.309500918, 217.085777319, 20.1021038488, 34.0771859153, 0.125825906639, 0.0782356543485, 1.3833910177e-05, 1.60757622597
0.995728918483, 0.687038497797, 0.999999914489, 0.999664195958, 0.0100182555272, 0.562593354911, 0.451546694362, 0.369055802402, 0.02855033554, 0.66007747087, 0.975766673225, 0.0186209438961, 0.581928253965, 0.706816102335, 1.00197654371, 226.363947949, 0.0768089546727, 1.95590684549e-05, 104.192346201, 1.42804416794
0.964196812131, 0.999977162774, 0.585510220149, 0.623734975712, 0.972286650911, 0.252172047577, 0.0564179759151, 0.776821786641, 0.053757095692, 0.494896982267, 0.554909627042, 0.445162078802, 1.73102263598, 28.9510890119, 90.9892311626, 3.4680311555, 75.4897054329, 142.027756459, 0.00782551017162, 12.7240487552
