0.615151665221, 0.996526707129, 2.05064697055, 0.421893636194, 34.4076101304, 47.3582674791, 2.64057944289, 2.47498780724, 31.1149110338, 268.569856706, 0.526639765843, 0.1015625
0.518413611363, 0.851293650892, 2.09712050037, 0.213105535234, 21.5869200417, 41.2648060039, 2.4481756804, 1.33001177602, 30.405370749, 285.992066479, 0.422482714805, 0.460732984293
0.518413611363, 0.987074772834, 2.09712050037, 0.213105535234, 21.5869200417, 41.2648060039, 2.4481756804, 1.33001177602, 30.405370749, 279.061693885, 0.413922411103, 0.515873015873
0.615151665221, 0.996526707129, 2.05064697055, 0.421893636194, 33.6995007959, 47.3582674791, 2.64057944289, 2.47498780724, 31.1149110338, 274.286531223, 0.500806193339, 0.109677419355
0.624728505862, 1.10152317804, 2.12947071126, 0.399031314717, 35.6111499528, 43.568480779, 2.51037826679, 1.45286527717, 28.3450587256, 270.843486318, 0.46423245253, 0.177215189873
0.592497989689, 0.924996497238, 2.18938782531, 0.431806237165, 31.6652607253, 47.3582674791, 2.66891543535, 1.45286527717, 32.0199760768, 318.836819204, 0.48646903819, 0.0
0.624728505862, 1.10152317804, 2.12947071126, 0.399031314717, 35.6111499528, 43.568480779, 2.51037826679, 1.45286527717, 28.3450587256, 289.702460951, 0.426808581713, 0.369369369369
0.592497989689, 0.861741184399, 2.0485307708, 0.431806237165, 31.6652607253, 43.2388528107, 2.66891543535, 1.45286527717, 32.0199760768, 234.707641311, 0.57332730886, 0.0
0.592497989689, 0.993736432418, 2.18938782531, 0.431806237165, 49.8203057602, 47.3582674791, 2.66891543535, 1.45286527717, 32.0199760768, 279.001239104, 0.499539197278, 0.0
0.518413611363, 0.851293650892, 2.09712050037, 0.213105535234, 21.5869200417, 47.3582674791, 2.4481756804, 1.33001177602, 30.405370749, 271.949033923, 0.394081950202, 0.650969529086
0.748577154507, 0.881806594457, 2.18259399985, 0.494795352715, 39.2354514211, 41.9570262727, 2.09204689592, 3.98376526664, 31.6854192673, 252.512958588, 0.529373318041, 0.0909090909091
0.800401532687, 0.945363931003, 3.25787002627, 0.422508232601, 39.6606410176, 43.1568835006, 2.54673550435, 1.89043146989, 27.6415035757, 349.512989549, 0.425576393671, 0.413333333333
0.518413611363, 1.0557529988, 2.35781589769, 0.494795352715, 39.6606410176, 43.1568835006, 2.51037826679, 1.89043146989, 37.5319529692, 386.353961304, 0.413495401269, 0.570895522388
0.518413611363, 1.0557529988, 3.25787002627, 0.422508232601, 39.6606410176, 41.2078816413, 2.51037826679, 0.633371248894, 31.1384122522, 362.103444877, 0.466420756361, 0.0
0.592497989689, 0.924996497238, 2.00997138103, 0.431806237165, 31.6652607253, 49.6183968141, 2.54673550435, 1.45286527717, 21.0294386927, 203.257826796, 0.578741431751, 0.0
0.518413611363, 1.0557529988, 3.25787002627, 0.422508232601, 39.6606410176, 43.1568835006, 2.51037826679, 1.89043146989, 22.5444043036, 398.59900883, 0.394434761908, 0.0
0.518413611363, 0.961931664381, 2.09712050037, 0.213105535234, 21.5869200417, 47.3582674791, 2.4481756804, 1.33001177602, 30.405370749, 273.169669752, 0.431492579186, 0.485401459854
0.518413611363, 0.987074772834, 2.09712050037, 0.213105535234, 21.5869200417, 41.2648060039, 2.4481756804, 1.33001177602, 30.405370749, 257.174280952, 0.473669596159, 0.15503875969
0.592497989689, 0.924996497238, 2.18938782531, 0.399031314717, 31.6652607253, 47.3582674791, 2.51037826679, 1.45286527717, 32.0199760768, 254.159210068, 0.568266313174, 0.0
0.518413611363, 0.851293650892, 2.09712050037, 0.213105535234, 21.5869200417, 47.3582674791, 2.4481756804, 1.33001177602, 39.7111383699, 236.579641855, 0.485956083367, 0.151515151515
0.748577154507, 0.929252367415, 2.18938782531, 0.436686149697, 21.5869200417, 43.2388528107, 2.60351631843, 1.75214225525, 21.0994630424, 304.526965234, 0.450465366551, 0.0487804878049
0.518413611363, 0.987074772834, 2.09712050037, 0.213105535234, 21.5869200417, 41.2648060039, 2.4481756804, 1.33001177602, 37.5319529692, 260.742985216, 0.445060390763, 0.607594936709
0.544088387846, 1.24977588281, 2.33154366749, 0.379419187877, 21.5869200417, 42.5524361586, 2.76511777604, 3.12910136716, 38.6085247787, 383.347887178, 0.465204467329, 0.0
0.518413611363, 1.0557529988, 2.35781589769, 0.4320288134, 39.6606410176, 43.1568835006, 2.51037826679, 1.89043146989, 37.5319529692, 397.475108572, 0.411694330838, 0.575539568345
0.615151665221, 0.996526707129, 2.05064697055, 0.225479343902, 34.4076101304, 41.2648060039, 2.64057944289, 2.47498780724, 31.1149110338, 263.672968197, 0.561467613075, 0.0699300699301
0.592497989689, 0.924996497238, 2.00997138103, 0.431806237165, 28.6241192592, 49.6183968141, 2.54673550435, 1.45286527717, 21.0294386927, 283.878115567, 0.429678281545, 0.478021978022
0.615151665221, 0.996526707129, 2.05064697055, 0.421893636194, 33.1803965883, 47.3582674791, 2.64057944289, 1.06098300747, 31.1149110338, 296.48606895, 0.464259975652, 0.351955307263
0.518413611363, 0.974409109681, 3.25787002627, 0.204663532017, 6.21838510209, 41.2078816413, 2.51037826679, 1.89043146989, 23.8033236972, 394.129113583, 0.442037679439, 0.412037037037
0.748577154507, 0.881806594457, 2.18259399985, 0.494795352715, 39.2354514211, 41.9570262727, 2.64057944289, 3.98376526664, 31.6854192673, 254.037181678, 0.576069246064, 0.0
0.722913050821, 0.912952044814, 2.59177896839, 0.494795352715, 39.2354514211, 41.9570262727, 2.64057944289, 3.98376526664, 31.6854192673, 328.350706454, 0.511070655652, 0.0
0.692751213189, 0.972982750393, 2.18938782531, 0.41692289251, 31.6652607253, 47.3582674791, 2.5299054966, 2.97396872643, 31.1149110338, 298.396538897, 0.563471335802, 0.0
0.723002364491, 1.02894626425, 2.33154366749, 0.334081076054, 28.7007025709, 40.3285767712, 2.76511777604, 2.30684012375, 25.5029713714, 322.784305612, 0.536727780147, 0.024
0.692751213189, 0.955193370037, 2.07718286352, 0.41692289251, 9.37931442266, 46.9226998866, 2.43969514467, 2.97396872643, 41.6817714444, 325.484553075, 0.519113099792, 0.0
0.767174339627, 0.945363931003, 3.25787002627, 0.422508232601, 39.6606410176, 43.1568835006, 2.54673550435, 1.89043146989, 27.6415035757, 360.32139123, 0.424683265091, 0.660847880299
0.615151665221, 0.996526707129, 2.05064697055, 0.421893636194, 34.4076101304, 47.3582674791, 2.64057944289, 2.47498780724, 31.1149110338, 255.526186109, 0.556253979661, 0.139534883721
0.615151665221, 0.996526707129, 2.05064697055, 0.421893636194, 34.4076101304, 46.6474727447, 2.64057944289, 2.47498780724, 31.1149110338, 260.102343006, 0.562035194339, 0.125786163522
0.592497989689, 0.924996497238, 2.18938782531, 0.431806237165, 31.6652607253, 48.4854909676, 2.66891543535, 2.97396872643, 31.1149110338, 287.713935053, 0.530451734626, 0.146198830409
0.748577154507, 0.929252367415, 3.22415623133, 0.436686149697, 35.6111499528, 43.2388528107, 2.60351631843, 1.75214225525, 33.7134736404, 381.542411004, 0.427408235941, 0.604060913706
0.527428534849, 0.947335721463, 3.20910578794, 0.385861689428, 6.21838510209, 42.6313098728, 2.51037826679, 1.33001177602, 21.3812541777, 364.549551166, 0.483643869148, 0.0
0.748577154507, 0.956036061473, 2.18259399985, 0.358479809743, 24.4273400425, 46.0797397426, 2.60351631843, 0.127773320157, 21.0994630424, 233.481477067, 0.624843214021, 0.0214285714286
0.518413611363, 0.987074772834, 3.20910578794, 0.213105535234, 21.5869200417, 42.1339998608, 2.4481756804, 1.33001177602, 38.6085247787, 549.840158022, 0.397301669153, 0.654838709677
0.544088387846, 1.24977588281, 2.33154366749, 0.379419187877, 42.5015603028, 42.5524361586, 2.76511777604, 3.12910136716, 25.5029713714, 435.228345965, 0.419426880637, 0.0
0.518413611363, 1.02894626425, 3.11330736001, 0.204663532017, 6.21838510209, 40.7900314282, 2.51037826679, 1.89043146989, 26.2415536117, 405.248171584, 0.444519748287, 0.267045454545
0.537232162004, 0.947335721463, 3.20910578794, 0.385861689428, 21.5869200417, 42.6313098728, 2.64057944289, 1.33001177602, 30.405370749, 468.722176465, 0.409811030819, 0.31847133758
0.518413611363, 1.0557529988, 2.35781589769, 0.4320288134, 39.6606410176, 43.1568835006, 2.64057944289, 1.89043146989, 37.5319529692, 427.336452767, 0.403667500496, 0.330935251799
0.518413611363, 1.0557529988, 3.25787002627, 0.422508232601, 39.6606410176, 41.2084151163, 2.51037826679, 1.63254575715, 31.1384122522, 423.603684158, 0.449438224902, 0.0
0.518413611363, 0.974409109681, 3.25787002627, 0.204663532017, 6.21838510209, 40.7900314282, 2.51037826679, 1.89043146989, 26.2415536117, 419.753434912, 0.402181893764, 0.612565445026
0.518413611363, 1.0557529988, 3.25787002627, 0.422508232601, 39.6606410176, 40.1264958139, 2.27793591951, 1.89043146989, 37.5319529692, 488.691963138, 0.39882582721, 0.0
0.748577154507, 0.92452126713, 3.22415623133, 0.493373981473, 46.2744672136, 43.2388528107, 2.27793591951, 1.22432616011, 28.3450587256, 410.036886486, 0.427698980863, 0.568702290076
0.564326829577, 0.929252367415, 3.20910578794, 0.213105535234, 21.5869200417, 42.1339998608, 2.4481756804, 1.33001177602, 39.5609877913, 436.823257079, 0.402425256112, 0.527272727273
0.518413611363, 1.0557529988, 3.25787002627, 0.422508232601, 39.6606410176, 41.2084151163, 2.51037826679, 1.63254575715, 31.1384122522, 402.36462646, 0.45492451761, 0.0
0.61421717179, 0.972982750393, 2.18938782531, 0.41692289251, 38.5292756693, 47.3582674791, 2.5299054966, 0.284170700056, 33.7134736404, 254.281985707, 0.571163395357, 0.00943396226415
0.692751213189, 1.03016161155, 2.18938782531, 0.41692289251, 31.6652607253, 47.3582674791, 2.43969514467, 2.97396872643, 31.1149110338, 281.802658729, 0.535253849245, 0.229166666667
0.692751213189, 0.979576226288, 2.18938782531, 0.310796583221, 21.4126159194, 47.3582674791, 2.17321652987, 2.97396872643, 31.1149110338, 245.720740745, 0.568850879415, 0.416961130742
0.876012099614, 1.02894626425, 2.33154366749, 0.379419187877, 37.6306812755, 40.3285767712, 2.76511777604, 1.48372308591, 29.1046588748, 291.874101577, 0.504831477717, 0.238410596026
0.748577154507, 0.956036061473, 2.18259399985, 0.41692289251, 24.4273400425, 47.3582674791, 2.6326903763, 0.127773320157, 25.5029713714, 242.486559992, 0.623340770104, 0.314176245211
0.748577154507, 0.929252367415, 2.89372373126, 0.436686149697, 21.5869200417, 43.2388528107, 2.60351631843, 1.75214225525, 21.0994630424, 302.847498736, 0.517030478093, 0.179856115108
0.748577154507, 0.881806594457, 2.18259399985, 0.494795352715, 39.2354514211, 41.9570262727, 2.64057944289, 3.98376526664, 26.2415536117, 261.028480498, 0.537496424085, 0.160305343511
0.692751213189, 1.03016161155, 2.0485307708, 0.372349036342, 31.6652607253, 47.3582674791, 2.66891543535, 2.97396872643, 31.1149110338, 273.899345956, 0.508265442231, 0.346534653465
0.592497989689, 0.861741184399, 2.18938782531, 0.431806237165, 31.6652607253, 43.2388528107, 2.66891543535, 1.45286527717, 32.0199760768, 267.647239702, 0.490196488198, 0.561728395062
0.606570653954, 0.996526707129, 2.05064697055, 0.421893636194, 34.4076101304, 41.2648060039, 2.64057944289, 2.47498780724, 31.1149110338, 251.264888881, 0.556603890129, 0.401294498382
0.692751213189, 0.878203276766, 2.09677448462, 0.41692289251, 46.2744672136, 47.3582674791, 2.27793591951, 1.22432616011, 28.3450587256, 262.041742355, 0.504130040438, 0.589928057554
0.748577154507, 0.881806594457, 2.18259399985, 0.494795352715, 39.2354514211, 41.9570262727, 2.64057944289, 3.98376526664, 31.6854192673, 258.776633281, 0.549750662616, 0.254054054054
0.692751213189, 0.979576226288, 2.18938782531, 0.399031314717, 21.4126159194, 47.3582674791, 2.17321652987, 2.97396872643, 31.1149110338, 286.399788377, 0.54431447155, 0.156976744186
0.582881185009, 0.972982750393, 2.18938782531, 0.41692289251, 31.6652607253, 47.3582674791, 2.5299054966, 2.97396872643, 31.1149110338, 274.815707926, 0.527342320026, 0.2578125
0.592497989689, 0.861741184399, 2.18938782531, 0.431806237165, 31.6652607253, 47.3582674791, 2.66891543535, 1.45286527717, 32.0199760768, 306.589753407, 0.454107873599, 0.44502617801
0.592497989689, 0.924996497238, 2.18938782531, 0.431806237165, 31.6652607253, 47.3582674791, 2.66891543535, 2.97396872643, 31.1149110338, 326.017131308, 0.485480680475, 0.161616161616
0.624728505862, 1.10152317804, 2.12947071126, 0.389126268643, 35.6111499528, 43.568480779, 2.51037826679, 1.07169720594, 28.3450587256, 322.12395471, 0.524406092256, 0.136842105263
0.748577154507, 1.24977588281, 2.18938782531, 0.379419187877, 21.5869200417, 43.2388528107, 2.60351631843, 1.75214225525, 21.0994630424, 315.601426947, 0.516268074707, 0.203703703704
0.748577154507, 0.929252367415, 3.22415623133, 0.422508232601, 5.86538612035, 43.2388528107, 2.726419179, 1.75214225525, 26.2415536117, 378.859531562, 0.480265345271, 0.242774566474
0.624728505862, 1.10152317804, 2.12947071126, 0.389126268643, 35.6111499528, 43.568480779, 2.51037826679, 1.07169720594, 28.3450587256, 328.671374243, 0.451980529271, 0.412371134021
0.723002364491, 1.02894626425, 2.33154366749, 0.334081076054, 28.7007025709, 40.3285767712, 2.64057944289, 4.01745248634, 25.5029713714, 305.066373511, 0.530300491592, 0.13698630137
0.748577154507, 0.929252367415, 2.89372373126, 0.436686149697, 21.5869200417, 43.2388528107, 2.60351631843, 1.75214225525, 21.0994630424, 320.5706481, 0.480466229213, 0.255681818182
0.692751213189, 0.974409109681, 2.18938782531, 0.41692289251, 31.6652607253, 47.3582674791, 2.5299054966, 1.89043146989, 31.1149110338, 278.380435238, 0.46173154121, 0.608938547486
0.767174339627, 0.987074772834, 3.20910578794, 0.213105535234, 21.5869200417, 42.6313098728, 2.4481756804, 1.33001177602, 30.405370749, 404.255046614, 0.420536803243, 0.658595641646
0.615151665221, 0.996526707129, 2.05064697055, 0.421893636194, 33.1803965883, 47.3582674791, 2.51037826679, 1.06098300747, 31.1149110338, 296.961409366, 0.565678473505, 0.100840336134
0.748577154507, 0.929252367415, 2.89372373126, 0.436686149697, 21.5869200417, 43.2388528107, 2.6326903763, 1.75214225525, 25.5029713714, 328.6261512, 0.436656946925, 0.524390243902
0.518413611363, 0.974409109681, 2.18938782531, 0.213105535234, 21.5869200417, 41.2648060039, 2.4481756804, 1.33001177602, 30.405370749, 320.772273611, 0.442111548839, 0.493670886076
0.748577154507, 0.929252367415, 3.22415623133, 0.436686149697, 35.6111499528, 43.2388528107, 2.60351631843, 1.75214225525, 25.5029713714, 413.665024163, 0.436754605543, 0.517543859649
0.692751213189, 0.972982750393, 2.18938782531, 0.41692289251, 31.6652607253, 40.2984798009, 2.4321654928, 1.89043146989, 31.1149110338, 287.155369702, 0.472593273429, 0.495626822157
0.800401532687, 1.00579397931, 2.59445758591, 0.422508232601, 39.6606410176, 43.1568835006, 2.51037826679, 1.89043146989, 26.2415536117, 386.711798063, 0.436839059884, 0.523622047244
0.592497989689, 0.861741184399, 2.0485307708, 0.431806237165, 31.6652607253, 43.2388528107, 3.25331249247, 1.45286527717, 32.0199760768, 306.605826626, 0.439794993249, 0.551891367604
0.518413611363, 0.974409109681, 2.18938782531, 0.41692289251, 31.6652607253, 40.7900314282, 2.51037826679, 1.89043146989, 26.2415536117, 302.405106008, 0.461875476089, 0.482412060302
0.624728505862, 1.11477812263, 2.12947071126, 0.310796583221, 35.6111499528, 43.568480779, 3.57642634328, 1.45286527717, 28.3450587256, 404.482890306, 0.43405516358, 0.570029382958
0.606570653954, 0.996526707129, 2.05064697055, 0.421893636194, 34.4076101304, 41.2648060039, 2.64057944289, 1.45286527717, 31.1149110338, 287.315456487, 0.448795126867, 0.551369863014
0.692751213189, 0.950753534652, 2.1021392741, 0.41692289251, 31.6652607253, 47.3582674791, 2.5299054966, 1.89043146989, 36.7406867665, 316.407439983, 0.450383125372, 0.509803921569
0.692751213189, 0.987074772834, 2.09712050037, 0.41692289251, 31.6652607253, 47.3582674791, 2.5299054966, 1.89043146989, 31.1149110338, 306.285974643, 0.456813884758, 0.504310344828
0.5386965992, 0.924996497238, 2.18938782531, 0.431806237165, 31.6652607253, 47.3582674791, 2.66891543535, 1.45286527717, 32.0199760768, 258.438538861, 0.616644642405, 0.0
0.722913050821, 0.945363931003, 3.25787002627, 0.422508232601, 39.6606410176, 43.1568835006, 2.54673550435, 1.89043146989, 26.2415536117, 421.871917565, 0.410733414235, 0.646408839779
0.680663946957, 1.07797404982, 4.50567891218, 0.332304907632, 30.2349446056, 43.730950775, 2.6566907997, 1.46996698859, 39.0206825304, 728.554421409, 0.418411366679, 0.436363636364
0.518413611363, 1.0557529988, 3.25787002627, 0.41692289251, 11.6143033701, 43.1568835006, 2.60670991588, 1.89043146989, 30.2314405523, 565.133733159, 0.407940348973, 0.482587064677
0.518413611363, 1.0557529988, 3.25787002627, 0.41692289251, 11.6143033701, 43.1568835006, 2.60670991588, 1.89043146989, 30.2314405523, 448.306339607, 0.484263436524, 0.0
