0.17397885194, 0.889385816592, 2.35223676457, 0.618461067484, 87.2594213737, 7.69173356739, 0.182389765526, 1.74688951475, 14.7746090064, 63.4360377619, 0.0217381718091, 0.0
0.165413579435, 0.832827341647, 2.40357585885, 0.61447608739, 88.7897050139, 3.21947436775, 0.977314890035, 4.50928443573, 16.1288270782, 50.2277213803, 0.0612305443008, 0.454545454545
0.118734172985, 0.862892132507, 6.40889542956, 0.809846999311, 93.1672219389, 4.90964273989, 0.471506216427, 1.82850875627, 18.7759246853, 84.9326591823, 0.0, 0.0
0.104288548735, 1.01557080747, 2.04669810076, 0.838010514214, 95.6729878041, 1.09878845247, 0.189898571138, 1.66780159988, 15.0916912211, 64.422126165, 0.00473626017947, 0.0
0.165413579435, 0.8332608744, 2.17801255104, 0.61447608739, 88.7897050139, 3.21947436775, 0.0354803545487, 4.50928443573, 16.1288270782, 55.1381956021, 0.0693268650027, 0.55
0.13694613571, 0.832827341647, 2.14067512971, 0.729422755427, 84.2127382764, 1.23597259297, 0.471506216427, 1.55508219027, 15.4688527247, 81.8137373936, 0.0182114940275, 0.363636363636
0.122108855984, 0.832827341647, 2.25280904472, 0.61447608739, 88.7897050139, 2.04092738751, 0.977314890035, 2.33605462945, 16.1288270782, 82.2768082237, 0.00823215641164, 0.0
0.104288548735, 1.01557080747, 2.04669810076, 0.813769075383, 94.873429724, 3.21947436775, 0.0956457113546, 3.40079191968, 19.9462162824, 81.6306424033, 0.0186184689045, 0.0588235294118
0.148966188983, 1.12381360122, 4.05767815278, 0.939665305317, 81.4982516436, 4.10641335522, 0.567302405243, 0.526323271815, 10.5730948874, 216.309691592, 0.000909286686937, 0.0
0.122108855984, 0.832827341647, 2.14067512971, 0.729422755427, 93.1672219389, 1.23597259297, 0.471506216427, 0.913566400653, 15.4688527247, 106.07135136, 0.00158619878271, 0.0
0.118155469375, 1.01557080747, 2.01981581643, 0.692384629892, 94.873429724, 1.48476449806, 0.189898571138, 1.66780159988, 18.975197471, 64.5446155027, 0.0280231840454, 0.7
0.118155469375, 1.01557080747, 2.01981581643, 0.692384629892, 94.873429724, 1.48476449806, 0.189898571138, 0.865556393107, 18.975197471, 65.3774492512, 0.0234597250509, 0.538461538462
0.165413579435, 0.832827341647, 2.40357585885, 0.729422755427, 88.7897050139, 3.21947436775, 0.977314890035, 4.50928443573, 16.1288270782, 79.4586084132, 0.0543865866428, 0.4
0.165413579435, 0.827508348401, 2.04669810076, 0.753768935412, 88.7897050139, 1.70754607222, 0.977314890035, 4.50928443573, 16.1288270782, 100.809335955, 0.00676938175216, 0.0
0.116046453797, 0.877748103544, 4.0170098043, 0.831280867248, 87.2594213737, 1.54802193041, 1.49880661053, 3.61242123134, 17.7170174587, 469.040728247, 0.0022410121292, 0.0
0.158861654965, 1.0998902521, 3.44711841804, 0.886413454855, 96.1392429128, 1.14192512946, 0.444783614089, 4.32077740916, 17.7043068132, 247.758471147, 0.00363543496695, 0.0
0.158861654965, 1.0998902521, 3.44711841804, 0.884335079668, 96.1392429128, 1.03655732719, 0.444783614089, 3.79213175346, 19.9827595021, 247.829961201, 0.00265953238903, 0.0
0.158861654965, 1.0998902521, 3.44711841804, 0.884335079668, 94.873429724, 1.03655732719, 0.444783614089, 3.79213175346, 19.9827595021, 226.489047876, 0.00399215805837, 0.0
0.121200569749, 0.969578515547, 6.98185365036, 0.87838155463, 81.5797040211, 1.82838541745, 0.910801431334, 2.49386757072, 17.1687729224, 431.772856587, 0.00316987417447, 0.222222222222
0.121200569749, 0.969578515547, 4.51986427103, 0.838527008523, 81.5797040211, 1.0239398201, 0.910801431334, 2.49386757072, 17.1687729224, 234.759727026, 0.00414237482178, 0.0
0.149345463, 0.832827341647, 2.35223676457, 0.729422755427, 96.9178439399, 1.23597259297, 0.107102904934, 1.66780159988, 15.4688527247, 85.1654818052, 0.0109537619861, 0.181818181818
0.188451084073, 1.10728762268, 2.04427212543, 0.611910312465, 88.7897050139, 2.78017004653, 0.220569247188, 0.617542342901, 11.8730357554, 88.0596360385, 0.0168686623705, 0.0
0.118734172985, 0.862892132507, 2.01981581643, 0.809846999311, 93.1672219389, 4.90964273989, 0.471506216427, 1.82850875627, 11.4145806266, 90.8639873928, 0.0155646310186, 0.142857142857
0.188451084073, 1.10728762268, 2.01981581643, 0.891912417298, 83.3862850084, 2.78017004653, 0.220569247188, 0.865556393107, 11.8730357554, 113.494040112, 0.00513562697858, 0.0
0.142638076247, 1.2574581116, 6.12355231043, 0.670768016847, 90.7935047845, 1.5060582688, 0.859968962643, 4.54680474305, 10.5231873577, 502.987699676, 0.00370564726223, 0.0
0.119716789997, 0.983760999093, 2.35223676457, 0.809846999311, 95.5457945673, 2.16587916023, 0.0945198049192, 1.06443102476, 14.7746090064, 98.8254802375, 0.011198003772, 0.416666666667
0.180505371194, 1.09525242538, 2.70227398437, 0.660975479719, 99.3455722117, 2.73817618421, 0.174090239684, 1.08344051082, 18.0427926804, 105.179970375, 0.0158924067862, 0.0
0.104288548735, 1.01557080747, 2.04669810076, 0.809846999311, 95.6729878041, 1.09878845247, 1.17194712034, 1.66780159988, 15.0916912211, 148.939505998, 0.00519105721733, 0.0
0.118220591008, 0.832827341647, 2.35223676457, 0.729422755427, 96.9178439399, 1.23597259297, 0.107102904934, 1.66780159988, 15.4688527247, 127.949084693, 0.00620189321776, 0.0
0.121200569749, 0.969578515547, 2.04669810076, 0.884680844843, 85.4856579175, 1.14192512946, 0.910801431334, 4.48186794382, 17.1687729224, 132.418259058, 0.00619989201452, 0.5
0.165413579435, 0.832827341647, 2.40357585885, 0.61447608739, 88.7897050139, 3.21947436775, 0.977314890035, 4.50928443573, 16.1288270782, 94.3622437736, 0.0256172799115, 0.0
0.135006457169, 0.921857145566, 3.03437082101, 0.898651982464, 90.3719561855, 2.04092738751, 0.299310842818, 0.344641246122, 15.2243820582, 159.374753022, 0.00616754673855, 0.222222222222
0.121200569749, 0.969578515547, 4.51986427103, 0.838527008523, 81.5797040211, 1.0239398201, 0.910801431334, 2.49386757072, 17.1687729224, 208.35210953, 0.00533479131826, 0.0
0.180505371194, 1.01729426838, 2.70227398437, 0.660975479719, 99.3455722117, 2.73817618421, 0.174090239684, 4.20070403624, 18.0427926804, 96.0032319173, 0.0350428052132, 0.0
0.159454355042, 0.832827341647, 2.14067512971, 0.700207440684, 90.3719561855, 3.21947436775, 0.299310842818, 0.913566400653, 10.2969100595, 98.54428692, 0.0333041987673, 0.0
0.119692804331, 1.01557080747, 2.04669810076, 0.827689903271, 82.9423800821, 1.23597259297, 0.299310842818, 4.32077740916, 17.7979036157, 119.261101819, 0.0070963499648, 0.0833333333333
0.118799715959, 1.09525242538, 6.1738476918, 0.630118728811, 86.1677249115, 1.15683837903, 0.846784934482, 1.08344051082, 15.4688527247, 428.931636442, 0.00502158710382, 0.0
0.150068588256, 1.09525242538, 6.89518878246, 0.630118728811, 80.4379213686, 1.23597259297, 0.859813310826, 1.17423772568, 15.4688527247, 561.261800225, 0.00483857404341, 0.0
0.125203612113, 1.06378754832, 6.89518878246, 0.735850705114, 95.4541187738, 1.09491689532, 0.212623130685, 1.27316929684, 17.899250614, 541.104406699, 0.00495111354041, 0.0
0.188451084073, 0.883802367154, 2.04669810076, 0.87178493213, 92.7990211106, 1.48476449806, 0.220569247188, 0.865556393107, 16.447865634, 89.176679024, 0.0449384788152, 0.5
0.118799715959, 1.06119887638, 7.26264876868, 0.838010514214, 88.7949317652, 1.09878845247, 1.23482312881, 3.17948633076, 15.0916912211, 749.334650968, 0.00486107415485, 0.0
0.151348491872, 0.824577488513, 4.23599344783, 0.884335079668, 81.268036974, 2.12442370889, 0.444783614089, 3.00576465724, 15.7775434536, 140.868629313, 0.00752073767232, 0.0
0.151348491872, 0.824577488513, 2.14067512971, 0.884335079668, 81.268036974, 2.12442370889, 0.444783614089, 3.00576465724, 15.7775434536, 98.0524344727, 0.0230354175181, 0.222222222222
0.128319112857, 0.965682034203, 3.39015957844, 0.630118728811, 95.3807839855, 8.42945550807, 0.337971107038, 4.11738357428, 15.1380330814, 89.7501833099, 0.130398954898, 0.5625
0.122108855984, 0.832827341647, 2.14067512971, 0.729422755427, 81.4982516436, 1.23597259297, 0.107102904934, 0.913566400653, 15.4688527247, 116.904753761, 0.0100036729913, 0.0
0.119692804331, 1.03359994128, 2.46381940236, 0.827689903271, 82.9423800821, 1.23597259297, 0.299310842818, 4.32077740916, 17.7979036157, 127.490573003, 0.00837588423467, 0.0
0.122108855984, 0.832827341647, 4.00481747236, 0.729422755427, 81.4982516436, 1.23597259297, 0.107102904934, 0.913566400653, 15.4688527247, 228.771406811, 0.0061506260453, 0.0
0.188451084073, 1.10728762268, 2.04669810076, 0.658031958929, 88.7897050139, 2.78017004653, 0.220569247188, 0.865556393107, 11.8730357554, 93.5288609895, 0.0339962943458, 0.428571428571
0.121200569749, 0.969578515547, 6.98185365036, 0.884680844843, 85.4856579175, 1.14192512946, 0.910801431334, 4.48186794382, 17.1687729224, 380.768275033, 0.00513892568988, 0.0
0.104288548735, 1.01557080747, 2.01441797358, 0.813769075383, 94.873429724, 2.78017004653, 0.189898571138, 1.66780159988, 17.7979036157, 94.8438646943, 0.02481056093, 0.714285714286
0.118734172985, 0.862892132507, 3.94211105294, 0.809846999311, 93.1672219389, 2.73817618421, 0.471506216427, 1.82850875627, 11.6272688326, 154.911358824, 0.00695066920304, 0.0
0.122108855984, 0.832827341647, 2.14067512971, 0.729422755427, 81.4982516436, 1.23597259297, 0.718706706803, 0.913566400653, 15.4688527247, 109.060015239, 0.018133486254, 0.105263157895
0.122108855984, 0.832827341647, 2.14067512971, 0.729422755427, 81.4982516436, 1.23597259297, 0.107102904934, 0.913566400653, 15.4688527247, 103.938464043, 0.0204908291645, 0.363636363636
0.104288548735, 1.01557080747, 2.04669810076, 0.813769075383, 94.873429724, 8.87620836968, 0.189898571138, 1.66780159988, 19.9462162824, 123.2535727, 0.013445297815, 0.0
0.127075860246, 1.07670767158, 2.88147261426, 0.611910312465, 96.1392429128, 1.82838541745, 0.186988840754, 0.320465640709, 14.9306578459, 126.658373056, 0.0105240807169, 0.0
0.104116670922, 1.01557080747, 2.04669810076, 0.94598351172, 94.873429724, 3.21947436775, 0.189898571138, 1.66780159988, 19.9462162824, 97.3584463034, 0.0305190075423, 0.666666666667
0.118155469375, 1.01557080747, 2.01981581643, 0.692384629892, 94.873429724, 1.48476449806, 0.189898571138, 1.66780159988, 16.1288270782, 115.021463306, 0.0154595180762, 0.555555555556
0.118734172985, 0.889385816592, 2.35223676457, 0.844981660554, 96.9178439399, 5.89595570429, 0.610345565714, 1.66780159988, 14.7746090064, 97.8408415206, 0.0525441030625, 0.217391304348
0.119716789997, 0.983760999093, 2.35223676457, 0.809846999311, 95.5457945673, 2.16587916023, 0.0945198049192, 0.982693264802, 14.7746090064, 96.1019433806, 0.0379025662176, 0.533333333333
0.167686968865, 1.01557080747, 2.04669810076, 0.772005589831, 90.2935560019, 1.48476449806, 0.610345565714, 1.66780159988, 13.3402415754, 129.174528343, 0.00948092398788, 0.0
0.118734172985, 0.862892132507, 4.0170098043, 0.809846999311, 89.1667032593, 2.0876871034, 0.471506216427, 1.82850875627, 11.6272688326, 274.275492266, 0.00552050341565, 0.0
0.159454355042, 0.832827341647, 2.35223676457, 0.61447608739, 88.7897050139, 3.21947436775, 0.977314890035, 4.50928443573, 16.1288270782, 97.856517596, 0.0858185415293, 0.4
0.118799715959, 1.06119887638, 7.26264876868, 0.933718853275, 88.7949317652, 1.09878845247, 1.23482312881, 3.17948633076, 15.0916912211, 681.125757027, 0.00529150244996, 0.0
0.118799715959, 1.09525242538, 6.1738476918, 0.630118728811, 86.1677249115, 1.23597259297, 0.859813310826, 1.08344051082, 15.4688527247, 368.312216393, 0.00571149191307, 0.0
0.156433704135, 0.885812572034, 6.95675942134, 0.94598351172, 89.1667032593, 2.0876871034, 0.846784934482, 3.40170562907, 11.6934144503, 207.18855468, 0.00758671636288, 0.142857142857
0.165413579435, 0.827508348401, 2.04669810076, 0.753768935412, 88.7897050139, 1.70754607222, 0.977314890035, 4.50928443573, 16.1288270782, 98.8361994859, 0.0381326240737, 0.4
0.104288548735, 1.01557080747, 2.04669810076, 0.838010514214, 94.873429724, 1.09878845247, 0.189898571138, 1.66780159988, 15.0916912211, 118.317060819, 0.0157534351109, 0.48
0.104288548735, 1.01557080747, 2.04669810076, 0.813769075383, 94.873429724, 3.21947436775, 0.189898571138, 1.66780159988, 19.9462162824, 101.38600335, 0.0305140589442, 0.4
0.17397885194, 0.889385816592, 2.35223676457, 0.753768935412, 94.2562263529, 7.69173356739, 0.182389765526, 1.74688951475, 14.7746090064, 98.3991344822, 0.161161190348, 0.538461538462
0.119258901753, 0.969578515547, 7.2669035325, 0.682354352043, 81.5797040211, 1.82838541745, 0.910801431334, 2.49386757072, 17.1687729224, 407.728827428, 0.00581597453448, 0.0
0.121200569749, 0.969578515547, 7.26264876868, 0.838010514214, 85.4856579175, 1.09878845247, 0.910801431334, 3.17948633076, 15.0916912211, 417.687819408, 0.00575278007923, 0.0
0.122108855984, 0.832827341647, 2.14067512971, 0.729422755427, 90.3719561855, 2.04092738751, 0.299310842818, 0.913566400653, 15.2243820582, 100.437439402, 0.0370298544539, 0.521739130435
0.180505371194, 1.01729426838, 2.70227398437, 0.660975479719, 99.3455722117, 2.73817618421, 0.174090239684, 4.20070403624, 18.0427926804, 133.943903117, 0.0103426694563, 0.0
0.180505371194, 1.01729426838, 2.1569785297, 0.660975479719, 99.3455722117, 2.73817618421, 0.174090239684, 4.20070403624, 18.0427926804, 112.643442238, 0.0226277774058, 0.166666666667
0.125203612113, 1.09281258577, 6.89518878246, 0.735850705114, 95.4541187738, 1.09878845247, 0.212623130685, 1.27316929684, 17.899250614, 475.247832434, 0.00586340796557, 0.0
0.165413579435, 0.827508348401, 2.90080260207, 0.753768935412, 88.7897050139, 3.21947436775, 0.977314890035, 4.50928443573, 16.1288270782, 99.1066568879, 0.0996165967731, 0.555555555556
0.165413579435, 0.832827341647, 3.72762577489, 0.826782527501, 94.873429724, 2.63748883556, 0.977314890035, 4.50928443573, 16.1288270782, 134.390163907, 0.0104168914635, 0.0
0.118734172985, 0.889385816592, 2.35223676457, 0.844981660554, 96.9178439399, 5.89595570429, 0.610345565714, 1.66780159988, 14.7746090064, 114.56171572, 0.0337544209802, 0.0
0.118155469375, 1.01557080747, 2.01981581643, 0.692384629892, 94.873429724, 1.48476449806, 0.189898571138, 0.865556393107, 18.975197471, 112.987778536, 0.0198285499116, 0.526315789474
0.127075860246, 1.07670767158, 2.88147261426, 0.855361230633, 96.1392429128, 1.82838541745, 0.186988840754, 0.320465640709, 14.9306578459, 180.984280649, 0.00939539180718, 0.0
0.121200569749, 0.969578515547, 7.26264876868, 0.838010514214, 85.4856579175, 1.09878845247, 0.910801431334, 3.17948633076, 18.0427926804, 380.340761276, 0.00676747580233, 0.0
0.180505371194, 1.01729426838, 6.89518878246, 0.729422755427, 97.6363546616, 1.23597259297, 0.212623130685, 0.913566400653, 15.7358998446, 574.659571855, 0.0058619306112, 0.222222222222
0.165413579435, 0.832827341647, 3.72762577489, 0.826782527501, 94.873429724, 2.63748883556, 0.977314890035, 4.50928443573, 16.1288270782, 122.820149795, 0.029900266141, 0.0
0.104288548735, 1.01557080747, 2.04669810076, 0.813769075383, 94.873429724, 8.87620836968, 0.189898571138, 1.66780159988, 19.9462162824, 105.816316102, 0.0562902511215, 0.230769230769
0.142638076247, 0.869929104118, 2.01018580181, 0.844981660554, 89.1667032593, 8.21218802598, 0.343348093323, 1.74688951475, 14.7746090064, 106.071153519, 0.09228744854, 0.28125
0.156433704135, 0.869929104118, 3.16708384573, 0.87178493213, 89.1667032593, 2.0876871034, 0.220569247188, 4.91162604131, 15.0469991379, 169.175198663, 0.00966552389282, 0.0
0.118155469375, 1.01557080747, 2.04669810076, 0.692384629892, 84.5277416509, 3.42411150828, 0.189898571138, 1.66780159988, 18.975197471, 101.291029982, 0.0390972568823, 0.589285714286
0.158861654965, 1.0998902521, 3.44711841804, 0.886413454855, 96.1392429128, 1.14192512946, 0.0600338556381, 4.32077740916, 15.0410907837, 235.102457258, 0.00809518028971, 0.0
0.18704398786, 0.869929104118, 3.16708384573, 0.87178493213, 87.4316147344, 4.90964273989, 0.746010539449, 4.91162604131, 15.0469991379, 125.162138848, 0.0296143928827, 0.0
0.165413579435, 1.2574581116, 2.48804608772, 0.670768016847, 83.9392301193, 1.5060582688, 1.39985091371, 3.59449270156, 11.6112032983, 285.633681904, 0.00688781286876, 0.0
0.118734172985, 0.99734928978, 2.35223676457, 0.809846999311, 94.2562263529, 1.05003635543, 0.0763757870373, 1.06443102476, 14.7746090064, 143.279610672, 0.0103903352738, 0.230769230769
0.121200569749, 0.969578515547, 6.98185365036, 0.884680844843, 85.4856579175, 1.14192512946, 0.910801431334, 4.48186794382, 17.1687729224, 441.097793934, 0.00672990991956, 0.466666666667
0.188451084073, 1.10728762268, 2.66575781023, 0.855361230633, 83.3862850084, 2.78017004653, 0.220569247188, 0.865556393107, 11.8730357554, 106.333402033, 0.0458192259304, 0.2
0.114819052904, 1.06378754832, 5.5763172157, 0.809846999311, 95.4541187738, 1.09491689532, 1.52240590281, 3.13707331767, 18.3876860309, 591.875971264, 0.00663267836927, 0.0
0.118734172985, 0.862892132507, 2.01981581643, 0.809846999311, 93.1672219389, 4.90964273989, 0.471506216427, 1.82850875627, 11.4145806266, 117.623048365, 0.0397228420624, 0.0
0.125203612113, 1.06378754832, 5.5763172157, 0.735850705114, 95.4541187738, 1.09491689532, 1.52240590281, 1.27316929684, 17.899250614, 714.240344464, 0.00674567821086, 0.0
0.17397885194, 0.832827341647, 2.35223676457, 0.753768935412, 94.2562263529, 2.63748883556, 0.182389765526, 1.74688951475, 14.7746090064, 106.11936731, 0.0418432783174, 0.294117647059
0.118734172985, 0.869929104118, 2.35223676457, 0.844981660554, 89.1667032593, 5.89595570429, 0.343348093323, 1.74688951475, 14.7746090064, 120.454072221, 0.0468481800072, 0.0
0.104288548735, 1.01557080747, 2.04669810076, 0.813769075383, 94.873429724, 8.87620836968, 0.189898571138, 0.320465640709, 19.9462162824, 120.768621638, 0.0445103380964, 0.0
0.156433704135, 0.885812572034, 6.89464443802, 0.933324189296, 89.1667032593, 2.0876871034, 0.846784934482, 3.40170562907, 11.6934144503, 260.7815872, 0.00790279426083, 0.0
