0.41627036963, 0.997461469122, 0.544664457749, 0.487010120442, 0.463999901404, 0.438340816643, 0.537615455549, 0.481545332071, 0.481433176234, 0.277624044779, 0.523583925639, 0.524333355092, 0.00335478797436, 0.841318518203, 0.644739842144
0.00147502602628, 0.473295782247, 0.515469683759, 0.521351714838, 0.542338925357, 0.525381750712, 0.564409611598, 0.466639008944, 0.52217194052, 0.428499041063, 0.571385016113, 0.587685540491, 0.755850303513, 0.694957705151, 0.00237901661756
0.20193006537, 0.398043616644, 0.519537559536, 0.521351714838, 0.454997835575, 0.521881134657, 0.545655800582, 0.537518841829, 0.570038818264, 0.470782829495, 0.502589346605, 0.43283602167, 0.783553428308, 0.56561409518, 0.317235669023
0.264578684282, 0.292461008128, 0.544664457749, 0.521351714838, 0.472210603439, 0.521881134657, 0.545655800582, 0.412694909189, 0.481433176234, 0.470782829495, 0.384335434904, 0.513771066364, 0.84312442101, 0.417091605282, 0.415113454026
0.0294965031428, 0.999191647687, 0.5009162694, 0.52145062993, 0.466079288456, 0.521881134657, 0.498538818826, 0.436907489201, 0.481433176234, 0.470782829495, 0.432634501296, 0.480691983525, 0.00128384596519, 1.01109537724, 0.0468806704338
0.630161117619, 0.189397042177, 0.490069493824, 0.521351714838, 0.454997835575, 0.479150702767, 0.545655800582, 0.477933286456, 0.570038818264, 0.608753654455, 0.502589346605, 0.43283602167, 0.538783654722, 0.165193067027, 0.858379978769
0.345978732913, 0.473295782247, 0.515469683759, 0.521351714838, 0.542338925357, 0.525381750712, 0.564409611598, 0.466639008944, 0.52217194052, 0.428499041063, 0.523583925639, 0.587685540491, 0.644091496488, 0.592202379526, 0.528604055635
0.345978732913, 0.295812668049, 0.544664457749, 0.245496759208, 0.440076724445, 0.614278732361, 0.559964650274, 0.552850956801, 0.481433176234, 0.470782829495, 0.523583925639, 0.538293692936, 0.836354703396, 0.419237805487, 0.56520698657
0.264578684282, 0.473295782247, 0.544664457749, 0.492950664462, 0.411333307224, 0.521881134657, 0.604711300764, 0.474637131038, 0.31031573069, 0.470782829495, 0.384335434904, 0.570677447109, 0.725465314895, 0.667020583391, 0.434906915704
0.650639665323, 0.456543618674, 0.5009162694, 0.52145062993, 0.466079288456, 0.521881134657, 0.545655800582, 0.436907489201, 0.481433176234, 0.470782829495, 0.432634501296, 0.480691983525, 0.398764554076, 0.347728786407, 0.865334926226
0.498320417803, 0.31134340999, 0.598731048204, 0.345736651734, 0.440076724445, 0.467607975314, 0.564409611598, 0.537518841829, 0.534615269715, 0.473377872665, 0.4933363196, 0.480691983525, 0.654692353008, 0.348412590614, 0.737725926368
0.00147502602628, 0.554402054926, 0.477761497339, 0.521351714838, 0.542338925357, 0.525381750712, 0.564409611598, 0.477933286456, 0.52217194052, 0.428499041063, 0.571385016113, 0.414183491447, 0.660977418854, 0.784829848985, 0.00237740619625
0.585973987224, 0.463575250616, 0.644765868189, 0.521351714838, 0.542338925357, 0.612689803872, 0.51931447611, 0.537518841829, 0.510486346918, 0.592087344486, 0.571385016113, 0.487206040482, 0.475199677326, 0.423711501765, 0.836886763077
0.333297552164, 0.997461469122, 0.533228873447, 0.484299767981, 0.565649912754, 0.505529497364, 0.498538818826, 0.434546243214, 0.382163475502, 0.644872796796, 0.523583925639, 0.505695770835, 0.0036103132352, 0.905399507958, 0.522668956576
0.825878293592, 0.999993673511, 0.477761497339, 0.487010120442, 0.454997835575, 0.614278732361, 0.488201266225, 0.477933286456, 0.701952206373, 0.592087344486, 0.502589346605, 0.480691983525, 2.8614873538e-06, 0.287944792907, 1.02639335551
3.56008293459e-05, 4.01053569472e-05, 0.485469474098, 0.533520519136, 0.440076724445, 0.459119107303, 0.399197269125, 0.474637131038, 0.514937899809, 0.470782829495, 0.52336826134, 0.480691983525, 1.01939692883, 6.42193025257e-05, 5.7006360443e-05
0.407708583713, 0.292461008128, 0.544664457749, 0.515431170813, 0.542338925357, 0.547708407808, 0.576302814562, 0.481545332071, 0.469544408195, 0.470782829495, 0.412159826453, 0.463349984519, 0.735455139325, 0.363827872885, 0.611463449426
0.20193006537, 0.999993673511, 0.477761497339, 0.487010120442, 0.477295100928, 0.614278732361, 0.488201266225, 0.537518841829, 0.481433176234, 0.592087344486, 0.451078335458, 0.480691983525, 9.70037278042e-06, 0.97612586953, 0.320437544533
0.175538646929, 0.936564468488, 0.485469474098, 0.56099564937, 0.565649912754, 0.487094940835, 0.604711300764, 0.434546243214, 0.481433176234, 0.470782829495, 0.4933363196, 0.587685540491, 0.0988410724725, 0.988653894736, 0.281126990653
0.407708583713, 0.152807409802, 0.516045836049, 0.521351714838, 0.477295100928, 0.521129247456, 0.51931447611, 0.474637131038, 0.475243730373, 0.470782829495, 0.412159826453, 0.43283602167, 0.791614177342, 0.193745809915, 0.607328693535
4.48897991834e-06, 1.35924338708e-05, 0.485469474098, 0.354722802509, 0.411333307224, 0.614278732361, 0.551433593381, 0.436907489201, 0.227493067081, 0.459599807162, 0.411079337588, 0.0465459696759, 1.33828373637, 2.85736227169e-05, 9.43660420213e-06
0.56514098194, 0.743554985385, 0.544664457749, 0.521351714838, 0.520649683988, 0.518268349274, 0.576302814562, 0.481545332071, 0.511838697783, 0.470782829495, 0.523583925639, 0.319327559701, 0.25821333268, 0.60595721565, 0.80942701404
0.264578684282, 0.59759047901, 0.548535313475, 0.521351714838, 0.542338925357, 0.505529497364, 0.472738172261, 0.537518841829, 0.477013480569, 0.65243070353, 0.523583925639, 0.587685540491, 0.561517300546, 0.766742676873, 0.41940086284
3.56008293459e-05, 0.292461008128, 0.544664457749, 0.487010120442, 0.486224926, 0.547708407808, 0.576302814562, 0.481545332071, 0.469544408195, 0.470782829495, 0.530209902501, 0.43283602167, 0.912451263946, 0.451387426264, 5.6928074702e-05
0.208670025082, 0.657107757314, 0.576299248779, 0.419473300819, 0.477295100928, 0.505529497364, 0.564409611598, 0.537518841829, 0.577837690713, 0.530348743334, 0.571385016113, 0.641815153227, 0.510208431995, 0.853838154695, 0.338228981178
0.20193006537, 0.0182282452474, 0.519537559536, 0.521351714838, 0.454997835575, 0.521881134657, 0.545655800582, 0.494514595344, 0.570038818264, 0.470782829495, 0.502589346605, 0.43283602167, 0.964667800209, 0.0276287495283, 0.316806005227
0.813317927422, 4.01053569472e-05, 0.485469474098, 0.498599045778, 0.440076724445, 0.525381750712, 0.399197269125, 0.474637131038, 0.514937899809, 0.459599807162, 0.523583925639, 0.458869893998, 0.294649853141, 1.85621591776e-05, 0.975842052492
0.00147502602628, 0.904731952435, 0.544664457749, 0.361115686545, 0.542338925357, 0.614278732361, 0.559964650274, 0.552850956801, 0.481433176234, 0.470782829495, 0.523583925639, 0.587685540491, 0.156836257703, 1.04020850148, 0.00243737201188
0.00147502602628, 0.797917155025, 0.477761497339, 0.521351714838, 0.542338925357, 0.521881134657, 0.604711300764, 0.477933286456, 0.52217194052, 0.428499041063, 0.540262995005, 0.587685540491, 0.321360985112, 0.9781466831, 0.00238551551793
0.322030927082, 0.888097190871, 0.431438825065, 0.497921956169, 0.477295100928, 0.505529497364, 0.604711300764, 0.450452931949, 0.55837674917, 0.470782829495, 0.502589346605, 0.480691983525, 0.156538624607, 0.881363911195, 0.495842252275
0.99945000524, 0.00107602660295, 0.377331225694, 0.521351714838, 0.5038431231, 0.521881134657, 0.604711300764, 0.474637131038, 0.486151121313, 0.515804226732, 0.456489627991, 0.524333355092, 0.000890305556707, 1.5048124762e-06, 1.03053125428
0.46653065354, 0.554402054926, 0.510750637789, 0.372146739188, 0.542338925357, 0.525381750712, 0.564409611598, 0.481545332071, 0.52217194052, 0.664512524956, 0.571385016113, 0.587685540491, 0.509320758124, 0.604756111603, 0.711604432092
0.740953820701, 2.52089280529e-05, 0.485469474098, 0.533520519136, 0.565649912754, 0.518268349274, 0.551433593381, 0.474637131038, 0.514937899809, 0.459599807162, 0.571385016113, 0.458869893998, 0.402860662969, 1.59525134378e-05, 0.934796173291
0.0902807081056, 0.703771506446, 0.544664457749, 0.487010120442, 0.463999901404, 0.521881134657, 0.618013752078, 0.658241821821, 0.512441542646, 0.470782829495, 0.523583925639, 0.572712202773, 0.466302082391, 0.928730400677, 0.148370419163
0.590712169468, 0.31134340999, 0.598731048204, 0.686070324619, 0.440076724445, 0.467607975314, 0.564409611598, 0.537518841829, 0.546054993182, 0.487361122104, 0.4933363196, 0.480691983525, 0.559553587788, 0.297781872987, 0.846187646147
0.798473104447, 0.999997453296, 0.753763237748, 0.487010120442, 0.542338925357, 0.525381750712, 0.488201266225, 0.481545332071, 0.491862513311, 0.158600624599, 0.571385016113, 0.616050997203, 1.49767623515e-06, 0.374386048392, 1.14290728052
0.397514998778, 0.554402054926, 0.544664457749, 0.487010120442, 0.542338925357, 0.505529497364, 0.564409611598, 0.537518841829, 0.511838697783, 0.470782829495, 0.492117916532, 0.636206654462, 0.537857263294, 0.638639721549, 0.601665327095
0.345978732913, 0.192854405981, 0.544664457749, 0.373886897164, 0.440076724445, 0.614278732361, 0.559964650274, 0.552850956801, 0.481433176234, 0.470782829495, 0.523583925639, 0.538293692936, 0.853025408957, 0.26661737371, 0.539937544709
0.397514998778, 0.408719857814, 0.497810152448, 0.372146739188, 0.542338925357, 0.525381750712, 0.624759744532, 0.537518841829, 0.510475064602, 0.428499041063, 0.571385016113, 0.487206040482, 0.679813272552, 0.508283844046, 0.611657172741
0.650639665323, 0.660558716122, 0.515469683759, 0.521351714838, 0.542338925357, 0.525381750712, 0.564409611598, 0.466639008944, 0.52217194052, 0.428499041063, 0.571385016113, 0.587685540491, 0.272244108673, 0.461263087026, 0.876014305151
0.766216133832, 0.987222216774, 0.544664457749, 0.487010120442, 0.382189327413, 0.521881134657, 0.564409611598, 0.436907489201, 0.511838697783, 0.470782829495, 0.523583925639, 0.538293692936, 0.00740504706375, 0.368887640884, 0.959149351906
0.115020662751, 0.783305386551, 0.471935566526, 0.531441287216, 0.565649912754, 0.505529497364, 0.498538818826, 0.485203457386, 0.452007053346, 0.644872796796, 0.523583925639, 0.413835015045, 0.340765707904, 0.962158439308, 0.186450879853
0.351778675465, 0.778865238095, 0.475165720021, 0.521351714838, 0.433974101141, 0.518268349274, 0.42010204486, 0.436907489201, 0.481433176234, 0.470782829495, 0.475615951015, 0.365997796879, 0.300149225375, 0.829056846914, 0.543711226258
0.264578684282, 0.364865878248, 0.548535313475, 0.521351714838, 0.440076724445, 0.505529497364, 0.472738172261, 0.537518841829, 0.477013480569, 0.65243070353, 0.571385016113, 0.538293692936, 0.798593924541, 0.515407206867, 0.419447489048
0.89351108594, 0.99929120761, 0.485469474098, 0.450672581571, 0.463999901404, 0.505529497364, 0.537615455549, 0.436907489201, 0.52217194052, 0.428499041063, 0.62053275246, 0.538293692936, 0.000191108449361, 0.171648805666, 1.0165754038
0.175538646929, 0.152807409802, 0.485469474098, 0.521351714838, 0.477295100928, 0.521129247456, 0.51931447611, 0.474637131038, 0.475243730373, 0.470782829495, 0.412159826453, 0.43283602167, 0.949910008557, 0.232488362667, 0.276702985099
4.48897991834e-06, 0.888097190871, 0.485469474098, 0.56099564937, 0.189989128531, 0.487094940835, 0.8358802999, 0.436907489201, 0.511838697783, 0.462068376539, 0.412159826453, 0.480691983525, 0.214510939444, 1.20776709938, 8.64957669235e-06
0.264578684282, 0.847407651233, 0.477761497339, 0.520372717113, 0.440076724445, 0.521881134657, 0.498538818826, 0.537518841829, 0.486151121313, 0.592087344486, 0.540262995005, 0.480691983525, 0.220898115728, 0.903876339296, 0.410623876898
5.95907138512e-06, 0.999997453296, 0.666315266394, 0.521351714838, 0.428715940192, 0.148128855445, 0.498538818826, 0.115595444536, 0.382163475502, 0.459599807162, 0.52336826134, 0.480691983525, 5.28533348807e-06, 1.32121687758, 1.23672339924e-05
0.264578684282, 0.192854405981, 0.548535313475, 0.521351714838, 0.440076724445, 0.505529497364, 0.472738172261, 0.537518841829, 0.481433176234, 0.470782829495, 0.571385016113, 0.414183491447, 0.892638250701, 0.278998566251, 0.412718358622
0.740953820701, 0.554402054926, 0.510750637789, 0.372146739188, 0.542338925357, 0.525381750712, 0.564409611598, 0.481545332071, 0.52217194052, 0.664512524956, 0.571385016113, 0.587685540491, 0.271193895278, 0.3220095843, 0.976873664162
4.48897991834e-06, 9.26336411355e-06, 0.720122637453, 0.157757848015, 0.411333307224, 0.614278732361, 0.213957038633, 0.436907489201, 0.839992427412, 0.459599807162, 0.411079337588, 0.0465459696759, 1.60306078575, 2.33259103788e-05, 1.13036195047e-05
0.20193006537, 0.473295782247, 0.519537559536, 0.521351714838, 0.454997835575, 0.521881134657, 0.545655800582, 0.537518841829, 0.570038818264, 0.470782829495, 0.502589346605, 0.32929885382, 0.728607472894, 0.669909603747, 0.324917078745
4.85353547104e-05, 0.15220002721, 0.519537559536, 0.521351714838, 0.454997835575, 0.518268349274, 0.491947581359, 0.537518841829, 0.570038818264, 0.470782829495, 0.502589346605, 0.43283602167, 0.986078103171, 0.240343509259, 7.73786141575e-05
0.517953083691, 0.872730043147, 0.377331225694, 0.428651227713, 0.477295100928, 0.479150702767, 0.582576608805, 0.537518841829, 0.481433176234, 0.459599807162, 0.523583925639, 0.480691983525, 0.140801503043, 0.694898327829, 0.750180864213
0.269835159965, 0.723574991016, 0.573583516022, 0.426877219435, 0.542338925357, 0.505529497364, 0.518454414889, 0.650249690134, 0.481433176234, 0.428499041063, 0.571385016113, 0.563797092944, 0.402684853448, 0.868373239896, 0.431892931312
6.77815526521e-05, 0.396944010253, 0.638352923221, 0.518366757434, 0.618856393702, 0.521881134657, 0.545655800582, 0.436907489201, 0.632425943435, 0.459599807162, 0.523583925639, 0.609027780611, 0.870087452097, 0.625796217036, 0.000114111552241
0.397514998778, 0.999997450164, 0.547339926859, 0.372146739188, 0.542338925357, 0.525381750712, 0.564409611598, 0.269268873981, 0.514937899809, 0.428499041063, 0.540262995005, 0.718188037743, 3.68159249314e-06, 0.919186444887, 0.662361571914
0.345978732913, 0.618215321037, 0.485469474098, 0.373886897164, 0.440076724445, 0.459119107303, 0.559964650274, 0.539532483888, 0.481433176234, 0.459599807162, 0.523583925639, 0.498902767783, 0.497126561791, 0.727106546237, 0.532134864752
0.407708583713, 0.00107602660295, 0.544664457749, 0.515431170813, 0.475414656261, 0.547708407808, 0.537615455549, 0.481545332071, 0.469544408195, 0.470782829495, 0.523583925639, 0.43283602167, 0.812838643289, 0.00137387633082, 0.605734696868
0.852832704964, 0.743554985385, 0.544664457749, 0.515884879089, 0.405867547657, 0.505529497364, 0.498538818826, 0.450452931949, 0.382163475502, 0.473377872665, 0.523583925639, 0.480691983525, 0.0924328824005, 0.216915104548, 1.0017434066
0.625156347008, 1.11326516348e-05, 0.485469474098, 0.533520519136, 0.542338925357, 0.578414920971, 0.551433593381, 0.436907489201, 0.511838697783, 0.428499041063, 0.607362567335, 0.626489432762, 0.582401880596, 1.01845364065e-05, 0.872089579351
0.650639665323, 0.997461469122, 0.533228873447, 0.484299767981, 0.565649912754, 0.505529497364, 0.498538818826, 0.481545332071, 0.382163475502, 0.644872796796, 0.523583925639, 0.505695770835, 0.00216636192876, 0.543283337642, 0.888567714298
3.56008293459e-05, 0.613077894165, 0.548535313475, 0.487010120442, 0.486224926, 0.547708407808, 0.576302814562, 0.481545332071, 0.469544408195, 0.470782829495, 0.530209902501, 0.43283602167, 0.581526081245, 0.835990416028, 5.69482491575e-05
0.683688350004, 0.102223633711, 0.548535313475, 0.497921956169, 0.472210603439, 0.521881134657, 0.556807253976, 0.481545332071, 0.587153562906, 0.623271779159, 0.535270770407, 0.550849222842, 0.486440845433, 0.0787873320373, 0.908796087979
4.48897991834e-06, 0.181835819099, 0.544664457749, 0.521351714838, 0.472210603439, 0.521881134657, 0.545655800582, 0.0946909777958, 0.481433176234, 0.459599807162, 0.384335434904, 0.563797092944, 1.14129509841, 0.335148822619, 8.387397504e-06
0.683688350004, 0.295812668049, 0.485469474098, 0.521351714838, 0.472210603439, 0.521881134657, 0.621650359024, 0.450452931949, 0.512441542646, 0.470782829495, 0.432634501296, 0.570677447109, 0.438790861719, 0.219951794601, 0.905203821503
0.115020662751, 4.04351725236e-06, 0.471935566526, 0.531441287216, 0.565649912754, 0.614278732361, 0.498538818826, 0.485203457386, 0.452007053346, 0.470782829495, 0.523583925639, 0.413835015045, 1.01373062322, 6.43875267813e-06, 0.185174085956
0.269835159965, 0.999997203652, 0.485469474098, 0.728059106591, 0.542338925357, 0.505529497364, 0.551433593381, 0.436907489201, 0.511838697783, 0.428499041063, 0.607362567335, 0.626489432762, 4.37795590041e-06, 0.996690546198, 0.449712387672
0.922127750343, 0.99929120761, 0.477761497339, 0.450672581571, 0.463999901404, 0.505529497364, 0.537615455549, 0.757637721841, 0.52217194052, 0.592087344486, 0.62053275246, 0.538293692936, 0.000149028561925, 0.133853708458, 1.08881585367
0.46653065354, 2.52089280529e-05, 0.713009310951, 0.491871206305, 0.565649912754, 0.525381750712, 0.551433593381, 0.474637131038, 0.514937899809, 0.459599807162, 0.571385016113, 0.458869893998, 0.789612954336, 3.12671661012e-05, 0.710665287181
0.498320417803, 0.189397042177, 0.519537559536, 0.555973408115, 0.454997835575, 0.521881134657, 0.564409611598, 0.537518841829, 0.481433176234, 0.468951547312, 0.502589346605, 0.43283602167, 0.689620709188, 0.21144026742, 0.717510929769
0.21306581713, 0.783305386551, 0.471935566526, 0.531441287216, 0.565649912754, 0.505529497364, 0.498538818826, 0.485203457386, 0.452007053346, 0.644872796796, 0.523583925639, 0.487206040482, 0.324894299907, 0.917345217808, 0.338438528099
2.52287230011e-05, 0.999993673511, 0.544664457749, 0.419076941645, 0.290124025482, 0.525381750712, 0.428791810038, 0.436907489201, 0.481433176234, 0.470867147832, 0.571385016113, 0.636206654462, 1.08034743616e-05, 1.0871284067, 4.30820132292e-05
0.498320417803, 0.456543618674, 0.598731048204, 0.345736651734, 0.440076724445, 0.467607975314, 0.564409611598, 0.537518841829, 0.534615269715, 0.473377872665, 0.432634501296, 0.480691983525, 0.561359786675, 0.489514314558, 0.740895061929
0.269835159965, 2.09259816927e-05, 0.573583516022, 0.521351714838, 0.454997835575, 0.518268349274, 0.551433593381, 0.494514595344, 0.540263763535, 0.459599807162, 0.451078335458, 0.414183491447, 0.933309476316, 3.0678307319e-05, 0.42111449221
0.564107094391, 0.00107602660295, 0.377331225694, 0.521351714838, 0.454997835575, 0.465249971161, 0.545655800582, 0.481545332071, 0.469544408195, 0.65243070353, 0.412159826453, 0.423226384816, 0.66971115347, 0.00113195934991, 0.820260340326
0.545079577751, 0.618215321037, 0.485469474098, 0.487010120442, 0.542338925357, 0.487094940835, 0.316990752824, 0.434546243214, 0.477013480569, 0.510530466399, 0.523583925639, 0.486026216007, 0.385205716458, 0.563409038284, 0.786716097527
0.00147502602628, 0.692875681934, 0.477761497339, 0.521351714838, 0.542338925357, 0.521881134657, 0.604711300764, 0.477933286456, 0.52217194052, 0.428499041063, 0.540262995005, 0.587685540491, 0.477658116264, 0.91207814379, 0.00238551551793
0.498320417803, 0.999993673511, 0.477761497339, 0.487010120442, 0.477295100928, 0.614278732361, 0.488201266225, 0.477933286456, 0.481433176234, 0.592087344486, 0.523583925639, 0.480691983525, 7.21892486984e-06, 0.726423558677, 0.722600616103
0.177362553365, 0.554402054926, 0.477761497339, 0.581393553208, 0.477295100928, 0.611880345045, 0.488201266225, 0.537518841829, 0.481433176234, 0.434424915965, 0.523583925639, 0.481902818865, 0.636199033911, 0.7554085472, 0.282498198427
0.351778675465, 0.354082906945, 0.475165720021, 0.521351714838, 0.433974101141, 0.518268349274, 0.42010204486, 0.436907489201, 0.481433176234, 0.470782829495, 0.475615951015, 0.365997796879, 0.748817226417, 0.465507867097, 0.543711226258
0.89351108594, 0.152807409802, 0.359007404009, 0.521351714838, 0.477295100928, 0.521129247456, 0.51931447611, 0.474637131038, 0.475243730373, 0.470782829495, 0.412159826453, 0.481593937513, 0.166868485811, 0.0408406909048, 1.01743252229
0.102132889086, 0.192854405981, 0.548535313475, 0.521351714838, 0.440076724445, 0.505529497364, 0.472738172261, 0.404551028396, 0.481433176234, 0.470782829495, 0.571385016113, 0.414183491447, 0.970423182249, 0.303310637083, 0.164526212934
0.160325329789, 0.999997453296, 0.510750637789, 0.521351714838, 0.542338925357, 0.525381750712, 0.491947581359, 0.481545332071, 0.52217194052, 0.158600624599, 0.317918049738, 0.3195938099, 4.5953763508e-06, 1.14874280066, 0.295572840888
1.67477955726e-07, 9.26336411355e-06, 0.957176771561, 0.157757848015, 0.411333307224, 0.614278732361, 0.213957038633, 0.28179521567, 0.839992427412, 0.459599807162, 0.411079337588, 0.0465459696759, 1.80725007369, 2.62970397789e-05, 4.75440067991e-07
0.465364479813, 0.703771506446, 0.544664457749, 0.487010120442, 0.463999901404, 0.521881134657, 0.468584808119, 0.41663714481, 0.382163475502, 0.470782829495, 0.523583925639, 0.480691983525, 0.343266597705, 0.683681537922, 0.685996959881
0.422269819144, 0.888097190871, 0.485469474098, 0.56099564937, 0.486224926, 0.487094940835, 0.525587667259, 0.436907489201, 0.469544408195, 0.510530466399, 0.412159826453, 0.480691983525, 0.140280786663, 0.789826939579, 0.626834401935
4.48897991834e-06, 0.037444147022, 0.544664457749, 0.521351714838, 0.472210603439, 0.521881134657, 0.596801446959, 0.0946909777958, 0.481433176234, 0.459599807162, 0.384335434904, 0.563797092944, 1.19470353664, 0.0703501746844, 8.43877355983e-06
0.964655027077, 0.999950981859, 0.485469474098, 0.372146739188, 0.404462112634, 0.578414920971, 0.657770235241, 0.436907489201, 0.583029263537, 0.646845404073, 0.62053275246, 0.664492258778, 4.83133841271e-06, 0.062746679223, 1.12900708354
0.922127750343, 0.999994111603, 0.477761497339, 0.546655039943, 0.463999901404, 0.61302789017, 0.537615455549, 0.946276524666, 0.481433176234, 0.428499041063, 0.902350407126, 0.538293692936, 1.56437123996e-06, 0.169130863485, 1.37577250194
4.48897991834e-06, 0.738443708912, 0.485469474098, 0.56099564937, 0.189989128531, 0.462145081471, 0.461899428896, 0.436907489201, 0.511838697783, 0.462068376539, 0.571385016113, 0.480691983525, 0.444901275748, 1.02124934483, 7.85477450173e-06
