0.126959591914, 0.0476383995643, 7.51003833797e-05, 0.234511875436, 0.00104728235644, 0.53878828358, 0.122960458119, 0.357180765923, 0.651320184155, 0.937269849796, 0.749466020199, 0.0340911222801, 0.469855716712, 0.375723624765, 1.7533132929, 0.676760665269, 0.000221706944658, 0.140898375902, 0.380917794252
0.000855062654207, 2.68372299068e-05, 0.106508921086, 0.991037895988, 0.455987886953, 0.535293880267, 0.702539344173, 0.502053857742, 0.983130928378, 0.724607937071, 0.000487304018586, 0.982538310877, 0.245401692364, 0.564982878453, 0.0260882213069, 1.85304481303, 0.312977808098, 7.92306401499e-05, 0.00252437388117
0.999852989032, 2.68372299068e-05, 0.0117297705791, 0.613556944939, 0.153803946316, 0.568361100378, 0.985411806516, 0.685307515778, 0.399746688487, 0.247889953805, 0.358867849274, 0.101302630404, 0.677256082755, 0.318646150195, 0.000225380833114, 0.000324523693085, 7.28076297483e-06, 1.6659027104e-08, 1.71128541538
0.999852989032, 0.995022420289, 0.0117297705791, 0.613556944939, 0.153803946316, 0.568361100378, 0.985411806516, 0.601429773905, 0.399746688487, 0.247889953805, 0.752378416577, 0.101302630404, 0.989043122942, 0.318646150195, 1.9964159994e-06, 2.87462018889e-06, 6.44927587227e-08, 0.000447691843447, 1.93875457135
0.000581859619552, 0.0908224143291, 0.99936929434, 0.000644187658359, 0.153803946316, 0.94322789237, 0.533270961185, 0.357180765923, 0.501574567175, 0.58783892492, 0.773816159308, 0.0344794815584, 0.975680880019, 0.620709673944, 0.00184170176189, 1.86359582566e-06, 1.85897169918, 0.267021582103, 0.00171650808368
0.999852989032, 0.999301507925, 0.999663243528, 0.000644187658359, 0.153803946316, 0.535293880267, 0.702539344173, 0.211639815539, 0.501574567175, 0.704779306192, 0.773816159308, 0.35463279456, 0.501243375631, 0.620709673944, 1.87352150926e-10, 1.89579384469e-13, 3.54179187178e-07, 0.000322805973789, 1.39788743861
2.71530864859e-06, 0.545523196435, 0.0517654474412, 0.196449474428, 0.626487005175, 0.618666908885, 0.829491009732, 0.565966580468, 0.619270670022, 0.565610084069, 0.0014159759532, 0.35463279456, 0.245401692364, 0.377509609959, 0.939566798131, 0.299500857835, 0.0803637663807, 1.14209625624, 6.44500561571e-06
0.115613057143, 0.999816322574, 0.00375775858418, 0.37478440564, 0.00104728235644, 0.771154916785, 0.375873914329, 0.357180765923, 0.939878617969, 0.617566599106, 0.749466020199, 0.35463279456, 0.245401692364, 0.380932131525, 0.000407798234459, 0.000272282353423, 2.8943731383e-06, 1.69954479277, 0.312083534633
0.00114429602584, 0.126888515182, 0.823256645104, 0.722051788628, 0.202528441329, 0.519833547175, 0.146319213973, 0.600120033819, 0.456518375406, 0.588610865445, 0.370870086258, 0.0116539471221, 0.39166575139, 0.443038378557, 0.17084184703, 0.366115591874, 1.41765508617, 0.297765498098, 0.0027031507194
0.000617433995455, 0.261976337697, 0.106508921086, 0.986425789481, 0.455987886953, 0.535293880267, 0.459465041551, 0.696528904089, 0.983130928378, 0.724607937071, 0.000487304018586, 0.0340911222801, 0.469855716712, 0.564982878453, 0.0346635911024, 1.62544871943, 0.27457221747, 0.719602437382, 0.00174481158459
0.000581859619552, 0.216020974647, 0.99936929434, 0.000644187658359, 0.153803946316, 0.94322789237, 0.533270961185, 0.357180765923, 0.501574567175, 0.470412673982, 0.773816159308, 0.571419335631, 0.975680880019, 0.620709673944, 0.00155043257402, 1.56886404341e-06, 1.56497123271, 0.55239997373, 0.00151684954216
0.24600299633, 2.68372299068e-05, 0.00888580440727, 0.983435281881, 0.341770540176, 0.812541967353, 0.985411806516, 0.601429773905, 0.0314638948764, 0.247889953805, 0.193254642928, 0.479785059705, 0.609802272035, 0.318092631285, 0.0431649828537, 1.65855401577, 0.023159089587, 6.99481965782e-05, 0.675121501341
0.000855062654207, 0.111079640017, 0.020487803932, 0.962256424484, 0.548460562999, 0.960257052443, 0.640873956124, 0.674489071933, 0.202996081886, 0.565610084069, 0.39401030144, 0.5537801234, 0.420500861341, 0.377509609959, 0.0812111783418, 1.36818123283, 0.0441237692053, 0.2417271863, 0.0018702304307
0.429666920047, 0.240535873989, 0.33398231883, 0.401194473401, 0.39630971684, 0.535293880267, 0.000886829721567, 0.294400639218, 0.399746688487, 0.365538006482, 0.562314032295, 0.5537801234, 0.394401052042, 0.564982878453, 0.686909146939, 0.501040555571, 0.492035077444, 0.389891220347, 0.845814625011
0.000350628536058, 0.43105335471, 0.679186794306, 0.844217521011, 0.496301350399, 0.837593429862, 0.603784403759, 0.660175156899, 0.554665011687, 0.566872812257, 0.838783604706, 0.674551042461, 0.886350390898, 0.564982878453, 0.132808737418, 0.531859042528, 0.994143597359, 0.912609435164, 0.000802247016891
0.0741589539468, 0.121757671184, 0.541354376044, 0.000688619601842, 0.626487005175, 0.771154916785, 0.375873914329, 0.502053857742, 0.724004952102, 0.737671782786, 0.118787736091, 0.217968453367, 0.252363543481, 0.564982878453, 0.966238163358, 0.00104516200677, 1.10069443908, 0.283586541814, 0.174571940177
0.0667569329251, 0.339408679337, 0.235607401845, 0.844217521011, 0.544694375062, 0.622290257922, 0.347571817517, 0.601429773905, 0.403064667129, 0.565610084069, 0.280701258856, 0.306340663762, 0.666730149057, 0.925224534861, 0.262779366458, 1.05235231475, 0.420815495581, 0.686596510931, 0.142181624316
0.462138306091, 0.999816322574, 0.0437156518853, 0.169664177216, 0.625649099851, 0.800195036104, 0.375873914329, 0.502053857742, 0.939878617969, 0.0929680843689, 0.280701258856, 0.35463279456, 0.72760447415, 0.380932131525, 0.000335532463458, 9.16010795048e-05, 2.39212602587e-05, 1.20835045218, 1.07253897887
0.999852989032, 0.111079640017, 0.149486254284, 0.0963360904845, 0.39630971684, 0.519833547175, 0.533270961185, 0.357180765923, 0.202996081886, 0.622706742662, 0.459457318606, 0.46242795224, 0.501243375631, 0.55301192383, 0.000249650850259, 3.80692877011e-05, 6.0413213989e-05, 4.57722558113e-05, 1.14178475436
0.128749530653, 0.0476383995643, 0.00375775858418, 0.234511875436, 0.00104728235644, 0.53878828358, 0.122960458119, 0.357180765923, 0.651320184155, 0.430058023274, 0.749466020199, 0.982538310877, 0.245401692364, 0.375723624765, 1.65510519365, 0.638853362076, 0.0104721809154, 0.133008570497, 0.364797333778
0.000855062654207, 2.68372299068e-05, 0.106508921086, 0.986425789481, 0.455987886953, 0.535293880267, 0.702539344173, 0.502053857742, 0.983130928378, 0.724607937071, 0.000487304018586, 0.0340911222801, 0.469855716712, 0.564982878453, 0.0378369448788, 1.77425395479, 0.299708527803, 7.58715087837e-05, 0.00241734832302
0.346958952531, 0.925932302657, 0.165263724344, 0.157857749578, 0.507917805585, 0.535293880267, 0.488402338174, 0.372862282296, 0.554665011687, 0.397250868417, 0.562314032295, 0.5537801234, 0.448146105674, 0.331702491929, 0.0994170822523, 0.0251696780036, 0.0272371059161, 0.907899743049, 0.554159896349
0.000581859619552, 0.542522632925, 0.999454989464, 0.000515614922305, 0.153803946316, 0.94322789237, 0.533270961185, 0.357180765923, 0.501574567175, 0.428383636295, 0.773816159308, 0.5537801234, 0.954657449056, 0.932498517989, 0.00102269388579, 8.28306575849e-07, 1.19459562713, 1.36587604941, 0.00165848974668
0.000350628536058, 0.43105335471, 0.679186794306, 0.0523837724444, 0.496301350399, 0.837593429862, 0.603784403759, 0.540554028291, 0.554665011687, 0.565610084069, 0.635834445737, 0.374702408997, 0.886350390898, 0.564982878453, 0.495598519611, 0.0408722323596, 0.901820212609, 0.827857904065, 0.000727744540387
0.502917269617, 0.240535873989, 0.540238601408, 0.251692621119, 0.496301350399, 0.618666908885, 0.413168517149, 0.503473958237, 0.786033028055, 0.505914281058, 0.670740364998, 0.47130752446, 0.791817555948, 0.702894333517, 0.502778354216, 0.209825465266, 0.618427391449, 0.327116928437, 0.894883214007
0.227208225961, 0.999755827463, 0.419323360623, 0.665571716533, 0.626487005175, 0.771154916785, 0.885332573387, 0.24278620302, 0.724004952102, 0.41240011685, 0.0014159759532, 0.35463279456, 0.72760447415, 0.380932131525, 0.000241960931046, 0.000417428931995, 0.000373433224501, 1.59073325711, 0.593129288527
0.0109267167429, 0.515122451843, 0.4826815422, 0.74844727788, 0.507917805585, 0.505947380108, 0.652379198678, 0.60222975989, 0.242483375827, 0.833345309996, 0.644272952729, 0.00679081060177, 0.638923093981, 0.584901923562, 0.289623558401, 0.69441778401, 0.712533352335, 1.08668210068, 0.0257747601051
0.683811286671, 0.216020974647, 0.99936929434, 0.000644187658359, 0.153803946316, 0.94322789237, 0.533270961185, 0.357180765923, 0.501574567175, 0.470412673982, 0.836950487403, 0.571419335631, 0.39166575139, 0.620709673944, 0.000660443336472, 6.68294655737e-07, 0.666636421173, 0.235307802371, 1.30436909359
0.223531939166, 0.339408679337, 0.235607401845, 0.844217521011, 0.544694375062, 0.622290257922, 0.347571817517, 0.601429773905, 0.646879955887, 0.565610084069, 0.280701258856, 0.306340663762, 0.666730149057, 0.925224534861, 0.250333432222, 1.00251009205, 0.40088454722, 0.654077462207, 0.471409105568
0.0147113802043, 0.261389323429, 0.0517654474412, 0.992947401072, 0.153803946316, 0.347694946499, 0.533270961185, 0.86854223026, 0.438247915031, 0.0246802634495, 0.315730095999, 0.56172585185, 0.666730149057, 0.588183118554, 0.0160221190446, 1.44621587152, 0.11786320823, 0.63171006412, 0.0365790558727
0.223531939166, 0.312321005309, 0.490489074099, 0.819772194461, 0.120160545223, 0.519833547175, 0.995007245363, 0.594486872074, 0.646879955887, 0.441185715943, 0.562314032295, 0.56172585185, 0.369464932488, 0.499169345724, 0.240460941363, 0.826567876247, 0.83548992228, 0.64077469663, 0.498180111148
0.0700849194177, 0.994402907699, 0.969214540201, 0.372578252942, 0.375514477151, 0.535293880267, 0.241519244082, 0.703636641774, 0.51166775326, 0.176337180995, 0.562314032295, 0.541407728948, 0.324662963021, 0.455559687138, 0.000446560522207, 0.000295931243741, 0.0110695600255, 1.26050569744, 0.139336701829
0.082922577387, 0.240535873989, 0.00350519494695, 0.251692621119, 0.496301350399, 0.184722281901, 0.0969605964737, 0.943021385319, 0.418439076743, 0.565610084069, 0.476822308383, 0.0050470234847, 0.245401692364, 0.564982878453, 1.51696096616, 0.633076260832, 0.00905056285608, 0.652422686203, 0.231670448402
0.340009540364, 0.041871369667, 0.586191325287, 0.372578252942, 0.375514477151, 0.535293880267, 0.241519244082, 0.703636641774, 0.51166775326, 0.176337180995, 0.562314032295, 0.541407728948, 0.324662963021, 0.455559687138, 0.549500288363, 0.364148409196, 0.86712871468, 0.0717450122795, 0.645598920737
0.149165116295, 0.00500398313181, 0.00588569965643, 0.030946999245, 0.00944119902609, 0.631981602931, 0.347571817517, 0.60222975989, 0.347162295847, 0.469046447941, 0.644272952729, 0.5537801234, 0.638923093981, 0.584901923562, 1.32728375021, 0.0645720355407, 0.0122859137339, 0.0104457669695, 0.317210293686
0.429666920047, 0.240535873989, 0.0437156518853, 0.169664177216, 0.625649099851, 0.800195036104, 0.375873914329, 0.294400639218, 0.939878617969, 0.0929680843689, 0.280701258856, 0.35463279456, 0.72760447415, 0.380932131525, 1.15794701541, 0.316122009561, 0.0825540147027, 0.477535924979, 1.03594758804
0.000422158990658, 0.545523196435, 0.149486254284, 0.44183390972, 0.375514477151, 0.618666908885, 0.241519244082, 0.536891698876, 0.651320184155, 0.565610084069, 0.00101299168576, 0.21271156253, 0.420500861341, 0.377509609959, 0.723383069977, 0.601952905068, 0.225130106798, 1.11695154627, 0.000979967853358
0.0284316373686, 0.000154202831, 0.582384838473, 0.364260768632, 0.153803946316, 0.347694946499, 0.533270961185, 0.744609877879, 0.438247915031, 0.0246802634495, 0.508796353252, 0.961717327782, 0.402485537545, 0.629019009749, 0.857122206154, 0.552027631342, 1.32455560405, 0.000404867614863, 0.0746984244879
0.429666920047, 0.000328830682973, 0.733200584115, 0.97225171851, 0.39630971684, 0.535293880267, 0.341682282896, 0.566350317554, 0.399746688487, 0.0469945100887, 0.562314032295, 0.5537801234, 0.347979931156, 0.74422340576, 0.0186371675369, 0.427315643368, 0.960140192958, 0.000542921536018, 0.841188987956
0.348333087616, 0.0908224143291, 0.99887055863, 0.96452176782, 0.548460562999, 0.771154916785, 0.533270961185, 0.307383095356, 0.202996081886, 0.651483022909, 0.000256146975198, 0.5537801234, 0.638923093981, 0.289385292034, 0.000128771439231, 0.00230827620442, 1.3031022674, 0.187177032374, 0.802005264698
0.082922577387, 0.122362781691, 0.00350519494695, 0.664981555437, 0.496301350399, 0.70477622402, 0.0969605964737, 0.563290172311, 0.418439076743, 0.565610084069, 0.476822308383, 0.0050470234847, 0.245401692364, 0.564982878453, 0.749861986715, 1.29089583663, 0.0082198282301, 0.290533898195, 0.199234024735
0.999852989032, 0.998968692718, 0.170435155958, 0.853233682701, 0.303727943791, 0.21538130253, 0.315371355485, 0.744609877879, 0.878467295676, 0.440657881708, 0.703326519632, 0.393935616982, 0.359250795726, 0.942755016825, 1.34258860445e-07, 5.72012811158e-07, 1.61169366749e-07, 0.000376093168824, 1.62864485956
0.289144906073, 0.261976337697, 0.218600822267, 0.230530031702, 0.39630971684, 0.535293880267, 0.486798168045, 0.372862282296, 0.399746688487, 0.303794610268, 0.459457318606, 0.735186578, 0.454049259535, 0.38685079578, 0.833106541184, 0.31559763797, 0.318526738068, 0.412911013827, 0.503995588378
0.0201090275862, 0.0708761599506, 0.00194301287328, 0.459496943635, 0.382874800694, 0.465007682775, 0.413168517149, 0.781616989919, 0.979618638015, 0.469376756057, 0.370870086258, 0.603147705349, 0.746692188192, 0.564982878453, 1.06261162913, 0.935326894228, 0.00432059522434, 0.158258956639, 0.0450091901811
0.429666920047, 0.122362781691, 0.33398231883, 0.401194473401, 0.472479952404, 0.535293880267, 0.000886829721567, 0.0646071709669, 0.399746688487, 0.392721864026, 0.562314032295, 0.5537801234, 0.394401052042, 0.564982878453, 0.795484936069, 0.580237162502, 0.569808240097, 0.221389347398, 0.92749924848
0.150964956421, 0.43105335471, 0.172721884997, 0.992947401072, 0.750579428923, 0.535293880267, 0.486798168045, 0.60222975989, 0.531500018961, 0.724607937071, 0.619089558641, 0.638288172676, 0.638923093981, 0.678161833296, 0.00978707719292, 0.883417875801, 0.245755395427, 0.73716295896, 0.284357450377
0.514112722622, 0.0349265774626, 0.454179655564, 0.131548158201, 0.488700693512, 0.698018633194, 0.711611338321, 0.52638864547, 0.68851269059, 0.280191434132, 0.773816159308, 0.653524319519, 0.420500861341, 0.5309688774, 0.650997663164, 0.136466987346, 0.575684770521, 0.0483098720231, 0.920956763789
0.150964956421, 0.43105335471, 0.0653493765122, 0.256778688131, 0.750579428923, 0.53287832359, 0.486798168045, 0.60222975989, 0.903154812326, 0.588610865445, 0.46972481497, 0.638288172676, 0.638923093981, 0.678161833296, 0.912122316735, 0.389242851925, 0.102158056941, 0.80142112113, 0.309144760887
0.082922577387, 0.122362781691, 0.14914682563, 0.000304392079108, 0.496301350399, 0.70477622402, 0.0484097194638, 0.540554028291, 0.418439076743, 0.565610084069, 0.476822308383, 0.0050470234847, 0.0533184120439, 0.564982878453, 1.61669141772, 0.00077300159495, 0.385842539042, 0.323459771842, 0.221812988378
0.502917269617, 0.000154202831, 0.679186794306, 0.106543836861, 0.496301350399, 0.578054255898, 0.948890823546, 0.644484308602, 0.786033028055, 0.505914281058, 0.280701258856, 0.374702408997, 0.402485537545, 0.564982878453, 0.465106799335, 0.0785746245883, 0.855423977539, 0.000236615381272, 0.98585050294
0.0658771322395, 0.261976337697, 0.218600822267, 0.230530031702, 0.39630971684, 0.535293880267, 0.486798168045, 0.372862282296, 0.399746688487, 0.417482215162, 0.459457318606, 0.735186578, 0.454049259535, 0.38685079578, 0.896702215603, 0.339688967997, 0.342841662663, 0.444430817239, 0.115387328015
0.0183495162129, 0.43105335471, 0.172721884997, 0.642419385766, 0.750579428923, 0.595808395072, 0.72547660813, 0.671009066915, 0.903154812326, 0.393428021178, 0.619089558641, 0.758809178819, 0.638923093981, 0.678161833296, 0.58291862483, 0.926295152608, 0.304442608338, 0.913199946665, 0.042022960195
1.58816043827e-05, 0.545523196435, 0.0517654474412, 0.196449474428, 0.626487005175, 0.618666908885, 0.829491009732, 0.565966580468, 0.397437092068, 0.565610084069, 0.3890704028, 0.35463279456, 0.946722564513, 0.5309688774, 0.865392853896, 0.275856812546, 0.0740194622419, 1.0519336577, 3.47203515435e-05
0.115613057143, 0.000328830682973, 0.733200584115, 0.97225171851, 0.39630971684, 0.535293880267, 0.341682282896, 0.988861819143, 0.939878617969, 0.0469945100887, 0.749466020199, 0.5537801234, 0.347979931156, 0.74422340576, 0.0317858343438, 0.728790156859, 1.63752657477, 0.000925956906885, 0.329182550734
0.149165116295, 0.0467224603051, 0.162840108638, 0.000688619601842, 0.114892366979, 0.535293880267, 0.563303664582, 0.601429773905, 0.858321317564, 0.650065627733, 0.773816159308, 0.603147705349, 0.746692188192, 0.38685079578, 1.38337600258, 0.00149637231668, 0.361776801272, 0.105131281942, 0.342227184441
0.340009540364, 0.041871369667, 0.268889518874, 0.372578252942, 0.354673368642, 0.165180294513, 0.347571817517, 0.612362333069, 0.51166775326, 0.176337180995, 0.755656024285, 0.735186578, 0.324662963021, 0.222590585548, 0.981064610105, 0.650141819129, 0.528936228269, 0.0849892403713, 0.764777370783
0.223531939166, 0.312321005309, 0.490489074099, 0.722125509199, 0.342595821727, 0.535293880267, 0.533270961185, 0.594486872074, 0.399746688487, 0.441185715943, 0.562314032295, 0.56172585185, 0.0109423277196, 0.499169345724, 0.325741588579, 0.698278116327, 0.747833778973, 0.573547268582, 0.445913116597
0.0284316373686, 0.523513056013, 0.0517654474412, 0.706814447227, 0.496301350399, 0.722736201349, 0.336691408988, 0.294400639218, 0.684836043366, 0.505914281058, 0.729163234229, 0.735186578, 0.7823288455, 0.584901923562, 0.405788486556, 0.817932291402, 0.0744076404185, 0.986384500353, 0.0601602870878
0.149165116295, 0.0467224603051, 0.523510631591, 0.000688619601842, 0.114892366979, 0.362094049831, 0.860214526572, 0.372862282296, 0.858321317564, 0.650065627733, 0.773816159308, 0.603147705349, 0.746692188192, 0.71110395968, 1.09265977426, 0.00118190993245, 1.176499548, 0.118051809706, 0.384286557792
0.000581859619552, 0.216020974647, 0.999454989464, 0.000515614922305, 0.153803946316, 0.94322789237, 0.533270961185, 0.357180765923, 0.501574567175, 0.428383636295, 0.773816159308, 0.5537801234, 0.954657449056, 0.932498517989, 0.00146487793595, 1.18644302467e-06, 1.71110515168, 0.603981915826, 0.00165848974668
0.289144906073, 0.261976337697, 0.104306572705, 0.230530031702, 0.39630971684, 0.535293880267, 0.592106673506, 0.710325515252, 0.399746688487, 0.303794610268, 0.459457318606, 0.735186578, 0.746692188192, 0.71110395968, 0.969327069702, 0.367200734234, 0.171368748422, 0.458520647326, 0.559666309916
0.502917269617, 0.240535873989, 0.679186794306, 0.230206577844, 0.496301350399, 0.578054255898, 0.603784403759, 0.660175156899, 0.786033028055, 0.505914281058, 0.635834445737, 0.374702408997, 0.93639059086, 0.564982878453, 0.39983090208, 0.15123179307, 0.775228785709, 0.351368266591, 0.961226816385
0.223531939166, 0.188632243073, 0.999454989464, 0.819772194461, 0.425168122194, 0.519833547175, 0.995007245363, 0.594486872074, 0.646879955887, 0.441185715943, 0.773816159308, 0.56172585185, 0.369464932488, 0.499169345724, 0.000296546901028, 0.00101935948849, 1.24006255909, 0.378578732751, 0.474933744442
0.0284316373686, 0.000154202831, 0.582384838473, 0.0464613784359, 0.153803946316, 0.347694946499, 0.533270961185, 0.744609877879, 0.438247915031, 0.0568977616948, 0.508796353252, 0.94520501679, 0.402485537545, 0.629019009749, 0.989709869513, 0.0723588883638, 1.28927576907, 0.000394083875324, 0.0727088152327
0.00114429602584, 0.126888515182, 0.0671858575782, 0.000688619601842, 0.48359137701, 0.618666908885, 0.375873914329, 0.600120033819, 0.456518375406, 0.992485758421, 0.370870086258, 0.0116539471221, 0.484788371392, 0.443038378557, 1.5038854636, 0.00162672517884, 0.159304963721, 0.30548169966, 0.00277319931783
0.24600299633, 1.32500362889e-05, 0.00888580440727, 0.0963360904845, 0.341770540176, 0.519833547175, 0.985411806516, 0.601429773905, 0.399746688487, 0.247889953805, 0.759144962291, 0.21271156253, 0.609802272035, 0.318646150195, 1.40963209921, 0.214954965633, 0.0199040830376, 2.96808678194e-05, 0.580233275738
0.502917269617, 0.0183340886865, 0.4826815422, 0.251692621119, 0.496301350399, 0.341275589185, 0.603784403759, 0.660175156899, 0.786033028055, 0.505914281058, 0.670740364998, 0.374702408997, 0.791817555948, 0.802733092623, 0.643579274067, 0.268586186108, 0.660429143212, 0.0276682924975, 0.969713624795
0.552774011698, 0.00500398313181, 0.454179655564, 0.131548158201, 0.488700693512, 0.698018633194, 0.711611338321, 0.52638864547, 0.658203466822, 0.365322647876, 0.124174367518, 0.588423508555, 0.420500861341, 0.5309688774, 0.614094952659, 0.128731165833, 0.543051276377, 0.00652265942211, 0.980232797633
1.58816043827e-05, 0.0476383995643, 0.261722634023, 0.234511875436, 0.550463249641, 0.53878828358, 0.122960458119, 0.502053857742, 0.438247915031, 0.704779306192, 0.0349683368692, 0.982538310877, 0.72760447415, 0.375723624765, 1.45682553181, 0.56231947826, 0.680780307251, 0.127713805917, 4.26167614421e-05
0.0667569329251, 0.000328830682973, 0.235607401845, 0.169664177216, 0.544694375062, 0.622290257922, 0.347571817517, 0.601429773905, 0.317674098398, 0.565610084069, 0.280701258856, 0.306340663762, 0.666730149057, 0.455559687138, 1.07636281861, 0.293849349502, 0.432876538741, 0.000618168957846, 0.125958411635
0.462138306091, 0.386806909291, 0.101852985925, 0.665571716533, 0.548460562999, 0.519833547175, 0.379668269968, 0.520304187712, 0.341228656215, 0.481567439374, 0.311702671503, 0.678126945157, 0.454049259535, 0.564982878453, 0.339474201685, 0.585657993777, 0.109236310735, 0.476790923499, 0.741297129071
0.223531939166, 0.312321005309, 0.145737616969, 0.819772194461, 0.120160545223, 0.519833547175, 0.995007245363, 0.506933175107, 0.646879955887, 0.441185715943, 0.562314032295, 0.56172585185, 0.369464932488, 0.499169345724, 0.324351472139, 1.1149357811, 0.270559782785, 0.636846294652, 0.495125914807
0.149165116295, 0.00500398313181, 0.00588569965643, 0.896309812269, 0.114892366979, 0.505947380108, 0.347571817517, 0.60222975989, 0.718156362868, 0.469046447941, 0.644272952729, 0.5537801234, 0.638923093981, 0.584901923562, 0.201999701694, 1.22921775461, 0.0115171612158, 0.00979215586374, 0.297361854465
0.502917269617, 0.240535873989, 0.679186794306, 0.106543836861, 0.496301350399, 0.578054255898, 0.603784403759, 0.601429773905, 0.786033028055, 0.505914281058, 0.280701258856, 0.374702408997, 0.93639059086, 0.564982878453, 0.425949299566, 0.0719594001957, 0.783405541664, 0.355074337134, 0.971365393848
0.00114429602584, 0.126888515182, 0.0671858575782, 0.722051788628, 0.202528441329, 0.618666908885, 0.405154570667, 0.600120033819, 0.456518375406, 0.588610865445, 0.171036053528, 0.678126945157, 0.39166575139, 0.443038378557, 0.530174099311, 1.13616779226, 0.132811380305, 0.254677853358, 0.00231199593948
1.08313257968e-05, 0.240535873989, 0.145737616969, 0.00177129590085, 0.626487005175, 0.654858509204, 0.517499915298, 0.651092408073, 0.554665011687, 0.566872812257, 0.728935312376, 0.00211924657416, 0.642834646256, 0.528897497059, 1.26015656022, 0.0035061994716, 0.293628676345, 0.513558818018, 2.36850725675e-05
0.0284316373686, 0.000154202831, 0.0517654474412, 0.000367739645397, 0.153803946316, 0.347694946499, 0.533270961185, 0.86854223026, 0.438247915031, 0.0246802634495, 0.315730095999, 0.56172585185, 0.666730149057, 0.588183118554, 1.5762575897, 0.000910515973145, 0.128453442572, 0.000383068829525, 0.0706765297729
0.000581859619552, 0.0908224143291, 0.730237525451, 0.000644187658359, 0.153803946316, 0.94322789237, 0.533270961185, 0.357180765923, 0.501574567175, 0.58783892492, 0.860209324927, 0.0344794815584, 0.975680880019, 0.620709673944, 0.786654772117, 0.000796006486981, 1.74398270328, 0.274809558903, 0.00176657192132
0.000581859619552, 0.216020974647, 0.490489074099, 0.000515614922305, 0.153803946316, 0.94322789237, 0.533270961185, 0.357180765923, 0.501574567175, 0.428383636295, 0.562314032295, 0.5537801234, 0.954657449056, 0.932498517989, 1.17976824475, 0.000955525215001, 1.14503412782, 0.580318826562, 0.00159351265069
3.69509216858e-06, 0.240535873989, 0.145737616969, 0.169664177216, 0.626487005175, 0.654858509204, 0.517499915298, 0.651092408073, 0.554665011687, 0.566872812257, 0.280701258856, 0.00211924657416, 0.642834646256, 0.455559687138, 1.21289671719, 0.331123395565, 0.292958031336, 0.512385854728, 8.06167558188e-06
0.0284316373686, 0.523513056013, 0.0517654474412, 0.251692621119, 0.496301350399, 0.347694946499, 0.336691408988, 0.294400639218, 0.438247915031, 0.505914281058, 0.729163234229, 0.735186578, 0.7823288455, 0.584901923562, 0.807128297768, 0.336840417231, 0.0712731246723, 0.944831808575, 0.057625959079
0.0667569329251, 0.000328830682973, 0.100174088142, 0.169664177216, 0.544694375062, 0.622290257922, 0.347571817517, 0.601429773905, 0.317674098398, 0.0535242728413, 0.280701258856, 0.101302630404, 0.666730149057, 0.455559687138, 1.44015729435, 0.393166018749, 0.236864371033, 0.000780747108152, 0.1590854157
0.115613057143, 0.000328830682973, 0.733200584115, 0.157857749578, 0.39630971684, 0.32582775566, 0.341682282896, 0.988861819143, 0.939878617969, 0.0469945100887, 0.749466020199, 0.5537801234, 0.347979931156, 0.331702491929, 0.706305906192, 0.17881727997, 1.63552242019, 0.000924823636249, 0.328779667062
0.502917269617, 0.0183340886865, 0.4826815422, 0.0785949771532, 0.496301350399, 0.341275589185, 0.603784403759, 0.202985029555, 0.786033028055, 0.505914281058, 0.280701258856, 0.374702408997, 0.827812763172, 0.802733092623, 0.744692653173, 0.0924072530695, 0.710648121753, 0.0297721872173, 1.04345057026
0.0168820329606, 0.0908224143291, 0.523510631591, 0.000688619601842, 0.114892366979, 0.362094049831, 0.860214526572, 0.601429773905, 0.858321317564, 0.650065627733, 0.773816159308, 0.603147705349, 0.746692188192, 0.26413973311, 1.11804640267, 0.00120937018034, 1.20383409215, 0.235990535631, 0.0440252971852
0.24600299633, 0.526557453483, 0.923924760973, 0.722125509199, 0.39630971684, 0.473148702225, 0.412225186834, 0.682455155212, 0.646879955887, 0.441185715943, 0.562314032295, 0.662513747709, 0.609802272035, 0.499169345724, 0.0353918980275, 0.0758680768879, 0.697231153778, 0.763416451826, 0.422044182967
0.082922577387, 0.240535873989, 0.00350519494695, 0.706814447227, 0.496301350399, 0.70477622402, 0.0969605964737, 0.563290172311, 0.418439076743, 0.565610084069, 0.476822308383, 0.0050470234847, 0.245401692364, 0.564982878453, 0.628250275968, 1.26633998948, 0.00778338401108, 0.561076298238, 0.199234024735
0.000745119806865, 0.0895306350589, 0.998366401136, 0.96452176782, 0.187100619563, 0.453735228431, 0.533270961185, 0.307383095356, 0.983130928378, 0.651483022909, 0.000256146975198, 0.306340663762, 0.864073500946, 0.377509609959, 0.000258896185246, 0.00464081093903, 1.81134999099, 0.256431749708, 0.00214120852437
1.58816043827e-05, 0.652921455623, 0.0517654474412, 0.0515114528946, 0.626487005175, 0.618666908885, 0.33316298626, 0.565966580468, 0.397437092068, 0.565610084069, 0.3890704028, 0.35463279456, 0.946722564513, 0.5309688774, 0.675420180235, 0.0547705302722, 0.0552224601565, 1.12098390928, 3.27064057159e-05
0.0667569329251, 0.000328830682973, 0.43362503825, 0.169664177216, 0.544694375062, 0.622290257922, 0.347571817517, 0.601429773905, 0.317674098398, 0.565610084069, 0.280701258856, 0.5537801234, 0.666730149057, 0.993059447123, 1.050829403, 0.286878672478, 0.882912324182, 0.000724256495255, 0.147574860564
0.24600299633, 2.68372299068e-05, 0.00888580440727, 0.721876555614, 0.341770540176, 0.812541967353, 0.714893302198, 0.601429773905, 0.399746688487, 0.247889953805, 0.759144962291, 0.21271156253, 0.609802272035, 0.455559687138, 0.555096323034, 1.188722348, 0.018313003762, 5.53113965155e-05, 0.533850976631
0.0667569329251, 0.312321005309, 0.145737616969, 0.819772194461, 0.120160545223, 0.519833547175, 0.995007245363, 0.506933175107, 0.403064667129, 0.271645968852, 0.562314032295, 0.56172585185, 0.369464932488, 0.499169345724, 0.352242233416, 1.21080834646, 0.293825033481, 0.691608272014, 0.154494956923
