0.999996149624, 0.999999947977, 2.73347925195e-06, 0.77420267016, 0.999800017005, 0.70444621709, 0.492750888204, 0.297618412633, 0.0920227255283, 8.29607152154e-05, 2.41956127242e-05, 39.2013346923, 2.03936207086e-06, 0.00015094087725
0.999955866936, 0.999999981119, 0.999999894791, 1.50105159502e-06, 0.906932991385, 0.603911199633, 0.603504124823, 0.297618412633, 0.696538412323, 3.44474560312e-05, 22.9488476199, 2.41442402962e-06, 4.33309195416e-07, 0.00101284929931
0.645318685474, 0.824249246554, 0.999992317862, 0.000604559194869, 0.592407442839, 0.799821643262, 0.399704713866, 0.297618412633, 0.693477909619, 0.00647533996734, 10.7043698879, 8.22828243828e-05, 2.28384021942, 7.14220958456
0.788029481428, 0.999999239032, 1.25572756321e-05, 1.50105159502e-06, 0.999800017005, 0.99999040646, 0.30246238566, 0.115637137395, 0.693477909619, 9.46077548922e-10, 0.000630275556116, 50.191506988, 3.81946599233e-05, 13.5010957218
0.804449970498, 0.999999035088, 0.999742861839, 0.998908913135, 0.197162076803, 0.798123084648, 0.30246238566, 0.390846702074, 0.696762215728, 19.9426917079, 0.0217829761035, 0.00513494868995, 1.92689353093e-05, 4.85432489784
0.945195834676, 0.281935676275, 1.61376370666e-06, 0.0135565898483, 0.293946609048, 0.603911199633, 0.30246238566, 0.695776173759, 0.693477909619, 1.19308870215e-07, 8.68149365826e-06, 5.45357928779, 13.8897889563, 1.12156401308
0.997797265523, 0.999999916679, 0.999992317862, 0.99970112991, 0.223198492761, 0.52789799421, 0.30246238566, 0.925224186449, 0.696762215728, 172.602550231, 0.0516011616924, 0.00132636322491, 1.43857462363e-05, 0.381153785817
0.788029481428, 0.710806306978, 0.636515614389, 0.722268926015, 0.999800017005, 0.99999040646, 0.30246238566, 0.201942378617, 0.305253542297, 9.6442373354, 3.70845857609, 7.62510197696, 8.53488043547, 7.93855798064
0.999996916345, 0.831576969234, 0.999937480244, 2.02914972585e-05, 0.0914597584747, 0.999391430497, 0.492750888204, 0.204571697804, 0.617737357323, 0.00115666369232, 57.0012260382, 0.00356399785472, 11.5456712608, 0.000211390187783
0.775906959935, 0.000175127771385, 2.73347925195e-06, 0.792533967419, 0.0865332531132, 0.00013140289771, 0.403883561134, 0.297618412633, 0.207034555058, 1.53207024354e-08, 4.01058564212e-09, 0.00707202559597, 40.3751293121, 11.6629579755
0.999996149624, 4.23530170901e-06, 0.999992317862, 0.981394208023, 0.365754826811, 0.19229682276, 0.996680148141, 0.297618412633, 0.20653140497, 0.000473002181977, 8.96742627012e-06, 3.70258553732e-09, 113.798567999, 0.000438170810295
0.999992100209, 0.61713450066, 0.480299091136, 0.562784671318, 0.996271079257, 0.906238041987, 0.399925463197, 0.390846702074, 0.696762215728, 6.39410887048, 4.96744590589, 12.2936113192, 14.6754831717, 0.000302806514522
0.886582483093, 0.340807350954, 0.941364359973, 0.976660596014, 0.107093413102, 0.798123084648, 0.40216972898, 0.692915425601, 0.494260811499, 7.99710229896, 0.191107946849, 0.510026689827, 16.824208256, 3.26500062232
0.999980267675, 0.999999878121, 0.504444390036, 0.210913213339, 0.601217871075, 0.397697901648, 0.603504124823, 0.799167868098, 0.305253542297, 1.39221081325, 5.20865971169, 6.48455703721, 1.5948394009e-06, 0.00025821104013
0.999986803374, 0.999998220584, 2.73347925195e-06, 0.000439191993479, 0.0865332531132, 0.19229682276, 0.403883561134, 0.00996769910997, 0.177541564349, 1.28536253115e-07, 0.000292536755973, 107.066659468, 0.000190516942522, 0.00141294368813
0.999997405798, 4.23530170901e-06, 2.73347925195e-06, 6.30055571097e-05, 0.999950351995, 0.782286813834, 0.30375793632, 0.202294212645, 0.0920227255283, 4.93210510401e-14, 7.82755455267e-10, 0.000286375920351, 67.6163140054, 0.000175411571747
0.99996573945, 0.999999890648, 7.90540774509e-07, 0.981394208023, 0.592407442839, 0.799821643262, 0.30246238566, 0.692915425601, 0.693477909619, 2.04038906216e-05, 3.86827781656e-07, 26.2993417136, 2.87588460028e-06, 0.0009010615919
0.674802830812, 0.999999913355, 2.73347925195e-06, 0.210913213339, 0.0865332531132, 0.19229682276, 0.30246238566, 0.390846702074, 0.405562951392, 1.98558675775e-05, 7.42864920364e-05, 34.4403939451, 2.98409095207e-06, 16.5973669501
0.392750693102, 0.999999035088, 0.999742861839, 0.998908913135, 0.800124791313, 0.798123084648, 0.30246238566, 0.390846702074, 0.696762215728, 9.39405151835, 0.0102609217821, 0.00241882957647, 9.07667699275e-06, 14.5441794396
0.788029481428, 0.999992899611, 0.00075957691255, 0.000604559194869, 0.499061546702, 0.695821418407, 0.298521756862, 0.201942378617, 0.307418003686, 6.68166142441e-06, 0.011045439423, 14.5393125646, 0.000103313983052, 3.91390210652
0.999538546885, 0.710806306978, 0.999826474645, 0.210913213339, 0.896000955571, 0.19229682276, 0.30246238566, 0.390846702074, 0.405562951392, 5.25054671662, 19.6438002685, 0.00432055013166, 10.1300980945, 0.016171595444
0.999986803374, 0.572411548026, 0.718836233256, 0.999429928257, 0.0914597584747, 0.906238041987, 0.403883561134, 0.204571697804, 0.506436257536, 16.5752801449, 0.00945448858198, 6.48691070967, 17.234399185, 0.00053191081596
0.999867099057, 0.999999947977, 0.999896607977, 0.97918030607, 0.317021777059, 0.00013140289771, 0.492750888204, 0.297618412633, 0.0920227255283, 61.4983125966, 1.30759987464, 0.00649430181906, 3.26766654265e-06, 0.00834893811374
0.406828302204, 0.918057640736, 0.000312298604618, 0.998821204975, 0.499061546702, 0.695821418407, 0.403883561134, 0.201942378617, 0.697234504582, 0.00159290033251, 1.87991902647e-06, 5.10499304291, 0.455794751278, 8.1101730081
3.2622000961e-05, 0.556338769584, 0.998825162041, 0.99970112991, 0.499061546702, 0.0448874910923, 0.401553163181, 0.157685560286, 0.693477909619, 0.00390099768919, 1.16624008308e-06, 4.58980258106e-06, 0.00311550311136, 215.254354616
0.527338717757, 0.999999812666, 0.999999690887, 0.562784671318, 0.597672504372, 0.111245145296, 0.30246238566, 0.390846702074, 0.693477909619, 11.3476639017, 8.81575646138, 6.23278521612e-06, 3.7773004505e-06, 18.0727728378
0.999538546885, 4.23530170901e-06, 0.999995277936, 0.981394208023, 0.289724960266, 0.19229682276, 0.996680148141, 0.925224186449, 0.617737357323, 0.000519631554605, 9.85145065097e-06, 2.50026428668e-09, 125.016657459, 0.0577162036535
0.775906959935, 0.999999951587, 0.999992317862, 0.97918030607, 0.317021777059, 0.70444621709, 0.492750888204, 0.692915425601, 0.60319037829, 34.6000850927, 0.735679810053, 0.000271456311436, 1.71073777923e-06, 10.2055537633
0.999992100209, 0.61713450066, 0.0124536121773, 0.951278286606, 0.996271079257, 0.906238041987, 0.399925463197, 0.70363819315, 0.693477909619, 0.264005035697, 0.0135215718313, 22.0073015674, 13.8253360617, 0.000285265008036
0.0123651314018, 4.40454843955e-05, 0.999992317862, 0.792533967419, 0.943210114397, 0.799821643262, 0.30246238566, 0.297618412633, 0.177049759327, 7.09113035977e-05, 1.85628470543e-05, 6.87358062624e-10, 2.03132961927, 162.25467121
0.999538546885, 0.459432912908, 0.864948589859, 0.000604559194869, 0.592407442839, 0.799821643262, 0.30246238566, 0.799167868098, 0.307418003686, 0.00607212739106, 10.0378200879, 1.56823402326, 13.6627853151, 0.0116685711638
0.99999845913, 0.999999947977, 2.73347925195e-06, 0.939695466116, 0.999800017005, 0.70444621709, 0.740214725316, 0.297618412633, 0.0920227255283, 0.0003283494909, 2.10716808942e-05, 127.829840453, 6.65006256013e-06, 0.000196969994828
0.645318685474, 0.999999239032, 1.25572756321e-05, 0.000604559194869, 0.999800017005, 0.99999040646, 0.30246238566, 0.297618412633, 0.495010347719, 1.62092627001e-07, 0.000267954955922, 21.3512619763, 1.62478522574e-05, 11.7352785436
0.788029481428, 0.710806306978, 0.999987146727, 1.50105159502e-06, 0.197162076803, 0.99999040646, 0.30246238566, 0.201942378617, 0.305253542297, 2.55056497631e-05, 16.991828637, 0.000218403739316, 6.91327604095, 6.43025325336
0.999996149624, 0.999999947977, 0.999998503074, 0.77420267016, 0.226864238387, 0.19229682276, 0.996680148141, 0.98509178032, 0.20653140497, 96.4421957851, 28.1275060543, 0.000186471908135, 6.48045310103e-06, 0.000479642771643
0.997797265523, 0.999999916679, 0.999992317862, 0.939581425973, 0.223198492761, 0.52789799421, 0.30246238566, 0.297618412633, 0.696762215728, 108.655137806, 6.98692875939, 0.000888385150936, 9.63543251304e-06, 0.255293088034
4.35943810806e-06, 0.522818897938, 0.999896607977, 0.792533967419, 0.317021777059, 0.19229682276, 0.30246238566, 0.297618412633, 0.204823517503, 9.10548580663e-05, 2.38359375457e-05, 1.1880020106e-08, 0.000104872615746, 50.4134541731
0.674802830812, 0.999999933457, 0.999896607977, 0.210913213339, 0.996271079257, 0.19229682276, 0.30246238566, 0.297618412633, 0.405562951392, 4.73631916786, 17.7199276119, 0.00232203686839, 1.49445556014e-06, 10.8231073666
0.775906959935, 0.000175127771385, 2.73347925195e-06, 0.628763696185, 0.906932991385, 0.603911199633, 0.403883561134, 0.297618412633, 0.207034555058, 6.80485334915e-09, 4.0177392885e-09, 0.00395926292347, 22.6039555918, 6.5294895308
0.647895964791, 4.23530170901e-06, 0.999896607977, 0.998598278787, 0.289724960266, 0.19229682276, 0.996680148141, 0.925224186449, 0.617737357323, 0.000342693377699, 4.81034853961e-07, 3.54851657114e-08, 81.0351818363, 44.0393781017
0.999986803374, 0.831576969234, 0.77382184859, 3.52843737511e-05, 0.509410583581, 0.999391430497, 0.30246238566, 0.115637137395, 0.693477909619, 0.00135546347711, 38.4140486663, 11.2283274342, 10.0545686543, 0.000787826539475
0.999955866936, 0.999999985636, 0.999992317862, 0.679608175336, 0.699178072371, 0.61748356065, 0.603504124823, 0.297618412633, 0.696538412323, 25.7921785027, 12.1593639283, 0.000291551230036, 5.4512766615e-07, 0.00167500465277
0.999986803374, 0.999998220584, 0.802740587516, 0.995544398995, 0.999482498817, 0.19229682276, 0.99642426415, 0.297618412633, 0.696762215728, 34.0676143234, 0.152471046761, 8.40898546833, 7.58549681005e-05, 0.000562568331049
0.775906959935, 0.999999951587, 0.316648681883, 0.97918030607, 0.317021777059, 0.70444621709, 0.492750888204, 0.692915425601, 0.60319037829, 10.9561555044, 0.232953831725, 24.146927023, 1.71073777923e-06, 10.2055537633
0.775906959935, 0.770205525927, 0.999896607977, 0.77420267016, 0.317021777059, 0.397697901648, 0.492750888204, 0.70363819315, 0.798904281476, 19.546490918, 5.70076238061, 0.00261063451786, 7.53341674085, 9.46828087502
0.999996701857, 3.6438392147e-06, 0.999995012814, 0.292228204026, 0.373378570287, 0.397697901648, 0.996680148141, 0.925224186449, 0.693477909619, 0.00014546254363, 0.000352307834541, 2.48248572527e-09, 136.606205028, 0.000450549870828
0.983587599664, 0.999999812666, 0.99999930161, 0.77420267016, 0.018648077248, 0.799209399689, 0.30246238566, 0.390846702074, 0.0920227255283, 55.4776748014, 16.1801441905, 5.00451233926e-05, 1.34239733365e-05, 1.19570219733
0.527338717757, 5.76393926024e-05, 0.999992317862, 0.792533967419, 0.585068359119, 0.799821643262, 0.30246238566, 0.297618412633, 0.204823517503, 0.000905445242683, 0.000237023446238, 8.77666967389e-09, 19.8199800918, 17.7659574266
0.999969271719, 0.79925808915, 0.750044490131, 0.995544398995, 0.906932991385, 0.603911199633, 0.492750888204, 0.297618412633, 0.696538412323, 15.6999110352, 0.0702656149291, 5.25547830453, 5.28081005344, 0.000808377293033
0.987656351248, 0.999999978061, 0.999896607977, 0.97918030607, 0.223198492761, 0.999992021917, 0.399925463197, 0.925224186449, 0.0920227255283, 131.416349606, 2.79422304474, 0.0138777374901, 2.94480953986e-06, 1.67752630127
0.999996632899, 0.999999947977, 0.999995277936, 0.0951522323777, 0.906932991385, 0.71000541418, 0.403883561134, 0.297618412633, 0.0472186553128, 13.2500448916, 126.000969619, 0.000657555266192, 7.24423809236e-06, 0.000468876030082
0.999986803374, 0.999999985636, 0.165680336884, 3.52843737511e-05, 0.509410583581, 0.999391430497, 0.30246238566, 0.0739898226771, 0.693477909619, 0.000539600077093, 15.2923512671, 77.0107050503, 1.32581850572e-06, 0.00121811212935
0.999989380389, 0.791555644053, 0.718836233256, 0.999429928257, 0.0914597584747, 0.906238041987, 0.403883561134, 0.204571697804, 0.617737357323, 36.9247144147, 0.0210617430157, 14.4508764434, 13.5345407865, 0.000689551333711
0.999997405798, 0.884411951897, 2.52275159585e-06, 6.30055571097e-05, 0.999950351995, 2.94588853016e-05, 0.736609457425, 0.201942378617, 0.0920227255283, 1.84018791803e-08, 0.000292049155721, 115.773119029, 15.1309834542, 0.000339593316832
0.999992100209, 0.61713450066, 0.999937480244, 0.996953338515, 0.996271079257, 0.906238041987, 0.399925463197, 0.297618412633, 0.696762215728, 19.8702620646, 0.0607229644463, 0.00124615822215, 12.3658029786, 0.000255149738881
0.999538546885, 0.999998673616, 2.73347925195e-06, 0.000439191993479, 0.0865332531132, 0.19229682276, 0.403883561134, 0.390846702074, 0.207422694535, 6.78982288068e-08, 0.000154530158691, 56.5570908283, 7.50167080635e-05, 0.0261106005068
0.788029481428, 0.999999239032, 1.25572756321e-05, 9.85720607027e-07, 0.999223954701, 0.99999040646, 0.113603008874, 0.115637137395, 0.693477909619, 8.37052860419e-10, 0.000849177778522, 67.6235815063, 5.14600946142e-05, 18.1901780153
6.90687455314e-05, 0.999998877273, 1.25572756321e-05, 0.00102542923087, 0.704603024207, 0.19229682276, 0.40216972898, 0.297618412633, 0.690091803879, 2.65770706992e-11, 2.58914189245e-08, 0.00206395648986, 2.31729198353e-09, 29.8809852768
0.999996916345, 0.933338532252, 0.999937480244, 2.02914972585e-05, 0.0914597584747, 0.999391430497, 0.492750888204, 0.204571697804, 0.617737357323, 0.00129820669985, 63.9765681534, 0.00400013065506, 4.56975146976, 0.000211390187783
0.999955866936, 0.999999981119, 0.750044490131, 0.628763696185, 0.906932991385, 0.603911199633, 0.603504124823, 0.297618412633, 0.696538412323, 10.8227110396, 6.38997332063, 5.73620012158, 4.33309195416e-07, 0.00101284929931
0.999538546885, 0.241744511189, 0.999896607977, 0.976660596014, 0.492671320788, 0.397697901648, 0.403883561134, 0.00870678201655, 0.20653140497, 8.61817851257, 0.205949897794, 0.000912438828323, 27.6806105336, 0.0168534236069
0.999992100209, 4.23530170901e-06, 0.480299091136, 0.562784671318, 0.996271079257, 0.906238041987, 0.399925463197, 0.390846702074, 0.696762215728, 4.38818121459e-05, 3.40908377544e-05, 8.43692144491e-05, 38.3304869255, 0.000302806514522
0.506505739663, 0.340807350954, 0.941364359973, 0.976660596014, 0.107093413102, 0.397697901648, 0.40216972898, 0.692915425601, 0.494260811499, 3.9742843433, 0.0949740659364, 0.253465694481, 8.36105191113, 12.3579461644
0.987656351248, 0.999999916679, 0.999992317862, 0.998821204975, 0.223198492761, 0.997670976732, 0.30375793632, 0.105309775909, 0.696762215728, 77.3673193385, 0.0913078443664, 0.00059505244281, 6.45394359459e-06, 0.968079140391
0.674802830812, 0.999999913355, 0.556090378281, 0.998056459934, 0.592407442839, 0.19229682276, 0.704923215866, 0.390846702074, 0.908475516419, 16.9902425212, 0.0330855201071, 13.5891923442, 2.65241726165e-06, 14.7526142143
0.999995867529, 0.710806306978, 0.999999690887, 0.996953338515, 0.500130514287, 0.998490193399, 0.492750888204, 0.00092230322874, 0.525123555827, 57.547546172, 0.175863689609, 1.78430846122e-05, 23.4849509184, 0.000335592633287
0.999995867529, 4.23530170901e-06, 0.999896607977, 0.955164031182, 0.0914597584747, 0.906238041987, 0.40216972898, 0.996026587467, 0.710001691414, 0.000220320742316, 1.03419869361e-05, 2.38511522757e-08, 54.4673365031, 0.000225086556484
0.406828302204, 0.999996703636, 5.24728887006e-05, 0.998821204975, 0.499061546702, 0.799209399689, 0.0875732378978, 0.201942378617, 0.693477909619, 0.00083023279078, 9.79829301269e-07, 15.8399704026, 5.22172237755e-05, 23.0965891788
0.999995867529, 0.999999901327, 0.999742861839, 1.50105159502e-06, 0.0331165327783, 0.799821643262, 0.704923215866, 0.297618412633, 0.696762215728, 0.000150592721051, 100.324662725, 0.0258039731509, 9.90192343979e-06, 0.000414697741818
0.999945503074, 0.792892635624, 0.999896607977, 0.981394208023, 0.998638816208, 0.799209399689, 0.196693649796, 0.390846702074, 0.80607047035, 31.3105331622, 0.593601696374, 0.00329897413946, 8.33437495593, 0.00219317439951
0.999995867529, 0.999999947977, 0.999896607977, 0.912896685622, 0.317021777059, 0.695821418407, 0.403883561134, 0.297618412633, 0.0920227255283, 46.3696153935, 4.42432013482, 0.00525223079993, 2.64270730517e-06, 0.000209927034191
0.674802830812, 0.831576969234, 0.999937480244, 0.999429928257, 0.0914597584747, 0.999901265776, 0.29229339836, 0.204571697804, 0.20653140497, 28.6813997117, 0.0163597817786, 0.00179428908797, 5.81264995126, 16.6319263113
0.999990382795, 0.999999239032, 0.999938811298, 3.52843737511e-05, 0.704603024207, 0.603911199633, 0.30246238566, 0.115637137395, 0.693477909619, 0.00158456518252, 44.9068271215, 0.00274805558472, 3.41759998001e-05, 0.000431924328784
0.788029481428, 0.522818897938, 0.999896607977, 0.792533967419, 0.317021777059, 0.19229682276, 0.401553163181, 0.297618412633, 0.204823517503, 15.8633380135, 4.15263438092, 0.00206970587349, 18.2706314332, 10.2991958748
0.527338717757, 0.999999866345, 0.999999690887, 0.327631634543, 0.389481529023, 0.111245145296, 0.30246238566, 0.00996769910997, 0.693477909619, 10.5773034681, 21.706830153, 9.97946117899e-06, 4.31492205333e-06, 28.9367464136
0.999995867529, 4.23530170901e-06, 0.999896607977, 0.0951522323777, 0.373378570287, 0.397697901648, 0.492750888204, 0.925224186449, 0.617737357323, 6.08211168089e-05, 0.000578376885057, 6.60948083217e-08, 150.936446355, 0.000623745663715
0.999997405798, 0.301080602374, 0.755572826255, 2.63663253008e-07, 0.996271079257, 0.711188130287, 0.30246238566, 0.297618412633, 0.693477909619, 2.36505567105e-06, 8.9699835699, 2.90178290487, 27.5587648652, 0.000102291032866
0.999538546885, 0.459432912908, 2.73347925195e-06, 0.000604559194869, 0.999800017005, 0.799821643262, 0.30246238566, 0.799167868098, 0.307418003686, 2.4110655663e-08, 3.98572704689e-05, 14.589930427, 17.16650577, 0.0146608901181
0.99999845913, 0.999999947977, 0.864948589859, 0.944654084007, 0.592407442839, 0.70444621709, 0.740214725316, 0.297618412633, 0.0920227255283, 99.1487606768, 5.80898243291, 16.3879002503, 6.31271940169e-06, 0.000186978136921
0.840012693375, 0.710806306978, 1.25572756321e-05, 0.000604559194869, 0.999947000033, 0.99999040646, 0.30246238566, 0.297618412633, 0.495010347719, 1.49994294232e-07, 0.000247955229321, 19.7576381501, 8.03855570272, 5.29406033704
0.362613521503, 0.000175127771385, 0.999992317862, 6.30055571097e-05, 0.592407442839, 0.19229682276, 0.403883561134, 0.202294212645, 0.207422694535, 1.34033953279e-07, 0.00212720138577, 1.63426100387e-08, 12.1452993271, 21.3522250399
3.2622000961e-05, 0.999999916679, 0.636515614389, 0.722268926015, 0.499061546702, 0.104897028455, 0.299053099635, 0.502451879221, 0.693477909619, 0.000291730137902, 0.000112177779765, 0.000230652976891, 5.28719512361e-11, 19.451297532
4.17167168133e-05, 0.000175127771385, 1.25075516355e-06, 0.999429928257, 0.906932991385, 0.603911199633, 0.325490668761, 0.297618412633, 0.207034555058, 7.32958493029e-13, 4.180772598e-16, 5.86346292533e-07, 0.00334752355738, 80.254883126
0.647895964791, 4.23530170901e-06, 0.99518690619, 0.998598278787, 0.289724960266, 0.999391430497, 0.996680148141, 0.115637137395, 0.617737357323, 0.000264515654595, 3.71297660121e-07, 1.28109176509e-06, 62.844853804, 34.1536628376
0.999995867529, 4.23530170901e-06, 0.999896607977, 0.981394208023, 0.289724960266, 0.19229682276, 0.896773848002, 0.925224186449, 0.594781006655, 0.000394844483606, 7.48567116562e-06, 4.1602030019e-08, 95.0038699203, 0.000392603995457
0.999996701857, 0.541014661777, 0.999995012814, 0.292228204026, 0.373378570287, 0.397697901648, 0.996680148141, 0.70363819315, 0.693477909619, 12.6852215534, 30.7233932848, 0.0002164879057, 36.827129717, 0.000264630513309
0.999995867529, 0.562091705681, 0.999896607977, 0.0951522323777, 0.317021777059, 0.397697901648, 0.492750888204, 0.299354419225, 0.617737357323, 3.47644343745, 33.0591516882, 0.00377787970191, 28.4666974206, 0.000268636792456
0.999991942357, 0.999999812666, 0.999999828744, 0.327631634543, 0.597672504372, 0.111245145296, 0.30246238566, 0.297618412633, 0.0920227255283, 13.3228873485, 27.3413402286, 6.9639946717e-06, 7.61780398393e-06, 0.000327660596415
0.804449970498, 0.999999035088, 0.999742861839, 0.545702648745, 0.197162076803, 0.890374140552, 0.403883561134, 0.390846702074, 0.696762215728, 15.7630212186, 13.1227121654, 0.00742953476844, 2.78793875995e-05, 7.02351236272
0.999944152252, 0.999992899611, 0.348690406006, 0.995544398995, 0.592407442839, 0.799209399689, 0.30246238566, 0.390846702074, 0.305253542297, 9.31332105669, 0.0416821617404, 17.4739632725, 0.000190497451385, 0.00149843168406
0.999996632899, 0.710806306978, 0.99999930161, 0.77420267016, 0.317021777059, 0.906238041987, 0.30246238566, 0.00195772763295, 0.0920227255283, 38.516157955, 11.2332932411, 3.47445325416e-05, 20.2407286259, 0.000235664906255
0.999989380389, 0.999999985636, 0.0982241451218, 3.52843737511e-05, 0.509410583581, 0.999391430497, 0.403883561134, 0.0739898226771, 0.693477909619, 0.000317807062058, 9.00670224945, 82.6916151959, 1.31712904962e-06, 0.000973814184634
