3.19697836781e-06, 0.999996074455, 0.700577380939, 0.403545638034, 0.501263358557, 0.597050440505, 0.600550266747, 2.0030037082e-05, 7.86291156212e-11, 6.26530722787
4.13072503647e-07, 0.0971393735551, 0.502917935104, 0.403545638034, 0.395363402794, 0.597050440505, 0.495154528101, 3.74017628889e-07, 3.4763019192e-06, 9.32116740679
0.999999997548, 0.999998429466, 0.700577380939, 0.403545638034, 0.780991448551, 0.597050440505, 0.600550266747, 41.6743016576, 6.54510021428e-05, 1.02176754861e-07
0.999999996013, 0.998235153647, 0.502917935104, 0.403545638034, 0.399769014648, 0.597050440505, 0.497046839188, 5.72252255167, 0.0101172284096, 2.28578695093e-08
0.999999989661, 9.37552993352e-07, 0.700577380939, 0.403545638034, 0.302117304978, 0.597050440505, 0.495154528101, 9.6311611328e-06, 10.2726482357, 1.06207546281e-07
4.35462383919e-06, 9.37552993352e-07, 0.502917935104, 0.403545638034, 0.399769014648, 0.597050440505, 0.495154528101, 2.92912710509e-11, 3.12422271557e-05, 7.1744705289
0.999999961656, 0.999887162948, 0.700577380939, 0.403545638034, 0.399769014648, 0.302009367548, 0.495154528101, 9.41034164099, 0.0010619550359, 3.60867993412e-07
0.999999997548, 0.999998429466, 0.700577380939, 0.403545638034, 0.780991448551, 0.597050440505, 0.600550266747, 41.6743016576, 6.54510021428e-05, 1.02176754861e-07
0.999999994432, 3.62405553522e-06, 0.700577380939, 0.403545638034, 0.399769014648, 0.302009367548, 0.600550266747, 2.77103553967e-05, 7.64620042478, 4.25746633094e-08
0.999999989661, 9.37552993352e-07, 0.700577380939, 0.403545638034, 0.302117304978, 0.597050440505, 0.495154528101, 9.6311611328e-06, 10.2726482357, 1.06207546281e-07
0.85267753297, 0.702193217928, 0.502917935104, 0.403545638034, 0.501263358557, 0.597050440505, 0.600550266747, 3.02921013599, 1.28471665602, 0.745344298417
1.63471535353e-06, 0.99977180995, 0.700577380939, 0.403545638034, 0.501263358557, 0.597050440505, 0.495154528101, 1.31245910268e-05, 2.99558465048e-09, 8.03048990959
0.612308266185, 3.29884317884e-06, 0.502917935104, 0.403545638034, 0.399769014648, 0.597050440505, 0.600550266747, 1.09263459698e-05, 3.31216409303, 2.09715097259
2.42339678569e-06, 0.0971393735551, 0.502917935104, 0.403545638034, 0.395363402794, 0.597050440505, 0.495154528101, 2.19427125175e-06, 2.03946252116e-05, 9.32114866821
0.000517701547818, 0.999964966558, 0.502917935104, 0.403545638034, 0.501263358557, 0.597050440505, 0.600550266747, 0.00261910071502, 9.17593285015e-08, 5.05665189795
0.000517701547818, 0.298376128213, 0.502917935104, 0.499751864213, 0.399769014648, 0.597050440505, 0.497046839188, 0.000623734836771, 0.00146669659454, 4.03581797376
0.999988794846, 0.924847956688, 0.502917935104, 0.403545638034, 0.501263358557, 0.597050440505, 0.497046839188, 4.97801686768, 0.404507721019, 6.0312691115e-05
0.999999977599, 9.22421580674e-07, 0.700577380939, 0.403545638034, 0.399769014648, 0.597050440505, 0.600550266747, 6.10217113166e-06, 6.61537590917, 1.48193069544e-07
0.984327380198, 0.702193217928, 0.602523399701, 0.403545638034, 0.399769014648, 0.597050440505, 0.600550266747, 3.95608914509, 1.67781480625, 0.0897039302218
3.19697836781e-06, 0.750166047264, 0.700577380939, 0.403545638034, 0.501263358557, 0.597050440505, 0.600550266747, 1.50259127292e-05, 5.00420298185e-06, 6.26530722787
0.773599455702, 0.0195127685969, 0.597044877695, 0.403545638034, 0.399769014648, 0.597050440505, 0.600550266747, 0.0890792980625, 4.47610055431, 1.33603920708
3.19697836781e-06, 0.372671325443, 0.700577380939, 0.403545638034, 0.399769014648, 0.302009367548, 0.600550266747, 9.10988573527e-06, 1.53349403442e-05, 7.64620373288
4.35462383919e-06, 0.0971393735551, 0.502917935104, 0.403545638034, 0.399769014648, 0.597050440505, 0.600550266747, 2.28817427702e-06, 2.12674056415e-05, 5.40930243639
0.999988794846, 2.07112843409e-06, 0.597062783768, 0.403545638034, 0.399769014648, 0.597050440505, 0.600550266747, 1.22009615183e-05, 5.89096071867, 6.60099966501e-05
0.480598917286, 0.999893061132, 0.502917935104, 0.403545638034, 0.501263358557, 0.597050440505, 0.497046839188, 2.58658783945, 0.00027663635955, 2.79572042558
0.480598917286, 2.07112843409e-06, 0.597062783768, 0.403545638034, 0.399769014648, 0.597050440505, 0.600550266747, 5.86383460071e-06, 2.83122106744, 3.05981199836
0.919144639344, 2.07112843409e-06, 0.597062783768, 0.403545638034, 0.501263358557, 0.597050440505, 0.497046839188, 1.11636679145e-05, 5.39012675861, 0.474159916772
0.999999818434, 2.07112843409e-06, 0.597062783768, 0.403545638034, 0.399769014648, 0.597050440505, 0.497046839188, 1.28707203236e-05, 6.21433874156, 1.12831585143e-06
0.99999978841, 0.298376128213, 0.502917935104, 0.403545638034, 0.399769014648, 0.597050440505, 0.600550266747, 1.61401340422, 3.79531144319, 1.14455973507e-06
0.755534449498, 0.953964845766, 0.597062783768, 0.403545638034, 0.399769014648, 0.597050440505, 0.497046839188, 4.47901527365, 0.216142303203, 1.51919516374
0.480598917286, 0.996359689796, 0.502917935104, 0.499751864213, 0.501263358557, 0.597050440505, 0.497046839188, 1.76592639378, 0.00645200717816, 1.91547510268
0.612308266185, 8.57245501029e-07, 0.700577380939, 0.403545638034, 0.399769014648, 0.302009367548, 0.497046839188, 4.18320068679e-06, 4.87981225418, 3.0897255513
0.480598917286, 0.0375232432393, 0.502917935104, 0.403545638034, 0.399769014648, 0.597050440505, 0.600550266747, 0.097549783888, 2.5021664311, 2.80960977698
0.333155477148, 3.29884317884e-06, 0.502917935104, 0.403545638034, 0.399769014648, 0.597050440505, 0.600550266747, 5.944998959e-06, 1.80214063691, 3.60717941006
0.999999996013, 0.998235153647, 0.502917935104, 0.403545638034, 0.399769014648, 0.597050440505, 0.497046839188, 5.72252255167, 0.0101172284096, 2.28578695093e-08
0.99999978841, 0.99977180995, 0.700577380939, 0.403545638034, 0.501263358557, 0.597050440505, 0.495154528101, 8.0286688575, 0.00183248050505, 1.69917480336e-06
4.35462383919e-06, 9.37552993352e-07, 0.502917935104, 0.403545638034, 0.399769014648, 0.597050440505, 0.495154528101, 2.92912710509e-11, 3.12422271557e-05, 7.1744705289
0.763697755292, 0.44938730644, 0.700577380939, 0.403545638034, 0.399769014648, 0.597050440505, 0.600550266747, 2.27037320623, 2.78177929941, 1.5632296539
0.999999977599, 0.38121540176, 0.700577380939, 0.403545638034, 0.399769014648, 0.605033430192, 0.600550266747, 3.17155426409, 5.14803159063, 1.86369428558e-07
0.999999977599, 3.29884317884e-06, 0.502917935104, 0.403545638034, 0.399769014648, 0.597050440505, 0.600550266747, 1.7844517751e-05, 5.40930802628, 1.21175860076e-07
0.85267753297, 0.38121540176, 0.700577380939, 0.403545638034, 0.399769014648, 0.597050440505, 0.600550266747, 2.15035516434, 3.49043257511, 0.974594420092
0.85267753297, 0.38121540176, 0.700577380939, 0.403545638034, 0.399769014648, 0.597050440505, 0.600550266747, 2.15035516434, 3.49043257511, 0.974594420092
0.755534449498, 2.07112843409e-06, 0.597062783768, 0.403545638034, 0.399769014648, 0.597050440505, 0.497046839188, 9.72427435995e-06, 4.69514785258, 1.51919516374
0.99999978841, 0.298376128213, 0.502917935104, 0.403545638034, 0.399769014648, 0.597050440505, 0.600550266747, 1.61401340422, 3.79531144319, 1.14455973507e-06
0.376626299448, 0.999893061132, 0.502917935104, 0.403545638034, 0.501263358557, 0.597050440505, 0.497046839188, 2.02700624394, 0.000216788936976, 3.35536186851
0.751683606883, 0.924847956688, 0.502917935104, 0.403545638034, 0.501263358557, 0.597050440505, 0.497046839188, 3.74193560318, 0.304065229845, 1.33658406836
0.999999961656, 9.37552993352e-07, 0.700577380939, 0.403545638034, 0.399769014648, 0.597050440505, 0.600550266747, 6.20227110802e-06, 6.61537570361, 2.53658189203e-07
0.396502586722, 2.07112843409e-06, 0.597062783768, 0.403545638034, 0.501263358557, 0.597050440505, 0.497046839188, 4.81580701875e-06, 2.32520444668, 3.53908857656
0.00043648982237, 0.999640161876, 0.502917935104, 0.403545638034, 0.501263358557, 0.597050440505, 0.497046839188, 0.00234859810814, 8.45419351492e-07, 5.38023545786
0.000517701547818, 0.298376128213, 0.502917935104, 0.499751864213, 0.399769014648, 0.597050440505, 0.497046839188, 0.000623734836771, 0.00146669659454, 4.03581797376
0.000517701547818, 0.996359689796, 0.502917935104, 0.499751864213, 0.501263358557, 0.597050440505, 0.497046839188, 0.00190225735954, 6.95010742332e-06, 3.68594429617
0.763697755292, 0.44938730644, 0.700577380939, 0.403545638034, 0.399769014648, 0.597050440505, 0.600550266747, 2.27037320623, 2.78177929941, 1.5632296539
5.32839955347e-05, 2.49404246389e-06, 0.502917935104, 0.403545638034, 0.501263358557, 0.597050440505, 0.600550266747, 6.72339423745e-10, 0.000269577505851, 5.05900151224
0.763697755292, 0.924847956688, 0.502917935104, 0.403545638034, 0.501263358557, 0.597050440505, 0.497046839188, 3.80174290676, 0.308925100094, 1.27191689453
0.612308266185, 0.999893061132, 0.502917935104, 0.403545638034, 0.501263358557, 0.597050440505, 0.497046839188, 3.29544877931, 0.000352449253603, 2.08678367282
0.999999818434, 0.0968938461074, 0.597062783768, 0.403545638034, 0.399769014648, 0.597050440505, 0.600550266747, 0.570805315821, 5.3202325442, 1.06961302056e-06
0.999999689478, 0.63848009102, 0.597062783768, 0.403545638034, 0.501263358557, 0.597050440505, 0.497046839188, 3.74423625538, 2.12005976268, 1.82099421953e-06
0.396502586722, 8.46549720002e-06, 0.502917935104, 0.403545638034, 0.501263358557, 0.597050440505, 0.497046839188, 1.80671389309e-05, 2.13419076951, 3.24837606474
0.999999818434, 0.0968938461074, 0.597062783768, 0.403545638034, 0.399769014648, 0.597050440505, 0.600550266747, 0.570805315821, 5.3202325442, 1.06961302056e-06
0.755534449498, 0.63848009102, 0.597062783768, 0.403545638034, 0.399769014648, 0.597050440505, 0.497046839188, 2.99776463702, 1.69739293983, 1.51919516374
0.999988794846, 0.988779112625, 0.502917935104, 0.403545638034, 0.501263358557, 0.597050440505, 0.600550266747, 5.00244552552, 0.0567688749936, 5.66899101703e-05
0.396502586722, 2.07112843409e-06, 0.597062783768, 0.403545638034, 0.501263358557, 0.597050440505, 0.497046839188, 4.81580701875e-06, 2.32520444668, 3.53908857656
0.99999978841, 0.471084713729, 0.502917935104, 0.403545638034, 0.501263358557, 0.597050440505, 0.495154528101, 3.21489191969, 3.60955350594, 1.44398527888e-06
0.763697755292, 0.924847956688, 0.502917935104, 0.403545638034, 0.501263358557, 0.597050440505, 0.497046839188, 3.80174290676, 0.308925100094, 1.27191689453
0.984327380198, 0.999893061132, 0.502917935104, 0.403545638034, 0.501263358557, 0.597050440505, 0.497046839188, 5.29765910842, 0.000566586259913, 0.08435920671
0.396502586722, 8.46549720002e-06, 0.502917935104, 0.403545638034, 0.501263358557, 0.597050440505, 0.497046839188, 1.80671389309e-05, 2.13419076951, 3.24837606474
0.99999978841, 0.999887162948, 0.700577380939, 0.403545638034, 0.399769014648, 0.302009367548, 0.495154528101, 9.41034001069, 0.00106195485192, 1.99135974344e-06
0.999999689478, 0.999970402317, 0.502917935104, 0.403545638034, 0.699596311696, 0.597050440505, 0.495154528101, 8.67468148509, 0.000256758073755, 2.69376108351e-06
0.999999961656, 0.99977180995, 0.700577380939, 0.403545638034, 0.501263358557, 0.597050440505, 0.495154528101, 8.02867024844, 0.00183248082252, 3.07919151105e-07
0.480598917286, 0.0531603566109, 0.502917935104, 0.403545638034, 0.399769014648, 0.597050440505, 0.600550266747, 0.138201841076, 2.46151437391, 2.80960977698
0.999999689478, 0.999970402317, 0.502917935104, 0.403545638034, 0.699596311696, 0.597050440505, 0.495154528101, 8.67468148509, 0.000256758073755, 2.69376108351e-06
0.999999961656, 0.996359689796, 0.502917935104, 0.403545638034, 0.399769014648, 0.597050440505, 0.600550266747, 5.38963416071, 0.0196916238497, 2.0741354057e-07
0.480598917286, 0.0531603566109, 0.502917935104, 0.403545638034, 0.399769014648, 0.597050440505, 0.600550266747, 0.138201841076, 2.46151437391, 2.80960977698
0.99999978841, 0.471084713729, 0.502917935104, 0.403545638034, 0.501263358557, 0.597050440505, 0.495154528101, 3.21489191969, 3.60955350594, 1.44398527888e-06
0.480598917286, 0.999893061132, 0.502917935104, 0.403545638034, 0.501263358557, 0.597050440505, 0.497046839188, 2.58658783945, 0.00027663635955, 2.79572042558
0.000517701547818, 0.996359689796, 0.502917935104, 0.499751864213, 0.501263358557, 0.597050440505, 0.497046839188, 0.00190225735954, 6.95010742332e-06, 3.68594429617
0.999999977599, 0.998235153647, 0.502917935104, 0.403545638034, 0.399769014648, 0.597050440505, 0.497046839188, 5.72252244629, 0.0101172282233, 1.28418505311e-07
0.999988794846, 0.988779112625, 0.502917935104, 0.403545638034, 0.501263358557, 0.597050440505, 0.600550266747, 5.00244552552, 0.0567688749936, 5.66899101703e-05
4.35462383919e-06, 0.0971393735551, 0.502917935104, 0.403545638034, 0.399769014648, 0.597050440505, 0.600550266747, 2.28817427702e-06, 2.12674056415e-05, 5.40930243639
0.999999689478, 0.63848009102, 0.597062783768, 0.403545638034, 0.501263358557, 0.597050440505, 0.497046839188, 3.74423625538, 2.12005976268, 1.82099421953e-06
0.999988794846, 3.29884317884e-06, 0.502917935104, 0.403545638034, 0.399769014648, 0.597050440505, 0.600550266747, 1.78443182002e-05, 5.40924753532, 6.06123291451e-05
5.32839955347e-05, 3.29884317884e-06, 0.502917935104, 0.403545638034, 0.501263358557, 0.597050440505, 0.600550266747, 8.8929613429e-10, 0.000269577288895, 5.05900151224
0.999988794846, 3.29884317884e-06, 0.502917935104, 0.403545638034, 0.399769014648, 0.597050440505, 0.600550266747, 1.78443182002e-05, 5.40924753532, 6.06123291451e-05
0.999999977599, 3.29884317884e-06, 0.502917935104, 0.403545638034, 0.399769014648, 0.597050440505, 0.600550266747, 1.7844517751e-05, 5.40930802628, 1.21175860076e-07
0.999999961656, 9.37552993352e-07, 0.700577380939, 0.403545638034, 0.399769014648, 0.597050440505, 0.600550266747, 6.20227110802e-06, 6.61537570361, 2.53658189203e-07
0.999999854584, 0.99977180995, 0.700577380939, 0.403545638034, 0.501263358557, 0.597050440505, 0.495154528101, 8.02866938879, 0.00183248062631, 1.1677612627e-06
3.19697836781e-06, 0.999987538331, 0.700577380939, 0.403545638034, 0.501263358557, 0.597050440505, 0.600550266747, 2.00298661024e-05, 2.49608679605e-10, 6.26530722787
0.999999961656, 0.999887162948, 0.700577380939, 0.403545638034, 0.399769014648, 0.302009367548, 0.495154528101, 9.41034164099, 0.0010619550359, 3.60867993412e-07
0.999999977599, 9.22421580674e-07, 0.700577380939, 0.403545638034, 0.399769014648, 0.597050440505, 0.600550266747, 6.10217113166e-06, 6.61537590917, 1.48193069544e-07
0.99999978841, 0.99977180995, 0.700577380939, 0.403545638034, 0.501263358557, 0.597050440505, 0.495154528101, 8.0286688575, 0.00183248050505, 1.69917480336e-06
0.999999854584, 0.99977180995, 0.700577380939, 0.403545638034, 0.501263358557, 0.597050440505, 0.495154528101, 8.02866938879, 0.00183248062631, 1.1677612627e-06
0.999999977599, 0.998235153647, 0.502917935104, 0.403545638034, 0.399769014648, 0.597050440505, 0.497046839188, 5.72252244629, 0.0101172282233, 1.28418505311e-07
