0.0574445022258, 0.546198547597, 0.270975008016, 0.534742603527, 0.215509310913, 0.519452638983, 0.536497728482, 0.688891405817, 0.605527170206, 0.628858797435, 0.482019004412, 0.607122440425, 0.346454106643, 0.218351434758, 0.91534680112, 0.206466221832, 0.610838736958, 101.630981035, 114.007186837, 162.361105479, 78.4798197638, 263.630203631, 160.510502886, 449.679423075, 53.7817724689
0.230271795574, 0.63428863977, 0.1859600873, 0.991690160659, 0.00461365036873, 0.434115171746, 0.74601766575, 0.579965769592, 0.31045930584, 0.717753086187, 0.694879688657, 0.317517100168, 0.25903723472, 0.971346374564, 0.207503646509, 0.188910152541, 0.700154176767, 1.17752095502, 2.79323715483, 2.46086171667, 0.0282963062023, 299.110611303, 89.9523600424, 482.588553683, 217.502510575
0.0970671406786, 0.363700739713, 0.675008403938, 0.297532767379, 0.759471371257, 0.223580947788, 0.361910275598, 0.420469151573, 0.711676905091, 0.418750302929, 0.768972458539, 0.326217702441, 0.473533978187, 0.627087454089, 0.574337368191, 0.396735354635, 0.610838736958, 82.1947292108, 52.5089917362, 35.7359361934, 261.725680494, 142.10321979, 563.223691235, 414.9471064, 117.921108628
0.0574445022258, 0.546198547597, 0.134804830787, 0.579763812924, 0.978152231374, 0.519452638983, 0.536497728482, 0.688891405817, 0.605527170206, 0.972584863136, 0.482019004412, 0.607122440425, 0.27823475864, 0.218351434758, 0.983231608676, 0.206466221832, 0.610838736958, 3.0977081214, 3.47493436515, 4.94875981635, 197.897806522, 255.083159486, 69.4192089054, 382.084464287, 45.6973983414
0.230271795574, 0.600071705887, 0.602138539603, 0.991690160659, 0.00461365036873, 0.591101173448, 0.18687200249, 0.579965769592, 0.31045930584, 0.717753086187, 0.694879688657, 0.317517100168, 0.25903723472, 0.971346374564, 0.207503646509, 0.188910152541, 0.700154176767, 1.4793617123, 0.447166334005, 2.0658013884, 0.0186973024416, 197.642813272, 273.985948272, 465.110636887, 217.502510575
0.951674038241, 0.763399510216, 0.804929475608, 0.620557546488, 0.432332280674, 0.434115171746, 0.722358516797, 0.303109187596, 0.681405700486, 0.717753086187, 0.312656749231, 0.50192978247, 0.264464171129, 0.295904600591, 0.207503646509, 0.61986042056, 0.700154176767, 0.515967137147, 1.10711385805, 0.991591305093, 1.26991747909, 2.98066997682, 11.3840906696, 30.6345891867, 432.301519089
0.865616900505, 0.63428863977, 0.602138539603, 0.991690160659, 0.00461365036873, 0.349910522709, 0.74601766575, 0.579965769592, 0.31045930584, 0.208492421835, 0.694879688657, 0.595314954401, 0.25903723472, 0.991237615927, 0.207503646509, 0.374164400096, 0.700154176767, 0.14146827107, 0.335581655083, 0.223100438305, 0.00309518852221, 32.718183227, 45.3561771803, 86.4038179872, 480.325981057
0.300229041216, 0.955326115904, 0.496110131026, 0.991690160659, 0.335194513354, 0.265447045678, 0.558121864606, 0.595152615799, 0.475900551571, 0.717753086187, 0.694879688657, 0.689223569664, 0.25903723472, 0.991237615927, 0.207503646509, 0.374164400096, 0.779741406841, 0.184788168874, 0.222033561998, 0.127950427363, 0.183640573122, 27.9943070414, 27.6566353387, 559.882591679, 286.232666857
0.99505428335, 0.00292922662768, 0.777255798054, 0.264738194756, 0.314893026603, 0.598807425499, 0.337049145017, 0.0198276700032, 0.398061449497, 0.752996243241, 0.688370397023, 0.639913949417, 0.598286479697, 0.206075278934, 0.590182703975, 0.796778464122, 0.686323319598, 0.649735859719, 0.380198818569, 1.03206903061, 0.688996612387, 0.640948184725, 4.34814307806, 0.0212972581976, 595.791815399
0.122927758875, 0.0273455033525, 0.202133396128, 0.153012809362, 0.500412843587, 0.350643150774, 0.258195252358, 0.420469151573, 0.758054414842, 0.90209263675, 0.387466011534, 0.502457040254, 0.68498338691, 0.888305929897, 0.0397050168527, 0.675290388407, 0.615962984633, 376.438628271, 161.634087687, 251.617325848, 481.397190156, 166.74863248, 230.20227272, 31.6917651222, 144.307569293
0.0970671406786, 0.363700739713, 0.161813146921, 0.820679161461, 0.759471371257, 0.0686194250266, 0.361910275598, 0.420469151573, 0.711676905091, 0.418750302929, 0.993106923238, 0.326217702441, 0.473533978187, 0.627087454089, 0.574337368191, 0.396735354635, 0.610838736958, 46.0258307841, 29.4029798687, 5.90981189621, 138.413696128, 514.623294764, 139.181293326, 355.805012747, 101.113903221
0.0970671406786, 0.021629671448, 0.376477644287, 0.297532767379, 0.581606699426, 0.223580947788, 0.361910275598, 0.420469151573, 0.263592201657, 0.418750302929, 0.768972458539, 0.326217702441, 0.506441570278, 0.255792438696, 0.503189088047, 0.396735354635, 0.561650246274, 336.045861666, 214.678356418, 146.103206201, 550.366808035, 350.820636376, 522.913970882, 31.8803724922, 144.215891126
0.000612794666459, 0.581556831492, 0.200178537062, 0.596563214411, 0.594985765969, 0.278928364621, 0.403123946203, 0.54263830178, 0.796384247547, 0.688692719946, 0.281406573128, 0.223393973984, 0.322101761289, 0.204385649766, 0.226232740681, 0.306521706885, 0.334812004307, 116.139062684, 85.2538266014, 67.4987533245, 215.393123013, 364.415810825, 147.076391828, 616.166383354, 0.749202045225
0.0970671406786, 0.11570335533, 0.376477644287, 0.297532767379, 0.581606699426, 0.546627161612, 0.353058157561, 0.534520370416, 0.698427107639, 0.204409769985, 0.768972458539, 0.326217702441, 0.473533978187, 0.218399699914, 0.503189088047, 0.396735354635, 0.561650246274, 192.217854104, 119.06512384, 261.914189431, 448.40624519, 285.827855161, 426.039301094, 140.439967081, 119.397275546
0.230271795574, 0.600071705887, 0.602138539603, 0.994188814107, 0.00461365036873, 0.578619642927, 0.18687200249, 0.579965769592, 0.31045930584, 0.717753086187, 0.32406901373, 0.317517100168, 0.25903723472, 0.971346374564, 0.207503646509, 0.188910152541, 0.700154176767, 1.21399384486, 0.366953648049, 1.62770702876, 0.0149543715015, 226.053222361, 313.35675404, 531.945380278, 248.756847346
0.999900904227, 0.763399510216, 0.804929475608, 0.264738194756, 0.314893026603, 0.0330540205233, 0.020711570652, 0.303109187596, 0.432169099535, 0.773044168168, 0.312656749231, 0.639913949417, 0.598286479697, 0.206075278934, 0.590182703975, 0.796778464122, 0.865653534312, 0.00963009918825, 0.000313412948074, 0.000500720429066, 0.00520379310141, 0.00484089715692, 0.0378765152281, 0.101925706454, 702.779552066
0.0287296124461, 0.0331522265887, 0.216042707031, 0.0145746427102, 0.282900695446, 0.519452638983, 0.536497728482, 0.376907370944, 0.711676905091, 0.628858797435, 0.0618431902104, 0.403861074677, 0.346454106643, 0.0401257570259, 0.39602118393, 0.0118443661935, 0.610838736958, 357.515026937, 401.051746798, 571.150001777, 373.360551381, 19.8864413532, 306.670165646, 48.0181667308, 41.6594864875
0.00330772557946, 0.581556831492, 0.319732325579, 0.538322364357, 0.00461365036873, 0.278928364621, 0.679652013616, 0.54263830178, 0.796384247547, 0.421157639088, 0.666585365661, 0.0717699829627, 0.322101761289, 0.585069195286, 0.272218608105, 0.207803385776, 0.367776979007, 152.869746903, 277.709352562, 148.519575251, 2.53704576182, 394.984854878, 289.869677477, 780.229095228, 5.12084185859
0.230271795574, 0.763399510216, 0.496110131026, 0.407362255304, 0.800173760364, 0.529872037735, 0.411884667569, 0.595152615799, 0.875317463864, 0.553553026414, 0.694879688657, 0.716819525026, 0.39590822569, 0.305843633769, 0.30589168212, 0.396735354635, 0.69566004419, 13.4012571482, 10.1241255631, 18.4506531276, 76.8605484659, 60.1510150475, 99.514708588, 363.304265176, 147.530588421
0.746219491827, 0.00292922662768, 0.777255798054, 0.264738194756, 0.314893026603, 0.598807425499, 0.67310359827, 0.172321883812, 0.812362326788, 0.503142418949, 0.788729882524, 0.639913949417, 0.598286479697, 0.206075278934, 0.971530308517, 0.796778464122, 0.695862356304, 17.4615137497, 30.9630634444, 48.7345159772, 32.5345644708, 30.2657076443, 205.320227644, 1.00566099662, 518.92455189
0.263880643363, 0.00868202825847, 0.724477139116, 0.991690160659, 0.516007679511, 0.2310223832, 0.336543549025, 0.428996845074, 0.614202363103, 0.309236518905, 0.965079220289, 0.114368274941, 0.316172324324, 0.123155559225, 0.903027309957, 0.238140538983, 0.78418396053, 2.29417756569, 1.34001401582, 1.0088215321, 2.98857558691, 315.930765118, 683.887311267, 10.2745505809, 331.499621089
0.230271795574, 0.40256030594, 0.1859600873, 0.991690160659, 0.783729020253, 0.434115171746, 0.74601766575, 0.579965769592, 0.31045930584, 0.717753086187, 0.694879688657, 0.535220786935, 0.40003743907, 0.98423418472, 0.207503646509, 0.188910152541, 0.700154176767, 0.427577386793, 1.014270734, 0.89357970029, 4.01156173837, 325.937450454, 98.0200694547, 249.401119802, 159.656653636
0.0963899859066, 0.789414192641, 0.0330678375387, 0.734796536099, 0.00461365036873, 0.223580947788, 0.567301138416, 0.717131064441, 0.580496539182, 0.552155130562, 0.235417211505, 0.288713262015, 0.25903723472, 0.284506665141, 0.00342953620956, 0.331197226865, 0.392689372043, 71.8738983539, 88.9379628162, 41.89643103, 0.882590548713, 275.237326355, 15.6477041246, 877.634678903, 141.582258039
0.0438862979972, 0.581556831492, 0.319732325579, 0.538322364357, 0.00461365036873, 0.278928364621, 0.202063897624, 0.54263830178, 0.796384247547, 0.421157639088, 0.666585365661, 0.161927534194, 0.322101761289, 0.204385649766, 0.272218608105, 0.479313017181, 0.367776979007, 321.802937312, 105.714747381, 158.694692566, 2.71085947099, 422.045376895, 309.72872952, 833.682807058, 72.7117095803
0.0574445022258, 0.546198547597, 0.270975008016, 0.534742603527, 0.215509310913, 0.519452638983, 0.361910275598, 0.688891405817, 0.450970788823, 0.628858797435, 0.482019004412, 0.607122440425, 0.0204677711934, 0.196350967078, 0.91534680112, 0.206466221832, 0.610838736958, 135.708357967, 86.6954501275, 171.191603523, 82.7481812836, 277.968526782, 169.240350331, 474.13659374, 56.7068562518
0.230271795574, 0.763399510216, 0.496110131026, 0.999758243378, 0.335194513354, 0.733818436495, 0.558121864606, 0.595152615799, 0.53617619794, 0.553553026414, 0.694879688657, 0.689223569664, 0.257363336705, 0.305843633769, 0.479893330245, 0.219452019111, 0.69566004419, 0.015669486472, 0.0188277849024, 0.0551302985258, 0.0350654674178, 183.746725428, 181.514892245, 662.667212528, 269.095887834
0.230271795574, 0.63428863977, 0.602138539603, 0.998941165815, 0.267863061159, 0.431735291972, 0.802204370216, 0.579965769592, 0.758054414842, 0.806502627349, 0.768956554224, 0.317517100168, 0.696861899976, 0.991237615927, 0.207503646509, 0.374164400096, 0.700154176767, 0.0709338298914, 0.220911728083, 0.186924264742, 0.133327438266, 196.258956984, 272.044751126, 518.247053035, 233.573785107
0.230271795574, 0.400550349126, 0.804929475608, 0.991690160659, 0.00461365036873, 0.591101173448, 0.18687200249, 0.579965769592, 0.31045930584, 0.717753086187, 0.694879688657, 0.317517100168, 0.25903723472, 0.971346374564, 0.207503646509, 0.188910152541, 0.700154176767, 1.04929632026, 0.317170564113, 1.4652520592, 0.01326180777, 140.186051166, 443.131189372, 338.296931249, 217.502510575
0.951674038241, 0.763399510216, 0.602138539603, 0.620557546488, 0.432332280674, 0.434115171746, 0.972947335423, 0.303109187596, 0.681405700486, 0.717753086187, 0.312656749231, 0.50192978247, 0.264464171129, 0.295904600591, 0.207503646509, 0.295756049303, 0.700154176767, 0.0862510471964, 2.02849028094, 1.64825591847, 2.11089890577, 4.95456838425, 8.29869927194, 26.2539405137, 370.483778874
0.865616900505, 0.360580252765, 0.602138539603, 0.991690160659, 0.00339184716021, 0.349910522709, 0.74601766575, 0.579965769592, 0.314434924007, 0.208492421835, 0.694879688657, 0.595314954401, 0.25903723472, 0.991237615927, 0.207503646509, 0.374164400096, 0.700154176767, 0.227481274721, 0.539616000776, 0.358745969769, 0.0036589949852, 52.6102719581, 72.931947348, 57.1862758105, 497.34910302
0.263880643363, 0.00868202825847, 0.724477139116, 0.703679151034, 0.853318803104, 0.350643150774, 0.336543549025, 0.597721289785, 0.614202363103, 0.309236518905, 0.968791106895, 0.78155308745, 0.316172324324, 0.286305575972, 0.681710339064, 0.452072937587, 0.966704543057, 23.5322849007, 13.7450527208, 16.7382046346, 136.342893551, 278.823184963, 675.357769559, 10.1464048963, 327.365109748
0.998111312618, 0.985626015733, 0.602138539603, 0.0187130863943, 0.432332280674, 0.520633449823, 0.722358516797, 0.595152615799, 0.113066237638, 0.717753086187, 0.196377456728, 0.595314954401, 0.264464171129, 0.303358968248, 0.207503646509, 0.374164400096, 0.700154176767, 0.00382562398405, 0.00820866490037, 0.00966328965965, 0.0106901347539, 0.00050043359725, 0.0236022804075, 1.28875174016, 434.508967711
0.99505428335, 0.95085171789, 0.0244138543997, 0.701081061242, 0.0947039302627, 0.2310223832, 0.35706536161, 0.157509885476, 0.398061449497, 0.503142418949, 0.996683704897, 0.539570361717, 0.574964569177, 0.974165418427, 0.899697978561, 0.232472509013, 0.78418396053, 0.182871389937, 0.114874662649, 0.0820005507765, 0.0346198426081, 0.460362286976, 0.0198067433803, 6.67837901568, 862.201418624
0.0963899859066, 0.40256030594, 0.0355123046642, 0.749865770045, 0.783729020253, 0.223580947788, 0.567301138416, 0.717131064441, 0.407335387202, 0.0184409300006, 0.235417211505, 0.322165896942, 0.40003743907, 0.215224753161, 0.00342953620956, 0.0576207981618, 0.392689372043, 42.2231422275, 52.2476217295, 24.6125367723, 202.4306508, 518.025294641, 31.3128853679, 411.50857313, 106.231833766
0.0287296124461, 0.352766033362, 0.270975008016, 0.0145746427102, 0.282900695446, 0.641931754744, 0.536497728482, 0.995005441519, 0.711676905091, 0.628858797435, 0.218597910249, 0.403861074677, 0.346454106643, 0.123155559225, 0.39602118393, 0.207803385776, 0.610838736958, 151.03241223, 169.424522563, 360.05808055, 202.658129068, 10.7942549998, 213.775671317, 320.367715937, 27.4943821892
0.263880643363, 0.00868202825847, 0.724477139116, 0.703679151034, 0.516007679511, 0.2310223832, 0.336543549025, 0.428996845074, 0.614202363103, 0.309236518905, 0.965079220289, 0.114368274941, 0.316172324324, 0.123155559225, 0.600443546737, 0.238140538983, 0.78418396053, 77.2590532984, 45.1265045118, 33.9732188486, 100.643700823, 276.513697844, 669.763794044, 10.0623624182, 324.653550793
0.000612794666459, 0.581556831492, 0.200178537062, 0.0600647035525, 0.594985765969, 0.278928364621, 0.403123946203, 0.54263830178, 0.796384247547, 0.688692719946, 0.281406573128, 0.223393973984, 0.322101761289, 0.78294954673, 0.226232740681, 0.0764349153299, 0.334812004307, 231.514725651, 169.947266839, 134.553827081, 429.37043428, 50.5139080214, 174.383978535, 730.569631424, 0.888305945973
0.230271795574, 0.600071705887, 0.602138539603, 0.994188814107, 0.00461365036873, 0.757681561297, 0.18687200249, 0.579965769592, 0.31045930584, 0.499493814951, 0.312656749231, 0.317517100168, 0.25903723472, 0.971346374564, 0.207503646509, 0.224388274234, 0.818889122794, 0.749460792588, 0.226539346203, 1.95665831852, 0.0152734846885, 230.877000091, 320.043512653, 543.296628679, 254.065100543
0.746219491827, 0.00292922662768, 0.777255798054, 0.620557546488, 0.376678390434, 0.476858038704, 0.722358516797, 0.0198276700032, 0.573660461299, 0.717753086187, 0.818712368348, 0.50192978247, 0.264464171129, 0.295904600591, 0.207503646509, 0.61986042056, 0.700154176767, 11.5436266369, 24.7692306386, 25.4092159502, 25.0755390253, 66.277806191, 219.477155487, 1.07500180306, 554.704647797
0.0287296124461, 0.0331522265887, 0.216042707031, 0.0145746427102, 0.93587684089, 0.519452638983, 0.536497728482, 0.376907370944, 0.758054414842, 0.628858797435, 0.0618431902104, 0.403861074677, 0.346454106643, 0.0401257570259, 0.39602118393, 0.0118443661935, 0.610838736958, 46.8843560416, 52.5937414411, 74.9003482901, 1017.46382655, 23.416362851, 361.105325321, 56.5415800462, 49.0542090689
0.0970671406786, 0.363700739713, 0.675008403938, 0.297532767379, 0.759471371257, 0.50359820278, 0.30271163286, 0.420469151573, 0.711676905091, 0.474602209684, 0.419903410707, 0.326217702441, 0.799536655018, 0.627087454089, 0.562326705731, 0.396735354635, 0.610838736958, 59.2476558461, 30.5067595712, 67.3980307566, 238.809976466, 129.661202942, 513.909969382, 378.615917731, 107.596385357
0.99505428335, 0.95085171789, 0.0152292125993, 0.264738194756, 0.385241393465, 0.2310223832, 0.35706536161, 0.172321883812, 0.398061449497, 0.309236518905, 0.965079220289, 0.539570361717, 0.727813347198, 0.974165418427, 0.614198834042, 0.320207398641, 0.78418396053, 0.330289586324, 0.207478626475, 0.14810369191, 0.288592954741, 0.224028197905, 0.0132689485054, 7.17114269905, 925.818884158
0.034154856013, 0.967501066713, 0.0330678375387, 0.734796536099, 0.783729020253, 0.223580947788, 0.567301138416, 0.717131064441, 0.580496539182, 0.552155130562, 0.296496013301, 0.322165896942, 0.40003743907, 0.284506665141, 0.371417412527, 0.331197226865, 0.392689372043, 3.00499695561, 3.71843344555, 1.75166020738, 14.4068739863, 34.5331762528, 1.9632690509, 740.087355751, 39.7959083054
0.0438862979972, 0.581556831492, 0.319732325579, 0.538322364357, 0.00461365036873, 0.278928364621, 0.361910275598, 0.54263830178, 0.796384247547, 0.421157639088, 0.768972458539, 0.161927534194, 0.322101761289, 0.585069195286, 0.272218608105, 0.207803385776, 0.367776979007, 276.555222983, 176.673566026, 153.7514413, 2.62641770868, 408.898898524, 300.080852144, 807.714052059, 70.4467803343
0.0970671406786, 0.021629671448, 0.376477644287, 0.297532767379, 0.110881493797, 0.71221995051, 0.361910275598, 0.420469151573, 0.698427107639, 0.858796858393, 0.475538687263, 0.326217702441, 0.473533978187, 0.255792438696, 0.503189088047, 0.396735354635, 0.561650246274, 257.963899897, 164.79675057, 630.402974163, 123.308161373, 359.090633537, 535.2407744, 32.6318978093, 147.615534381
0.0963899859066, 0.40256030594, 0.422380469681, 0.734796536099, 0.990527020477, 0.223580947788, 0.567301138416, 0.717131064441, 0.580496539182, 0.552155130562, 0.482019004412, 0.322165896942, 0.40003743907, 0.341804925113, 0.371417412527, 0.331197226865, 0.392689372043, 2.0851707577, 2.58022513821, 1.21547898245, 237.420932484, 536.631178413, 458.70664776, 545.737998805, 140.883452142
0.0165167518819, 0.609433564504, 0.270975008016, 0.534742603527, 0.215509310913, 0.519452638983, 0.536497728482, 0.688891405817, 0.605527170206, 0.628858797435, 0.235417211505, 0.717644784248, 0.346454106643, 0.187884898695, 0.91534680112, 0.206466221832, 0.129797274572, 127.352934614, 142.861454872, 203.453346995, 98.3424075327, 330.352809186, 201.134372322, 691.784819019, 21.955941118
0.122927758875, 0.0273455033525, 0.431342487371, 0.244078312635, 0.500412843587, 0.350643150774, 0.258195252358, 0.519572786735, 0.758054414842, 0.359228600068, 0.387466011534, 0.502457040254, 0.265758877386, 0.888305929897, 0.39602118393, 0.675290388407, 0.615962984633, 326.714827121, 140.28383128, 218.381178076, 417.809406226, 238.178066822, 512.313102588, 35.1252320895, 159.941765444
0.230271795574, 0.63428863977, 0.602138539603, 0.991690160659, 0.00461365036873, 0.434115171746, 0.74601766575, 0.579965769592, 0.31045930584, 0.717753086187, 0.694879688657, 0.186598050683, 0.25903723472, 0.991237615927, 0.207503646509, 0.374164400096, 0.700154176767, 0.664368407019, 1.57597069595, 1.38844134504, 0.015965042317, 168.761022474, 233.948039943, 445.672565862, 200.864486382
0.230271795574, 0.63428863977, 0.1859600873, 0.991690160659, 0.00461365036873, 0.434115171746, 0.79861464475, 0.579965769592, 0.31045930584, 0.717753086187, 0.694879688657, 0.317517100168, 0.25903723472, 0.971346374564, 0.207503646509, 0.188910152541, 0.700154176767, 0.942992003913, 2.88088449668, 2.46086171667, 0.0282963062023, 299.110611303, 89.9523600424, 482.588553683, 217.502510575
0.0970671406786, 0.363700739713, 0.675008403938, 0.297532767379, 0.908852856387, 0.223580947788, 0.361910275598, 0.420469151573, 0.711676905091, 0.418750302929, 0.768972458539, 0.326217702441, 0.473533978187, 0.627087454089, 0.574337368191, 0.438247880204, 0.610838736958, 38.8011874764, 24.7876141465, 16.8696554292, 340.150874344, 173.432825361, 687.398049291, 506.430812369, 143.919265653
0.0591324110652, 0.210495022859, 0.134804830787, 0.297532767379, 0.581606699426, 0.546627161612, 0.225794726103, 0.420469151573, 0.698427107639, 0.569940327127, 0.768972458539, 0.326217702441, 0.473533978187, 0.218399699914, 0.503189088047, 0.396735354635, 0.561650246274, 252.768894568, 93.6100246858, 312.232668555, 534.553239886, 340.74058438, 162.585365045, 265.528617059, 76.1884088946
0.114120613796, 0.696262065569, 0.376477644287, 0.579763812924, 0.978152231374, 0.519452638983, 0.444000388924, 0.267269458329, 0.605527170206, 0.972584863136, 0.482019004412, 0.607122440425, 0.27823475864, 0.218351434758, 0.983231608676, 0.206466221832, 0.610838736958, 2.62075315615, 2.19595970443, 3.63475714832, 145.351662556, 187.3530686, 159.27448515, 552.661521989, 112.734839568
0.230271795574, 0.600071705887, 0.602138539603, 0.991690160659, 0.00461365036873, 0.591101173448, 0.722358516797, 0.579965769592, 0.31045930584, 0.717753086187, 0.694879688657, 0.317517100168, 0.25903723472, 0.971346374564, 0.207503646509, 0.188910152541, 0.700154176767, 0.652842767805, 1.40080874019, 2.0658013884, 0.0186973024416, 197.642813272, 273.985948272, 465.110636887, 217.502510575
0.0970671406786, 0.63428863977, 0.483960024846, 0.941776582451, 0.00461365036873, 0.349910522709, 0.74601766575, 0.420469151573, 0.31045930584, 0.445185404627, 0.694879688657, 0.595314954401, 0.25903723472, 0.991237615927, 0.207503646509, 0.374164400096, 0.700154176767, 7.85577785977, 18.6349555007, 12.3888379386, 0.171876798103, 258.598313328, 246.916835859, 553.603426594, 101.335313653
0.263880643363, 0.00868202825847, 0.724477139116, 0.746766848263, 0.853318803104, 0.527258338211, 0.336543549025, 0.579965769592, 0.614202363103, 0.309236518905, 0.968791106895, 0.114368274941, 0.316172324324, 0.123155559225, 0.681710339064, 0.238140538983, 0.78418396053, 15.7041098411, 9.17266719356, 19.8148422859, 114.659120952, 280.290512896, 658.065083003, 9.88660393235, 318.982852984
0.998111312618, 0.985626015733, 0.602138539603, 0.0187130863943, 0.432332280674, 0.350643150774, 0.995595180528, 0.579965769592, 0.244661672683, 0.717753086187, 0.32406901373, 0.595314954401, 0.264464171129, 0.303358968248, 0.207503646509, 0.374164400096, 0.700154176767, 0.000132713479607, 0.0191805084088, 0.011780783111, 0.0181696394508, 0.000850569075178, 0.0401159513042, 2.19044520949, 738.519341734
0.99505428335, 0.00292922662768, 0.0837138555707, 0.264738194756, 0.314893026603, 0.598807425499, 0.337049145017, 0.243782119129, 0.711676905091, 0.752996243241, 0.0618431902104, 0.639913949417, 0.598286479697, 0.867229107826, 0.590182703975, 0.796778464122, 0.686323319598, 3.28117874484, 1.92001143794, 5.21196870355, 3.47944631039, 3.23680081498, 1.05974212738, 0.0371887191353, 1040.35619423
0.0287296124461, 0.352766033362, 0.777255798054, 0.0145746427102, 0.282900695446, 0.519452638983, 0.536497728482, 0.995005441519, 0.398061449497, 0.628858797435, 0.688370397023, 0.403861074677, 0.29876267872, 0.215224753161, 0.39602118393, 0.207803385776, 0.610838736958, 35.1904854044, 39.4758389963, 56.2187440721, 36.7501728432, 1.95743806962, 234.334070615, 154.356516531, 13.2470809254
0.0970671406786, 0.363700739713, 0.161813146921, 0.820679161461, 0.759471371257, 0.0686194250266, 0.361910275598, 0.420469151573, 0.711676905091, 0.418750302929, 0.993106923238, 0.326217702441, 0.473533978187, 0.627087454089, 0.574337368191, 0.396735354635, 0.610838736958, 46.0258307841, 29.4029798687, 5.90981189621, 138.413696128, 514.623294764, 139.181293326, 355.805012747, 101.113903221
0.0970671406786, 0.021629671448, 0.376477644287, 0.297532767379, 0.581606699426, 0.223580947788, 0.361910275598, 0.420469151573, 0.263592201657, 0.418750302929, 0.768972458539, 0.326217702441, 0.506441570278, 0.255792438696, 0.503189088047, 0.396735354635, 0.561650246274, 336.045861666, 214.678356418, 146.103206201, 550.366808035, 350.820636376, 522.913970882, 31.8803724922, 144.215891126
0.0970671406786, 0.0788217801739, 0.376477644287, 0.297532767379, 0.386525359938, 0.223580947788, 0.183564924841, 0.313649943567, 0.263592201657, 0.988470649828, 0.768972458539, 0.326217702441, 0.473533978187, 0.106894418037, 0.503189088047, 0.396735354635, 0.561650246274, 445.031905341, 132.000575187, 170.076222079, 343.434633026, 303.779041406, 452.796353297, 101.077010866, 125.768653337
0.865616900505, 0.990581546939, 0.469157527661, 0.596563214411, 0.691418959102, 0.434115171746, 0.670936100813, 0.579965769592, 0.194264579902, 0.497571674717, 0.694879688657, 0.595314954401, 0.696861899976, 0.303358968248, 0.600443546737, 0.785897271448, 0.700154176767, 0.0398261438516, 0.0700618388229, 0.0654247092561, 0.197111918665, 0.303166871941, 0.341421177312, 34.3374965571, 160.262985845
0.000612794666459, 0.968632118144, 0.200178537062, 0.625329885261, 0.594985765969, 0.278928364621, 0.403123946203, 0.54263830178, 0.796384247547, 0.880075649866, 0.281406573128, 0.223393973984, 0.322101761289, 0.204385649766, 0.060842336596, 0.306521706885, 0.334812004307, 10.3230382724, 7.57779935997, 5.999636968, 19.1452505392, 35.661861437, 13.9443297129, 914.289813141, 0.88114274345
0.0970671406786, 0.11570335533, 0.376477644287, 0.318451118468, 0.581606699426, 0.92613799782, 0.353058157561, 0.534520370416, 0.698427107639, 0.204409769985, 0.768972458539, 0.743715830304, 0.473533978187, 0.218399699914, 0.503189088047, 0.396735354635, 0.561650246274, 37.1972982944, 23.0410486506, 375.435355879, 489.83205764, 338.180888982, 473.504653242, 156.086487193, 132.699413904
0.999900904227, 0.763399510216, 0.804929475608, 0.264738194756, 0.600370862984, 0.487331842568, 0.020711570652, 0.303109187596, 0.31045930584, 0.773044168168, 0.312656749231, 0.639913949417, 0.598286479697, 0.206075278934, 0.590182703975, 0.796778464122, 0.865653534312, 0.00385027272265, 0.000125307673505, 0.00370196809277, 0.00736266651294, 0.00401722937812, 0.0314319112311, 0.0845832764221, 583.203189695
0.00330772557946, 0.581556831492, 0.866148960655, 0.538322364357, 0.00461365036873, 0.278928364621, 0.679652013616, 0.54263830178, 0.898700364087, 0.421157639088, 0.666585365661, 0.0717699829627, 0.322101761289, 0.585069195286, 0.272218608105, 0.207803385776, 0.367776979007, 36.5801352126, 66.4529501248, 35.5391845311, 0.607088576309, 94.5157540397, 591.810032506, 784.088738873, 5.14617368081
0.263880643363, 0.00868202825847, 0.724477139116, 0.991690160659, 0.00461365036873, 0.2310223832, 0.336543549025, 0.428996845074, 0.614202363103, 0.309236518905, 0.965079220289, 0.114368274941, 0.316172324324, 0.123155559225, 0.903027309957, 0.238140538983, 0.78418396053, 3.32912560143, 1.94452035146, 1.46392050903, 0.0298875176295, 315.930765118, 683.887311267, 10.2745505809, 331.499621089
0.0574445022258, 0.546198547597, 0.496110131026, 0.534742603527, 0.215509310913, 0.519452638983, 0.033343981255, 0.688891405817, 0.288791965621, 0.628858797435, 0.482019004412, 0.607122440425, 0.0204677711934, 0.196350967078, 0.91534680112, 0.206466221832, 0.610838736958, 91.3209025104, 4.78745730668, 97.2127940805, 46.9893484382, 157.847094126, 209.40740875, 344.692326489, 41.2252892255
0.230271795574, 0.763399510216, 0.270975008016, 0.999758243378, 0.335194513354, 0.733818436495, 0.558121864606, 0.595152615799, 0.53617619794, 0.972683634808, 0.694879688657, 0.689223569664, 0.257363336705, 0.305843633769, 0.479893330245, 0.219452019111, 0.69566004419, 0.0184523652484, 0.0221715730415, 0.064921362067, 0.0412930451522, 216.379885637, 98.0985029065, 609.544739679, 247.523915168
0.122927758875, 0.0664448737487, 0.202133396128, 0.0804181550192, 0.140392873897, 0.350643150774, 0.258195252358, 0.581817696337, 0.81014148165, 0.359228600068, 0.387466011534, 0.222159033347, 0.573646209034, 0.900825651465, 0.226232740681, 0.675290388407, 0.615962984633, 551.692371747, 236.884013739, 368.759603412, 157.953532918, 91.7028657985, 239.204851888, 80.2594442679, 150.632432666
0.552570814971, 0.929168227268, 0.833711315252, 0.734796536099, 0.000224298302232, 0.223580947788, 0.590391846138, 0.717131064441, 0.911490894236, 0.88666319195, 0.235417211505, 0.000491231676237, 0.40003743907, 0.284506665141, 0.321187341698, 0.0237621527919, 0.275855998231, 2.89171580721, 3.85634509857, 1.76603431782, 0.00180865237679, 11.6016046621, 47.4596885884, 439.710490131, 522.294213158
0.150222002209, 0.0664448737487, 0.841028978273, 0.053672630019, 0.000897854619877, 0.324682446421, 0.258195252358, 0.395752607783, 0.681405700486, 0.0576214496324, 0.57807991401, 0.502457040254, 0.506805305576, 0.217847963059, 0.272218608105, 0.704571328468, 0.615962984633, 116.97835425, 50.2278144384, 71.211283577, 0.205726248767, 12.3272839606, 573.998595032, 62.0521229371, 143.213687269
0.0438862979972, 0.0220446324284, 0.202133396128, 0.357386695042, 0.500412843587, 0.350643150774, 0.258195252358, 0.519572786735, 0.758054414842, 0.359228600068, 0.324492685642, 0.502457040254, 0.0834814666258, 0.888305929897, 0.226232740681, 0.675290388407, 0.615962984633, 408.110027315, 175.233057893, 272.786972465, 521.899203932, 463.858168633, 286.344085325, 31.7722810037, 63.3650812416
0.0970671406786, 0.021629671448, 0.376477644287, 0.297532767379, 0.580402462992, 0.71221995051, 0.361910275598, 0.420469151573, 0.263592201657, 0.418750302929, 0.399649318548, 0.537168386298, 0.39590822569, 0.255792438696, 0.503189088047, 0.396735354635, 0.619994831651, 124.949293058, 79.82216694, 305.346624062, 438.176927552, 279.716163602, 416.929549357, 25.4188453104, 114.986154215
0.865616900505, 0.360580252765, 0.602138539603, 0.991690160659, 0.00339184716021, 0.349910522709, 0.757952265482, 0.579965769592, 0.614202363103, 0.208492421835, 0.694879688657, 0.595314954401, 0.25903723472, 0.991237615927, 0.187869456298, 0.374164400096, 0.700154176767, 0.223589970606, 0.559459464587, 0.369086403282, 0.00376446124143, 54.126701591, 75.0341255355, 58.834603409, 511.68460994
0.263880643363, 0.00868202825847, 0.724477139116, 0.200316570472, 0.853318803104, 0.350643150774, 0.336543549025, 0.597721289785, 0.314434924007, 0.554924717436, 0.968791106895, 0.78155308745, 0.316172324324, 0.286305575972, 0.515202168219, 0.452072937587, 0.966704543057, 59.590843349, 34.8066193726, 42.3861828347, 345.261331214, 115.422234034, 807.232507396, 12.1276577167, 391.288544069
0.998111312618, 0.985626015733, 0.81729856843, 0.0187130863943, 0.419422082276, 0.520633449823, 0.722358516797, 0.595152615799, 0.113066237638, 0.717753086187, 0.196377456728, 0.595314954401, 0.264464171129, 0.303358968248, 0.207503646509, 0.374164400096, 0.700154176767, 0.00188081320256, 0.00403567245092, 0.004750817866, 0.0050410639322, 0.000242117806901, 0.0279128728941, 1.28875174016, 434.508967711
0.99505428335, 0.95085171789, 0.0244138543997, 0.701081061242, 0.0947039302627, 0.2310223832, 0.35706536161, 0.157509885476, 0.398061449497, 0.503142418949, 0.996683704897, 0.539570361717, 0.574964569177, 0.974165418427, 0.899697978561, 0.232472509013, 0.78418396053, 0.182871389937, 0.114874662649, 0.0820005507765, 0.0346198426081, 0.460362286976, 0.0198067433803, 6.67837901568, 862.201418624
0.0963899859066, 0.40256030594, 0.0236902810821, 0.749865770045, 0.783729020253, 0.223580947788, 0.567301138416, 0.717131064441, 0.407335387202, 0.0184409300006, 0.235417211505, 0.322165896942, 0.268473392884, 0.215224753161, 0.000321514833781, 0.0576207981618, 0.392689372043, 50.7946468569, 62.8541447853, 29.6090022591, 243.52506417, 623.186966106, 25.1149072759, 494.619239501, 127.687033172
0.263880643363, 0.00868202825847, 0.724477139116, 0.555167919049, 0.516007679511, 0.2310223832, 0.336543549025, 0.428996845074, 0.614202363103, 0.309236518905, 0.965079220289, 0.223393973984, 0.316172324324, 0.78294954673, 0.600443546737, 0.238140538983, 0.78418396053, 111.016274382, 64.8438751566, 48.817323334, 144.61850396, 237.540790031, 671.524538711, 10.0888154023, 325.507033787
0.000612794666459, 0.662016904466, 0.0890781516206, 0.0600647035525, 0.594985765969, 0.278928364621, 0.403123946203, 0.54263830178, 0.796384247547, 0.688692719946, 0.281406573128, 0.114368274941, 0.322101761289, 0.123155559225, 0.226232740681, 0.0764349153299, 0.334812004307, 199.316940606, 146.311942773, 115.840826475, 369.655973746, 43.4887136295, 65.0160023187, 793.986101046, 0.886266038529
0.0970671406786, 0.11570335533, 0.376477644287, 0.297532767379, 0.581606699426, 0.431735291972, 0.353058157561, 0.534520370416, 0.698427107639, 0.204409769985, 0.78571559302, 0.326217702441, 0.473533978187, 0.218399699914, 0.503189088047, 0.396735354635, 0.440068217105, 202.356059804, 125.345012473, 191.767388018, 396.127558148, 252.5038211, 376.368326329, 124.066383604, 105.477012684
0.230271795574, 0.600071705887, 0.602138539603, 0.997892134047, 0.00461365036873, 0.546627161612, 0.18687200249, 0.579965769592, 0.31045930584, 0.556960775761, 0.312656749231, 0.317517100168, 0.150326966703, 0.971346374564, 0.207503646509, 0.224388274234, 0.818889122794, 0.620009287008, 0.187410068556, 0.750290316892, 0.00718342766086, 299.368784693, 414.972348542, 704.44508026, 329.423929205
0.0287296124461, 0.0331522265887, 0.216042707031, 0.0145746427102, 0.93587684089, 0.519452638983, 0.536497728482, 0.376907370944, 0.758054414842, 0.628858797435, 0.0618431902104, 0.403861074677, 0.346454106643, 0.0401257570259, 0.39602118393, 0.0118443661935, 0.610838736958, 46.8843560416, 52.5937414411, 74.9003482901, 1017.46382655, 23.416362851, 361.105325321, 56.5415800462, 49.0542090689
0.0438862979972, 0.0273455033525, 0.202133396128, 0.357386695042, 0.500412843587, 0.294795673755, 0.517951077146, 0.519572786735, 0.711676905091, 0.359228600068, 0.387466011534, 0.502457040254, 0.387322131732, 0.903190136342, 0.226232740681, 0.675290388407, 0.615962984633, 218.949703353, 231.659107598, 159.145146105, 356.737688162, 317.064462767, 195.726926288, 26.9455714, 43.3264096628
0.0329634209046, 0.363700739713, 0.842798532226, 0.297532767379, 0.327936709903, 0.50359820278, 0.30271163286, 0.420469151573, 0.711676905091, 0.474602209684, 0.419903410707, 0.326217702441, 0.799536655018, 0.627087454089, 0.562326705731, 0.396735354635, 0.610838736958, 70.6446651126, 36.3751068764, 80.3628640501, 63.9771015718, 65.5371185932, 577.069966902, 382.546587177, 36.664662354
0.0970671406786, 0.0788217801739, 0.405720556941, 0.0278156711837, 0.550297864153, 0.223580947788, 0.361910275598, 0.826791567973, 0.0661992574755, 0.988470649828, 0.680268987667, 0.301833310194, 0.473533978187, 0.255792438696, 0.503189088047, 0.488038340364, 0.475294089663, 345.601702785, 220.782976351, 150.257814797, 511.870082187, 29.4189164613, 498.654461961, 104.292557382, 129.769711062
0.0905668338572, 0.00292922662768, 0.225114555745, 0.786487090806, 0.581606699426, 0.59974615419, 0.536497728482, 0.453284305936, 0.385885139344, 0.445185404627, 0.768972458539, 0.0649626966091, 0.308920002338, 0.409319208393, 0.503189088047, 0.219452019111, 0.300152559139, 63.662547922, 71.4151130052, 131.570184371, 210.818205103, 763.974390642, 298.640403789, 3.96816483973, 123.523954168
0.034154856013, 0.967501066713, 0.0152292125993, 0.734796536099, 0.783729020253, 0.223580947788, 0.117412310884, 0.717131064441, 0.580496539182, 0.309236518905, 0.296496013301, 0.322165896942, 0.40003743907, 0.284506665141, 0.371417412527, 0.331197226865, 0.392689372043, 3.56780927549, 0.665577663901, 1.3297582065, 10.9368579776, 26.2155721327, 0.685908704018, 561.233953131, 30.1786198117
0.0307849698923, 0.546198547597, 0.434921431293, 0.465734644761, 0.00461365036873, 0.519452638983, 0.536497728482, 0.54263830178, 0.677429306596, 0.628858797435, 0.482019004412, 0.929321739105, 0.346454106643, 0.685255290449, 0.91534680112, 0.206466221832, 0.219315205755, 171.884876007, 192.816314217, 274.595582956, 2.73217064109, 338.458690879, 412.368206611, 755.672436943, 48.3407859478
0.0970671406786, 0.021629671448, 0.376477644287, 0.297532767379, 0.536823069701, 0.223580947788, 0.344614367333, 0.420469151573, 0.698427107639, 0.418750302929, 0.768972458539, 0.326217702441, 0.473533978187, 0.255792438696, 0.503189088047, 0.396735354635, 0.561650246274, 346.305891471, 208.207398242, 148.049363443, 483.247468704, 326.555902256, 486.746291005, 29.6753461, 134.241106603
