0.514602447646, 0.856935722886, 2.1976802507, 0.487973770138, 11.6062603988, 44.8077710536, 2.40449390212, 1.76671675723, 30.5179768241, 242.281685251, 0.480513556405, 0.0
0.51954778406, 0.854853964494, 2.01707556851, 0.471628359451, 0.430775555959, 47.5337555204, 2.10824259234, 1.25030472214, 30.5689006651, 218.039193466, 0.529530629017, 0.19375
0.552687941587, 0.82717918098, 2.23708876782, 0.325840685402, 30.9550058258, 45.6117949318, 2.00043462179, 1.68089823338, 29.8690531767, 269.622995482, 0.395816825172, 0.674479166667
0.513820351249, 0.824115911099, 2.06024547257, 0.305819121517, 28.0392712057, 46.269524178, 2.15776073563, 1.51154936059, 35.6127296032, 230.076999625, 0.454944925296, 0.487364620939
0.51239310991, 0.850846497946, 2.22364504658, 0.482778098879, 6.42502184269, 46.2494513653, 2.82992199082, 1.71382620197, 30.1329063589, 266.633386987, 0.433782427314, 0.362068965517
0.512360548767, 0.912432476898, 2.18217803134, 0.356986789745, 6.27089560775, 44.8324036178, 2.40449390212, 1.7681031344, 24.5187677011, 203.903653067, 0.465169616228, 0.29963898917
0.518304800612, 0.856935722886, 2.21024217883, 0.39776929435, 11.6062603988, 40.7605447211, 2.38865507809, 0.704153333987, 43.5511513281, 328.326789124, 0.445758973568, 0.00952380952381
0.642464603912, 0.822296598386, 2.12351771782, 0.304051617733, 30.5211654441, 47.1252489949, 2.84470239052, 1.74730881799, 29.8180114291, 232.312009232, 0.452467085788, 0.613636363636
0.595873412306, 0.826787414815, 2.07509664038, 0.467353214892, 6.94126459531, 47.5051322807, 2.14768643486, 1.67977024336, 24.3737960207, 234.049529239, 0.483245965828, 0.191489361702
0.640210494635, 1.10503826164, 2.09986138319, 0.398283902621, 27.9361601862, 40.7899822365, 2.16856717834, 1.86309223376, 35.7858063396, 341.968101712, 0.393271176001, 0.614886731392
0.618697665634, 0.987468717264, 2.24484004135, 0.468669334905, 20.0726714051, 44.9331236481, 2.71988241037, 4.1407262344, 30.3364879305, 224.243080354, 0.515092461493, 0.0
0.537417783233, 0.911505741562, 2.06645616686, 0.486249093175, 12.9825962984, 47.5220828897, 2.96122488751, 1.2506170259, 22.6684236232, 239.903532951, 0.448189161408, 0.44635193133
0.51954778406, 0.874608845321, 2.01700660139, 0.471628359451, 6.88151272428, 47.5337555204, 2.90222869838, 1.24274368908, 24.3277598707, 282.334198889, 0.462383227499, 0.013698630137
0.631252903851, 0.857198528453, 2.05519421085, 0.467657465976, 11.3551345234, 42.8228590871, 2.76016966563, 3.38529252291, 32.7712130653, 195.442138717, 0.61168201957, 0.18009478673
0.518478437667, 1.13301844031, 2.0181781162, 0.457172412981, 29.9851125486, 41.4828205851, 2.40449390212, 1.25652865956, 30.5687600882, 264.387516754, 0.443642011272, 0.428057553957
0.537417783233, 0.956037342409, 2.01701271802, 0.472521742434, 12.9961493411, 47.5337555204, 2.96117724732, 1.25175685109, 22.6684236232, 209.869498383, 0.453326708098, 0.608695652174
0.632250019189, 0.856350073873, 2.06798461972, 0.327059455827, 11.3551345234, 42.9516515295, 2.95747167804, 1.794224514, 32.8217308257, 277.041567358, 0.476591730796, 0.140350877193
0.511744400863, 0.911112054009, 2.00882871724, 0.398283902621, 27.9361601862, 48.5485133593, 2.84654242035, 1.25606475121, 23.4060467301, 222.370950787, 0.514439099936, 0.0588235294118
0.594652880171, 1.09664723915, 2.09895519391, 0.305352397072, 25.470586709, 46.2436922311, 2.29447429721, 1.70750808678, 42.2333585192, 357.711026676, 0.3856094103, 0.491666666667
0.512280298434, 0.863567091071, 2.32705849296, 0.490842277527, 29.6090655253, 42.8684617119, 2.83210023262, 1.74902724877, 34.2893953476, 264.036258829, 0.446270685144, 0.159420289855
0.51147790955, 0.986240627848, 2.91384115329, 0.46747737209, 22.3906197295, 42.8273005127, 2.72004309366, 1.11819437401, 34.1361818821, 407.328032031, 0.39250933883, 0.343434343434
0.511474854803, 0.972799379283, 2.32903595985, 0.489241645958, 24.5606277627, 42.8709424305, 2.80535125594, 0.68336387857, 34.2824548576, 380.894798598, 0.433571528882, 0.0
0.515912898042, 0.885999611009, 2.30231703996, 0.488448207465, 11.6066136925, 46.0087446648, 2.95232720806, 2.75215712637, 43.0923732827, 208.462946203, 0.59104974128, 0.0
0.519592871935, 0.825677927139, 2.01736911853, 0.478546063781, 0.0333072661419, 47.1054840407, 2.96227502561, 1.25284598803, 30.5608711128, 269.280655413, 0.416939889753, 0.376404494382
0.642758536996, 0.822174507444, 2.23642392727, 0.314992335853, 30.5211654441, 47.1343205642, 2.84849690223, 1.74730881799, 36.2763835964, 267.267572613, 0.395894261157, 0.378787878788
0.51574285418, 0.849156455393, 2.23784835133, 0.314992335853, 11.2808726858, 47.5028848668, 2.85782186892, 1.25566417741, 26.3301503412, 222.37891607, 0.462035541166, 0.580993520518
0.514602447646, 1.23286630168, 2.18217803134, 0.356986789745, 25.7750870849, 44.8072367368, 2.40449390212, 1.76671675723, 30.5179768241, 280.582128607, 0.472869555899, 0.0933333333333
0.552524427629, 1.20415747688, 2.23708876782, 0.325840685402, 30.9550058258, 44.862725576, 2.00043462179, 1.8251091771, 29.8690531767, 418.563432411, 0.422645245149, 0.18487394958
0.537417783233, 0.885517069105, 2.0168461981, 0.278100845637, 22.3060779911, 45.0145075736, 2.97105739121, 1.08520529289, 23.522199952, 243.326866791, 0.415834541877, 0.479838709677
0.537417783233, 0.889133981067, 2.01197022767, 0.450098988848, 11.0399348959, 47.7858937814, 2.90632370485, 1.50307864395, 23.522199952, 228.314454176, 0.484859041541, 0.203947368421
0.536805825386, 0.916996617669, 2.09359764226, 0.467353214892, 0.404082659363, 46.4318498675, 2.10819518274, 1.71382620197, 30.2700690127, 241.946818203, 0.4466578502, 0.167883211679
0.506792598733, 1.23286630168, 2.01829929726, 0.356986789745, 7.50574593263, 44.8072367368, 2.89392550416, 1.76671675723, 42.8783940503, 404.050692072, 0.398692268552, 0.237762237762
0.632250019189, 0.856350073873, 2.06798461972, 0.327059455827, 11.3551345234, 42.9516515295, 2.08946744914, 1.01058635321, 32.8217308257, 293.655656296, 0.393690792094, 0.489270386266
0.519592170433, 0.825838526607, 2.01736911853, 0.471628359451, 0.359741930716, 47.5228717588, 2.96227502561, 1.25284598803, 30.5689006651, 239.284631677, 0.42480905683, 0.532258064516
0.740042512835, 1.11783660151, 2.0170720443, 0.466566416154, 0.430775555959, 47.5337555204, 2.95681028862, 1.21667027537, 30.3385308995, 321.046414841, 0.436342776906, 0.335664335664
0.550119889441, 1.17338686077, 2.24591204419, 0.326268807386, 30.4668065349, 46.2436922311, 2.82066919474, 1.82851994524, 42.2921949783, 425.984142134, 0.377598408641, 0.644736842105
0.518301061131, 0.857817709936, 6.79959578096, 0.249479079836, 27.4996574369, 44.8170482721, 2.41438658736, 1.50056956625, 35.392665751, 626.660233139, 0.44776213538, 0.185430463576
0.525825516548, 0.874718008959, 2.01721624878, 0.355792632986, 8.61577180045, 47.5367131001, 2.90278512079, 1.03173522957, 34.0600532221, 257.395772667, 0.502846069181, 0.0350877192982
0.567574734066, 0.882854979313, 5.4854689125, 0.464537772729, 28.3922713538, 40.2102632693, 2.1201625519, 4.61464424464, 22.0335589454, 743.240958441, 0.458028861625, 0.154471544715
0.512647583086, 1.25677831847, 5.58189519386, 0.427278860488, 28.0392712057, 46.2877851687, 2.80388568884, 1.51154936059, 35.6127296032, 1260.67410759, 0.438722173844, 0.14371257485
0.51954778406, 0.879143009152, 2.01715704646, 0.47569276292, 0.430775555959, 47.4271632048, 2.90401492646, 1.25414579218, 42.764001844, 271.824933041, 0.485487119668, 0.0
0.524083984096, 0.865536075323, 2.24591579997, 0.44203789477, 4.67941110435, 46.436422727, 3.85078328028, 1.39095134709, 32.3375005924, 332.099141469, 0.464044377257, 0.243727598566
0.521627158576, 1.25699492576, 2.0759495585, 0.276915229886, 6.9170984717, 44.6355963287, 2.97018002288, 1.02777455806, 34.0790905768, 313.046989637, 0.467511274766, 0.151515151515
0.511744400863, 0.911112054009, 4.9431097108, 0.398283902621, 27.9361601862, 40.7510824928, 2.84654242035, 0.703316560188, 43.1831469691, 809.75807051, 0.474901194587, 0.0108695652174
0.513492853683, 0.911112054009, 4.9431097108, 0.399030211405, 27.9361601862, 40.6907915728, 2.84654242035, 0.773565939498, 43.1831469691, 712.078951694, 0.475136631538, 0.0212765957447
0.538143193356, 0.87942766101, 2.01778483281, 0.488302997201, 22.3679947004, 47.1288296985, 2.90632370485, 1.2658279708, 35.0137578413, 262.496414765, 0.472779527262, 0.276041666667
0.511744400863, 1.10687224162, 4.78863675416, 0.398518290205, 1.28775097097, 40.7510824928, 2.8455940636, 0.703316560188, 43.1831469691, 942.412504363, 0.473183694863, 0.0
0.521627158576, 1.25699492576, 2.01851873709, 0.276915229886, 5.36087586222, 44.7357111265, 2.95732367752, 1.02777455806, 35.9579309001, 366.883526944, 0.417092728948, 0.393063583815
0.511744400863, 0.984779607174, 5.19354917979, 0.468888717376, 1.28775097097, 41.2963521632, 2.8455940636, 4.45911472075, 43.1831469691, 722.147812005, 0.458632645786, 0.0551724137931
0.518304800612, 0.856935722886, 2.21024217883, 0.448302847231, 11.6062603988, 44.805406197, 2.40449390212, 1.50322558742, 30.5179768241, 301.826367143, 0.469034274701, 0.0673076923077
0.513792368946, 0.854853964494, 5.35687601167, 0.471628359451, 0.430775555959, 47.5337555204, 2.10824259234, 1.25030472214, 30.5586823151, 539.220601444, 0.422621279679, 0.299401197605
0.511586105245, 0.852733997291, 2.03194199665, 0.395912275741, 28.5568536027, 40.7510824928, 2.71712842452, 0.709373012755, 43.0561958562, 299.499015705, 0.481266592273, 0.105633802817
0.614804583409, 0.986240627848, 2.01523557046, 0.467467251972, 22.3796468093, 47.7900236085, 2.71992886353, 1.12842098517, 30.374154776, 220.247461382, 0.508754714019, 0.376984126984
0.518304800612, 1.00361195569, 6.77996412292, 0.450127615541, 11.1225854304, 46.0851819949, 2.40869981925, 1.50172309328, 34.0513593624, 1060.05497945, 0.415908265363, 0.480519480519
0.514506988862, 0.856935722886, 2.20113577903, 0.277943418545, 11.4595106937, 44.8077710536, 2.40449390212, 1.01793005619, 30.5179768241, 261.955273526, 0.451815651948, 0.379310344828
0.514602447646, 0.856828544959, 2.1976802507, 0.356518360719, 11.6062603988, 44.309568562, 2.40449390212, 1.76671675723, 30.5179768241, 248.881212227, 0.488083996503, 0.0769230769231
0.525825516548, 0.911760183651, 2.06690818566, 0.355792632986, 11.1225854304, 47.5219549109, 2.95278450975, 1.03173522957, 34.0513593624, 249.029213555, 0.513405374622, 0.046511627907
0.51369730359, 0.852733997291, 2.00320393809, 0.39979016026, 28.5568536027, 40.7510824928, 2.82932172588, 0.708682641013, 23.4406120457, 213.299242183, 0.584890933206, 0.418269230769
0.51954778406, 0.852741275222, 2.01707554176, 0.324126697507, 0.430775555959, 47.5337555204, 2.71644459102, 1.25414579218, 30.5689006651, 248.039149465, 0.512629911833, 0.0820895522388
0.51954778406, 0.885541892883, 2.01700660139, 0.471591279603, 6.49996226731, 47.5337623498, 2.90223678869, 1.21772406059, 31.3677090724, 224.800795357, 0.478544138237, 0.421487603306
0.618697665634, 0.987468717264, 2.24484004135, 0.46436326407, 22.7323191422, 46.6322911933, 2.66926716674, 1.48804369569, 30.3289574311, 217.28612292, 0.615395682311, 0.0
0.518304800612, 1.24536220834, 2.22070792431, 0.276751457647, 11.4754683346, 44.805406197, 2.40449390212, 1.50322558742, 30.3457187714, 381.790484348, 0.465517736668, 0.22695035461
0.519543185844, 0.851624209416, 2.06480227871, 0.25166218191, 0.255900846341, 44.8417132689, 2.37171021981, 1.25078538632, 30.5360508562, 228.874591524, 0.529450107512, 0.133802816901
0.510578579857, 0.879071888317, 6.95408459515, 0.296907851761, 40.976121392, 42.1865731661, 2.32022625524, 1.89591795665, 23.0902256723, 650.935705311, 0.396704882828, 0.517928286853
0.537865642893, 0.854740691005, 2.06798461972, 0.327059455827, 11.0046567338, 42.9516515295, 2.0465612671, 1.7827761753, 32.8217308257, 245.566125718, 0.453640983688, 0.325688073394
0.593191769882, 0.852979982029, 2.06798461972, 0.487275574291, 3.51567095388, 42.9893632287, 2.05382235699, 3.42540720154, 32.8217308257, 226.439471217, 0.531356881138, 0.21164021164
0.518304800612, 0.856935722886, 2.21024217883, 0.443883595579, 11.6062603988, 44.805406197, 2.38865507809, 1.50322558742, 30.5179768241, 318.469394723, 0.420145329303, 0.388888888889
0.642470938969, 0.911192593288, 2.03342927623, 0.324512796136, 29.5592155012, 47.1343205642, 2.40671395371, 1.76360806441, 33.3490983692, 232.656321438, 0.505507876137, 0.408163265306
0.537249626008, 0.858965397276, 2.21076067142, 0.323741792416, 39.2966754712, 44.8955163796, 2.71587447259, 1.02613675601, 20.6917274745, 224.002098894, 0.556472299893, 0.203296703297
0.641908271306, 0.824398978053, 2.01752649094, 0.480175444282, 29.5592155012, 47.5135919928, 2.74316088762, 1.25310108294, 36.2763835964, 282.240141347, 0.477764633591, 0.195804195804
0.534433481488, 0.876231489403, 7.0292443225, 0.356507588827, 30.0548758966, 41.5459475139, 2.32147512099, 1.83350034908, 30.3514187895, 728.670562391, 0.394784716553, 0.592689295039
0.641908271306, 0.82551662568, 2.20399527998, 0.324703066788, 29.5592155012, 47.1332608068, 2.85078339119, 1.01008956531, 36.2763835964, 279.800787566, 0.472528688973, 0.204968944099
0.614804583409, 0.986240627848, 2.01523557046, 0.453348050195, 22.3796468093, 47.7900236085, 2.71992886353, 1.12842098517, 30.374154776, 276.390538016, 0.447272018541, 0.295454545455
0.63124345414, 0.857636415933, 2.06798461972, 0.372663222481, 11.3573096152, 42.9517104643, 2.0465612671, 1.79922642875, 32.8217308257, 273.595089995, 0.442453218896, 0.469879518072
0.513728396197, 0.887019914343, 2.01778483281, 0.399852568212, 11.7137576629, 41.0297400824, 2.82485690625, 1.25071451063, 23.522199952, 237.151057919, 0.539461774575, 0.0
0.615638676308, 0.854712611651, 2.01707605202, 0.471564150139, 21.5858859029, 47.5337555204, 2.10824259234, 1.34543741176, 30.5631963716, 236.728671374, 0.476830738543, 0.45
0.519706613225, 0.874650611905, 2.01700660139, 0.471628359451, 43.4437298549, 47.6443398859, 2.32624953267, 1.24274368908, 24.3277598707, 238.019661615, 0.458223969956, 0.539518900344
0.595565217271, 0.916996617669, 2.0763978129, 0.46928207763, 3.44863256785, 46.4318498675, 2.16681343273, 1.71382620197, 20.7052635999, 220.338721922, 0.534515454049, 0.286384976526
0.537417783233, 0.885695846153, 2.02482175255, 0.322963589148, 22.3060779911, 47.533604271, 2.90692092421, 1.25175685109, 22.7536281089, 224.271523803, 0.46347242061, 0.604591836735
0.595262337893, 0.826787414815, 2.02624708113, 0.467353214892, 31.0065939104, 46.2500754921, 2.82593452101, 1.67977024336, 24.3737960207, 229.285511804, 0.471039850609, 0.516853932584
0.591754247017, 0.932646009464, 2.18738509347, 0.409703350087, 11.7137576629, 43.0162126454, 2.03644250112, 1.25071451063, 23.522199952, 271.856468111, 0.482433097294, 0.188811188811
0.537417783233, 0.885517069105, 2.01778483281, 0.488107798144, 22.3060779911, 47.533604271, 2.90632370485, 1.25175685109, 23.522199952, 227.849029124, 0.523977098126, 0.13768115942
0.536340889319, 0.976865838058, 2.09125910013, 0.324292072206, 31.5096158734, 41.349384738, 2.72834419707, 1.89649391414, 24.0264989491, 245.771042578, 0.453001168336, 0.521276595745
0.513490180175, 0.972799379283, 2.32674264472, 0.489241645958, 24.5606277627, 42.8709424305, 2.80535125594, 0.694841164249, 34.2824548576, 265.304514674, 0.499405782372, 0.0
0.513847506981, 0.821223817947, 2.22339762591, 0.315652321343, 26.0496506914, 40.6444519966, 2.84656189518, 1.74730881799, 35.8660506515, 253.422719568, 0.417228727002, 0.548672566372
0.518681164182, 0.82551662568, 2.20399527998, 0.443273583806, 29.5592155012, 47.1766277087, 2.3439532806, 1.00669182308, 35.9606706883, 242.407593739, 0.457911935661, 0.584375
0.537567136644, 0.851779399925, 2.06645616686, 0.486249093175, 12.9825962984, 47.5220828897, 2.37407548386, 1.2506170259, 22.7375626243, 275.090907712, 0.411968090625, 0.606299212598
0.51543343047, 0.911987577622, 2.01707554176, 0.471795244564, 0.430775555959, 40.7850132105, 2.90222869838, 1.25414579218, 30.5689006651, 269.835854909, 0.482421281804, 0.198529411765
0.537417783233, 0.885517069105, 2.01778483281, 0.480222772096, 22.3060779911, 47.533604271, 2.90692092421, 1.25175685109, 31.3156747449, 261.59381575, 0.440025018004, 0.491803278689
0.52162569211, 1.25736927164, 2.18217803134, 0.332825794678, 19.5546028293, 45.2236551276, 2.39668937652, 1.51638530802, 36.0118705257, 322.200302441, 0.406028492422, 0.50184501845
0.524209613887, 0.885517069105, 2.01778483281, 0.480669165762, 22.3060779911, 44.8720661241, 2.90692092421, 1.25175685109, 31.3156747449, 244.275771635, 0.522298005762, 0.0
0.537417783233, 0.839580334146, 2.01778590767, 0.488195944994, 22.3060779911, 47.5336014406, 2.86501390269, 1.25175685109, 23.522199952, 221.36307267, 0.473031959007, 0.456273764259
