0.0289337270407, 0.35287693018, 0.305797352305, 0.70772548394, 0.590153305063, 0.502390015593, 0.596809517031, 0.25838309545, 0.47383562828, 24.5745356637
0.0831521880158, 0.378180188277, 0.592067753551, 0.800811518095, 0.506008366875, 0.502390015593, 0.293670991861, 0.682751735707, 1.12260919242, 19.9061655056
0.307171535452, 0.998871354105, 0.305797352305, 0.489575761086, 0.590153305063, 0.788787322036, 0.596809517031, 13.2659864467, 0.0149895190055, 29.9553738678
0.952296208859, 0.00579548996534, 0.305797352305, 0.706848327459, 0.590153305063, 0.788787322036, 0.284611820776, 0.342383220585, 58.7351447593, 2.95939648782
0.087340466462, 0.988877702729, 0.305797352305, 0.489575761086, 0.590153305063, 0.491092876816, 0.403789094001, 3.04001672644, 0.0341922662895, 32.1237824682
0.0926487542112, 0.622212400033, 0.592067753551, 0.70772548394, 0.506008366875, 0.502390015593, 0.293670991861, 1.44437315296, 0.876977486925, 22.7340390375
0.864046747689, 0.124483347049, 0.592067753551, 0.408639478907, 0.506008366875, 0.788787322036, 0.596809517031, 3.83744093468, 26.9895011876, 4.850458672
0.657402754088, 0.0230749822753, 0.406650404474, 0.489575761086, 0.590153305063, 0.502390015593, 0.293670991861, 0.483262798137, 20.4598864694, 10.9142610297
0.0289337270407, 0.509448666235, 0.305797352305, 0.489575761086, 0.590153305063, 0.502390015593, 0.596809517031, 0.408684917958, 0.39352528504, 26.9235716111
0.0831521880158, 0.838714312403, 0.592067753551, 0.800811518095, 0.506008366875, 0.502390015593, 0.293670991861, 1.51418204948, 0.291178878653, 19.9061655056
0.657402754088, 0.35287693018, 0.406650404474, 0.70772548394, 0.590153305063, 0.502390015593, 0.596809517031, 5.77128045151, 10.5836579361, 8.5231721556
0.657402754088, 0.106742276344, 0.305797352305, 0.70772548394, 0.590153305063, 0.491092876816, 0.596809517031, 2.27188951588, 19.0119878166, 11.0918272111
0.87330519693, 0.35287693018, 0.305797352305, 0.408639478907, 0.903661685941, 0.788787322036, 0.596809517031, 12.4128536611, 22.7633015349, 5.10318279448
0.307171535452, 0.638126639154, 0.305797352305, 0.408639478907, 0.590153305063, 0.49539463622, 0.596809517031, 5.19344900388, 2.94513773616, 18.3566636355
0.738149354191, 0.246644201262, 0.305797352305, 0.408639478907, 0.506008366875, 0.409589586593, 0.596809517031, 5.00253133105, 15.2798483294, 7.1949588284
0.657402754088, 0.106742276344, 0.305797352305, 0.70772548394, 0.590153305063, 0.491092876816, 0.596809517031, 2.27188951588, 19.0119878166, 11.0918272111
0.87330519693, 0.35287693018, 0.305797352305, 0.408639478907, 0.903661685941, 0.788787322036, 0.596809517031, 12.4128536611, 22.7633015349, 5.10318279448
0.768021039978, 0.35287693018, 0.305797352305, 0.70772548394, 0.590153305063, 0.502390015593, 0.596809517031, 6.85855829778, 12.5775615253, 5.87063456431
0.87330519693, 0.998871354105, 0.305797352305, 0.607137450037, 0.590153305063, 0.510728284038, 0.284611820776, 48.6108359115, 0.0549264128751, 7.06018834605
0.0289337270407, 0.35287693018, 0.305797352305, 0.70772548394, 0.590153305063, 0.502390015593, 0.596809517031, 0.25838309545, 0.47383562828, 24.5745356637
0.0831521880158, 0.378180188277, 0.592067753551, 0.800811518095, 0.506008366875, 0.502390015593, 0.293670991861, 0.682751735707, 1.12260919242, 19.9061655056
0.952296208859, 0.838714312403, 0.305797352305, 0.706848327459, 0.590153305063, 0.788787322036, 0.293670991861, 35.2560169241, 6.77977095112, 2.10571713567
0.657402754088, 0.638126639154, 0.305797352305, 0.408639478907, 0.699586271481, 0.49539463622, 0.596809517031, 7.89911547514, 4.47948618552, 6.45095386475
0.0926487542112, 0.124483347049, 0.592067753551, 0.70772548394, 0.506008366875, 0.502390015593, 0.596809517031, 0.236374841285, 1.66247224861, 18.5962702602
0.657402754088, 0.0230749822753, 0.406650404474, 0.489575761086, 0.590153305063, 0.502390015593, 0.293670991861, 0.483262798137, 20.4598864694, 10.9142610297
0.0831521880158, 0.838714312403, 0.592067753551, 0.800811518095, 0.506008366875, 0.502390015593, 0.293670991861, 1.51418204948, 0.291178878653, 19.9061655056
0.87330519693, 0.937460044078, 0.305797352305, 0.691607313218, 0.590153305063, 0.788787322036, 0.596809517031, 33.9854297053, 2.26724038982, 5.2593582571
0.864046747689, 0.622212400033, 0.305797352305, 0.70772548394, 0.506008366875, 0.788787322036, 0.596809517031, 18.6369751073, 11.3157791392, 4.71290976603
0.87330519693, 0.35287693018, 0.305797352305, 0.408639478907, 0.903661685941, 0.788787322036, 0.596809517031, 12.4128536611, 22.7633015349, 5.10318279448
0.402568571185, 0.942030869818, 0.406650404474, 0.408639478907, 0.590153305063, 0.49539463622, 0.293670991861, 11.6146931749, 0.714725687078, 18.2974599967
0.402568571185, 0.35287693018, 0.603017468, 0.489575761086, 0.590153305063, 0.502390015593, 0.596809517031, 3.40738868428, 6.24863695203, 14.3300138299
0.00010660413323, 0.638126639154, 0.511448346082, 0.408639478907, 0.590153305063, 0.988274391125, 0.596809517031, 0.00384559990982, 0.00218078995367, 56.5245196677
0.738149354191, 0.246644201262, 0.305797352305, 0.408639478907, 0.506008366875, 0.409589586593, 0.596809517031, 5.00253133105, 15.2798483294, 7.1949588284
0.864046747689, 0.622212400033, 0.305797352305, 0.70772548394, 0.506008366875, 0.788787322036, 0.596809517031, 18.6369751073, 11.3157791392, 4.71290976603
0.657402754088, 0.85173526832, 0.305797352305, 0.408639478907, 0.590153305063, 0.312094611289, 0.596809517031, 22.3618107177, 3.89260371062, 13.6821606241
7.99776618154e-07, 0.937460044078, 0.511448346082, 0.318473535856, 0.409967135932, 0.986335034983, 0.293670991861, 6.72404722206e-05, 4.48575509478e-06, 89.6827543119
0.0289337270407, 0.35287693018, 0.305797352305, 0.70772548394, 0.590153305063, 0.502390015593, 0.596809517031, 0.25838309545, 0.47383562828, 24.5745356637
0.657402754088, 0.998871354105, 0.305797352305, 0.489575761086, 0.590153305063, 0.788787322036, 0.596809517031, 28.3916151701, 0.032080287199, 14.8126543763
0.952296208859, 0.00579548996534, 0.305797352305, 0.706848327459, 0.590153305063, 0.788787322036, 0.284611820776, 0.342383220585, 58.7351447593, 2.95939648782
0.993129342241, 0.509448666235, 0.305797352305, 0.408639478907, 0.590153305063, 0.502390015593, 0.596809517031, 12.6378173056, 12.1690339891, 0.171618517432
0.0289337270407, 0.509448666235, 0.305797352305, 0.489575761086, 0.590153305063, 0.502390015593, 0.596809517031, 0.408684917958, 0.39352528504, 26.9235716111
0.0831521880158, 0.838714312403, 0.592067753551, 0.800811518095, 0.506008366875, 0.502390015593, 0.293670991861, 1.51418204948, 0.291178878653, 19.9061655056
0.5160534587, 0.000659745960531, 0.305797352305, 0.408639478907, 0.590153305063, 0.611770623083, 0.596809517031, 0.0129724302921, 19.6497933435, 18.4394219788
0.87330519693, 0.35287693018, 0.305797352305, 0.408639478907, 0.903661685941, 0.788787322036, 0.596809517031, 12.4128536611, 22.7633015349, 5.10318279448
0.993129342241, 0.989542933418, 0.305256525755, 0.408639478907, 0.887998922796, 0.788787322036, 0.502149076038, 49.4453405963, 0.522517216107, 0.345687148084
0.00010660413323, 0.0230749822753, 0.305797352305, 0.711500250449, 0.590153305063, 0.304652845298, 0.596809517031, 8.75022593228e-05, 0.00370458123087, 35.5678445435
0.657402754088, 0.00579548996534, 0.210065188697, 0.70772548394, 0.712784693164, 0.502390015593, 0.596809517031, 0.159583169563, 27.3761679952, 14.349913283
0.87330519693, 0.998871354105, 0.305797352305, 0.607137450037, 0.590153305063, 0.510728284038, 0.284611820776, 48.6108359115, 0.0549264128751, 7.06018834605
0.657402754088, 0.638126639154, 0.305797352305, 0.408639478907, 0.699586271481, 0.49539463622, 0.596809517031, 7.89911547514, 4.47948618552, 6.45095386475
0.920512541602, 0.00112340187879, 0.406650404474, 0.489186576045, 0.590153305063, 0.788787322036, 0.596809517031, 0.0450504658216, 40.0567747779, 3.46284490615
0.657402754088, 0.0230749822753, 0.406650404474, 0.489575761086, 0.590153305063, 0.502390015593, 0.293670991861, 0.483262798137, 20.4598864694, 10.9142610297
0.0831521880158, 0.838714312403, 0.592067753551, 0.800811518095, 0.506008366875, 0.502390015593, 0.293670991861, 1.51418204948, 0.291178878653, 19.9061655056
6.23503566421e-05, 0.000659745960531, 0.305797352305, 0.00262793297995, 0.590153305063, 0.788787322036, 0.596809517031, 1.88947612463e-06, 0.0028620554931, 45.9302328882
0.87330519693, 0.937460044078, 0.305797352305, 0.691607313218, 0.590153305063, 0.788787322036, 0.596809517031, 33.9854297053, 2.26724038982, 5.2593582571
0.402568571185, 0.942030869818, 0.406650404474, 0.408639478907, 0.590153305063, 0.49539463622, 0.293670991861, 11.6146931749, 0.714725687078, 18.2974599967
0.402568571185, 0.35287693018, 0.603017468, 0.489575761086, 0.590153305063, 0.502390015593, 0.596809517031, 3.40738868428, 6.24863695203, 14.3300138299
0.5160534587, 0.00467713080267, 0.305797352305, 0.70772548394, 0.506008366875, 0.788787322036, 0.596809517031, 0.0836707635645, 17.8056650482, 16.7763282007
0.657402754088, 0.85173526832, 0.305797352305, 0.408639478907, 0.590153305063, 0.312094611289, 0.596809517031, 22.3618107177, 3.89260371062, 13.6821606241
0.5160534587, 0.99557901041, 0.305797352305, 0.408639478907, 0.590153305063, 0.612722167904, 0.596809517031, 20.6497349008, 0.0916976574137, 19.4509781476
0.920512541602, 0.000319537561907, 0.898770087085, 0.489575761086, 0.409967135932, 0.612722167904, 0.293670991861, 0.01489907666, 46.6120970456, 4.02630192092
0.864046747689, 0.00579548996534, 0.592067753551, 0.70772548394, 0.506008366875, 0.788787322036, 0.403789094001, 0.182320494964, 31.2767098984, 4.94991446699
0.0289337270407, 0.104923823425, 0.305797352305, 0.489575761086, 0.590153305063, 0.502390015593, 0.293670991861, 0.0980152063686, 0.836140671378, 31.3518982636
7.99776618154e-07, 0.937460044078, 0.511448346082, 0.318473535856, 0.95760858602, 0.986335034983, 0.233796302665, 0.000193749313383, 1.29254292975e-05, 258.415378364
0.00010660413323, 0.638126639154, 0.511448346082, 0.489575761086, 0.590153305063, 0.988274391125, 0.596809517031, 0.004032491131, 0.00228677354717, 59.2715387948
0.5160534587, 0.99557901041, 0.305797352305, 0.408639478907, 0.590153305063, 0.788787322036, 0.596809517031, 20.80213361, 0.0923744024032, 19.5945298192
0.657402754088, 0.85173526832, 0.305797352305, 0.408639478907, 0.590153305063, 0.788787322036, 0.596809517031, 22.6711529204, 3.94645206044, 13.8714328507
0.993129342241, 0.989542933418, 0.305256525755, 0.70772548394, 0.887998922796, 0.788787322036, 0.502149076038, 49.7679603331, 0.525926523531, 0.347942679048
6.23503566421e-05, 0.000659745960531, 0.305797352305, 0.033095344315, 0.590153305063, 0.788787322036, 0.596809517031, 4.85948178355e-06, 0.00736082681911, 118.126462211
0.00010660413323, 0.00579548996534, 0.705195042241, 0.0135364086071, 0.409967135932, 0.986335034983, 0.293670991861, 4.8914909231e-05, 0.0083912531393, 79.1645505294
0.952296208859, 0.838714312403, 0.305797352305, 0.706848327459, 0.590153305063, 0.788787322036, 0.685105768642, 48.0557449472, 9.24117277142, 2.87019959801
0.0289337270407, 0.104923823425, 0.406650404474, 0.711500250449, 0.590153305063, 0.502390015593, 0.293670991861, 0.110008853187, 0.938455161899, 35.1882784416
0.5160534587, 0.000659745960531, 0.305797352305, 0.408639478907, 0.590153305063, 0.788787322036, 0.596809517031, 0.0137850672585, 20.8807229452, 19.5945298192
0.657402754088, 0.00579548996534, 0.210065188697, 0.70772548394, 0.712784693164, 0.502390015593, 0.403789094001, 0.161119576555, 27.639735488, 14.4880688739
0.402568571185, 0.942030869818, 0.406650404474, 0.489575761086, 0.590153305063, 0.502390015593, 0.293670991861, 12.0813500996, 0.743442045409, 19.0326181522
0.402568571185, 0.942030869818, 0.406650404474, 0.489575761086, 0.590153305063, 0.502390015593, 0.293670991861, 12.0813500996, 0.743442045409, 19.0326181522
0.402568571185, 0.942030869818, 0.406650404474, 0.489575761086, 0.590153305063, 0.502390015593, 0.293670991861, 12.0813500996, 0.743442045409, 19.0326181522
0.87330519693, 0.937460044078, 0.998864148181, 0.408639478907, 0.409967135932, 0.491092876816, 0.209361987516, 41.6128253632, 2.77608019719, 6.4397230982
0.0926487542112, 0.124483347049, 0.592067753551, 0.70772548394, 0.590153305063, 0.502390015593, 0.596809517031, 0.307323314123, 2.16146726235, 24.177985168
0.00010660413323, 0.00579548996534, 0.511448346082, 0.0135364086071, 0.409967135932, 0.986335034983, 0.293670991861, 5.36403571471e-05, 0.00920189411325, 86.8122793344
0.00010660413323, 0.00579548996534, 0.511448346082, 0.0135364086071, 0.409967135932, 0.986335034983, 0.293670991861, 5.36403571471e-05, 0.00920189411325, 86.8122793344
0.87330519693, 0.106742276344, 0.592067753551, 0.408639478907, 0.806841396418, 0.612722167904, 0.596809517031, 3.83262967617, 32.0728222914, 5.20898556673
0.864046747689, 0.0346348246762, 0.592067753551, 0.408639478907, 0.590153305063, 0.788787322036, 0.596809517031, 1.25178092685, 34.890481624, 5.68679663782
0.864046747689, 0.622212400033, 0.592067753551, 0.70772548394, 0.506008366875, 0.788787322036, 0.596809517031, 19.3573981941, 11.7531971478, 4.89509002769
0.864046747689, 0.622212400033, 0.592067753551, 0.70772548394, 0.506008366875, 0.788787322036, 0.596809517031, 19.3573981941, 11.7531971478, 4.89509002769
0.864046747689, 0.622212400033, 0.592067753551, 0.70772548394, 0.506008366875, 0.788787322036, 0.596809517031, 19.3573981941, 11.7531971478, 4.89509002769
0.993129342241, 0.509448666235, 0.305797352305, 0.408639478907, 0.590153305063, 0.788787322036, 0.596809517031, 20.4853646698, 19.7254868399, 0.278186321947
0.993129342241, 0.509448666235, 0.305797352305, 0.408639478907, 0.590153305063, 0.788787322036, 0.596809517031, 20.4853646698, 19.7254868399, 0.278186321947
0.87330519693, 0.937460044078, 0.998864148181, 0.408639478907, 0.409967135932, 0.611770623083, 0.209361987516, 46.5697955014, 3.1067702313, 7.20683071027
0.947559538903, 0.942030869818, 0.482555815414, 0.489575761086, 0.590153305063, 0.491092876816, 0.293670991861, 54.7613309367, 3.36981177975, 3.2171318033
0.956204647352, 0.622212400033, 0.305797352305, 0.489575761086, 0.506008366875, 0.788787322036, 0.596809517031, 22.0639965973, 13.3965577024, 1.62413713944
0.993129342241, 0.989542933418, 0.305256525755, 0.751080506624, 0.842993665378, 0.788787322036, 0.596809517031, 222.880546814, 2.35530631281, 1.55822448915
0.657402754088, 0.989542933418, 0.305256525755, 0.408639478907, 0.590153305063, 0.788787322036, 0.48896336454, 32.5298913808, 0.343761982011, 17.1316944371
