1.71198764216, 1.13535701163, 1.50972016377, 1.00000056389, 6.58449265083, 1.0068956148, 4.79685480942, 1.26000000182, 1.00000042247, 5.07517782784, 7.6524493204, 1.06791166142, 4.03713309139, 1.0886316206, 1.00056930267, 1.25426384981, 1.06616578123, 0.947031112798, 8.39599933369, 1.00000044377, 1.00000086582, 102.681457962, 1.01024342863, 2.09765565045, 0.974849130564, 4.2576441801, 0.870000283218, 7.18978220828, 9.38935388534, 15.6365924439
1.71198764216, 1.13535701163, 1.50972016377, 1.00000056389, 6.58449265083, 1.0068956148, 4.79685480942, 1.26000000182, 1.00000042247, 5.07517782784, 7.6524493204, 1.06791166142, 4.03713309139, 1.0886316206, 1.00056930267, 1.25426384981, 1.06616578123, 0.947031112798, 8.39599933369, 1.00000044377, 1.00000086582, 102.681457962, 1.01024342863, 2.09765565045, 0.974849130564, 4.2576441801, 0.870000283218, 7.18978220828, 9.38935388534, 15.6365924439
1.71198764216, 1.13535701163, 1.50972016377, 1.00000056389, 6.58449265083, 1.0068956148, 4.79685480942, 1.26000000182, 1.00000042247, 5.07517782784, 7.6524493204, 1.06791166142, 4.03713309139, 1.0886316206, 1.00056930267, 1.25426384981, 1.06616578123, 0.947031112798, 8.39599933369, 1.00000044377, 1.00000086582, 102.681457962, 1.01024342863, 2.09765565045, 0.974849130564, 4.2576441801, 0.870000283218, 7.18978220828, 9.38935388534, 15.6365924439
1.71198764216, 1.13535701163, 1.50972016377, 1.00000056389, 6.58449265083, 1.0068956148, 4.79685480942, 1.26000000182, 1.00000042247, 5.07517782784, 7.6524493204, 1.06791166142, 4.03713309139, 1.0886316206, 1.00056930267, 1.25426384981, 1.06616578123, 0.947031112798, 8.39599933369, 1.00000044377, 1.00000086582, 102.681457962, 1.01024342863, 2.09765565045, 0.974849130564, 4.2576441801, 0.870000283218, 7.18978220828, 9.38935388534, 15.6365924439
1.71198764216, 1.13535701163, 1.50972016377, 1.00000056389, 6.58449265083, 1.0068956148, 4.79685480942, 1.26000000182, 1.00000042247, 5.07517782784, 7.6524493204, 1.06791166142, 4.03713309139, 1.0886316206, 1.00056930267, 1.25426384981, 1.06616578123, 0.947031112798, 8.39599933369, 1.00000044377, 1.00000086582, 102.681457962, 1.01024342863, 2.09765565045, 0.974849130564, 4.2576441801, 0.870000283218, 7.18978220828, 9.38935388534, 15.6365924439
1.71198764216, 1.13535701163, 1.50972016377, 1.00000056389, 6.58449265083, 1.0068956148, 4.79685480942, 1.26000000182, 1.00000042247, 5.07517782784, 7.6524493204, 1.06791166142, 4.03713309139, 1.0886316206, 1.00056930267, 1.25426384981, 1.06616578123, 0.947031112798, 8.39599933369, 1.00000044377, 1.00000086582, 102.681457962, 1.01024342863, 2.09765565045, 0.974849130564, 4.2576441801, 0.870000283218, 7.18978220828, 9.38935388534, 15.6365924439
1.71198764216, 1.13535701163, 1.50972016377, 1.00000056389, 6.58449265083, 1.0068956148, 4.79685480942, 1.26000000182, 1.00000042247, 5.07517782784, 7.6524493204, 1.06791166142, 4.03713309139, 1.0886316206, 1.00056930267, 1.25426384981, 1.06616578123, 0.947031112798, 8.39599933369, 1.00000044377, 1.00000086582, 102.681457962, 1.01024342863, 2.09765565045, 0.974849130564, 4.2576441801, 0.870000283218, 7.18978220828, 9.38935388534, 15.6365924439
1.71198764216, 1.13535701163, 1.50972016377, 1.00000056389, 6.58449265083, 1.0068956148, 4.79685480942, 1.26000000182, 1.00000042247, 5.07517782784, 7.6524493204, 1.06791166142, 4.03713309139, 1.0886316206, 1.00056930267, 1.25426384981, 1.06616578123, 0.947031112798, 8.39599933369, 1.00000044377, 1.00000086582, 102.681457962, 1.01024342863, 2.09765565045, 0.974849130564, 4.2576441801, 0.870000283218, 7.18978220828, 9.38935388534, 15.6365924439
1.71198764216, 1.13535701163, 1.50972016377, 1.00000056389, 6.58449265083, 1.0068956148, 4.79685480942, 1.26000000182, 1.00000042247, 5.07517782784, 7.6524493204, 1.06791166142, 4.03713309139, 1.0886316206, 1.00056930267, 1.25426384981, 1.06616578123, 0.947031112798, 8.39599933369, 1.00000044377, 1.00000086582, 102.681457962, 1.01024342863, 2.09765565045, 0.974849130564, 4.2576441801, 0.870000283218, 7.18978220828, 9.38935388534, 15.6365924439
1.71198764216, 1.13535701163, 1.50972016377, 1.00000056389, 6.58449265083, 1.0068956148, 4.79685480942, 1.26000000182, 1.00000042247, 5.07517782784, 7.6524493204, 1.06791166142, 4.03713309139, 1.0886316206, 1.00056930267, 1.25426384981, 1.06616578123, 0.947031112798, 8.39599933369, 1.00000044377, 1.00000086582, 102.681457962, 1.01024342863, 2.09765565045, 0.974849130564, 4.2576441801, 0.870000283218, 7.18978220828, 9.38935388534, 15.6365924439
1.71198764216, 1.13535701163, 1.50972016377, 1.00000056389, 6.58449265083, 1.0068956148, 4.79685480942, 1.26000000182, 1.00000042247, 5.07517782784, 7.6524493204, 1.06791166142, 4.03713309139, 1.0886316206, 1.00056930267, 1.25426384981, 1.06616578123, 0.947031112798, 8.39599933369, 1.00000044377, 1.00000086582, 102.681457962, 1.01024342863, 2.09765565045, 0.974849130564, 4.2576441801, 0.870000283218, 7.18978220828, 9.38935388534, 15.6365924439
1.71198764216, 1.13535701163, 1.50972016377, 1.00000056389, 6.58449265083, 1.0068956148, 4.79685480942, 1.26000000182, 1.00000042247, 5.07517782784, 7.6524493204, 1.06791166142, 4.03713309139, 1.0886316206, 1.00056930267, 1.25426384981, 1.06616578123, 0.947031112798, 8.39599933369, 1.00000044377, 1.00000086582, 102.681457962, 1.01024342863, 2.09765565045, 0.974849130564, 4.2576441801, 0.870000283218, 7.18978220828, 9.38935388534, 15.6365924439
1.71198764216, 1.13535701163, 1.50972016377, 1.00000056389, 6.58449265083, 1.0068956148, 4.79685480942, 1.26000000182, 1.00000042247, 5.07517782784, 7.6524493204, 1.06791166142, 4.03713309139, 1.0886316206, 1.00056930267, 1.25426384981, 1.06616578123, 0.947031112798, 8.39599933369, 1.00000044377, 1.00000086582, 102.681457962, 1.01024342863, 2.09765565045, 0.974849130564, 4.2576441801, 0.870000283218, 7.18978220828, 9.38935388534, 15.6365924439
1.71198764216, 1.13535701163, 1.50972016377, 1.00000056389, 6.58449265083, 1.0068956148, 4.79685480942, 1.26000000182, 1.00000042247, 5.07517782784, 7.6524493204, 1.06791166142, 4.03713309139, 1.0886316206, 1.00056930267, 1.25426384981, 1.06616578123, 0.947031112798, 8.39599933369, 1.00000044377, 1.00000086582, 102.681457962, 1.01024342863, 2.09765565045, 0.974849130564, 4.2576441801, 0.870000283218, 7.18978220828, 9.38935388534, 15.6365924439
1.71198764216, 1.13535701163, 1.50972016377, 1.00000056389, 6.58449265083, 1.0068956148, 4.79685480942, 1.26000000182, 1.00000042247, 5.07517782784, 7.6524493204, 1.06791166142, 4.03713309139, 1.0886316206, 1.00056930267, 1.25426384981, 1.06616578123, 0.947031112798, 8.39599933369, 1.00000044377, 1.00000086582, 102.681457962, 1.01024342863, 2.09765565045, 0.974849130564, 4.2576441801, 0.870000283218, 7.18978220828, 9.38935388534, 15.6365924439
1.71198764216, 1.13535701163, 1.50972016377, 1.00000056389, 6.58449265083, 1.0068956148, 4.79685480942, 1.26000000182, 1.00000042247, 5.07517782784, 7.6524493204, 1.06791166142, 4.03713309139, 1.0886316206, 1.00056930267, 1.25426384981, 1.06616578123, 0.947031112798, 8.39599933369, 1.00000044377, 1.00000086582, 102.681457962, 1.01024342863, 2.09765565045, 0.974849130564, 4.2576441801, 0.870000283218, 7.18978220828, 9.38935388534, 15.6365924439
1.71198764216, 1.13535701163, 1.50972016377, 1.00000056389, 6.58449265083, 1.0068956148, 4.79685480942, 1.26000000182, 1.00000042247, 5.07517782784, 7.6524493204, 1.06791166142, 4.03713309139, 1.0886316206, 1.00056930267, 1.25426384981, 1.06616578123, 0.947031112798, 8.39599933369, 1.00000044377, 1.00000086582, 102.681457962, 1.01024342863, 2.09765565045, 0.974849130564, 4.2576441801, 0.870000283218, 7.18978220828, 9.38935388534, 15.6365924439
1.71198764216, 1.13535701163, 1.50754566954, 1.00000056389, 6.58449265083, 1.0068956148, 4.79685480942, 1.26000000182, 1.00000042247, 5.07517782784, 7.6524493204, 1.06791166142, 4.04878353611, 1.0886316206, 1.00056930267, 1.25426384981, 1.06616578123, 0.947031112798, 8.39599933369, 1.00000044377, 1.00000086582, 102.681457962, 1.01024342863, 2.09765565045, 0.974849130564, 4.2576441801, 0.870000283218, 8.11694259112, 5.73757473466, 56.9045387758
1.71196640474, 1.13535714982, 1.51042805826, 1.00000036531, 6.59558693661, 1.0069422329, 4.79673408108, 1.26000000179, 1.00000014887, 5.43515741018, 7.29744596891, 1.06795914324, 3.99908344146, 1.08828582013, 1.00103458615, 1.25526185596, 1.06591242038, 0.938762881242, 8.36317027699, 1.00000043968, 1.0000008656, 102.686897274, 1.00986432701, 2.09757946361, 0.974857784148, 3.61421007269, 0.8700002851, 11.5186760578, 7.80473226987, 20.334265939
1.71196640474, 1.13535714982, 1.51042805826, 1.00000036531, 6.59558693661, 1.0069422329, 4.79673408108, 1.26000000179, 1.00000014887, 5.43515741018, 7.29744596891, 1.06795914324, 3.99908344146, 1.08828582013, 1.00103458615, 1.25526185596, 1.06591242038, 0.938762881242, 8.36317027699, 1.00000043968, 1.0000008656, 102.686897274, 1.00986432701, 2.09757946361, 0.974857784148, 3.61421007269, 0.8700002851, 11.5186760578, 7.80473226987, 20.334265939
1.71196640474, 1.13535714982, 1.51042805826, 1.00000036531, 6.59558693661, 1.0069422329, 4.79673408108, 1.26000000179, 1.00000014887, 5.43515741018, 7.29744596891, 1.06795914324, 3.99908344146, 1.08828582013, 1.00103458615, 1.25526185596, 1.06591242038, 0.938762881242, 8.36317027699, 1.00000043968, 1.0000008656, 102.686897274, 1.00986432701, 2.09757946361, 0.974857784148, 3.61421007269, 0.8700002851, 11.5186760578, 7.80473226987, 20.334265939
1.70943276473, 1.13539612369, 1.5088457645, 1.00000036483, 6.58449265083, 1.00694213685, 4.79344593047, 1.26000000182, 1.00000042247, 5.06320871988, 7.3006760673, 1.06791166142, 4.03675729579, 1.0886316206, 1.00057184002, 1.25426384981, 1.06591283247, 0.947074739665, 8.39744400107, 1.00000088901, 1.00000086227, 102.68702002, 1.01025108736, 2.09689041641, 0.974857791199, 4.25306571958, 0.870000649831, 19.5445560355, 13.0053201039, 36.9168384805
1.70943276473, 1.13539612369, 1.5088457645, 1.00000036483, 6.58449265083, 1.00694213685, 4.79344593047, 1.26000000182, 1.00000042247, 5.06320871988, 7.3006760673, 1.06791166142, 4.03675729579, 1.0886316206, 1.00057184002, 1.25426384981, 1.06591283247, 0.947074739665, 8.39744400107, 1.00000088901, 1.00000086227, 102.68702002, 1.01025108736, 2.09689041641, 0.974857791199, 4.25306571958, 0.870000649831, 19.5445560355, 13.0053201039, 36.9168384805
1.71198764216, 1.13535701163, 1.50972016377, 1.00000056389, 6.58449265083, 1.0068956148, 4.79685480942, 1.26000000182, 1.00000042247, 5.09630622591, 7.6524493204, 1.06791166142, 4.03713309139, 1.0886316206, 1.00056930267, 1.25426384981, 1.06616578123, 0.947031112798, 8.39599933369, 1.00000044377, 1.00000079888, 102.681457962, 1.00808630107, 2.09765565045, 0.974849130564, 4.2576441801, 0.870000283218, 23.3324587113, 6.66485112935, 51.8348306528
1.71196640474, 1.13535700749, 1.51042805826, 1.00000036531, 6.58420902912, 1.0069422329, 4.79673197254, 1.26000000179, 1.00000014887, 5.43478477081, 7.26986108887, 1.06795914324, 3.99908344146, 1.08828236845, 1.00104015037, 1.25526185596, 1.06590876036, 0.946980103077, 8.36317027699, 1.00000044341, 1.0000008656, 102.686826023, 1.0098684069, 2.09757946361, 0.974857784148, 3.61421007269, 0.870000285318, 11.0979170191, 10.8935044396, 15.2663093771
1.71196640474, 1.13535700749, 1.51042805826, 1.00000036531, 6.58420902912, 1.0069422329, 4.79673197254, 1.26000000179, 1.00000014887, 5.43478477081, 7.26986108887, 1.06795914324, 3.99908344146, 1.08828236845, 1.00104015037, 1.25526185596, 1.06590876036, 0.946980103077, 8.36317027699, 1.00000044341, 1.0000008656, 102.686826023, 1.0098684069, 2.09757946361, 0.974857784148, 3.61421007269, 0.870000285318, 11.0979170191, 10.8935044396, 15.2663093771
1.71196640474, 1.13535700749, 1.51042805826, 1.00000036531, 6.58420902912, 1.0069422329, 4.79673197254, 1.26000000179, 1.00000014887, 5.43478477081, 7.26986108887, 1.06795914324, 3.99908344146, 1.08828236845, 1.00104015037, 1.25526185596, 1.06590876036, 0.946980103077, 8.36317027699, 1.00000044341, 1.0000008656, 102.686826023, 1.0098684069, 2.09757946361, 0.974857784148, 3.61421007269, 0.870000285318, 11.0979170191, 10.8935044396, 15.2663093771
1.71196640474, 1.13535700749, 1.51042805826, 1.00000036531, 6.58420902912, 1.0069422329, 4.79673197254, 1.26000000179, 1.00000014887, 5.43478477081, 7.26986108887, 1.06795914324, 3.99908344146, 1.08828236845, 1.00104015037, 1.25526185596, 1.06590876036, 0.946980103077, 8.36317027699, 1.00000044341, 1.0000008656, 102.686826023, 1.0098684069, 2.09757946361, 0.974857784148, 3.61421007269, 0.870000285318, 11.0979170191, 10.8935044396, 15.2663093771
1.71198764216, 1.13535701163, 1.50972016377, 1.00000056389, 6.58449265083, 1.0068956148, 4.79685480942, 1.26000000182, 1.00000042247, 5.07497793538, 7.6524493204, 1.06791166142, 4.03713309139, 1.0886316206, 1.00056930267, 1.25426384981, 1.06616578123, 0.947031112798, 8.39599933369, 1.00000044377, 1.00000086582, 102.681457962, 1.00804544493, 2.09765565045, 0.974849130564, 4.2576441801, 0.870000283218, 29.6733496573, 13.7944166893, 13.0132723757
1.71198764216, 1.13535701163, 1.50972016377, 1.00000056389, 6.58449265083, 1.0068956148, 4.79685480942, 1.26000000182, 1.00000042247, 5.09630622591, 7.6524493204, 1.06791166142, 4.03713309139, 1.0886316206, 1.00056930267, 1.25426384981, 1.06616578123, 0.947031112798, 8.39599933369, 1.00000044377, 1.00000086582, 102.681457962, 1.00812331073, 2.09765565045, 0.974849130564, 4.2576441801, 0.870000283218, 35.8682546176, 9.12141560253, 39.2003415996
1.71198764216, 1.13535701163, 1.50972016377, 1.00000056389, 6.58449265083, 1.0068956148, 4.79685480942, 1.26000000182, 1.00000042247, 5.09630622591, 7.6524493204, 1.06791166142, 4.03713309139, 1.0886316206, 1.00056930267, 1.25426384981, 1.06616578123, 0.947031112798, 8.39599933369, 1.00000044377, 1.00000086582, 102.681457962, 1.00812331073, 2.09765565045, 0.974849130564, 4.2576441801, 0.870000283218, 35.8682546176, 9.12141560253, 39.2003415996
1.71196640474, 1.13535714982, 1.51042805826, 1.00000033093, 6.59558693661, 1.0069422329, 4.79673408108, 1.26000000179, 1.00000014887, 5.43515741018, 7.29744596891, 1.06795914324, 3.99908344146, 1.08828582013, 1.00103458615, 1.25526185596, 1.06591242038, 0.938762881242, 8.36317027699, 1.00000043968, 1.0000008656, 102.686897274, 1.00986432701, 2.09757946361, 0.974857784148, 3.61421007269, 0.8700002851, 7.26734803618, 9.03033422649, 19.2360014906
1.71196640474, 1.13535714982, 1.51042805826, 1.00000033093, 6.59558693661, 1.0069422329, 4.79673408108, 1.26000000179, 1.00000014887, 5.43515741018, 7.29744596891, 1.06795914324, 3.99908344146, 1.08828582013, 1.00103458615, 1.25526185596, 1.06591242038, 0.938762881242, 8.36317027699, 1.00000043968, 1.0000008656, 102.686897274, 1.00986432701, 2.09757946361, 0.974857784148, 3.61421007269, 0.8700002851, 7.26734803618, 9.03033422649, 19.2360014906
1.71196640474, 1.13535700749, 1.51042805826, 1.00000036531, 6.58420902912, 1.0069422329, 4.79673197254, 1.26000000179, 1.00000014887, 5.43478477081, 7.26986108887, 1.06795914324, 3.99908344146, 1.08828236845, 1.00104015037, 1.25526185596, 1.06590876036, 0.946980103077, 8.36317027699, 1.00000044341, 1.0000008656, 102.686826023, 1.0098684069, 2.09757946361, 0.974857784148, 3.61421007269, 0.870000285318, 11.0578002348, 6.39213585206, 9.86893685441
1.71196640474, 1.13535700749, 1.51042805826, 1.00000036531, 6.58420902912, 1.0069422329, 4.79673197254, 1.26000000179, 1.00000014887, 5.43478477081, 7.26986108887, 1.06795914324, 3.99908344146, 1.08828236845, 1.00104015037, 1.25526185596, 1.06590876036, 0.946980103077, 8.36317027699, 1.00000044341, 1.0000008656, 102.686826023, 1.0098684069, 2.09757946361, 0.974857784148, 3.61421007269, 0.870000285318, 11.0578002348, 6.39213585206, 9.86893685441
1.71196640474, 1.13535700749, 1.51042805826, 1.00000036531, 6.58420902912, 1.0069422329, 4.79673197254, 1.26000000179, 1.00000014887, 5.43478477081, 7.26986108887, 1.06795914324, 3.99908344146, 1.08828236845, 1.00104015037, 1.25526185596, 1.06590876036, 0.946980103077, 8.36317027699, 1.00000044341, 1.0000008656, 102.686826023, 1.0098684069, 2.09757946361, 0.974857784148, 3.61421007269, 0.870000285318, 11.0578002348, 6.39213585206, 9.86893685441
1.71196640474, 1.13535700749, 1.51042805826, 1.00000036531, 6.58420902912, 1.0069422329, 4.79673197254, 1.26000000179, 1.00000014887, 5.43478477081, 7.26986108887, 1.06795914324, 3.99908344146, 1.08828236845, 1.00104015037, 1.25526185596, 1.06590876036, 0.946980103077, 8.36317027699, 1.00000044341, 1.0000008656, 102.686826023, 1.0098684069, 2.09757946361, 0.974857784148, 3.61421007269, 0.870000285318, 11.0578002348, 6.39213585206, 9.86893685441
1.71196640474, 1.13535700749, 1.51042805826, 1.00000036531, 6.58420902912, 1.0069422329, 4.79673197254, 1.26000000179, 1.00000014887, 5.43478477081, 7.26986108887, 1.06795914324, 3.99908344146, 1.08828236845, 1.00104015037, 1.25526185596, 1.06590876036, 0.946980103077, 8.36317027699, 1.00000044341, 1.0000008656, 102.686826023, 1.0098684069, 2.09757946361, 0.974857784148, 3.61421007269, 0.870000285318, 11.0578002348, 6.39213585206, 9.86893685441
1.71196640474, 1.13535700749, 1.51042805826, 1.00000036531, 6.58420902912, 1.0069422329, 4.79673197254, 1.26000000179, 1.00000014887, 5.43478477081, 7.26986108887, 1.06795914324, 3.99908344146, 1.08828236845, 1.00104015037, 1.25526185596, 1.06590876036, 0.946980103077, 8.36317027699, 1.00000044341, 1.0000008656, 102.686826023, 1.0098684069, 2.09757946361, 0.974857784148, 3.61421007269, 0.870000285318, 11.0578002348, 6.39213585206, 9.86893685441
1.71196640474, 1.13535700749, 1.51042805826, 1.00000036531, 6.58420902912, 1.0069422329, 4.79673197254, 1.26000000179, 1.00000014887, 5.43478477081, 7.26986108887, 1.06795914324, 3.99908344146, 1.08828236845, 1.00104015037, 1.25526185596, 1.06590876036, 0.946980103077, 8.36317027699, 1.00000044341, 1.0000008656, 102.686826023, 1.0098684069, 2.09757946361, 0.974857784148, 3.61421007269, 0.870000285318, 11.0578002348, 6.39213585206, 9.86893685441
1.71196640474, 1.13535700749, 1.51042805826, 1.00000036531, 6.58420902912, 1.0069422329, 4.79673197254, 1.26000000179, 1.00000014887, 5.43478477081, 7.26986108887, 1.06795914324, 3.99908344146, 1.08828236845, 1.00104015037, 1.25526185596, 1.06590876036, 0.946980103077, 8.36317027699, 1.00000044341, 1.0000008656, 102.686826023, 1.0098684069, 2.09757946361, 0.974857784148, 3.61421007269, 0.870000285318, 11.0578002348, 6.39213585206, 9.86893685441
1.71196640474, 1.13535700749, 1.51042805826, 1.00000036531, 6.58420902912, 1.0069422329, 4.79673197254, 1.26000000179, 1.00000014887, 5.43478477081, 7.26986108887, 1.06795914324, 3.99908344146, 1.08828236845, 1.00104015037, 1.25526185596, 1.06590876036, 0.946980103077, 8.36317027699, 1.00000044341, 1.0000008656, 102.686826023, 1.0098684069, 2.09757946361, 0.974857784148, 3.61421007269, 0.870000285318, 11.0578002348, 6.39213585206, 9.86893685441
1.71196640474, 1.13535700749, 1.51042805826, 1.00000036531, 6.58420902912, 1.0069422329, 4.79673197254, 1.26000000179, 1.00000014887, 5.43478477081, 7.26986108887, 1.06795914324, 3.99908344146, 1.08828236845, 1.00104015037, 1.25526185596, 1.06590876036, 0.946980103077, 8.36317027699, 1.00000044341, 1.0000008656, 102.686826023, 1.0098684069, 2.09757946361, 0.974857784148, 3.61421007269, 0.870000285318, 11.0578002348, 6.39213585206, 9.86893685441
1.71196640474, 1.13535714982, 1.51042805826, 1.00000036531, 6.59558693661, 1.0069422329, 4.79673408108, 1.26000000179, 1.00000014887, 5.43515741018, 7.29744596891, 1.06795914324, 3.99908344146, 1.08828582013, 1.00103458615, 1.25526185596, 1.06591242038, 0.938762881242, 8.36317027699, 1.00000043968, 1.0000008656, 102.686897274, 1.00986432701, 2.09757946361, 0.974857784148, 3.61421007269, 0.8700002851, 10.2207554185, 5.25649122809, 16.5721625696
1.71196640474, 1.13535714982, 1.51042805826, 1.00000036531, 6.59558693661, 1.0069422329, 4.79673408108, 1.26000000179, 1.00000014887, 5.43515741018, 7.29744596891, 1.06795914324, 3.99908344146, 1.08828582013, 1.00103458615, 1.25526185596, 1.06591242038, 0.938762881242, 8.36317027699, 1.00000043968, 1.0000008656, 102.686897274, 1.00986432701, 2.09757946361, 0.974857784148, 3.61421007269, 0.8700002851, 10.2207554185, 5.25649122809, 16.5721625696
1.71196640474, 1.13535714982, 1.51042805826, 1.00000036531, 6.59558693661, 1.0069422329, 4.79673408108, 1.26000000179, 1.00000014887, 5.43515741018, 7.29744596891, 1.06795914324, 3.99908344146, 1.08828582013, 1.00103458615, 1.25526185596, 1.06591242038, 0.938762881242, 8.36317027699, 1.00000043968, 1.0000008656, 102.686897274, 1.00986432701, 2.09757946361, 0.974857784148, 3.61421007269, 0.8700002851, 10.2207554185, 5.25649122809, 16.5721625696
1.71196640474, 1.13535714982, 1.51042805826, 1.00000036531, 6.59558693661, 1.0069422329, 4.79673408108, 1.26000000179, 1.00000014887, 5.43515741018, 7.29744596891, 1.06795914324, 3.99908344146, 1.08828582013, 1.00103458615, 1.25526185596, 1.06591242038, 0.938762881242, 8.36317027699, 1.00000043968, 1.0000008656, 102.686897274, 1.00986432701, 2.09757946361, 0.974857784148, 3.61421007269, 0.8700002851, 10.2207554185, 5.25649122809, 16.5721625696
1.71196640474, 1.13535714982, 1.51042805826, 1.00000036531, 6.59558693661, 1.0069422329, 4.79673408108, 1.26000000179, 1.00000014887, 5.43515741018, 7.29744596891, 1.06795914324, 3.99908344146, 1.08828582013, 1.00103458615, 1.25526185596, 1.06591242038, 0.938762881242, 8.36317027699, 1.00000043968, 1.0000008656, 102.686897274, 1.00986432701, 2.09757946361, 0.974857784148, 3.61421007269, 0.8700002851, 10.2207554185, 5.25649122809, 16.5721625696
1.71196640474, 1.13535714982, 1.51042805826, 1.00000036531, 6.59558693661, 1.0069422329, 4.79673408108, 1.26000000179, 1.00000014887, 5.43515741018, 7.29744596891, 1.06795914324, 3.99908344146, 1.08828582013, 1.00103458615, 1.25526185596, 1.06591242038, 0.938762881242, 8.36317027699, 1.00000043968, 1.0000008656, 102.686897274, 1.00986432701, 2.09757946361, 0.974857784148, 3.61421007269, 0.8700002851, 10.2207554185, 5.25649122809, 16.5721625696
1.71196640474, 1.13535714982, 1.51042805826, 1.00000036531, 6.59558693661, 1.0069422329, 4.79673408108, 1.26000000179, 1.00000014887, 5.43515741018, 7.29744596891, 1.06795914324, 3.99908344146, 1.08828582013, 1.00103458615, 1.25526185596, 1.06591242038, 0.938762881242, 8.36317027699, 1.00000043968, 1.0000008656, 102.686897274, 1.00986432701, 2.09757946361, 0.974857784148, 3.61421007269, 0.8700002851, 10.2207554185, 5.25649122809, 16.5721625696
1.71198764216, 1.13535701163, 1.50972682576, 1.00000057058, 6.58452400026, 1.0068956148, 4.79685480942, 1.26000000182, 1.00000044431, 5.08037759659, 7.74481603054, 1.06791085507, 4.03755693835, 1.08817519265, 1.00056930267, 1.25524129486, 1.06616578123, 0.947031112798, 8.39599933369, 1.00000044377, 1.00000086582, 102.681409507, 1.01024342863, 1.83815000275, 0.974849130564, 3.57229973201, 0.870000283047, 52.6934438573, 16.4617988433, 40.477706581
1.71198764216, 1.13535714462, 1.50972016377, 1.00000056389, 6.58449265083, 1.0068956148, 4.79685480942, 1.26000000182, 1.00000042247, 5.09443471665, 7.2995170759, 1.06791220294, 4.03713309139, 1.08829052915, 1.00056930267, 1.25523975059, 1.06591535821, 0.95195149419, 8.396777023, 1.00000043975, 1.00000086582, 102.681457962, 1.00812833049, 2.09765565045, 0.974849130564, 3.56474245403, 0.870000283218, 8.95487342305, 7.31424964374, 18.6260449603
1.71198764216, 1.13535714462, 1.50972016377, 1.00000056389, 6.58449265083, 1.0068956148, 4.79685480942, 1.26000000182, 1.00000042247, 5.09443471665, 7.2995170759, 1.06791220294, 4.03713309139, 1.08829052915, 1.00056930267, 1.25523975059, 1.06591535821, 0.95195149419, 8.396777023, 1.00000043975, 1.00000086582, 102.681457962, 1.00812833049, 2.09765565045, 0.974849130564, 3.56474245403, 0.870000283218, 8.95487342305, 7.31424964374, 18.6260449603
1.71198699999, 1.13535751373, 1.5088457645, 1.00000056389, 6.59557145182, 1.00694565822, 4.79344593047, 1.26000002138, 1.00000042247, 5.44371978652, 7.29738690645, 1.06796186463, 4.03713309139, 1.0886316206, 1.00193610695, 1.25426384981, 1.06615106464, 0.947074739665, 8.39744400107, 1.00000044268, 1.00000086593, 102.68702002, 1.01024342863, 2.09765722664, 0.97485779127, 4.21808568104, 0.870000290825, 11.5941039552, 10.3245830516, 19.1731351493
1.71198699999, 1.13535751373, 1.5088457645, 1.00000056389, 6.59557145182, 1.00694565822, 4.79344593047, 1.26000002138, 1.00000042247, 5.44371978652, 7.29738690645, 1.06796186463, 4.03713309139, 1.0886316206, 1.00193610695, 1.25426384981, 1.06615106464, 0.947074739665, 8.39744400107, 1.00000044268, 1.00000086593, 102.68702002, 1.01024342863, 2.09765722664, 0.97485779127, 4.21808568104, 0.870000290825, 11.5941039552, 10.3245830516, 19.1731351493
1.71198699999, 1.13535751373, 1.5088457645, 1.00000056389, 6.59557145182, 1.00694565822, 4.79344593047, 1.26000002138, 1.00000042247, 5.44371978652, 7.29738690645, 1.06796186463, 4.03713309139, 1.0886316206, 1.00193610695, 1.25426384981, 1.06615106464, 0.947074739665, 8.39744400107, 1.00000044268, 1.00000086593, 102.68702002, 1.01024342863, 2.09765722664, 0.97485779127, 4.21808568104, 0.870000290825, 11.5941039552, 10.3245830516, 19.1731351493
1.71198753093, 1.13535714468, 1.50972016377, 1.00000036233, 6.58449265083, 1.00689598397, 4.79685480942, 1.26000000182, 1.00000042247, 5.09443471665, 7.29744589208, 1.06795894114, 4.03817674557, 1.08829052915, 1.00103168658, 1.25526221764, 1.06591537401, 0.938712158737, 8.363541467, 1.00000060763, 1.0000008656, 102.681457962, 1.00980514304, 2.09757911949, 0.974849029121, 3.56502099561, 0.870000285176, 14.1824627789, 6.81376839101, 14.543886948
1.71198753093, 1.13535714468, 1.50972016377, 1.00000036233, 6.58449265083, 1.00689598397, 4.79685480942, 1.26000000182, 1.00000042247, 5.09443471665, 7.29744589208, 1.06795894114, 4.03817674557, 1.08829052915, 1.00103168658, 1.25526221764, 1.06591537401, 0.938712158737, 8.363541467, 1.00000060763, 1.0000008656, 102.681457962, 1.00980514304, 2.09757911949, 0.974849029121, 3.56502099561, 0.870000285176, 14.1824627789, 6.81376839101, 14.543886948
1.71198753093, 1.13535714468, 1.50972016377, 1.00000036233, 6.58449265083, 1.00689598397, 4.79685480942, 1.26000000182, 1.00000042247, 5.09443471665, 7.29744589208, 1.06795894114, 4.03817674557, 1.08829052915, 1.00103168658, 1.25526221764, 1.06591537401, 0.938712158737, 8.363541467, 1.00000060763, 1.0000008656, 102.681457962, 1.00980514304, 2.09757911949, 0.974849029121, 3.56502099561, 0.870000285176, 14.1824627789, 6.81376839101, 14.543886948
1.71198753093, 1.13535714468, 1.50972016377, 1.00000036233, 6.58449265083, 1.00689598397, 4.79685480942, 1.26000000182, 1.00000042247, 5.09443471665, 7.29744589208, 1.06795894114, 4.03817674557, 1.08829052915, 1.00103168658, 1.25526221764, 1.06591537401, 0.938712158737, 8.363541467, 1.00000060763, 1.0000008656, 102.681457962, 1.00980514304, 2.09757911949, 0.974849029121, 3.56502099561, 0.870000285176, 14.1824627789, 6.81376839101, 14.543886948
1.71198753093, 1.13535714468, 1.50972016377, 1.00000036233, 6.58449265083, 1.00689598397, 4.79685480942, 1.26000000182, 1.00000042247, 5.09443471665, 7.29744589208, 1.06795894114, 4.03817674557, 1.08829052915, 1.00103168658, 1.25526221764, 1.06591537401, 0.938712158737, 8.363541467, 1.00000060763, 1.0000008656, 102.681457962, 1.00980514304, 2.09757911949, 0.974849029121, 3.56502099561, 0.870000285176, 14.1824627789, 6.81376839101, 14.543886948
1.71198753093, 1.13535714468, 1.50972016377, 1.00000036233, 6.58449265083, 1.00689598397, 4.79685480942, 1.26000000182, 1.00000042247, 5.09443471665, 7.29744589208, 1.06795894114, 4.03817674557, 1.08829052915, 1.00103168658, 1.25526221764, 1.06591537401, 0.938712158737, 8.363541467, 1.00000060763, 1.0000008656, 102.681457962, 1.00980514304, 2.09757911949, 0.974849029121, 3.56502099561, 0.870000285176, 14.1824627789, 6.81376839101, 14.543886948
1.71198753093, 1.13535714468, 1.50972016377, 1.00000036233, 6.58449265083, 1.00689598397, 4.79685480942, 1.26000000182, 1.00000042247, 5.09443471665, 7.29744589208, 1.06795894114, 4.03817674557, 1.08829052915, 1.00103168658, 1.25526221764, 1.06591537401, 0.938712158737, 8.363541467, 1.00000060763, 1.0000008656, 102.681457962, 1.00980514304, 2.09757911949, 0.974849029121, 3.56502099561, 0.870000285176, 14.1824627789, 6.81376839101, 14.543886948
1.71198753093, 1.13535714468, 1.50972016377, 1.00000036233, 6.58449265083, 1.00689598397, 4.79685480942, 1.26000000182, 1.00000042247, 5.09443471665, 7.29744589208, 1.06795894114, 4.03817674557, 1.08829052915, 1.00103168658, 1.25526221764, 1.06591537401, 0.938712158737, 8.363541467, 1.00000060763, 1.0000008656, 102.681457962, 1.00980514304, 2.09757911949, 0.974849029121, 3.56502099561, 0.870000285176, 14.1824627789, 6.81376839101, 14.543886948
1.71198753093, 1.13535714468, 1.50972016377, 1.00000036233, 6.58449265083, 1.00689598397, 4.79685480942, 1.26000000182, 1.00000042247, 5.09443471665, 7.29744589208, 1.06795894114, 4.03817674557, 1.08829052915, 1.00103168658, 1.25526221764, 1.06591537401, 0.938712158737, 8.363541467, 1.00000060763, 1.0000008656, 102.681457962, 1.00980514304, 2.09757911949, 0.974849029121, 3.56502099561, 0.870000285176, 14.1824627789, 6.81376839101, 14.543886948
1.71198753093, 1.13535714468, 1.50972016377, 1.00000036233, 6.58449265083, 1.00689598397, 4.79685480942, 1.26000000182, 1.00000042247, 5.09443471665, 7.29744589208, 1.06795894114, 4.03817674557, 1.08829052915, 1.00103168658, 1.25526221764, 1.06591537401, 0.938712158737, 8.363541467, 1.00000060763, 1.0000008656, 102.681457962, 1.00980514304, 2.09757911949, 0.974849029121, 3.56502099561, 0.870000285176, 14.1824627789, 6.81376839101, 14.543886948
1.71198753093, 1.13535714468, 1.50972016377, 1.00000036233, 6.58449265083, 1.00689598397, 4.79685480942, 1.26000000182, 1.00000042247, 5.09443471665, 7.29744589208, 1.06795894114, 4.03817674557, 1.08829052915, 1.00103168658, 1.25526221764, 1.06591537401, 0.938712158737, 8.363541467, 1.00000060763, 1.0000008656, 102.681457962, 1.00980514304, 2.09757911949, 0.974849029121, 3.56502099561, 0.870000285176, 14.1824627789, 6.81376839101, 14.543886948
1.71198753093, 1.13535714468, 1.50972016377, 1.00000036233, 6.58449265083, 1.00689598397, 4.79685480942, 1.26000000182, 1.00000042247, 5.09443471665, 7.29744589208, 1.06795894114, 4.03817674557, 1.08829052915, 1.00103168658, 1.25526221764, 1.06591537401, 0.938712158737, 8.363541467, 1.00000060763, 1.0000008656, 102.681457962, 1.00980514304, 2.09757911949, 0.974849029121, 3.56502099561, 0.870000285176, 14.1824627789, 6.81376839101, 14.543886948
1.71198753093, 1.13535714468, 1.50972016377, 1.00000036233, 6.58449265083, 1.00689598397, 4.79685480942, 1.26000000182, 1.00000042247, 5.09443471665, 7.29744589208, 1.06795894114, 4.03817674557, 1.08829052915, 1.00103168658, 1.25526221764, 1.06591537401, 0.938712158737, 8.363541467, 1.00000060763, 1.0000008656, 102.681457962, 1.00980514304, 2.09757911949, 0.974849029121, 3.56502099561, 0.870000285176, 14.1824627789, 6.81376839101, 14.543886948
1.71198753093, 1.13535714468, 1.50972016377, 1.00000036233, 6.58449265083, 1.00689598397, 4.79685480942, 1.26000000182, 1.00000042247, 5.09443471665, 7.29744589208, 1.06795894114, 4.03817674557, 1.08829052915, 1.00103168658, 1.25526221764, 1.06591537401, 0.938712158737, 8.363541467, 1.00000060763, 1.0000008656, 102.681457962, 1.00980514304, 2.09757911949, 0.974849029121, 3.56502099561, 0.870000285176, 14.1824627789, 6.81376839101, 14.543886948
1.71198753093, 1.13535714468, 1.50972016377, 1.00000036233, 6.58449265083, 1.00689598397, 4.79685480942, 1.26000000182, 1.00000042247, 5.09443471665, 7.29744589208, 1.06795894114, 4.03817674557, 1.08829052915, 1.00103168658, 1.25526221764, 1.06591537401, 0.938712158737, 8.363541467, 1.00000060763, 1.0000008656, 102.681457962, 1.00980514304, 2.09757911949, 0.974849029121, 3.56502099561, 0.870000285176, 14.1824627789, 6.81376839101, 14.543886948
1.71198753093, 1.13535714468, 1.50972016377, 1.00000036233, 6.58449265083, 1.00689598397, 4.79685480942, 1.26000000182, 1.00000042247, 5.09443471665, 7.29744589208, 1.06795894114, 4.03817674557, 1.08829052915, 1.00103168658, 1.25526221764, 1.06591537401, 0.938712158737, 8.363541467, 1.00000060763, 1.0000008656, 102.681457962, 1.00980514304, 2.09757911949, 0.974849029121, 3.56502099561, 0.870000285176, 14.1824627789, 6.81376839101, 14.543886948
1.71198753093, 1.13535714468, 1.50972016377, 1.00000036233, 6.58449265083, 1.00689598397, 4.79685480942, 1.26000000182, 1.00000042247, 5.09443471665, 7.29744589208, 1.06795894114, 4.03817674557, 1.08829052915, 1.00103168658, 1.25526221764, 1.06591537401, 0.938712158737, 8.363541467, 1.00000060763, 1.0000008656, 102.681457962, 1.00980514304, 2.09757911949, 0.974849029121, 3.56502099561, 0.870000285176, 14.1824627789, 6.81376839101, 14.543886948
1.71196640474, 1.13535714982, 1.51042805826, 1.00000036531, 6.59558693661, 1.0069422329, 4.79673408108, 1.26000000179, 1.00000014887, 5.43515741018, 7.29744596891, 1.06795914324, 3.99908344146, 1.08828582013, 1.00103458615, 1.25526185596, 1.06591242038, 0.938762881242, 8.36317027699, 1.00000043968, 1.0000008656, 102.686897274, 1.00986432701, 2.09757946361, 0.974857784148, 3.61421007269, 0.8700002851, 13.906880779, 8.53806577909, 14.2846404393
1.71196640474, 1.13535714982, 1.51042805826, 1.00000036531, 6.59558693661, 1.0069422329, 4.79673408108, 1.26000000179, 1.00000014887, 5.43515741018, 7.29744596891, 1.06795914324, 3.99908344146, 1.08828582013, 1.00103458615, 1.25526185596, 1.06591242038, 0.938762881242, 8.36317027699, 1.00000043968, 1.0000008656, 102.686897274, 1.00986432701, 2.09757946361, 0.974857784148, 3.61421007269, 0.8700002851, 13.906880779, 8.53806577909, 14.2846404393
1.71196640474, 1.13535714982, 1.51042805826, 1.00000036531, 6.59558693661, 1.0069422329, 4.79673408108, 1.26000000179, 1.00000014887, 5.43515741018, 7.29744596891, 1.06795914324, 3.99908344146, 1.08828582013, 1.00103458615, 1.25526185596, 1.06591242038, 0.938762881242, 8.36317027699, 1.00000043968, 1.0000008656, 102.686897274, 1.00986432701, 2.09757946361, 0.974857784148, 3.61421007269, 0.8700002851, 13.906880779, 8.53806577909, 14.2846404393
1.71196640474, 1.13535714982, 1.51042805826, 1.00000036531, 6.59558693661, 1.0069422329, 4.79673408108, 1.26000000179, 1.00000014887, 5.43515741018, 7.29744596891, 1.06795914324, 3.99908344146, 1.08828582013, 1.00103458615, 1.25526185596, 1.06591242038, 0.938762881242, 8.36317027699, 1.00000043968, 1.0000008656, 102.686897274, 1.00986432701, 2.09757946361, 0.974857784148, 3.61421007269, 0.8700002851, 13.906880779, 8.53806577909, 14.2846404393
1.71196640474, 1.13535714982, 1.51042805826, 1.00000036531, 6.59558693661, 1.0069422329, 4.79673408108, 1.26000000179, 1.00000014887, 5.43515741018, 7.29744596891, 1.06795914324, 3.99908344146, 1.08828582013, 1.00103458615, 1.25526185596, 1.06591242038, 0.938762881242, 8.36317027699, 1.00000043968, 1.0000008656, 102.686897274, 1.00986432701, 2.09757946361, 0.974857784148, 3.61421007269, 0.8700002851, 13.906880779, 8.53806577909, 14.2846404393
1.71196640474, 1.13535714982, 1.51042805826, 1.00000036531, 6.59558693661, 1.0069422329, 4.79673408108, 1.26000000179, 1.00000014887, 5.43515741018, 7.29744596891, 1.06795914324, 3.99908344146, 1.08828582013, 1.00103458615, 1.25526185596, 1.06591242038, 0.938762881242, 8.36317027699, 1.00000043968, 1.0000008656, 102.686897274, 1.00986432701, 2.09757946361, 0.974857784148, 3.61421007269, 0.8700002851, 13.906880779, 8.53806577909, 14.2846404393
1.71196640474, 1.13535714982, 1.51042805826, 1.00000036531, 6.59558693661, 1.0069422329, 4.79673408108, 1.26000000179, 1.00000014887, 5.43515741018, 7.29744596891, 1.06795914324, 3.99908344146, 1.08828582013, 1.00103458615, 1.25526185596, 1.06591242038, 0.938762881242, 8.36317027699, 1.00000043968, 1.0000008656, 102.686897274, 1.00986432701, 2.09757946361, 0.974857784148, 3.61421007269, 0.8700002851, 13.906880779, 8.53806577909, 14.2846404393
1.71196640474, 1.13535714982, 1.51042805826, 1.00000036531, 6.59558693661, 1.0069422329, 4.79673408108, 1.26000000179, 1.00000014887, 5.43515741018, 7.29744596891, 1.06795914324, 3.99908344146, 1.08828582013, 1.00103458615, 1.25526185596, 1.06591242038, 0.938762881242, 8.36317027699, 1.00000043968, 1.0000008656, 102.686897274, 1.00986432701, 2.09757946361, 0.974857784148, 3.61421007269, 0.8700002851, 13.906880779, 8.53806577909, 14.2846404393
1.71196640474, 1.13535714982, 1.51042805826, 1.00000036531, 6.59558693661, 1.0069422329, 4.79673408108, 1.26000000179, 1.00000014887, 5.43515741018, 7.29744596891, 1.06795914324, 3.99908344146, 1.08828582013, 1.00103458615, 1.25526185596, 1.06591242038, 0.938762881242, 8.36317027699, 1.00000043968, 1.0000008656, 102.686897274, 1.00986432701, 2.09757946361, 0.974857784148, 3.61421007269, 0.8700002851, 13.906880779, 8.53806577909, 14.2846404393
1.71196640474, 1.13535714982, 1.51042805826, 1.00000036531, 6.59558693661, 1.0069422329, 4.79673408108, 1.26000000179, 1.00000014887, 5.43515741018, 7.29744596891, 1.06795914324, 3.99908344146, 1.08828582013, 1.00103458615, 1.25526185596, 1.06591242038, 0.938762881242, 8.36317027699, 1.00000043968, 1.0000008656, 102.686897274, 1.00986432701, 2.09757946361, 0.974857784148, 3.61421007269, 0.8700002851, 13.906880779, 8.53806577909, 14.2846404393
1.71196640474, 1.13535714982, 1.51042805826, 1.00000036531, 6.59558693661, 1.0069422329, 4.79673408108, 1.26000000179, 1.00000014887, 5.43515741018, 7.29744596891, 1.06795914324, 3.99908344146, 1.08828582013, 1.00103458615, 1.25526185596, 1.06591242038, 0.938762881242, 8.36317027699, 1.00000043968, 1.0000008656, 102.686897274, 1.00986432701, 2.09757946361, 0.974857784148, 3.61421007269, 0.8700002851, 13.906880779, 8.53806577909, 14.2846404393
1.71196640474, 1.13535714982, 1.51042805826, 1.00000036531, 6.59558693661, 1.0069422329, 4.79673408108, 1.26000000179, 1.00000014887, 5.43515741018, 7.29744596891, 1.06795914324, 3.99908344146, 1.08828582013, 1.00103458615, 1.25526185596, 1.06591242038, 0.938762881242, 8.36317027699, 1.00000043968, 1.0000008656, 102.686897274, 1.00986432701, 2.09757946361, 0.974857784148, 3.61421007269, 0.8700002851, 13.906880779, 8.53806577909, 14.2846404393
1.71196640474, 1.13535714982, 1.51042805826, 1.00000036531, 6.59558693661, 1.0069422329, 4.79673408108, 1.26000000179, 1.00000014887, 5.43515741018, 7.29744596891, 1.06795914324, 3.99908344146, 1.08828582013, 1.00103458615, 1.25526185596, 1.06591242038, 0.938762881242, 8.36317027699, 1.00000043968, 1.0000008656, 102.686897274, 1.00986432701, 2.09757946361, 0.974857784148, 3.61421007269, 0.8700002851, 13.906880779, 8.53806577909, 14.2846404393
1.71196640474, 1.13535714982, 1.51042805826, 1.00000036531, 6.59558693661, 1.0069422329, 4.79673408108, 1.26000000179, 1.00000014887, 5.43515741018, 7.29744596891, 1.06795914324, 3.99908344146, 1.08828582013, 1.00103458615, 1.25526185596, 1.06591242038, 0.938762881242, 8.36317027699, 1.00000043968, 1.0000008656, 102.686897274, 1.00986432701, 2.09757946361, 0.974857784148, 3.61421007269, 0.8700002851, 13.906880779, 8.53806577909, 14.2846404393
1.71196640474, 1.13535714982, 1.51042805826, 1.00000036531, 6.59558693661, 1.0069422329, 4.79673408108, 1.26000000179, 1.00000014887, 5.43515741018, 7.29744596891, 1.06795914324, 3.99908344146, 1.08828582013, 1.00103458615, 1.25526185596, 1.06591242038, 0.938762881242, 8.36317027699, 1.00000043968, 1.0000008656, 102.686897274, 1.00986432701, 2.09757946361, 0.974857784148, 3.61421007269, 0.8700002851, 13.906880779, 8.53806577909, 14.2846404393
1.71196640474, 1.13535714982, 1.51042805826, 1.00000036531, 6.59558693661, 1.0069422329, 4.79673408108, 1.26000000179, 1.00000014887, 5.43515741018, 7.29744596891, 1.06795914324, 3.99908344146, 1.08828582013, 1.00103458615, 1.25526185596, 1.06591242038, 0.938762881242, 8.36317027699, 1.00000043968, 1.0000008656, 102.686897274, 1.00986432701, 2.09757946361, 0.974857784148, 3.61421007269, 0.8700002851, 13.906880779, 8.53806577909, 14.2846404393
1.71196640474, 1.13535714982, 1.51042805826, 1.00000036531, 6.59558693661, 1.0069422329, 4.79673408108, 1.26000000179, 1.00000014887, 5.43515741018, 7.29744596891, 1.06795914324, 3.99908344146, 1.08828582013, 1.00103458615, 1.25526185596, 1.06591242038, 0.938762881242, 8.36317027699, 1.00000043968, 1.0000008656, 102.686897274, 1.00986432701, 2.09757946361, 0.974857784148, 3.61421007269, 0.8700002851, 13.906880779, 8.53806577909, 14.2846404393
1.71196640474, 1.13535714982, 1.51042805826, 1.00000036531, 6.59558693661, 1.0069422329, 4.79673408108, 1.26000000179, 1.00000014887, 5.43515741018, 7.29744596891, 1.06795914324, 3.99908344146, 1.08828582013, 1.00103458615, 1.25526185596, 1.06591242038, 0.938762881242, 8.36317027699, 1.00000043968, 1.0000008656, 102.686897274, 1.00986432701, 2.09757946361, 0.974857784148, 3.61421007269, 0.8700002851, 13.906880779, 8.53806577909, 14.2846404393
1.71196640474, 1.13535714982, 1.51042805826, 1.00000036531, 6.59558693661, 1.0069422329, 4.79673408108, 1.26000000179, 1.00000014887, 5.43515741018, 7.29744596891, 1.06795914324, 3.99908344146, 1.08828582013, 1.00103458615, 1.25526185596, 1.06591242038, 0.938762881242, 8.36317027699, 1.00000043968, 1.0000008656, 102.686897274, 1.00986432701, 2.09757946361, 0.974857784148, 3.61421007269, 0.8700002851, 13.906880779, 8.53806577909, 14.2846404393
