0.246472522489, 0.834277099393, 2.2744993258, 0.681526191186, 83.1141357935, 39.834299026, 0.00896276792201, 0.21833760514, 3.8752888924, 8.30210780765, 0.0, 0.0
0.154661999903, 0.831765277005, 2.11314067536, 0.504917524587, 38.5119442218, 1.05667524927, 0.72508417504, 2.29482692728, 3.95538014768, 77.6114215881, 0.0049249731713, 0.0
0.154661999903, 0.831765277005, 2.11314067536, 0.504917524587, 8.89721779039, 1.65561022234, 0.72508417504, 4.67660869819, 3.95538014768, 77.757674267, 0.00484073629099, 0.111111111111
0.129940947895, 0.828911814121, 2.17399640873, 0.420206058372, 94.7477646714, 1.12191212423, 0.890153447365, 4.5023538235, 8.13879437935, 59.1039507574, 0.0122698093449, 0.4375
0.101623191061, 0.842666972025, 2.07655358461, 0.633003984702, 88.0446123044, 1.290606358, 0.0102565029033, 3.4921843295, 8.10982743036, 81.9259937767, 0.00270623425889, 0.0
0.153689715546, 0.833119451142, 2.28050165853, 0.415518205403, 33.1085584735, 1.6181064002, 0.0262034203146, 2.87431022882, 3.79686217919, 69.7035247967, 0.00871018682613, 0.0
0.153133925047, 0.832137693051, 2.12866498952, 0.419572494155, 91.6912623022, 1.16155054755, 0.0271893633069, 2.98487769853, 10.9123168268, 69.3451990344, 0.0121876001302, 0.0714285714286
0.127507775326, 1.07146957781, 2.14995082846, 0.420032252484, 38.2349965805, 1.17258349524, 0.0178649057393, 2.30276187971, 8.21696175822, 61.6436065083, 0.00666859545987, 0.111111111111
0.142761692911, 0.868677142214, 2.2744993258, 0.678434075431, 82.5931349971, 39.843078727, 0.901903201259, 2.83412734333, 5.13574508036, 87.3359317929, 0.0, 0.0
0.153420176052, 0.939080074916, 2.07168684296, 0.416292818195, 87.9646257254, 39.2522040204, 0.874308563803, 2.56213669673, 8.00511992275, 81.8666739204, 0.0, 0.2
0.126514884436, 0.830852116716, 2.11309026385, 0.51147958111, 38.5500689014, 2.64836463549, 0.0247392382696, 2.29510817133, 14.3976028808, 38.4726605021, 0.0142859672073, 0.0
0.120654385963, 0.832152703401, 2.15211754419, 0.454093824137, 40.3443886207, 1.29112880987, 0.017893571119, 3.21149944184, 8.624653967, 82.5493814591, 0.00622607594585, 0.0
0.126514884436, 0.830852116716, 2.11314067536, 0.51147958111, 38.3425669767, 1.05667524927, 0.0247392382696, 2.29487401363, 3.95538014768, 86.8391175939, 0.00494056835122, 0.0
0.151944455324, 0.8645515505, 2.4162717619, 0.447902142109, 52.5696831604, 1.17280508827, 0.325426800199, 3.76401589623, 8.10770063157, 78.4533657046, 0.00943498862855, 0.0
0.144137806272, 0.831790752291, 2.11847877068, 0.497547190171, 38.316284536, 1.17258349524, 0.017893571119, 0.760542070976, 7.70217622614, 73.9279016929, 0.0121100798369, 0.0
0.128182364196, 0.832492670671, 2.07681850543, 0.522575471983, 54.6577641424, 1.1729870924, 0.00130982539491, 2.39540929512, 7.46213325337, 68.5922216612, 0.0107159905674, 0.2
0.108875997261, 0.831089023036, 2.19656834647, 0.448107726571, 41.360744872, 1.05486099914, 0.0418768852886, 0.938460883717, 3.9435254736, 70.4382854158, 0.00833789759571, 0.739130434783
0.334004469113, 0.857077370008, 2.79160992758, 0.62566178516, 11.5580194247, 2.18770134954, 0.481168364603, 4.93363237395, 28.4471679768, 140.692734317, 0.00067416635056, 0.0
0.154121869069, 0.832147472256, 2.15245672963, 0.496356572002, 55.1825970078, 1.22501112132, 0.825375628301, 2.40502430002, 8.62236878219, 127.470287708, 0.00129523598219, 0.0
0.12994945867, 0.832741181768, 2.17450486353, 0.420206058372, 94.5799461559, 1.12191212423, 0.026406592034, 4.5023538235, 8.13879437935, 113.42118739, 0.00387127096741, 0.0
0.108875997261, 1.02716996473, 2.19656834647, 0.448107726571, 38.3948211229, 1.29317045148, 0.0418768852886, 0.948872781933, 4.86757846873, 101.00964151, 0.00283408693454, 0.3
0.108875997261, 1.07594303324, 2.17288007654, 0.448107726571, 38.3948211229, 1.16699966516, 0.250787394003, 0.948872781933, 4.86757846873, 85.293122282, 0.00528219121674, 0.222222222222
0.109086333462, 0.832718213151, 2.0300731836, 0.448182804186, 38.3720870092, 1.16699966516, 0.0418768852886, 4.63363589183, 4.86757846873, 98.3863803422, 0.00346717323124, 0.375
0.130108154457, 0.823795674896, 2.12975089858, 0.419619330071, 30.2253174208, 1.01920028315, 0.0155513666838, 2.33762921135, 4.00940748258, 59.5412719704, 0.0144720175876, 0.384615384615
0.159915901189, 0.942884776845, 2.07936976852, 0.530917999191, 84.9185256394, 22.2158363692, 0.865850620814, 3.71492820199, 25.4783795113, 52.892208968, 0.0643373407923, 0.0
0.127250818112, 0.849886818031, 2.12048037629, 0.632459859394, 33.8362658906, 1.290606358, 0.0102243689866, 3.01372075147, 4.14935387504, 52.9817691578, 0.0157789019868, 0.1
0.14913930526, 0.832142413769, 2.05148743657, 0.630821352442, 14.7517515978, 23.6101892977, 0.870589458713, 2.44682526486, 11.016868592, 50.9484298018, 0.155218411054, 0.0
0.328396485779, 1.05170992824, 2.10861210003, 0.597906754417, 31.6716869198, 5.31622472397, 0.578890311438, 1.56936102874, 27.6551168535, 40.6770216767, 0.238072519509, 0.0
0.155209881761, 0.84278912811, 2.11314067536, 0.504917524587, 38.1087731367, 1.04244350456, 0.769076000253, 2.29482692728, 9.23685687573, 95.8211028429, 0.00838770554669, 0.0
0.122967838599, 0.832770000964, 2.41407330159, 0.446372904077, 34.3848490632, 1.24639274774, 0.0403013668642, 4.65251788593, 4.17787677652, 105.116461652, 0.00623929979294, 0.0
0.153665061505, 0.832142413769, 2.0706346671, 0.408297590409, 14.5505094811, 1.16155054755, 0.0239101554496, 2.98487769853, 11.0799585179, 93.2254764041, 0.00883308020818, 0.111111111111
0.128206055553, 1.07477272089, 2.28988018817, 0.504917524587, 46.3624732226, 1.17640122701, 0.569561469291, 2.87998542917, 3.95538014768, 92.4279556248, 0.00909654131961, 0.0
0.126435383963, 0.830926745859, 2.11332248749, 0.497767518148, 38.3425669767, 1.05498574457, 0.0247392382696, 2.29487401363, 3.95538014768, 90.4313744147, 0.00934061299039, 0.0909090909091
0.154661999903, 0.830847892881, 2.11314067536, 0.504917524587, 38.0688559218, 1.65191802333, 0.72508417504, 2.31193187794, 3.95538014768, 94.7554277486, 0.00878830368906, 0.2
0.129777438811, 0.834746687962, 2.13839031351, 0.497769133458, 37.7453728102, 1.17158950487, 0.0242972981994, 0.62833554336, 11.2080258176, 102.479829558, 0.00690902605693, 0.0
0.150841345104, 0.832147472256, 2.15245672963, 0.496356572002, 55.1825970078, 1.22485288949, 0.880561163736, 2.46561295935, 8.62236878219, 87.5613658552, 0.00958088319776, 0.0
0.161733003323, 0.820541828856, 2.03897516192, 0.499003283372, 52.034652649, 1.09781643699, 0.0343734694914, 2.39453734119, 10.7567848843, 85.4134366387, 0.0100054301312, 0.2
0.152725467616, 0.832142413769, 2.06589691731, 0.506500691604, 14.7517515978, 1.21038107872, 0.678945388844, 2.98881268579, 10.9517911693, 80.9093015306, 0.0146716361959, 0.0
0.130164152992, 0.832147999292, 2.42004067683, 0.448670931843, 89.0647328022, 1.02067928919, 0.0408810867122, 2.33612486282, 18.2986900293, 85.9117283909, 0.012245618299, 0.0
0.3041484615, 0.833569286915, 2.2370766945, 0.465577094852, 91.1362941625, 3.92933129967, 0.394067240218, 2.2586156663, 7.34210503544, 79.7150341367, 0.0419993463215, 0.0
0.133584809937, 1.07594303324, 2.19656834647, 0.448107726571, 55.418258056, 1.16699966516, 0.0418768852886, 0.951012094369, 16.7646612277, 144.364183645, 0.00375450323796, 0.0
0.130108154457, 0.823875460067, 2.2847021109, 0.519239330136, 33.9411675662, 1.01920028315, 0.0170221007271, 2.33675457055, 3.79553699316, 134.392480103, 0.00237251776213, 0.111111111111
0.161851109092, 1.05201886543, 4.63740434172, 0.504688789898, 55.0732661084, 1.09781643699, 0.0287215580577, 2.30068651258, 21.4074739994, 132.074782685, 0.00376758947933, 0.125
0.151861051048, 0.864541708852, 2.41856528863, 0.421193145045, 54.37131537, 1.17328979576, 0.331156884311, 3.75414510574, 31.463533975, 134.560120048, 0.00412184377292, 0.0
0.151861051048, 0.862918526623, 2.41856528863, 0.421193145045, 54.37131537, 1.21761455855, 0.331167646631, 3.75427710472, 29.2035854357, 116.637802779, 0.00474833973737, 0.0
0.122967838599, 0.833738330943, 2.07181261764, 0.647735350509, 34.4826777608, 1.24639274774, 0.0413432295139, 3.46261540293, 3.84770132007, 115.470365411, 0.00591773542882, 0.0
0.150034840432, 0.829385651957, 2.0706346671, 0.408297590409, 14.5505094811, 1.34184663081, 0.561834411048, 2.96768202942, 10.7827265445, 93.7810111739, 0.00770739854813, 0.230769230769
0.1441047403, 0.834071797661, 2.2847021109, 0.520081250747, 33.926822715, 1.1724229971, 0.0170221007271, 2.30464410623, 3.79686217919, 99.1989903691, 0.0075459469542, 0.5
0.145219768324, 0.869467803504, 2.03283435079, 0.649094440741, 87.0668587582, 26.3279082663, 0.528471415899, 0.226957885118, 5.00942225582, 68.6836354289, 0.0827639522691, 0.0
0.229139270378, 0.833260988495, 2.11982240627, 0.476099960954, 61.1057957845, 2.62604684979, 0.500363698486, 2.3226287701, 14.0893445231, 76.3218641957, 0.0177127155131, 0.111111111111
0.120638473047, 0.832136524122, 2.12890369315, 0.419056127797, 40.3443886207, 1.0839215259, 0.0176882600979, 3.21149944184, 8.63968169312, 54.3104598783, 0.0166590236349, 0.5
0.163833287701, 0.827527488487, 2.03139542145, 0.420688145238, 45.6350898874, 1.62336722699, 0.322259345738, 3.34000549969, 6.05857009431, 57.7788777468, 0.0180245153326, 0.384615384615
0.115415541413, 0.833086516791, 2.41613320459, 0.447758414685, 83.7706930668, 5.54691479158, 0.0403013668642, 4.642164349, 8.06041009714, 62.6283482434, 0.0394719723163, 0.222222222222
0.371249383097, 0.827327627184, 2.10071877296, 0.506443801548, 54.4403224608, 3.07155052334, 0.129577474301, 4.92204746813, 3.87016490715, 74.7140475278, 0.038951809358, 0.357142857143
0.120624186574, 0.832152703401, 2.15946452349, 0.455468246578, 40.3443886207, 1.29112880987, 0.017893571119, 3.21149944184, 8.624653967, 74.9967087445, 0.0159951421616, 0.428571428571
0.365531329143, 0.832142413769, 2.09895957151, 0.448336035246, 88.4523743424, 38.8446440465, 0.854244311337, 4.94340905682, 8.20502274353, 58.9415204288, 0.251333076489, 0.333333333333
0.363956714288, 0.833256205707, 2.05233042482, 0.416576100962, 40.9956495605, 30.7886932608, 0.874589024016, 2.17363681109, 10.7483851915, 52.983219012, 0.595817985287, 0.5
0.153467461391, 0.832741181768, 2.34738469029, 0.420313100416, 38.9378948719, 3.43255924361, 0.795025320665, 2.39488409545, 8.14160209593, 81.9657185684, 0.0452883271409, 0.111111111111
0.153420176052, 0.939080074916, 2.07168684296, 0.416292818195, 87.2611399612, 39.2522040204, 0.904269141729, 2.79167215358, 8.00511992275, 63.8203777771, 0.271327273021, 0.3
0.152724966228, 0.834273264351, 2.2744993258, 0.680634943417, 83.1141357935, 39.6636946249, 0.00896276792201, 0.21833760514, 3.87575870716, 70.271562987, 0.172327379885, 0.222222222222
0.150034840432, 0.832142413769, 2.0706346671, 0.408297590409, 14.5505094811, 22.4616882175, 0.869664215372, 2.96768202942, 10.7827265445, 70.6319249774, 0.156358221764, 0.0
0.115544155175, 0.831401114223, 2.12795335083, 0.597267100342, 61.4042579833, 5.45493773914, 0.679634291109, 2.7354469865, 15.8456282835, 72.9237098522, 0.0831014129834, 0.333333333333
0.122967838599, 0.833738330943, 2.07063656433, 0.647735350509, 31.0071549057, 21.3557133304, 0.0465716235961, 3.46261540293, 3.88474738146, 71.4672693501, 0.123807485998, 0.0
0.128294081124, 0.832147999292, 2.42004067683, 0.498236047799, 90.0688602258, 1.1729870924, 0.0085341763388, 2.30019451855, 6.40378450412, 54.3495625293, 0.0182038593608, 0.625
0.115702389286, 0.835176617495, 2.07209619938, 0.693986709269, 34.4823205459, 1.00595010569, 0.0170878696922, 3.42345481226, 4.14587371875, 136.201328674, 0.00286005360847, 0.25
0.144272385305, 0.850538637712, 2.06936654705, 0.475040790966, 36.4405220278, 1.11741734183, 0.230473473405, 2.08753574996, 3.84210698202, 81.1668595859, 0.0158580235231, 0.4
0.150841345104, 0.832147472256, 2.15245672963, 0.496356572002, 55.3850012749, 1.68473754615, 0.880561163736, 2.46561295935, 8.72342916661, 84.9997529714, 0.0154223200241, 0.3125
0.150034840432, 0.822581653882, 2.0723722461, 0.42122601529, 37.9792524754, 2.23347515581, 0.293265536569, 4.77454942889, 9.64697101563, 65.3636936804, 0.0455927522115, 0.48
0.161733003323, 0.832079561909, 2.07642298485, 0.504688789898, 54.3555409582, 1.09781643699, 0.0342764876456, 2.47582470318, 10.841801022, 68.647047365, 0.0343715496076, 0.5625
0.148323167257, 0.868327283678, 2.07605552826, 0.417698252413, 84.7111946979, 1.18077534379, 0.750538389136, 0.871029593199, 4.62256923678, 83.5110843416, 0.0234256955952, 0.125
0.150465283485, 0.832723267222, 2.0723722461, 0.495032980413, 96.116754711, 1.09023532336, 0.202089200793, 2.77118352496, 7.51224447236, 81.4291240945, 0.0167658339542, 0.307692307692
0.206334304709, 0.868199702638, 4.71615216219, 0.659809481125, 82.1387997289, 20.813477158, 0.00900553107682, 4.82436980696, 15.4808925347, 74.9970556103, 0.0828206961744, 0.0
0.152898439453, 0.83005854039, 2.07168766699, 0.422584055518, 37.7662466425, 4.95164994547, 0.6557895987, 2.54191278464, 12.1857450413, 82.4219082604, 0.0430057924273, 0.0
0.115544155175, 0.831401114223, 2.12802462374, 0.419130348408, 94.7477646714, 5.48038016393, 0.678883563224, 2.7354469865, 10.9119221719, 70.0790157002, 0.0352396008323, 0.416666666667
0.108875997261, 1.07594303324, 2.19656834647, 0.448107726571, 38.3948211229, 1.16699966516, 0.0418768852886, 0.948872781933, 4.86757846873, 124.920834749, 0.00622246595443, 0.470588235294
0.128182364196, 0.832147999292, 2.05641770328, 0.498078759973, 54.3956893527, 1.1729870924, 0.0106877025201, 2.39540929512, 7.0064185507, 63.7745850052, 0.0168397066134, 0.571428571429
0.108875997261, 0.830951145589, 2.12024477524, 0.448107726571, 46.705419001, 1.28308813393, 0.0418768852886, 0.837413931082, 3.9435254736, 93.6631800198, 0.0107997439162, 0.318181818182
0.192058725609, 1.05201886543, 2.17839151647, 0.531027599955, 54.5250866737, 5.54729437052, 0.0287215580577, 2.30068651258, 21.5444538657, 78.2139375643, 0.0192640719245, 0.142857142857
0.148323167257, 0.868618019932, 2.07605552826, 0.674872627009, 84.7111946979, 1.17940522695, 0.750538389136, 1.05911885766, 4.60765169652, 77.3009950683, 0.0343815644816, 0.555555555556
0.128201140917, 1.07477272089, 2.29351935843, 0.504917524587, 46.3624732226, 1.17640122701, 0.573224472622, 0.631390376547, 3.84760174693, 132.08478577, 0.00481618372321, 0.5
0.12977987697, 1.06878274498, 4.72052607411, 0.504917524587, 54.4794328325, 1.05667524927, 0.569561469291, 4.75137970153, 16.7716596167, 232.729800556, 0.00268152737037, 0.25
0.108367564825, 0.832718213151, 2.07122906542, 0.448182804186, 38.3720870092, 1.16699966516, 0.0317382834057, 4.58450936855, 4.86757846873, 85.2147055394, 0.015948169462, 0.163265306122
0.130164152992, 0.832147999292, 2.27930881316, 0.448670931843, 89.0647328022, 1.62290762058, 0.0406957172911, 2.33612486282, 17.9824423784, 119.239312344, 0.00674772268211, 0.125
0.128085380635, 0.832147935977, 2.05641770328, 0.507768708374, 54.3956893527, 1.17132230813, 0.0179619110457, 2.39540929512, 7.0064185507, 99.1840334187, 0.00929766651048, 0.222222222222
0.128293170625, 0.833583825212, 2.11163772446, 0.499058721431, 93.9408587375, 1.20757215428, 0.0106585851769, 2.39488409545, 6.40378450412, 100.083378112, 0.00894369551605, 0.0833333333333
0.154170343643, 0.831831438935, 2.11615319584, 0.497547190171, 38.3426497337, 1.17258349524, 0.017893571119, 2.30068651258, 7.70217622614, 87.4956943128, 0.011831535825, 0.2
0.153507488557, 0.832927289105, 2.42004067683, 0.415171663294, 14.8693882466, 1.21917911144, 0.885643297548, 0.759628714017, 8.13879437935, 86.6174163125, 0.0134612218994, 0.0
0.152734224675, 0.833260988495, 2.1224832153, 0.599817624499, 61.1057957845, 2.06407835368, 0.530428114128, 2.26199559901, 15.854475559, 84.4296843151, 0.0214629063998, 0.0
0.195599651658, 0.838895286014, 2.11929823141, 0.646478595837, 45.3775226512, 1.63648934514, 0.399743924418, 4.69637803833, 6.04628826678, 90.9201703686, 0.0110834436735, 0.0
0.153507488557, 0.832147999292, 2.42004067683, 0.448670931843, 89.702100353, 1.21917911144, 0.0408810867122, 2.39488409545, 8.13879437935, 116.608029963, 0.00711005921171, 0.0
0.149274277107, 0.834359370805, 2.07589259338, 0.674812282268, 14.4785468098, 1.0943375861, 0.750049546197, 1.05911885766, 18.4756994891, 132.700163698, 0.0061881263109, 0.0
0.163833287701, 0.838895286014, 2.03139542145, 0.646478595837, 45.6350898874, 1.63648934514, 0.399743924418, 3.34000549969, 6.04628826678, 135.334936251, 0.00498631719483, 0.0
