0.156608219149, 0.861167847041, 2.00430710783, 0.589227193364, 5.0317259297, 44.2508494399, 0.295985086686, 4.44600062291, 1.15738167268, 50.7289369899, -2.22044604925e-16, 0.2
0.110561748445, 0.856157415335, 2.124712132, 0.570966186395, 8.54645569296, 37.9103106129, 0.25432550766, 4.48021743524, 1.15892876827, 60.3892153098, -2.22044604925e-16, 0.0
0.12057538307, 0.85427455476, 2.01234764022, 0.584149454841, 7.71715403793, 39.6566444031, 0.330845271172, 4.45541806057, 1.15977551142, 0.0, 1.0, 0.0
0.102874522407, 0.850831739227, 2.00351807815, 0.671838384683, 7.83293218261, 39.5927365711, 0.721065276727, 4.45808048493, 1.37917350837, 1.83558466963, 0.268145796941, 0.0
0.113903620248, 0.85436473982, 2.0163060698, 0.62414004857, 7.3875493166, 38.3339085651, 0.769390784384, 4.29685449219, 1.16313159172, 51.0586475352, -4.4408920985e-16, 0.666666666667
0.204188264366, 0.861065789688, 2.01129947532, 0.58919268787, 24.566617084, 40.0717007682, 0.331756242508, 4.45936394163, 1.15890170641, 1.85013006923, 0.0, 0.0
0.156608219149, 0.883094956509, 2.00430710783, 0.571366672367, 7.47156142497, 44.2508494399, 0.493882025886, 4.44600062291, 1.15738167268, 0.0, 1.0, 0.0
0.112554705773, 0.85252719705, 2.0101511292, 0.587893666776, 11.669759746, 35.8839996413, 0.657658797998, 4.44935815506, 1.10326025567, 0.0, 1.0, 0.0
0.251712762869, 0.861760907378, 2.00156929608, 0.554855287768, 6.27601325561, 45.2788562507, 0.328672025429, 4.44726147989, 1.15871173549, 0.0, 1.0, 0.0
0.100159809281, 0.887093368033, 2.11300350765, 0.647021977088, 5.33652121104, 40.492794912, 0.371813072226, 4.52410899978, 1.1091934495, 0.0, 1.0, 0.0
0.146916931782, 0.830501366173, 2.00842679131, 0.569392694628, 15.2161921248, 44.6423062105, 0.423600571834, 4.4571795858, 1.10320716858, 0.0, 1.0, 0.0
0.279863168106, 0.854414639454, 2.18182474587, 0.650903034312, 24.566617084, 40.5996024829, 0.0334469890088, 4.80438129345, 1.04778346867, 0.0, 1.0, 0.0
0.120525402149, 0.854402999797, 2.20315566022, 0.649985901501, 24.3238292335, 40.5447702432, 0.40888144796, 2.74371543118, 1.15959535291, 0.0, 1.0, 0.0
0.13872938738, 0.855449862662, 2.20837774473, 0.58605655206, 24.5372122836, 40.5487393781, 0.803833293827, 4.44612078512, 1.15870962014, 0.0, 1.0, 0.0
0.158572427282, 0.883094956509, 2.00430415015, 0.58005256396, 7.47156142497, 44.2508494399, 0.493882025886, 4.44600062291, 1.15738167268, 0.0, 1.0, 0.0
0.203163876322, 0.854414639454, 2.18182474587, 0.650903034312, 24.566617084, 40.5447664, 0.337082278407, 4.42173643246, 1.0491323296, 0.0, 1.0, 0.0
0.146916931782, 0.830720751445, 2.01157895395, 0.563264591768, 7.62097538852, 39.4958693965, 0.40873377684, 4.45676353305, 1.10960954945, 0.0, 1.0, 0.0
0.197657529337, 0.852491487869, 2.20313623058, 0.633206868094, 7.07732075952, 44.3499384588, 0.411381016538, 2.79071574791, 1.1596077309, 0.0, 1.0, 0.0
0.120558016238, 0.833546346634, 2.70430226067, 0.675383382335, 7.73903550457, 44.7589466956, 0.728364538475, 4.44716765761, 1.15872769352, 0.0, 1.0, 0.0
0.12057538307, 0.850905966453, 2.73008151917, 0.584154633057, 7.83760269996, 41.4967977613, 0.666696490509, 4.44871100903, 1.10899957095, 0.0, 1.0, 0.0
0.121393283795, 0.854758863602, 2.01400202436, 0.569420079884, 11.6908125506, 38.4520890937, 0.657658797998, 4.44935815506, 1.10367465628, 0.0, 1.0, 0.0
0.147641135205, 0.829890891253, 2.97608037308, 0.571554900262, 7.60707890727, 44.4228312378, 0.316920588236, 4.30649148603, 1.1075309208, 0.0, 1.0, 0.0
0.204060325631, 0.853859271028, 2.11246584228, 0.673960872267, 5.35929691351, 44.3938922389, 0.676198626534, 4.67412684386, 1.15192001644, 0.0, 1.0, 0.0
0.121731482736, 0.861833375024, 2.0054507834, 0.570925011156, 7.53092330499, 39.6576808369, 0.653684685646, 4.51105904057, 1.15328315735, 0.0, 1.0, 0.0
0.12014225205, 0.833546346634, 2.69742302984, 0.675383382335, 8.52908789479, 44.793242509, 0.665143870993, 4.4429518546, 1.15764532098, 0.0, 1.0, 0.0
0.179010705291, 0.852406614144, 2.12444287041, 0.574872046045, 7.73601501561, 37.9103106129, 0.25432550766, 4.0758641382, 1.10989426025, 0.0, 1.0, 0.0
0.112554705773, 0.85252719705, 2.0101511292, 0.587893666776, 11.6642718336, 40.2534136767, 0.657658797998, 4.44935815506, 1.10326025567, 0.0, 1.0, 0.0
0.120525402149, 0.852425994579, 2.20313623058, 0.632359406066, 7.7359905252, 40.5423285067, 0.411381016538, 2.79071574791, 1.15959529005, 0.0, 1.0, 0.0
0.204060325631, 0.887838567688, 2.11295568112, 0.673960872267, 5.35929691351, 44.3938922389, 0.377086651438, 4.67412684386, 1.15192001644, 0.0, 1.0, 0.0
0.20317122224, 0.85427455476, 2.01234764022, 0.584149454841, 7.71715403793, 39.6566444031, 0.330845271172, 4.45541806057, 1.15891128218, 0.0, 1.0, 0.0
0.11245771994, 0.865836753737, 2.50885219908, 0.587138108063, 24.6226012993, 39.4827737435, 0.805631606877, 4.49281702523, 1.16075381257, 0.0, 1.0, 0.0
0.10739714709, 0.888088943626, 2.11370576861, 0.646690360873, 5.36667643336, 40.492794912, 0.376014534551, 4.52410899978, 1.1091934495, 0.0, 1.0, 0.0
0.146790746698, 0.850964057066, 2.11288355047, 0.585944185315, 15.3337749373, 48.5272733963, 0.417855102844, 4.67400726225, 1.15183741451, 0.0, 1.0, 0.0
0.252055377891, 0.853001353018, 2.1218488725, 0.554441147738, 7.83293218261, 39.5638631235, 0.328787699268, 4.44727287136, 1.15986933085, 0.0, 1.0, 0.0
0.146916931782, 0.828081849166, 2.01157895395, 0.569392694628, 12.5584023344, 44.6365140394, 0.0845007510509, 4.45579442505, 1.10320716858, 0.0, 1.0, 0.0
0.107495295712, 0.85823928945, 2.21229907104, 0.580101957263, 8.54694833416, 36.9289493756, 0.25432550766, 4.30100708843, 1.15892876827, 0.0, 1.0, 0.0
0.155594699868, 0.828776840304, 2.00156321578, 0.571366672367, 7.4722896124, 39.6392623093, 0.493882025886, 4.44600062291, 1.15738167268, 0.0, 1.0, 0.0
0.100280518462, 0.886884004464, 2.00165849242, 0.682604635484, 5.38026122323, 40.5008491536, 0.661883112389, 4.52410899978, 1.11605932285, 0.0, 1.0, 0.0
0.13872938738, 0.850913327035, 2.20837774473, 0.650384227243, 7.83704791407, 40.553628794, 0.411381016538, 4.44612078512, 1.15870962014, 0.0, 1.0, 0.0
0.120582547503, 0.854311711768, 2.01293256558, 0.586998281732, 24.9106885557, 38.3346339109, 0.826723809599, 4.30584341096, 1.04645174981, 0.0, 1.0, 0.0
0.102080996243, 0.888852377716, 2.02272174571, 0.585689271433, 8.55130196146, 41.644118535, 0.666626225472, 4.86350206864, 1.1091934495, 0.0, 1.0, 0.0
0.124772483905, 0.828199345219, 2.00165233716, 0.581035850492, 7.7012658301, 39.5871686545, 0.328425092847, 4.62128855062, 1.04733929986, 0.0, 1.0, 0.0
0.146907512823, 0.857204952226, 2.01157895395, 0.569392694628, 7.62097538852, 39.4668810557, 0.038659696019, 4.45581466141, 1.10321006787, 0.0, 1.0, 0.0
0.107169626711, 0.858389796487, 2.21229907104, 0.580101957263, 8.58299995469, 36.9289493756, 0.256923322134, 4.49826554766, 1.15892876827, 0.0, 1.0, 0.0
0.121428678707, 0.854519890143, 2.0101511292, 0.569420079884, 11.6642718336, 40.2534136767, 0.657658797998, 4.44935815506, 1.10367465628, 0.0, 1.0, 0.0
0.174689741886, 0.855370664655, 2.12875436651, 0.571406845999, 5.48167202571, 42.378099588, 0.778774717478, 4.46972287605, 1.10354628692, 0.0, 1.0, 0.0
0.112454044367, 0.889429322552, 2.1248846393, 0.570966186395, 8.1288636546, 37.9103106129, 0.25432550766, 4.01934200391, 1.10961704309, 0.0, 1.0, 0.0
0.240771104342, 0.861027180449, 2.12216356453, 0.589595142067, 5.00460746258, 38.8258681937, 0.293889113249, 4.46979827999, 1.38143733125, 0.0, 1.0, 0.0
0.121428678707, 0.854519890143, 2.01016942982, 0.672499485411, 11.6642718336, 39.6361233043, 0.617888870374, 4.44938966555, 1.10367465628, 0.0, 1.0, 0.0
0.118041258497, 0.850900996646, 2.00351807815, 0.585739557811, 7.83293218261, 39.5927365711, 0.664486768451, 4.44632448502, 1.15986933085, 0.0, 1.0, 0.0
0.11245771994, 0.850809193822, 2.00204767939, 0.588337226585, 7.81965623161, 41.4919046476, 0.704318361553, 2.68840646491, 1.16044219679, 0.0, 1.0, 0.0
0.140123264558, 0.874612936723, 2.00113433576, 0.585007059499, 13.2222762373, 39.6437082204, 0.029635366617, 4.46067746722, 1.15977551142, 0.0, 1.0, 0.0
0.100159809281, 0.852606612885, 2.11800187201, 0.648036779888, 9.56326672637, 40.492794912, 0.679040346518, 4.52410899978, 1.1091934495, 0.0, 1.0, 0.0
0.147519446277, 0.830501366173, 2.00343306107, 0.569392694628, 7.69331287024, 44.6423062105, 0.499643495078, 4.45444431448, 1.10361750531, 0.0, 1.0, 0.0
0.120582547503, 0.837940358077, 2.01270101235, 0.654364325704, 7.72543015352, 41.2218090545, 0.320272084683, 4.44940969317, 1.05439532712, 0.0, 1.0, 0.0
0.209907422686, 0.854763860996, 2.00005781917, 0.584116592508, 24.636540844, 38.9616112071, 0.035470061663, 4.79945844679, 1.01260008102, 0.0, 1.0, 0.0
0.1076027311, 0.827870517213, 2.01071989754, 0.580101957263, 8.54694833416, 44.4692717377, 0.254004092519, 4.3050026429, 1.15892876827, 0.0, 1.0, 0.0
0.149716411124, 0.850831739227, 2.00351807815, 0.671838384683, 7.81884497326, 41.5039053625, 0.704559896781, 4.45803810859, 1.37917350837, 0.0, 1.0, 0.0
0.119179990929, 0.87317652475, 2.00214493187, 0.569057751361, 13.0037802716, 43.947012321, 0.656864839059, 4.46071718416, 1.01732458425, 0.0, 1.0, 0.0
0.205130847849, 0.8497872349, 2.31831495428, 0.632377954829, 15.3165607177, 44.5980629851, 0.254253157551, 4.45507664313, 1.15977551142, 0.0, 1.0, 0.0
0.120582547503, 0.8379167017, 2.01270101235, 0.654364325704, 7.72543015352, 39.5793620665, 0.664720742541, 4.44940969317, 1.05439532712, 0.0, 1.0, 0.0
0.120582547503, 0.854292825291, 2.00870637175, 0.58059577949, 7.72550780048, 38.3346339109, 0.320272084683, 4.3047377063, 1.04645174981, 0.0, 1.0, 0.0
0.11114178009, 0.854338337851, 2.22564605851, 0.584186964838, 7.65346855229, 39.6566444031, 0.331767272362, 4.45541806057, 1.15977551142, 0.0, 1.0, 0.0
0.121393283795, 0.854758863602, 2.01400202436, 0.58408037787, 12.49414544, 38.4520890937, 0.657658797998, 4.44935815506, 1.1599375346, 0.0, 1.0, 0.0
0.119179990929, 0.87317652475, 2.00214493187, 0.683510651083, 13.2233219377, 39.6600706589, 0.656864839059, 4.46071718416, 1.01732458425, 0.0, 1.0, 0.0
0.120582547503, 0.852469282004, 2.20265497326, 0.569428290943, 7.73295882946, 38.3214153616, 0.727703042545, 2.79967336949, 1.15884176971, 0.0, 1.0, 0.0
0.121775579247, 0.85532814929, 2.70386003188, 0.675383382335, 7.76783614318, 41.6414196555, 0.327883436404, 4.62070790173, 1.15189338457, 0.0, 1.0, 0.0
0.238968320393, 0.854414639454, 2.84372863609, 0.650910221389, 24.566617084, 40.0873019449, 0.605727738864, 4.46095263717, 1.04840808031, 0.0, 1.0, 0.0
0.146702850563, 0.85480054661, 2.97614688725, 0.584116592508, 15.7722713954, 38.9803721968, 0.035470061663, 4.45772285734, 1.15977551142, 0.0, 1.0, 0.0
0.100159809281, 0.857363087031, 2.11800187201, 0.648036779888, 9.56326672637, 40.492794912, 0.673981043071, 4.52410899978, 1.1091934495, 0.0, 1.0, 0.0
0.147592858485, 0.854763357648, 2.98151750541, 0.584114235537, 24.636540844, 38.9451086162, 0.0283999807095, 4.78296503514, 1.15974920016, 0.0, 1.0, 0.0
0.203788634301, 0.85257142112, 2.12079242655, 0.579784832595, 8.56672150069, 44.3938922389, 0.377863924939, 4.53944832654, 1.15890108665, 0.0, 1.0, 0.0
0.11245771994, 0.852524531665, 2.12890633043, 0.587508702717, 7.6482195355, 36.9252186772, 0.810274603056, 2.68840646491, 1.16430035981, 0.0, 1.0, 0.0
0.118019922843, 0.850900996646, 2.12345569586, 0.585739557811, 1.38409935991, 43.7760385965, 0.664486858188, 4.44632448502, 1.15984592887, 0.0, 1.0, 0.0
0.161542723481, 0.854402999797, 2.97657786887, 0.650139061617, 24.3238292335, 40.5447702432, 0.40888144796, 2.74371543118, 1.15959535291, 0.0, 1.0, 0.0
0.204639943261, 0.8497872349, 2.31831495428, 0.632190459488, 15.3165607177, 44.8464588963, 0.500548445364, 4.45507664313, 1.15977551142, 0.0, 1.0, 0.0
0.174689741886, 0.855370664655, 2.12875436651, 0.571064992407, 7.87414413869, 44.5204883863, 0.778774717478, 4.44610204936, 1.10354628692, 0.0, 1.0, 0.0
0.20701978952, 0.852535317561, 2.00551537982, 0.675383382335, 16.2631517905, 39.6600706589, 0.656864839059, 4.44938981693, 1.10314487843, 0.0, 1.0, 0.0
0.146702850563, 0.854763357648, 2.98151750541, 0.584116592508, 24.636540844, 38.9852391906, 0.035470061663, 4.79945844679, 1.15977732111, 0.0, 1.0, 0.0
0.204060325631, 0.85257142112, 2.11295568112, 0.553384815258, 5.35929691351, 44.3938922389, 0.377086651438, 4.53944832654, 1.15890123455, 0.0, 1.0, 0.0
0.172152478984, 0.830123604252, 2.11013286947, 0.649966472777, 7.73701179993, 40.5439697518, 0.337002003693, 4.4278248939, 1.15831647019, 0.0, 1.0, 0.0
0.12057538307, 0.850906746349, 2.73008151917, 0.585745999894, 7.83219735022, 41.4967977613, 0.666696490509, 4.44871100903, 1.10899957095, 0.0, 1.0, 0.0
0.110561748445, 0.889088029473, 2.12444287041, 0.570966186395, 8.14674483414, 37.9103106129, 0.25432550766, 4.01580212473, 1.10961704309, 0.0, 1.0, 0.0
0.112454044367, 0.889429322552, 2.1248846393, 0.570966186395, 19.4639681258, 40.1241324203, 0.25432550766, 3.68296569506, 1.10961704309, 0.0, 1.0, 0.0
0.205206026688, 0.859174612832, 2.31837781236, 0.606205952806, 7.68071079411, 38.6445903974, 0.719644236266, 4.45442164585, 1.16075381257, 0.0, 1.0, 0.0
0.146916931782, 0.830110362261, 2.43354564295, 0.553098723912, 7.66394212772, 39.6781693633, 0.324284547511, 4.45579442505, 1.10320716858, 0.0, 1.0, 0.0
0.12057538307, 0.850906746349, 2.73008151917, 0.585404667354, 7.83219735022, 41.4967977613, 0.498738418991, 4.45446512505, 1.10899957095, 0.0, 1.0, 0.0
0.100498362915, 0.85480054661, 2.09239382673, 0.647918875064, 15.7722713954, 40.517743628, 0.035470061663, 4.45772285734, 1.06876029767, 0.0, 1.0, 0.0
0.20297619118, 0.844821582115, 2.00430710783, 0.571366672367, 7.47156142497, 44.2508494399, 0.493882025886, 4.44600062291, 1.15738167268, 0.0, 1.0, 0.0
0.121731482736, 0.861506562078, 2.00145552699, 0.570925011156, 7.53092330499, 39.5927365711, 0.328425092847, 2.82685589401, 1.15200441619, 0.0, 1.0, 0.0
0.100627764816, 0.855490196757, 2.20837774473, 0.586761597899, 24.5372122836, 40.5438505594, 0.804517937515, 4.42797209232, 1.15870962014, 0.0, 1.0, 0.0
0.110561748445, 0.8583551681, 2.00088857825, 0.570966186395, 8.54645569296, 37.9103106129, 0.25432550766, 4.48021743524, 1.15191375323, 0.0, 1.0, 0.0
