0.204897528341, 0.413671820581, 0.329895180457, 0.424796575362, 0.416620305267, 0.514551352891, 0.588771190296, 0.522513271128, 0.632822304111, 0.498412424279, 0.63345433876, 0.61049652751, 0.513553552524, 0.524089348247, 1.06397891044, 1.09939456253e-37, 1.14987327784e-48, 7.73831961123e-39, 2.38081064036e-69
0.204897528341, 0.39327655338, 0.329895180457, 0.424796575362, 0.416620305267, 0.514551352891, 0.815582989963, 0.522513271128, 0.632822304111, 0.498412424279, 0.63345433876, 0.61049652751, 0.513553552524, 0.524089348247, 1.15569120977, 1.19415960177e-37, 1.24898945506e-48, 5.35509524834e-41, 2.58603051451e-69
0.424889001092, 0.339400419625, 0.230622710766, 0.497390525744, 0.529714316923, 0.294213583094, 0.499416255753, 0.451429141332, 0.279104782828, 0.345645098916, 0.628978969623, 0.517109103355, 0.568646701913, 0.462901938611, 1.14122752341, 8.37997985716e-31, 3.49703011421e-64, 2.11217358633e-47, 1.20514970657e-37
0.202079148685, 0.223340752452, 0.368511725858, 0.246983025427, 0.66371491188, 0.297262926814, 0.446596997513, 0.564227487107, 0.341448684065, 0.754407827131, 0.550407649457, 0.46734165789, 0.509485210376, 0.544248543376, 1.17039920752, 3.39753953467e-61, 8.12054244652e-44, 1.44961072569e-65, 6.55547641101e-70
0.156223528768, 0.495329656266, 0.323889516766, 0.52462801662, 0.618296820983, 0.640176769602, 0.233961833064, 0.298689035249, 0.552032216391, 0.641862396067, 0.624102698464, 0.682121192526, 0.657640820379, 0.504326006418, 1.24121731746, 1.88415074326e-28, 2.13627352944e-49, 6.01728771351e-31, 4.61968159259e-81
0.204897528341, 0.413671820581, 0.329895180457, 0.206726649741, 0.416620305267, 0.514551352891, 0.588771190296, 0.522513271128, 0.290052368301, 0.498412424279, 0.63345433876, 0.61049652751, 0.513553552524, 0.524089348247, 1.09041515403, 5.93414832097e-69, 1.17844370322e-48, 7.93059043557e-39, 2.43996565688e-69
0.478961926231, 0.125027945594, 0.21333697129, 0.229405921905, 0.678924559065, 0.616339326666, 0.483463897783, 0.528137700289, 0.383423353289, 0.620398971164, 0.743304029138, 0.75336712198, 0.58215858439, 0.394336405723, 1.21600661368, 2.19542333885e-64, 1.54052351934e-67, 9.58882347333e-91, 2.04717508523e-32
0.22104485971, 0.798926590929, 0.180640530506, 0.534669641466, 0.684897963993, 0.542960588833, 0.655648135164, 0.466657406636, 0.619625246854, 0.380269053838, 0.399999017548, 0.706997891397, 0.469611531244, 0.542792969003, 1.14561965971, 1.15801155125e-27, 8.64331492177e-75, 3.20514698746e-10, 5.04896476989e-66
0.17460792529, 0.738505339602, 0.354538563278, 0.176995983366, 0.439074588241, 0.718024131831, 0.703009036202, 0.429188197633, 0.500045733214, 0.206116642511, 0.652230001595, 0.533845607897, 0.605229640422, 0.789087632778, 1.3028052731, 1.28038468854e-75, 1.893858071e-45, 1.40075879455e-13, 3.29150552461e-76
0.224088990305, 0.274075037251, 0.126658935855, 0.817001129336, 0.202766816254, 0.309793111796, 0.559979350593, 0.494196372522, 0.0748776637623, 0.428513701077, 0.779549450529, 0.713884877207, 0.257506772398, 0.382034286386, 1.51061023314, 3.95856686388e-09, 4.35367284288e-90, 1.45284900434e-56, 2.61411252019e-65
0.260634760283, 0.0376604710049, 0.326688987942, 0.493999984422, 0.607291180685, 0.328488811286, 0.52203507916, 0.596502814497, 0.254014964654, 0.359473866116, 0.499124040307, 0.76109041226, 0.705697378505, 0.591858726181, 1.24990046292, 4.63114979818e-31, 5.08680225274e-49, 7.61324897401e-143, 7.87460756158e-59
0.201734092725, 0.18832157578, 0.529790469105, 0.323197041308, 0.457832176026, 0.473118146771, 0.520563935755, 0.262764147632, 0.587905188821, 0.790409883752, 0.630901265975, 0.470373573408, 0.293539595395, 0.706891582396, 1.25471259944, 1.74341900259e-49, 5.07082060484e-28, 6.0907683641e-73, 5.92371399407e-70
0.424889001092, 0.339400419625, 0.230622710766, 0.497390525744, 0.529714316923, 0.294213583094, 0.499416255753, 0.451429141332, 0.279104782828, 0.345645098916, 0.628978969623, 0.517109103355, 0.568646701913, 0.462901938611, 1.14122752341, 8.37997985716e-31, 3.49703011421e-64, 2.11217358633e-47, 1.20514970657e-37
0.251577351173, 0.225395522985, 0.0163940128637, 0.238242710368, 0.202715740649, 0.279598525427, 0.283505976568, 0.406426368029, 0.360193486979, 0.400764288229, 0.586515125276, 0.734863530105, 0.605229640422, 0.789087632778, 1.37926469653, 1.0907610363e-62, 6.37227704931e-179, 4.26870399755e-65, 2.52884094687e-60
0.258556795147, 0.0179257967127, 0.283823410376, 0.596636507643, 0.681022743728, 0.433930333921, 0.56521669268, 0.471001176179, 0.316293950158, 0.471359578584, 0.661796133748, 0.728561415373, 0.699370735542, 0.50494936622, 1.19498826571, 6.98981867781e-23, 3.78708395931e-55, 4.18148186903e-175, 3.38126427229e-59
0.0818809338225, 0.211213844614, 0.333648563369, 0.238231314686, 0.68691340097, 0.348860288032, 0.390236351581, 0.451429141332, 0.279104782828, 0.223749266595, 0.790431427293, 0.539697275992, 0.50425384841, 0.349558257725, 1.30587328422, 1.0277929998e-62, 4.37468547045e-48, 6.08497923693e-68, 4.26873911077e-109
0.229976453628, 0.228096075944, 0.240680086849, 0.766843711635, 0.679566538234, 0.411718033558, 0.741899677256, 0.550425825289, 0.286155869196, 0.455760358222, 0.796068646221, 0.372443157388, 0.415135276774, 0.363309415536, 1.27859625165, 5.93662150636e-12, 2.79813882471e-62, 1.30207109658e-64, 2.95931070658e-64
0.335239659407, 0.271552756309, 0.202411462936, 0.230845200638, 0.440189548618, 0.443803028537, 0.204792068803, 0.367948161712, 0.490837263519, 0.681625372187, 0.709804744256, 0.528340672332, 0.267679875294, 0.630916149186, 1.26032543478, 4.25292340251e-64, 8.3198013019e-70, 4.80866042782e-57, 6.79425203896e-48
0.139194226532, 0.516717565872, 0.283823410376, 0.566559553385, 0.681022743728, 0.358279058063, 0.426237359144, 0.471001176179, 0.316293950158, 0.471359578584, 0.544235000365, 0.665446950277, 0.699370735542, 0.50494936622, 1.16280671962, 3.85641813141e-25, 3.68509616539e-55, 3.86322478316e-29, 4.20484138003e-86
0.201734092725, 0.360450372142, 0.256699799663, 0.323197041308, 0.457832176026, 0.473118146771, 0.520563935755, 0.262764147632, 0.587905188821, 0.790409883752, 0.630901265975, 0.470373573408, 0.360291164683, 0.706891582396, 1.23160525944, 1.71131143016e-49, 1.69490119273e-59, 9.35705615874e-45, 5.81462026742e-70
0.0670721317465, 0.714571019673, 0.599304639587, 0.518177208208, 0.493716276145, 0.491354588663, 0.660389495105, 0.396748821077, 0.531134199579, 0.222499508897, 0.7037330768, 0.69661569397, 0.416976966725, 0.794950572846, 1.28852924753, 5.67603206274e-29, 1.17754670864e-22, 5.13752613596e-15, 9.12904036584e-118
0.295141782194, 0.413671820581, 0.469333562177, 0.0940453982244, 0.192638954671, 0.514551352891, 0.342383784001, 0.56545672319, 0.632822304111, 0.498412424279, 0.517816855173, 0.652428901384, 0.636534618801, 0.656350245879, 1.2080934049, 4.09237446558e-103, 2.66920282003e-33, 8.78646446426e-39, 1.91112868629e-53
0.117365771963, 0.642541496855, 0.322592263837, 0.385318814868, 0.705735706162, 0.610907977306, 0.688328166685, 0.488740932266, 0.763394465708, 0.57097823707, 0.633540343068, 0.463183107547, 0.70737128889, 0.546273989781, 1.22896922028, 7.37364912577e-42, 1.4159754015e-49, 1.19063583849e-19, 1.73702811462e-93
0.17460792529, 0.994308638732, 0.386216504297, 0.314641123651, 0.468445712871, 0.610606839905, 0.336055095566, 0.489912447914, 0.291375583926, 0.38612463278, 0.617257600229, 0.766212784947, 0.673833782544, 0.978176617778, 0.909102163212, 8.63537107394e-51, 6.883596972e-42, 1.11699701219, 3.63860627002e-76
0.854174168883, 0.274075037251, 0.40368328469, 0.121681608391, 0.202941851189, 0.596392799157, 0.362043987823, 0.537040838836, 0.578217089696, 0.43900971494, 0.616842861601, 0.514594798959, 0.492517789394, 0.519729015464, 1.14208720852, 5.97466149218e-92, 7.20934551419e-40, 1.09841720079e-56, 2.56131222066e-07
0.251577351173, 0.0589861038942, 0.0163940128637, 0.497390525744, 0.202715740649, 0.294213583094, 0.499416255753, 0.451429141332, 0.279104782828, 0.345645098916, 0.628978969623, 0.517109103355, 0.568646701913, 0.462901938611, 1.22872251363, 9.02245144207e-31, 5.67676407095e-179, 2.29374341718e-123, 2.25282631581e-60
0.522389624345, 0.69680069308, 0.226849560837, 0.233637728271, 0.434523820904, 0.399685979413, 0.573996733425, 0.273549745801, 0.446648583899, 0.390169359204, 0.432886053772, 0.672651478743, 0.433257958751, 0.364315912048, 1.14319189688, 1.28391565983e-63, 6.73028257442e-65, 3.67363845071e-16, 1.13160083176e-28
0.206410489842, 0.206883845775, 0.6101751594, 0.222768738019, 0.661244575767, 0.229457659219, 0.776295896565, 0.152263574685, 0.598769049707, 0.513145681642, 0.659855242074, 0.726482917586, 0.515061543711, 0.796258200719, 1.47122513141, 1.41001414879e-65, 8.11430521488e-22, 8.63887291807e-69, 6.87029619555e-69
0.208506962823, 0.403278111343, 0.352204522826, 0.348677997463, 0.517041588354, 0.511499861846, 0.569907587512, 0.392794121866, 0.614509246358, 0.600295166766, 0.710150028406, 0.726482917586, 0.699856278658, 0.544248543376, 1.17733233374, 3.23201416418e-46, 8.84121218173e-46, 6.72177545476e-40, 1.51034156522e-68
0.522389624345, 0.69680069308, 0.226849560837, 0.418093176032, 0.434523820904, 0.399685979413, 0.573996733425, 0.273549745801, 0.501934718274, 0.474274997556, 0.432886053772, 0.672651478743, 0.433978077094, 0.582399308908, 1.11723214113, 2.35272528048e-38, 6.57745041015e-65, 3.59021697338e-16, 1.10590428747e-28
0.204897528341, 0.413671820581, 0.329895180457, 0.424796575362, 0.416620305267, 0.514551352891, 0.588771190296, 0.522513271128, 0.632822304111, 0.498412424279, 0.63345433876, 0.61049652751, 0.513553552524, 0.524089348247, 1.06397891044, 1.09939456253e-37, 1.14987327784e-48, 7.73831961123e-39, 2.38081064036e-69
0.204897528341, 0.39327655338, 0.329895180457, 0.527071583241, 0.494446101248, 0.514551352891, 0.815582989963, 0.522513271128, 0.632822304111, 0.498412424279, 0.63345433876, 0.61049652751, 0.513553552524, 0.524089348247, 1.14876988207, 2.77532040692e-28, 1.2415093728e-48, 5.32302407848e-41, 2.57054301708e-69
0.208506962823, 0.0275510322167, 0.406885796759, 0.13911027439, 0.517041588354, 0.511499861846, 0.499416255753, 0.392794121866, 0.614509246358, 0.600295166766, 0.710150028406, 0.517109103355, 0.699856278658, 0.968318439956, 1.33880804078, 4.55783830224e-86, 1.8624782112e-39, 2.17082917603e-156, 1.71749078309e-68
0.295141782194, 0.512117637202, 0.469333562177, 0.0278941810872, 0.494446101248, 0.322283886911, 0.342383784001, 0.56545672319, 0.632822304111, 0.250811714999, 0.517816855173, 0.652428901384, 0.636534618801, 0.656350245879, 1.20711699447, 6.74886654004e-156, 2.66704550549e-33, 1.63999509692e-29, 1.90958406567e-53
0.204897528341, 0.413671820581, 0.329895180457, 0.206726649741, 0.416620305267, 0.514551352891, 0.588771190296, 0.522513271128, 0.290052368301, 0.498412424279, 0.63345433876, 0.61049652751, 0.513553552524, 0.524089348247, 1.09041515403, 5.93414832097e-69, 1.17844370322e-48, 7.93059043557e-39, 2.43996565688e-69
0.0361838158854, 0.506958011362, 0.23964100271, 0.252902651807, 0.400894429104, 0.321705936542, 0.725491159111, 0.455545742122, 0.549444872035, 0.20181655247, 0.552443065757, 0.684922467919, 0.782533929322, 0.573561239767, 1.30797456638, 4.05562220132e-60, 1.85708587455e-62, 6.45532672309e-30, 1.45933724931e-144
0.191811132165, 0.470129755296, 0.0291357940503, 0.206726649741, 0.449199076783, 0.322283886911, 0.706228582398, 0.56545672319, 0.290052368301, 0.613198858375, 0.626982128214, 0.652428901384, 0.636534618801, 0.656350245879, 1.22031668343, 6.64108543547e-69, 5.3122473169e-154, 3.19423124714e-33, 3.71512390105e-72
0.623557784986, 0.0204617004661, 0.218446440302, 0.0883896464795, 0.670342039746, 0.495701254726, 0.488611098415, 0.27823953856, 0.451367000304, 0.330118187932, 0.459621057032, 0.552469284188, 0.688508899741, 0.52191453777, 1.14996663485, 7.88759872471e-106, 1.55346803645e-66, 2.24376516624e-169, 5.55233528842e-21
0.367622407676, 0.73498754922, 0.208976465375, 0.658954985265, 0.354701953789, 0.3116804984, 0.507454298283, 0.472665168772, 0.36695015754, 0.359165429005, 0.441153480358, 0.528611830059, 0.291994216063, 0.54846897753, 1.14481235107, 1.38174842509e-18, 1.83904395156e-68, 7.63576225272e-14, 6.23809075756e-44
0.0818809338225, 0.339697105813, 0.333648563369, 0.238231314686, 0.68691340097, 0.348860288032, 0.390236351581, 0.451429141332, 0.316293950158, 0.223749266595, 0.790431427293, 0.539697275992, 0.50425384841, 0.349558257725, 1.2908265, 1.0159503657e-62, 4.32427862845e-48, 2.60718845013e-47, 4.21955302428e-109
0.217955356408, 0.228096075944, 0.322241944256, 0.326081090399, 0.650925262965, 0.226047265225, 0.471367920321, 0.663085908383, 0.611981770121, 0.40786456175, 0.532255656767, 0.372443157388, 0.540899624667, 0.466927179518, 1.16635196746, 3.94013372882e-49, 1.20547004865e-49, 1.18776602333e-64, 1.25806813188e-66
0.854174168883, 0.400119638518, 0.0844316285109, 0.429469962264, 0.490362863828, 0.65565962351, 0.520563935755, 0.537040838836, 0.578217089696, 0.43900971494, 0.5604472818, 0.514594798959, 0.680878369494, 0.519729015464, 1.07292852061, 3.31108304125e-37, 7.53715187049e-108, 2.79047055737e-40, 2.40621286292e-07
0.229976453628, 0.579256969673, 0.240680086849, 0.0412051187547, 0.690310665984, 0.411718033558, 0.241479961961, 0.550425825289, 0.627313427938, 0.455760358222, 0.615704741006, 0.452853695311, 0.415135276774, 0.363309415536, 1.17304978221, 5.7617357095e-139, 2.56715607816e-62, 3.56913616354e-24, 2.71502342931e-64
0.236987543671, 0.446691054084, 0.290711837132, 0.234749102782, 0.12443202282, 0.387967875152, 0.410045243517, 0.56545672319, 0.33311124677, 0.345645098916, 0.563806065419, 0.809631374272, 0.441522319772, 0.640068647692, 1.34063790182, 2.42005633549e-63, 4.67415309335e-54, 2.10938989618e-35, 6.25148698294e-63
0.17460792529, 0.994308638732, 0.386216504297, 0.314641123651, 0.468445712871, 0.610606839905, 0.336055095566, 0.489912447914, 0.291375583926, 0.38612463278, 0.617257600229, 0.766212784947, 0.673833782544, 0.978176617778, 0.909102163212, 8.63537107394e-51, 6.883596972e-42, 1.11699701219, 3.63860627002e-76
0.206410489842, 0.206883845775, 0.21333697129, 0.222768738019, 0.661244575767, 0.889053586747, 0.776295896565, 0.152263574685, 0.598769049707, 0.513145681642, 0.659855242074, 0.726482917586, 0.515061543711, 0.796258200719, 1.54939466662, 1.48493140536e-65, 1.96288317664e-67, 9.09787587165e-69, 7.23533064803e-69
0.208506962823, 0.403278111343, 0.352204522826, 0.348677997463, 0.517041588354, 0.511499861846, 0.569907587512, 0.392794121866, 0.614509246358, 0.600295166766, 0.710150028406, 0.726482917586, 0.699856278658, 0.544248543376, 1.17733233374, 3.23201416418e-46, 8.84121218173e-46, 6.72177545476e-40, 1.51034156522e-68
0.329685723822, 0.994308638732, 0.145174145678, 0.314641123651, 0.654815583717, 0.610606839905, 0.416126233779, 0.489912447914, 0.291375583926, 0.38612463278, 0.5604472818, 0.766212784947, 0.673833782544, 0.978176617778, 0.904704709844, 8.59360058527e-51, 2.19560709475e-84, 1.11159394258, 1.45361091824e-48
0.203599094357, 0.737622102665, 0.23964100271, 0.149237063558, 0.517041588354, 0.231905235338, 0.938468816516, 0.326556410256, 0.465440067496, 0.474274997556, 0.456533300885, 0.597245907402, 0.296804613003, 0.645100005757, 1.37004746254, 5.25442262947e-83, 1.94521809182e-62, 1.30691597488e-13, 1.6234528323e-69
0.206410489842, 0.400119638518, 0.126658935855, 0.368975201987, 0.202766816254, 0.309793111796, 0.559979350593, 0.494196372522, 0.598769049707, 0.428513701077, 0.779549450529, 0.713884877207, 0.257506772398, 0.382034286386, 1.33963655755, 1.0539615893e-43, 3.86091605365e-90, 3.48412433785e-40, 6.25580663914e-69
0.204897528341, 0.413671820581, 0.1740199386, 0.424796575362, 0.416620305267, 0.514551352891, 0.0549231656268, 0.522513271128, 0.632822304111, 0.498412424279, 0.63345433876, 0.565533257533, 0.513553552524, 0.524089348247, 1.24627709996, 1.28776073817e-37, 2.24716830524e-76, 9.06417451418e-39, 2.78872988112e-69
0.0643199636333, 0.274075037251, 0.230010845403, 0.775450264588, 0.202766816254, 0.309793111796, 0.559979350593, 0.494196372522, 0.0748776637623, 0.498412424279, 0.63345433876, 0.713884877207, 0.257506772398, 0.382034286386, 1.44516462785, 2.04848151748e-11, 3.39522548978e-64, 1.38990584376e-56, 1.55101578975e-119
0.156223528768, 0.315475587581, 0.323889516766, 0.52462801662, 0.0752231328414, 0.640176769602, 0.233961833064, 0.298689035249, 0.552032216391, 0.641862396067, 0.624102698464, 0.682121192526, 0.657640820379, 0.5839401185, 1.41468579564, 2.14747349706e-28, 2.43483214034e-49, 1.75128029417e-50, 5.265313203e-81
0.238723998292, 0.709612183385, 0.256417133291, 0.622050616189, 0.482945356023, 0.445913724034, 0.438942491912, 0.397681789943, 0.531134199579, 0.480722051663, 0.462040876889, 0.788036601026, 0.713077240203, 0.504326006418, 1.14858080239, 4.35365381151e-21, 1.41574645375e-59, 2.28237899798e-15, 1.11144863764e-62
0.17460792529, 0.738505339602, 0.354538563278, 0.176995983366, 0.439074588241, 0.718024131831, 0.703009036202, 0.429188197633, 0.500045733214, 0.206116642511, 0.652230001595, 0.533845607897, 0.605229640422, 0.789087632778, 1.3028052731, 1.28038468854e-75, 1.893858071e-45, 1.40075879455e-13, 3.29150552461e-76
0.248900548506, 0.334628543332, 0.279123321627, 0.308907408201, 0.428813965659, 0.610020377626, 0.782426715256, 0.471134569249, 0.589817087603, 0.428513701077, 0.716352663779, 0.617211154481, 0.743225873294, 0.364315912048, 1.24906332474, 1.8859783331e-51, 7.45275424468e-56, 5.61051365512e-48, 7.85759609279e-61
0.251577351173, 0.225395522985, 0.0163940128637, 0.238242710368, 0.202715740649, 0.279598525427, 0.283505976568, 0.406426368029, 0.360193486979, 0.400764288229, 0.586515125276, 0.734863530105, 0.605229640422, 0.789087632778, 1.37926469653, 1.0907610363e-62, 6.37227704931e-179, 4.26870399755e-65, 2.52884094687e-60
0.165013923822, 0.206883845775, 0.354047752288, 0.368975201987, 0.516511610189, 0.229457659219, 0.776295896565, 0.277859881193, 0.36695015754, 0.513145681642, 0.659855242074, 0.611683043529, 0.515061543711, 0.796258200719, 1.34304908802, 1.05664640408e-43, 1.69979254331e-45, 7.88623722254e-69, 1.19198530763e-78
0.224088990305, 0.00403135523113, 0.230010845403, 0.775450264588, 0.202766816254, 0.309793111796, 0.426237359144, 0.494196372522, 0.0748776637623, 0.428513701077, 0.904714868037, 0.713884877207, 0.257506772398, 0.423318529997, 1.5900640052, 2.25387244021e-11, 3.73564764652e-64, 8.7627685769e-240, 2.75160735226e-65
0.360731960308, 0.446691054084, 0.290711837132, 0.234749102782, 0.414355526798, 0.387967875152, 0.410045243517, 0.357518879658, 0.33311124677, 0.498412424279, 0.563806065419, 0.616721943168, 0.441522319772, 0.640068647692, 1.11686736816, 2.01611631787e-63, 3.89397394827e-54, 1.75730429415e-35, 9.17452662186e-45
0.117365771963, 0.642541496855, 0.322592263837, 0.314641123651, 0.705735706162, 0.610907977306, 0.688328166685, 0.488740932266, 0.763394465708, 0.57097823707, 0.617257600229, 0.766212784947, 0.70737128889, 0.546273989781, 1.29439930516, 1.22952279406e-50, 1.4913616595e-49, 1.2540250615e-19, 1.82950715731e-93
0.17460792529, 0.994308638732, 0.386216504297, 0.385318814868, 0.468445712871, 0.610606839905, 0.238390672615, 0.489912447914, 0.291375583926, 0.38612463278, 0.633540343068, 0.463183107547, 0.673833782544, 0.978176617778, 0.894035425592, 5.3640916514e-42, 6.76951369989e-42, 1.09848479037, 3.57830289798e-76
0.203283910702, 0.334628543332, 0.0305150147028, 0.782361074778, 0.697731089571, 0.770401533694, 0.3983823979, 0.471134569249, 0.589817087603, 0.488283286385, 0.640073265861, 0.684724975046, 0.52277489344, 0.412573542219, 1.19348423147, 4.10827991188e-11, 5.30023245246e-152, 5.36086477376e-48, 1.21125966265e-69
0.313360633753, 0.211213844614, 0.218149450079, 0.101448870584, 0.457832176026, 0.511499861846, 0.390236351581, 0.451429141332, 0.462116453908, 0.345645098916, 0.790431427293, 0.539697275992, 0.50425384841, 0.319494114044, 1.16010491535, 7.67960335678e-100, 1.3678214103e-66, 5.40574220168e-68, 7.32927186731e-51
0.0329838226883, 0.0376604710049, 0.226849560837, 0.493999984422, 0.434523820904, 0.496774939808, 0.946920591978, 0.596502814497, 0.254014964654, 0.359473866116, 0.432886053772, 0.76109041226, 0.705697378505, 0.283772578729, 1.45534276609, 5.39235767757e-31, 8.56799990022e-65, 8.86461534291e-143, 1.54590885234e-148
0.367522871386, 0.206883845775, 0.21333697129, 0.0540275977286, 0.687271200943, 0.889053586747, 0.50636694564, 0.867592260339, 0.0575409490103, 0.661549480988, 0.775345840278, 0.726482917586, 0.829572760518, 0.584595530511, 1.78635050251, 5.12450962051e-127, 2.26307565431e-67, 1.04892546006e-68, 9.47378764751e-44
0.295141782194, 0.0275510322167, 0.469333562177, 0.0278941810872, 0.494446101248, 0.322283886911, 0.342383784001, 0.56545672319, 0.632822304111, 0.250811714999, 0.517816855173, 0.769558607366, 0.636534618801, 0.656350245879, 1.2565442673, 7.02520932146e-156, 2.7762518098e-33, 2.03744142054e-156, 1.98777493949e-53
0.189564538234, 0.413671820581, 0.329895180457, 0.206726649741, 0.416620305267, 0.514551352891, 0.588771190296, 0.522513271128, 0.556019096349, 0.20181655247, 0.63345433876, 0.61049652751, 0.513553552524, 0.524089348247, 1.13838613312, 6.19521118674e-69, 1.23028735013e-48, 8.27948341133e-39, 1.06688891695e-72
0.360731960308, 0.446691054084, 0.0291357940503, 0.217145017281, 0.449199076783, 0.495483135807, 0.410045243517, 0.357518879658, 0.33311124677, 0.345645098916, 0.563806065419, 0.616721943168, 0.335881023724, 0.640068647692, 1.14692064561, 8.52393393042e-67, 4.99274180635e-154, 1.80459079838e-35, 9.42139979762e-45
0.191811132165, 0.470129755296, 0.290711837132, 0.206726649741, 0.491674631981, 0.322283886911, 0.706228582398, 0.56545672319, 0.290052368301, 0.613198858375, 0.626982128214, 0.652428901384, 0.636534618801, 0.656350245879, 1.21780526139, 6.62741802552e-69, 4.2458953472e-54, 3.18765749224e-33, 3.70747814466e-72
0.623557784986, 0.0204617004661, 0.218446440302, 0.0883896464795, 0.670342039746, 0.495701254726, 0.488611098415, 0.27823953856, 0.451367000304, 0.330118187932, 0.459621057032, 0.552469284188, 0.688508899741, 0.52191453777, 1.14996663485, 7.88759872471e-106, 1.55346803645e-66, 2.24376516624e-169, 5.55233528842e-21
0.0818809338225, 0.339697105813, 0.333648563369, 0.658954985265, 0.68691340097, 0.348860288032, 0.390236351581, 0.451429141332, 0.36695015754, 0.223749266595, 0.790431427293, 0.539697275992, 0.50425384841, 0.349558257725, 1.27478084783, 1.53861585017e-18, 4.2705255712e-48, 2.57477972672e-47, 4.16710176136e-109
0.248900548506, 0.271552756309, 0.202411462936, 0.230845200638, 0.434523820904, 0.889115274674, 0.782426715256, 0.537040838836, 0.490837263519, 0.681625372187, 0.709804744256, 0.528340672332, 0.267679875294, 0.630916149186, 1.38583933469, 4.67646559847e-64, 9.14835770414e-70, 5.28754763186e-57, 8.71802536012e-61
0.854174168883, 0.994308638732, 0.386216504297, 0.121681608391, 0.202941851189, 0.596392799157, 0.390236351581, 0.537040838836, 0.578217089696, 0.98824470728, 0.616842861601, 0.514594798959, 0.457575323776, 0.714671603574, 0.894592781895, 4.67993074896e-92, 6.77373392543e-42, 1.09916960375, 3.17830766763e-07
0.206410489842, 0.0376604710049, 0.21333697129, 0.222768738019, 0.661244575767, 0.889053586747, 0.776295896565, 0.152263574685, 0.254014964654, 0.513145681642, 0.659855242074, 0.726482917586, 0.515061543711, 0.796258200719, 1.60014797905, 1.53357310342e-65, 2.02718107651e-67, 9.74663608916e-143, 7.47233739967e-69
0.0524238821087, 0.0275510322167, 0.406885796759, 0.348677997463, 0.227080201688, 0.768409795806, 0.600278337237, 0.461848425521, 0.15912738358, 0.600295166766, 0.710150028406, 0.0882808049033, 0.791118336338, 0.782943347855, 1.66277613735, 4.56465508825e-46, 2.3131653169e-39, 2.69613181443e-156, 2.34353525195e-128
0.206410489842, 0.400119638518, 0.126658935855, 0.368975201987, 0.202766816254, 0.309793111796, 0.559979350593, 0.494196372522, 0.598769049707, 0.428513701077, 0.779549450529, 0.713884877207, 0.257506772398, 0.382034286386, 1.33963655755, 1.0539615893e-43, 3.86091605365e-90, 3.48412433785e-40, 6.25580663914e-69
0.0462041137769, 0.00403135523113, 0.230010845403, 0.775450264588, 0.202766816254, 0.193807744487, 0.98483183778, 0.0285076102011, 0.0722964110467, 0.428513701077, 0.915540552254, 0.713884877207, 0.114755174092, 0.382034286386, 2.2082590751, 3.13014712233e-11, 5.18801619923e-64, 1.21696127764e-239, 1.01914121136e-133
0.260634760283, 0.0376604710049, 0.0025465108184, 0.493999984422, 0.607291180685, 0.073642077041, 0.52203507916, 0.596502814497, 0.587905188821, 0.694556870904, 0.429103336022, 0.76109041226, 0.705697378505, 0.591858726181, 1.37261448952, 5.08583163593e-31, 8.47658673168e-260, 8.36071044376e-143, 8.64772896635e-59
0.854174168883, 0.622258627005, 0.40368328469, 0.121681608391, 0.202941851189, 0.596392799157, 0.362043987823, 0.537040838836, 0.578217089696, 0.488283286385, 0.617257600229, 0.514594798959, 0.544912153028, 0.519729015464, 1.14056288355, 5.96668720995e-92, 7.19972331954e-40, 4.47024936818e-21, 2.55789367945e-07
0.208506962823, 0.0275510322167, 0.361430320946, 0.348677997463, 0.517041588354, 0.511499861846, 0.600278337237, 0.392794121866, 0.614509246358, 0.600295166766, 0.710150028406, 0.0882808049033, 0.699856278658, 0.968318439956, 1.51808341913, 4.16744446103e-46, 1.51312167503e-44, 2.46151776619e-156, 1.94747432112e-68
0.295141782194, 0.512117637202, 0.406885796759, 0.0940453982244, 0.494446101248, 0.322283886911, 0.342383784001, 0.56545672319, 0.632822304111, 0.250811714999, 0.517816855173, 0.652428901384, 0.872767412932, 0.656350245879, 1.32743083649, 4.49662587182e-103, 1.8466508525e-39, 1.80345407554e-29, 2.09991308651e-53
0.204897528341, 0.218308842744, 0.329895180457, 0.424796575362, 0.416620305267, 0.514551352891, 0.0550709803355, 0.522513271128, 0.598769049707, 0.498412424279, 0.63345433876, 0.658829029744, 0.513553552524, 0.524089348247, 1.25919115757, 1.3011046537e-37, 1.3608448904e-48, 1.59714478385e-66, 2.81762700064e-69
0.206410489842, 0.166495892172, 0.6101751594, 0.368975201987, 0.516511610189, 0.631910649663, 0.815582989963, 0.277859881193, 0.632822304111, 0.513145681642, 0.20420313801, 0.525356821879, 0.658849856147, 0.583713861146, 1.30480652144, 1.02655899267e-43, 7.19645017971e-22, 2.83151124639e-78, 6.0931580686e-69
0.238723998292, 0.709612183385, 0.256417133291, 0.622050616189, 0.580407364148, 0.445913724034, 0.438942491912, 0.397681789943, 0.531134199579, 0.480722051663, 0.462040876889, 0.788036601026, 0.713077240203, 0.5839401185, 1.16178251488, 4.40369442317e-21, 1.43201895073e-59, 2.30861251265e-15, 1.12422355547e-62
0.248900548506, 0.334628543332, 0.279123321627, 0.308907408201, 0.428813965659, 0.610020377626, 0.782426715256, 0.471134569249, 0.589817087603, 0.369154141495, 0.716352663779, 0.617211154481, 0.743225873294, 0.364315912048, 1.2610736725, 1.90411292659e-51, 7.52441607994e-56, 5.66446145643e-48, 7.93315067815e-61
0.367522871386, 0.783766637128, 0.21333697129, 0.0540275977286, 0.687271200943, 0.889053586747, 0.50636694564, 0.867592260339, 0.0575409490103, 0.145136238731, 0.775345840278, 0.65918908077, 0.829572760518, 0.584595530511, 1.86022720824, 5.33643997166e-127, 2.35666791067e-67, 7.66237047229e-11, 9.86558770088e-44
0.0524238821087, 0.0275510322167, 0.406885796759, 0.348677997463, 0.227080201688, 0.768409795806, 0.600278337237, 0.461848425521, 0.15912738358, 0.600295166766, 0.710150028406, 0.0882808049033, 0.699856278658, 0.968318439956, 1.75723400682, 4.82396094719e-46, 2.44457005785e-39, 2.84929185883e-156, 2.47666522776e-128
0.295141782194, 0.512117637202, 0.469333562177, 0.0940453982244, 0.494446101248, 0.322283886911, 0.342383784001, 0.56545672319, 0.632822304111, 0.250811714999, 0.517816855173, 0.652428901384, 0.636534618801, 0.656350245879, 1.20711699447, 4.08906690915e-103, 2.66704550549e-33, 1.63999509692e-29, 1.90958406567e-53
0.217955356408, 0.228096075944, 0.667640834187, 0.326081090399, 0.650925262965, 0.226047265225, 0.471367920321, 0.663085908383, 0.611981770121, 0.40786456175, 0.532255656767, 0.372443157388, 0.540899624667, 0.466927179518, 1.16635196746, 3.94013372882e-49, 5.21481148284e-18, 1.18776602333e-64, 1.25806813188e-66
0.854174168883, 0.400119638518, 0.0844316285109, 0.429469962264, 0.490362863828, 0.65565962351, 0.520563935755, 0.367948161712, 0.578217089696, 0.43900971494, 0.590925679655, 0.514594798959, 0.680878369494, 0.519729015464, 1.09360779021, 3.37489976115e-37, 7.68242044387e-108, 2.84425316436e-40, 2.45258941415e-07
0.236987543671, 0.446691054084, 0.290711837132, 0.234749102782, 0.12443202282, 0.387967875152, 0.410045243517, 0.56545672319, 0.33311124677, 0.455760358222, 0.563806065419, 0.989104900974, 0.441522319772, 0.640068647692, 1.46212162846, 2.63935303142e-63, 5.09770783239e-54, 2.30053513023e-35, 6.81797397745e-63
