0.623764587782, 0.987880434453, 2.01998957706, 0.458721630067, 12.1831128089, 44.997567389, 2.11556769599, 1.17117984921, 30.6763450266, 222.369185235, 0.522295853464, 0.0
0.623764587782, 0.987880434453, 2.01998957706, 0.458721630067, 12.1831128089, 44.997567389, 2.07978249264, 1.17117984921, 27.8280225312, 209.463918223, 0.481489780579, 0.244444444444
0.623764587782, 0.987880434453, 2.01998957706, 0.458721630067, 12.1831128089, 44.997567389, 2.07978249264, 1.17117984921, 27.8280225312, 209.463918223, 0.481489780579, 0.244444444444
0.623764587782, 0.987880434453, 2.01998957706, 0.458721630067, 12.1831128089, 44.997567389, 2.07978249264, 1.17117984921, 27.8280225312, 209.463918223, 0.481489780579, 0.244444444444
0.623764587782, 0.987880434453, 2.01998957706, 0.458721630067, 12.1831128089, 44.997567389, 2.07978249264, 1.17117984921, 27.8280225312, 209.463918223, 0.481489780579, 0.244444444444
0.623764587782, 0.987880434453, 2.01998957706, 0.458721630067, 12.1831128089, 44.997567389, 2.07978249264, 1.17117984921, 27.8280225312, 209.463918223, 0.481489780579, 0.244444444444
0.623764587782, 0.987880434453, 2.01998957706, 0.458721630067, 12.1831128089, 44.997567389, 2.07978249264, 1.17117984921, 27.8280225312, 209.463918223, 0.481489780579, 0.244444444444
0.623764587782, 0.987880434453, 2.01998957706, 0.458721630067, 12.1831128089, 44.997567389, 2.07978249264, 1.17117984921, 27.8280225312, 209.463918223, 0.481489780579, 0.244444444444
0.623764587782, 0.987880434453, 2.01998957706, 0.458721630067, 12.1831128089, 44.997567389, 2.07978249264, 1.17117984921, 27.8280225312, 209.463918223, 0.481489780579, 0.244444444444
0.623764587782, 0.987880434453, 2.01998957706, 0.458721630067, 12.1831128089, 44.997567389, 2.07978249264, 1.17117984921, 27.8280225312, 209.463918223, 0.481489780579, 0.244444444444
0.623764587782, 0.987880434453, 2.01998957706, 0.458721630067, 12.1831128089, 44.997567389, 2.07978249264, 1.17117984921, 27.8280225312, 209.463918223, 0.481489780579, 0.244444444444
0.623764587782, 0.987880434453, 2.01998957706, 0.458721630067, 12.1831128089, 44.997567389, 2.07978249264, 1.17117984921, 27.8280225312, 209.463918223, 0.481489780579, 0.244444444444
0.623764587782, 0.987880434453, 2.01998957706, 0.458721630067, 12.1831128089, 44.997567389, 2.07978249264, 1.17117984921, 27.8280225312, 209.463918223, 0.481489780579, 0.244444444444
0.623764587782, 0.987880434453, 2.01998957706, 0.458721630067, 12.1831128089, 44.997567389, 2.07978249264, 1.17117984921, 27.8280225312, 209.463918223, 0.481489780579, 0.244444444444
0.623764587782, 0.987880434453, 2.01998957706, 0.458721630067, 12.1831128089, 44.997567389, 2.07978249264, 1.17117984921, 27.8280225312, 209.463918223, 0.481489780579, 0.244444444444
0.623764587782, 0.987880434453, 2.00767714886, 0.458721630067, 12.1831128089, 46.1187029802, 2.07978249264, 0.683045188179, 27.8544113249, 213.462116642, 0.528958160523, 0.0
0.623764587782, 0.987880434453, 2.00767714886, 0.458721630067, 12.1831128089, 46.1187029802, 2.07978249264, 0.683045188179, 27.8544113249, 213.462116642, 0.528958160523, 0.0
0.623764587782, 0.987880434453, 2.00767714886, 0.458721630067, 12.1831128089, 46.1187029802, 2.07978249264, 0.683045188179, 27.8544113249, 213.462116642, 0.528958160523, 0.0
0.623764587782, 0.987880434453, 2.00767714886, 0.458721630067, 12.1831128089, 46.1187029802, 2.07978249264, 0.683045188179, 27.8544113249, 213.462116642, 0.528958160523, 0.0
0.623764587782, 0.987880434453, 2.00767714886, 0.458721630067, 12.1831128089, 46.1187029802, 2.07978249264, 0.683045188179, 27.8544113249, 213.462116642, 0.528958160523, 0.0
0.623764587782, 0.987880434453, 2.00767714886, 0.458721630067, 12.1831128089, 46.1187029802, 2.07978249264, 0.683045188179, 27.8544113249, 213.462116642, 0.528958160523, 0.0
0.623764587782, 0.987880434453, 2.00767714886, 0.458721630067, 12.1831128089, 46.1187029802, 2.07978249264, 0.683045188179, 27.8544113249, 213.462116642, 0.528958160523, 0.0
0.623764587782, 0.987880434453, 2.00767714886, 0.458721630067, 12.1831128089, 46.1187029802, 2.07978249264, 0.683045188179, 27.8544113249, 213.462116642, 0.528958160523, 0.0
0.623764587782, 0.987880434453, 2.00767714886, 0.458721630067, 12.1831128089, 46.1187029802, 2.07978249264, 0.683045188179, 27.8544113249, 213.462116642, 0.528958160523, 0.0
0.623764587782, 0.987880434453, 2.00767714886, 0.458721630067, 12.1831128089, 46.1187029802, 2.07978249264, 0.683045188179, 27.8544113249, 213.462116642, 0.528958160523, 0.0
0.623764587782, 0.987880434453, 2.00767714886, 0.458721630067, 12.1831128089, 46.1187029802, 2.07978249264, 0.683045188179, 27.8544113249, 213.462116642, 0.528958160523, 0.0
0.623764587782, 0.987880434453, 2.00767714886, 0.458721630067, 12.1831128089, 46.1187029802, 2.07978249264, 0.683045188179, 27.8544113249, 213.462116642, 0.528958160523, 0.0
0.623764587782, 0.987880434453, 2.00767714886, 0.458721630067, 12.1831128089, 46.1187029802, 2.07978249264, 0.683045188179, 27.8544113249, 213.462116642, 0.528958160523, 0.0
0.623764587782, 0.987880434453, 2.00767714886, 0.458721630067, 12.1831128089, 46.1187029802, 2.07978249264, 0.683045188179, 27.8544113249, 213.462116642, 0.528958160523, 0.0
0.623764587782, 0.987880434453, 2.00767714886, 0.458721630067, 12.1831128089, 46.1187029802, 2.07978249264, 0.683045188179, 27.8544113249, 213.462116642, 0.528958160523, 0.0
0.623764587782, 0.987880434453, 2.00764949025, 0.46224794348, 12.1831128089, 44.997567389, 2.07978249264, 1.17117984921, 27.8283832633, 199.466356814, 0.616283002151, 0.0
0.623764587782, 0.987880434453, 2.00764949025, 0.46224794348, 12.1831128089, 44.997567389, 2.07978249264, 1.17117984921, 27.8283832633, 199.466356814, 0.616283002151, 0.0
0.623764587782, 0.987880434453, 2.00764949025, 0.46224794348, 12.1831128089, 44.997567389, 2.07978249264, 1.17117984921, 27.8283832633, 199.466356814, 0.616283002151, 0.0
0.623764587782, 0.987880434453, 2.00764949025, 0.46224794348, 12.1831128089, 44.997567389, 2.07978249264, 1.17117984921, 27.8283832633, 199.466356814, 0.616283002151, 0.0
0.623764587782, 0.987880434453, 2.00764949025, 0.46224794348, 12.1831128089, 44.997567389, 2.07978249264, 1.17117984921, 27.8283832633, 199.466356814, 0.616283002151, 0.0
0.623764587782, 0.987880434453, 2.00764949025, 0.46224794348, 12.1831128089, 44.997567389, 2.07978249264, 1.17117984921, 27.8283832633, 199.466356814, 0.616283002151, 0.0
0.623764587782, 0.987880434453, 2.00764949025, 0.46224794348, 12.1831128089, 44.997567389, 2.07978249264, 1.17117984921, 27.8283832633, 199.466356814, 0.616283002151, 0.0
0.623764587782, 0.987880434453, 2.00764949025, 0.46224794348, 12.1831128089, 44.997567389, 2.07978249264, 1.17117984921, 27.8283832633, 199.466356814, 0.616283002151, 0.0
0.623764587782, 0.987880434453, 2.00764949025, 0.46224794348, 12.1831128089, 44.997567389, 2.07978249264, 1.17117984921, 27.8283832633, 199.466356814, 0.616283002151, 0.0
0.623764587782, 0.987880434453, 2.00764949025, 0.46224794348, 12.1831128089, 44.997567389, 2.07978249264, 1.17117984921, 27.8283832633, 199.466356814, 0.616283002151, 0.0
0.623764587782, 0.987880434453, 2.00764949025, 0.46224794348, 12.1831128089, 44.997567389, 2.07978249264, 1.17117984921, 27.8283832633, 199.466356814, 0.616283002151, 0.0
0.623764587782, 0.987880434453, 2.00764949025, 0.46224794348, 12.1831128089, 44.997567389, 2.07978249264, 1.17117984921, 27.8283832633, 199.466356814, 0.616283002151, 0.0
0.623764587782, 0.987880434453, 2.00764949025, 0.46224794348, 12.1831128089, 44.997567389, 2.07978249264, 1.17117984921, 27.8283832633, 199.466356814, 0.616283002151, 0.0
0.623764587782, 0.987880434453, 2.00764949025, 0.46224794348, 12.1831128089, 44.997567389, 2.07978249264, 1.17117984921, 27.8283832633, 199.466356814, 0.616283002151, 0.0
0.623764587782, 0.987880434453, 2.00764949025, 0.46224794348, 12.1831128089, 44.997567389, 2.07978249264, 1.17117984921, 27.8283832633, 199.466356814, 0.616283002151, 0.0
0.623764587782, 0.987880434453, 2.00764949025, 0.46224794348, 12.1831128089, 44.997567389, 2.07978249264, 1.17117984921, 27.8283832633, 199.466356814, 0.616283002151, 0.0
0.623764587782, 0.987880434453, 2.00764949025, 0.46224794348, 12.1831128089, 44.997567389, 2.07978249264, 1.17117984921, 27.8283832633, 199.466356814, 0.616283002151, 0.0
0.623764587782, 0.987880434453, 2.00764949025, 0.46224794348, 12.1831128089, 44.997567389, 2.07978249264, 1.17117984921, 27.8283832633, 199.466356814, 0.616283002151, 0.0
0.623764587782, 0.987880434453, 2.00764949025, 0.46224794348, 12.1831128089, 44.997567389, 2.07978249264, 1.17117984921, 27.8283832633, 199.466356814, 0.616283002151, 0.0
0.623764587782, 0.987880434453, 2.00764949025, 0.46224794348, 12.1831128089, 44.997567389, 2.07978249264, 1.17117984921, 27.8283832633, 199.466356814, 0.616283002151, 0.0
0.623592937948, 0.987880434453, 2.00764949025, 0.448596539856, 12.1831128089, 44.997567389, 2.02133949652, 1.17117567651, 27.8283832633, 201.247905879, 0.467874741493, 0.334615384615
0.623592937948, 0.987880434453, 2.00764949025, 0.448596539856, 12.1831128089, 44.997567389, 2.02133949652, 1.17117567651, 27.8283832633, 201.247905879, 0.467874741493, 0.334615384615
0.623764587782, 0.987880434453, 2.01998957706, 0.458721630067, 12.1831128089, 44.997567389, 2.12578226467, 1.17117984921, 27.8280225312, 229.900499944, 0.533526674829, 0.0
0.623764587782, 0.987880434453, 2.01998957706, 0.458721630067, 12.1831128089, 44.997567389, 2.12578226467, 1.17117984921, 27.8280225312, 229.900499944, 0.533526674829, 0.0
0.623764587782, 0.987880434453, 2.0076299112, 0.46224794348, 12.1831128089, 44.997567389, 2.07978249264, 1.17117984921, 27.7414446542, 230.010317221, 0.530195651325, 0.030303030303
0.623764587782, 0.987880434453, 2.00764949025, 0.462048946355, 12.1831128089, 44.997567389, 2.08183794733, 1.17117984921, 27.8283832633, 220.941425604, 0.466208751766, 0.303846153846
0.623764587782, 0.987880434453, 2.00764949025, 0.462048946355, 12.1831128089, 44.997567389, 2.08183794733, 1.17117984921, 27.8283832633, 220.941425604, 0.466208751766, 0.303846153846
0.623764587782, 0.987880434453, 2.00764949025, 0.462048946355, 12.1831128089, 44.997567389, 2.08183794733, 1.17117984921, 27.8283832633, 220.941425604, 0.466208751766, 0.303846153846
0.623764587782, 0.987880434453, 2.00767714886, 0.458721630067, 12.1831128089, 45.9037602091, 2.07978249264, 0.683045188179, 27.8544113249, 221.506164231, 0.641211814025, 0.0902777777778
0.623764587782, 0.987880434453, 2.00776880667, 0.46224794348, 12.1831128089, 44.997567389, 2.07978249264, 1.17117984921, 27.8283832633, 220.284442188, 0.523827485394, 0.277777777778
0.623764587782, 0.987880434453, 2.00776880667, 0.46224794348, 12.1831128089, 44.997567389, 2.07978249264, 1.17117984921, 27.8283832633, 220.284442188, 0.523827485394, 0.277777777778
0.623764587782, 0.987880434453, 2.00310840447, 0.46224794348, 12.1831128089, 44.997567389, 2.07978249264, 1.17117984921, 27.8283832633, 216.581021351, 0.545823255508, 0.0
0.623764587782, 0.987880434453, 2.00776150595, 0.458721630067, 12.1831128089, 46.1293808121, 2.08001453296, 1.19988130635, 27.8535732126, 217.620879344, 0.59895027463, 0.0
0.623764587782, 0.987880434453, 2.00776150595, 0.458721630067, 12.1831128089, 46.1293808121, 2.08001453296, 1.19988130635, 27.8535732126, 217.620879344, 0.59895027463, 0.0
0.623764587782, 0.987880434453, 2.00776150595, 0.458721630067, 12.1831128089, 46.1293808121, 2.08001453296, 1.19988130635, 27.8535732126, 217.620879344, 0.59895027463, 0.0
0.623764587782, 0.972150287676, 2.01998957706, 0.458721630067, 12.1831128089, 44.997567389, 2.07978249264, 1.11015307978, 27.8280225312, 227.205769068, 0.560500120291, 0.149659863946
0.623764587782, 0.972150287676, 2.01998957706, 0.458721630067, 12.1831128089, 44.997567389, 2.07978249264, 1.11015307978, 27.8280225312, 227.205769068, 0.560500120291, 0.149659863946
0.623592937948, 0.987880434453, 2.00764949025, 0.448596539856, 12.1831128089, 44.997567389, 2.02133949652, 1.17117567651, 27.8283832633, 225.101384516, 0.478239770856, 0.546623794212
0.623592937948, 0.987880434453, 2.00764949025, 0.448596539856, 12.1831128089, 44.997567389, 2.02133949652, 1.17117567651, 27.8283832633, 225.101384516, 0.478239770856, 0.546623794212
0.623592937948, 0.987880434453, 2.00764949025, 0.448596539856, 12.1831128089, 44.997567389, 2.02133949652, 1.17117567651, 27.8283832633, 225.101384516, 0.478239770856, 0.546623794212
0.623592937948, 0.987880434453, 2.00764949025, 0.448596539856, 12.1831128089, 44.997567389, 2.02133949652, 1.17117567651, 27.8283832633, 225.101384516, 0.478239770856, 0.546623794212
0.623592937948, 0.987880434453, 2.00764949025, 0.448596539856, 12.1831128089, 44.997567389, 2.02133949652, 1.17117567651, 27.8283832633, 225.101384516, 0.478239770856, 0.546623794212
0.623592937948, 0.987880434453, 2.00764949025, 0.448596539856, 12.1831128089, 44.997567389, 2.02133949652, 1.17117567651, 27.8283832633, 225.101384516, 0.478239770856, 0.546623794212
0.623764587782, 0.987880434453, 2.01998957706, 0.458721630067, 12.1831128089, 44.997567389, 2.05516625594, 1.17117984921, 27.8280225312, 199.315411303, 0.547523490601, 0.383040935673
0.623764587782, 0.987880434453, 2.01998957706, 0.458721630067, 12.1831128089, 44.997567389, 2.05516625594, 1.17117984921, 27.8280225312, 199.315411303, 0.547523490601, 0.383040935673
0.623764587782, 0.987880434453, 2.01998957706, 0.458721630067, 12.1831128089, 44.997567389, 2.05516625594, 1.17117984921, 27.8280225312, 199.315411303, 0.547523490601, 0.383040935673
0.623764587782, 0.987880434453, 2.01998957706, 0.458721630067, 12.1831128089, 44.997567389, 2.05516625594, 1.17117984921, 27.8280225312, 199.315411303, 0.547523490601, 0.383040935673
0.623764587782, 0.987880434453, 2.01998957706, 0.458721630067, 12.1831128089, 44.997567389, 2.05516625594, 1.17117984921, 27.8280225312, 199.315411303, 0.547523490601, 0.383040935673
0.623764587782, 0.987880434453, 2.01998957706, 0.458721630067, 12.1831128089, 44.997567389, 2.05516625594, 1.17117984921, 27.8280225312, 199.315411303, 0.547523490601, 0.383040935673
0.623764587782, 0.987880434453, 2.01998957706, 0.458721630067, 12.1831128089, 44.997567389, 2.05516625594, 1.17117984921, 27.8280225312, 199.315411303, 0.547523490601, 0.383040935673
0.623764587782, 0.987880434453, 2.01998957706, 0.458721630067, 12.1831128089, 44.997567389, 2.05516625594, 1.17117984921, 27.8280225312, 199.315411303, 0.547523490601, 0.383040935673
0.623764587782, 0.987880434453, 2.01998957706, 0.458721630067, 12.1831128089, 44.997567389, 2.05516625594, 1.17117984921, 27.8280225312, 199.315411303, 0.547523490601, 0.383040935673
0.623764587782, 0.987880434453, 2.01998957706, 0.458721630067, 12.1831128089, 44.997567389, 2.05516625594, 1.17117984921, 27.8280225312, 199.315411303, 0.547523490601, 0.383040935673
0.623764587782, 0.987880434453, 2.01998957706, 0.458721630067, 12.1831128089, 44.997567389, 2.05516625594, 1.17117984921, 27.8280225312, 199.315411303, 0.547523490601, 0.383040935673
0.623764587782, 0.987880434453, 2.01998957706, 0.458721630067, 12.1831128089, 44.997567389, 2.05516625594, 1.17117984921, 27.8280225312, 199.315411303, 0.547523490601, 0.383040935673
0.623764587782, 0.987880434453, 2.01998957706, 0.458721630067, 12.1831128089, 44.997567389, 2.05516625594, 1.17117984921, 27.8280225312, 199.315411303, 0.547523490601, 0.383040935673
0.623764587782, 0.987880434453, 2.01998957706, 0.458721630067, 12.1831128089, 44.997567389, 2.05516625594, 1.17117984921, 27.8280225312, 199.315411303, 0.547523490601, 0.383040935673
0.623764587782, 0.987880434453, 2.01998957706, 0.458721630067, 12.1831128089, 44.997567389, 2.05516625594, 1.17117984921, 27.8280225312, 199.315411303, 0.547523490601, 0.383040935673
0.623764587782, 0.987880434453, 2.01998957706, 0.458721630067, 12.1831128089, 44.997567389, 2.05516625594, 1.17117984921, 27.8280225312, 199.315411303, 0.547523490601, 0.383040935673
0.623764587782, 0.987880434453, 2.01998957706, 0.458721630067, 12.1831128089, 44.997567389, 2.05516625594, 1.17117984921, 27.8280225312, 199.315411303, 0.547523490601, 0.383040935673
0.623764587782, 0.987880434453, 2.01998957706, 0.458721630067, 12.1831128089, 44.997567389, 2.05516625594, 1.17117984921, 27.8280225312, 232.727966222, 0.479511473471, 0.562200956938
0.623764587782, 0.987880434453, 2.01998957706, 0.458721630067, 12.1831128089, 44.997567389, 2.05516625594, 1.17117984921, 27.8280225312, 232.727966222, 0.479511473471, 0.562200956938
