0.666923516565, 0.908399331857, 3.33133623787, 0.380654241828, 38.4318160036, 45.8689560761, 2.57275788072, 3.19562363317, 28.8896986528, 371.100261123, 0.610317768384, 0.161676646707
0.591374247264, 0.949865092116, 3.202611719, 0.262270894327, 33.4897809684, 42.4124177072, 2.47890036525, 3.4311254567, 34.0055706344, 328.566320555, 0.526917846043, 0.214007782101
0.704539156587, 0.974409109681, 3.22045912318, 0.35692140635, 22.8793482127, 43.5856343946, 2.64644716166, 3.29935949974, 36.383782153, 434.09627014, 0.519458996692, 0.284090909091
0.690126517492, 1.06499541372, 3.43460258072, 0.333079321786, 35.0574480214, 43.3003809461, 2.78698464861, 1.86218729481, 34.4652333722, 525.998739671, 0.47284071639, 0.496376811594
0.713309036532, 0.972982750393, 3.87685762349, 0.418370694484, 37.1513778293, 45.5018357766, 2.44697576484, 2.58019891714, 30.0941441096, 511.951664043, 0.516152053357, 0.0902255639098
0.719726181432, 0.988062522526, 3.65243970401, 0.334205388128, 28.3668729817, 44.6313356264, 2.74309894353, 3.01043343259, 33.7231925179, 470.572661233, 0.536374773584, 0.0285714285714
0.677870260809, 0.848564788362, 3.2598596981, 0.426087339098, 38.4285636662, 47.0461326843, 2.87399149243, 2.35357146599, 29.9440631097, 399.97048406, 0.528353321895, 0.0325203252033
0.801038716982, 1.04450238462, 3.35822373574, 0.434747519541, 46.9886256354, 43.4756401555, 2.79871981713, 1.07169720594, 33.4198465366, 648.728968055, 0.480059648686, 0.326241134752
0.751656479333, 0.940367702284, 3.92570015061, 0.446593196809, 32.4156392694, 45.3847600203, 2.61240085291, 1.48976482485, 28.1552312648, 477.004325329, 0.489517215668, 0.459915611814
0.712704358716, 1.01025214122, 3.39530464653, 0.461860999401, 24.224156408, 42.1339998608, 2.74249353663, 1.60379608306, 37.2949326845, 476.866030037, 0.528713876219, 0.0
0.667806387894, 1.18796302509, 3.75042270135, 0.421040865183, 34.4477531194, 46.7531592832, 2.85943149186, 2.00980380316, 31.8578802225, 834.076334997, 0.493462740191, 0.281690140845
0.690126517492, 1.06499541372, 3.43460258072, 0.333079321786, 35.0574480214, 43.465617953, 2.4481756804, 1.86218729481, 34.4652333722, 566.895203411, 0.462391407055, 0.335483870968
0.667453230835, 1.03630333724, 4.3802115862, 0.332948546724, 32.8757137819, 43.5877727191, 2.0368064302, 2.81496301291, 34.5604481357, 659.492559602, 0.508652656047, 0.32044198895
0.666923516565, 0.908399331857, 3.33133623787, 0.380654241828, 38.4318160036, 45.8689560761, 2.57275788072, 1.53746751224, 34.0055706344, 390.409221032, 0.447721342957, 0.553977272727
0.704539156587, 0.971100998017, 3.22045912318, 0.35692140635, 22.8793482127, 43.5856343946, 2.64644716166, 1.86218729481, 36.383782153, 404.808950506, 0.555876998336, 0.0
0.751656479333, 0.940367702284, 3.92570015061, 0.446593196809, 32.4156392694, 42.4768717671, 2.61240085291, 1.48976482485, 28.1552312648, 461.009636469, 0.483675229318, 0.479020979021
0.790634247955, 0.937398090641, 3.38736201411, 0.469440666598, 39.992923354, 47.5814451317, 2.66891543535, 3.12910136716, 27.6415035757, 317.835648955, 0.535169776348, 0.429012345679
0.767174339627, 0.987074772834, 3.20910578794, 0.385861689428, 21.5869200417, 42.6313098728, 2.64057944289, 1.33001177602, 30.405370749, 466.480476214, 0.50133067185, 0.342391304348
0.67232453539, 0.928321762627, 3.37895818772, 0.419203102198, 27.4113841647, 45.5820289109, 2.84582028947, 1.97250408104, 34.1129877754, 429.628323923, 0.510851300836, 0.348571428571
0.629572935354, 1.06295909603, 3.48791585137, 0.389126268643, 31.078591082, 43.568480779, 2.6610349735, 1.07169720594, 32.0199760768, 526.478221624, 0.484233213057, 0.341121495327
0.595418359982, 0.908399331857, 3.33133623787, 0.380654241828, 30.4775426992, 45.8689560761, 2.57275788072, 3.19562363317, 28.8896986528, 394.259990094, 0.532400462654, 0.157894736842
0.712704358716, 1.01025214122, 3.39530464653, 0.334611036757, 24.224156408, 42.1339998608, 2.4211667023, 1.60379608306, 41.020847776, 555.79112504, 0.373910176047, 0.407407407407
0.627482195076, 1.10243358622, 4.31595706165, 0.400205469563, 43.9071516768, 41.7643098332, 2.70247337237, 2.08225255571, 33.6383055753, 754.773906719, 0.49846395307, 0.157480314961
0.730587874022, 0.83575638455, 3.03526114872, 0.321830832633, 47.8861247762, 45.7951382888, 2.55760879951, 1.56108426489, 33.8287208587, 351.075388532, 0.438625963233, 0.650537634409
0.817715596009, 1.17147795849, 4.3968037837, 0.314696753423, 39.9394841641, 42.4768717671, 2.99099158672, 1.28673375987, 32.8494421614, 1018.72217437, 0.511600098897, 0.196428571429
0.800401532687, 1.00579397931, 3.25787002627, 0.422508232601, 39.6606410176, 43.1568835006, 2.51037826679, 1.89043146989, 31.1384122522, 475.600857725, 0.455967542435, 0.605095541401
0.748577154507, 0.929252367415, 3.22415623133, 0.436686149697, 35.6111499528, 43.2388528107, 2.60351631843, 1.75214225525, 25.5029713714, 412.217387298, 0.489152552205, 0.611987381703
0.695577133458, 1.0557529988, 3.61234086384, 0.363231010371, 35.9956270116, 46.5486912947, 2.11399283523, 1.99536150455, 29.2015846881, 486.91328483, 0.52261885671, 0.329949238579
0.667453230835, 1.16914262358, 3.22379224102, 0.326520509111, 41.7586037316, 44.6197804951, 2.95976934626, 1.82887528227, 28.7783337803, 542.448725244, 0.48050980521, 0.564564564565
0.781121234881, 1.02894626425, 5.36196101397, 0.422006961001, 32.898735822, 42.5524361586, 2.76511777604, 1.75214225525, 39.2454346643, 748.93098831, 0.471152453385, 0.348258706468
0.797007958942, 0.956036061473, 3.24388479452, 0.358479809743, 37.643810983, 43.6372783192, 2.6326903763, 2.30684012375, 27.4767155208, 374.779773738, 0.571046449595, 0.412587412587
0.790634247955, 0.937398090641, 3.38736201411, 0.469440666598, 39.992923354, 47.5814451317, 2.66891543535, 3.12910136716, 27.6415035757, 466.860267619, 0.528080013229, 0.28313253012
0.801038716982, 0.848564788362, 3.35822373574, 0.434747519541, 46.9886256354, 43.4756401555, 2.88578485, 1.07169720594, 33.4198465366, 349.192985225, 0.576798985988, 0.224390243902
0.797007958942, 0.956036061473, 3.24388479452, 0.358479809743, 37.643810983, 43.6372783192, 2.6326903763, 2.30684012375, 27.4767155208, 393.712608583, 0.56579960643, 0.38961038961
0.723002364491, 1.09325048235, 4.00122897413, 0.334081076054, 39.0133823543, 42.3675294681, 2.57267936951, 1.11293090685, 29.3934431395, 620.789756248, 0.443671322591, 0.539285714286
0.740540807885, 1.10501818079, 3.59896621805, 0.365900765439, 29.5257463309, 44.2366805937, 2.47764289837, 1.08779127379, 37.1462495395, 658.968176301, 0.399964271659, 0.605678233438
0.804500678258, 1.11778566691, 3.40069608192, 0.362777484609, 21.4177313938, 45.4803960891, 2.41935489161, 1.84959461503, 38.9704234764, 635.973536797, 0.437357530974, 0.63323782235
0.779111606743, 1.1442825527, 4.72695660593, 0.335702743143, 37.6306812755, 41.0445465746, 3.28367566975, 1.0345240067, 42.3117609815, 1238.21125483, 0.448798716726, 0.491643454039
0.695577133458, 1.19700651801, 3.7447818747, 0.363231010371, 31.295594981, 46.7919200608, 2.88433356118, 1.17734251748, 29.2015846881, 681.942158401, 0.441895156998, 0.567656765677
0.779111606743, 1.1442825527, 4.72695660593, 0.335702743143, 37.6306812755, 43.4190162015, 3.28367566975, 1.0345240067, 42.3117609815, 1249.02013672, 0.428385559071, 0.672443674177
0.71311227659, 1.03019959684, 5.02977996403, 0.396992949412, 48.6278361619, 44.0024406403, 2.65359908614, 1.92896401836, 34.0961519428, 940.746700312, 0.418194924457, 0.691756272401
0.715897493013, 1.08509207329, 3.51916077401, 0.335114351369, 34.5445842026, 44.6133540136, 2.46745843247, 1.46996698859, 35.5837680356, 563.7374036, 0.521894032844, 0.238461538462
0.591374247264, 1.22348108627, 3.202611719, 0.262270894327, 15.3518310048, 42.4124177072, 2.47890036525, 3.4311254567, 34.0055706344, 624.535221665, 0.517817997116, 0.126984126984
0.513958815706, 1.13519922667, 2.61387736456, 0.323736576632, 39.9524037608, 43.4187245128, 2.88489668927, 2.38477876967, 31.5826610379, 458.82737378, 0.520136615695, 0.431034482759
0.818491317199, 0.987074772834, 2.68716888834, 0.385861689428, 21.5869200417, 42.6313098728, 2.64057944289, 2.58561025267, 30.405370749, 348.836099567, 0.611181143938, 0.463258785942
0.790634247955, 0.937398090641, 3.38736201411, 0.430856091276, 39.992923354, 47.5814451317, 2.66891543535, 3.12910136716, 27.6415035757, 440.202912319, 0.569062359375, 0.0185185185185
0.801038716982, 1.04450238462, 3.35822373574, 0.434747519541, 39.088869354, 43.4756401555, 2.79871981713, 2.28240526007, 33.4198465366, 424.329409063, 0.619664557546, 0.0
0.695169877533, 1.07328422311, 3.54102034078, 0.275021922882, 33.3763128853, 44.7600343004, 2.92626315548, 1.92896401836, 37.7445774835, 629.342934711, 0.445206381976, 0.643333333333
0.723997557202, 1.16914262358, 3.22379224102, 0.326520509111, 47.9549540611, 44.6197804951, 2.95976934626, 1.82887528227, 28.7783337803, 590.603779087, 0.456106385213, 0.641791044776
0.677870260809, 0.971657181747, 3.2598596981, 0.432180861036, 38.4285636662, 47.0461326843, 2.87399149243, 2.35357146599, 29.9440631097, 401.606986699, 0.604812297149, 0.0806451612903
0.691585734901, 0.912952044814, 3.32412490151, 0.345207059086, 39.2354514211, 46.523545261, 2.86712373622, 1.26100512447, 31.6854192673, 434.91844927, 0.540919261222, 0.109090909091
0.712845102145, 0.948804582598, 3.51807678958, 0.427045014938, 31.7413617654, 47.8255200813, 2.4211667023, 2.79571657358, 38.6085247787, 507.656496089, 0.544489621722, 0.0
0.722913050821, 1.19544386049, 4.39521745823, 0.362777484609, 21.4177313938, 45.4803960891, 2.43181315071, 2.74659003553, 38.9704234764, 866.004473018, 0.537382767592, 0.00813008130081
0.816970237253, 0.977835301779, 4.51647733476, 0.409427863395, 32.6343956973, 43.3087006959, 2.48801485335, 0.436382232689, 28.1835131615, 623.478641372, 0.53248286119, 0.0105263157895
0.677870260809, 1.04450238462, 3.2598596981, 0.426087339098, 38.4285636662, 42.6273419954, 2.87399149243, 2.35357146599, 29.9440631097, 563.976163411, 0.492014944259, 0.427860696517
0.723002364491, 1.09325048235, 4.00122897413, 0.334081076054, 29.5257463309, 42.3675294681, 2.57267936951, 1.11293090685, 29.3934431395, 708.868933901, 0.479132478552, 0.43961352657
0.781121234881, 1.02894626425, 5.36196101397, 0.422006961001, 32.898735822, 42.5524361586, 2.76511777604, 1.75214225525, 40.5115565827, 847.906672656, 0.445258252469, 0.627507163324
0.773568751847, 0.822245916138, 7.41524464161, 0.399321245155, 38.2811875261, 41.3118033888, 2.7691252613, 3.35516076791, 39.0206825304, 693.373494951, 0.496789120011, 0.344398340249
0.695577133458, 1.19700651801, 3.61234086384, 0.363231010371, 31.295594981, 46.5486912947, 2.88433356118, 1.17734251748, 29.2015846881, 805.580387368, 0.444568177126, 0.651612903226
0.722913050821, 1.11778566691, 4.39521745823, 0.362777484609, 21.4177313938, 45.4803960891, 2.41935489161, 1.84959461503, 38.9704234764, 701.359387022, 0.459266409749, 0.583783783784
0.776106081661, 1.1397482503, 5.64932534046, 0.457600324347, 32.6685995381, 42.4184375162, 2.43181315071, 1.45865680863, 31.5550929259, 1058.61011242, 0.454864825163, 0.585714285714
0.800401532687, 0.972982750393, 5.41048714981, 0.422508232601, 39.6606410176, 43.1568835006, 2.51037826679, 1.89043146989, 31.1384122522, 768.719487832, 0.457185198135, 0.599206349206
0.809309047393, 1.04503825043, 3.23069186899, 0.324073363319, 37.8779582114, 43.085986468, 2.48578941724, 2.4785092832, 27.7895040257, 396.365260689, 0.60475547731, 0.300847457627
0.684276522718, 1.13519922667, 3.7447818747, 0.422115037055, 36.8199244353, 44.0942343046, 2.56054653018, 1.26100512447, 36.7863347713, 594.575612413, 0.508784582425, 0.345360824742
0.715897493013, 1.08509207329, 3.51916077401, 0.335114351369, 15.3518310048, 44.6133540136, 2.46745843247, 1.46996698859, 35.5837680356, 601.341057064, 0.508655959806, 0.39898989899
0.751893829164, 1.22690253712, 3.22379224102, 0.326520509111, 38.9050494907, 44.6197804951, 2.71265039468, 1.82887528227, 32.1927161372, 746.446138786, 0.452876338498, 0.605839416058
0.817715596009, 1.17147795849, 4.3968037837, 0.314696753423, 39.9394841641, 45.3847600203, 3.54142772369, 1.28673375987, 32.8494421614, 1160.01148114, 0.449108168206, 0.638861629048
0.779111606743, 1.1442825527, 4.72695660593, 0.335702743143, 37.6306812755, 43.4190162015, 2.49620172458, 1.0345240067, 35.105226369, 834.519208782, 0.453194242468, 0.643902439024
0.818699694271, 0.991409220481, 3.11961321816, 0.422594932466, 37.8383219324, 46.0797397426, 2.43312206413, 3.41005169532, 38.8837237501, 467.934288867, 0.528552360691, 0.28
0.679869476376, 0.991409220481, 3.11961321816, 0.422594932466, 7.54609318508, 46.0797397426, 2.05021829774, 3.41005169532, 38.8837237501, 401.116098885, 0.528715488351, 0.25
0.727663701272, 1.13917548094, 3.7102264783, 0.312974156016, 29.6373416541, 44.6119776495, 2.72575331393, 1.18039853578, 37.5289372988, 760.061708155, 0.463271038526, 0.560975609756
0.787456446148, 1.01216219262, 4.4796341929, 0.349243391153, 39.9791713576, 43.6998353301, 2.70162880119, 1.63254575715, 33.5571677068, 656.890272267, 0.471557877885, 0.621621621622
0.767174339627, 0.987074772834, 3.20910578794, 0.385861689428, 21.5869200417, 42.6313098728, 2.64057944289, 1.33001177602, 30.405370749, 407.947581012, 0.573488127568, 0.0724637681159
0.695169877533, 1.07328422311, 3.54102034078, 0.275021922882, 33.3763128853, 44.7600343004, 2.92626315548, 1.92896401836, 37.7445774835, 660.286502829, 0.496933177485, 0.408602150538
0.771888313369, 1.10501818079, 3.47255462808, 0.365900765439, 39.0133823543, 44.2366805937, 2.47764289837, 1.08779127379, 37.1462495395, 651.682579413, 0.463934320643, 0.66149068323
0.694463257809, 1.0661830866, 3.57812215817, 0.369411402665, 25.8337970393, 43.2388528107, 2.7777084792, 3.0530754617, 33.9259975342, 489.794546463, 0.610908902124, 0.0
0.679869476376, 1.03487445826, 3.37368054879, 0.301864939857, 39.6451227495, 42.441555532, 2.45314234822, 2.66629540502, 35.6809444055, 462.938767933, 0.529134721206, 0.265700483092
0.696602792778, 1.03699913892, 3.25260953019, 0.419052631629, 27.9420545534, 45.2048041784, 2.46756716383, 2.49352813087, 34.0079891102, 486.59901108, 0.649825424545, 0.010989010989
0.67232453539, 0.928321762627, 3.37895818772, 0.419203102198, 27.4113841647, 45.5820289109, 2.84582028947, 3.86190810033, 37.3399616256, 428.741103303, 0.597554905011, 0.0827067669173
0.692751213189, 1.03016161155, 3.53030366195, 0.41692289251, 31.6652607253, 41.5764796288, 2.5299054966, 2.97396872643, 34.1011551429, 557.583631602, 0.527956323617, 0.338164251208
0.816970237253, 0.977835301779, 4.51647733476, 0.409427863395, 32.6343956973, 43.3087006959, 2.48801485335, 1.02650905357, 28.1835131615, 580.131154598, 0.527364399974, 0.308176100629
0.779512275038, 1.16992998564, 4.17527964273, 0.313749167807, 39.9527181926, 44.3892191717, 2.58022436638, 1.29517488525, 38.6506663195, 822.443769636, 0.478026047532, 0.580327868852
0.77510128815, 1.1397482503, 5.64932534046, 0.412146902844, 39.9069877642, 42.4184375162, 2.43181315071, 1.45865680863, 31.5550929259, 1039.93074696, 0.524341190053, 0.305555555556
0.758101943746, 1.14591858904, 4.48997592836, 0.32742974196, 35.4643041861, 42.1842023916, 2.54253065931, 1.42158757798, 30.8336059599, 933.549930118, 0.469993013523, 0.672566371681
0.746406527354, 1.15497555327, 4.47293547012, 0.415647801832, 37.1757397737, 44.6601051901, 2.50188123452, 3.86190810033, 37.3399616256, 808.736319636, 0.550456319911, 0.0217391304348
0.748577154507, 0.929252367415, 4.24551033312, 0.436686149697, 35.6111499528, 43.2388528107, 2.60351631843, 2.38905499514, 33.7231925179, 527.786046687, 0.521899723488, 0.353773584906
0.730167819764, 0.912952044814, 3.32412490151, 0.345207059086, 39.2354514211, 46.523545261, 2.86712373622, 2.38477876967, 35.3044127709, 403.292524234, 0.532574317631, 0.279569892473
0.662161812379, 1.00066583772, 3.54075551203, 0.40087459295, 28.8796255319, 43.8986219813, 2.78698464861, 2.58023207611, 35.5870129448, 530.444161237, 0.587189279761, 0.0
0.809309047393, 1.04503825043, 3.99980505689, 0.462052408115, 37.8779582114, 43.085986468, 2.48578941724, 2.4785092832, 27.7895040257, 554.257469732, 0.556551477742, 0.0
0.749346028759, 1.06295909603, 3.48791585137, 0.389126268643, 31.078591082, 43.568480779, 2.6610349735, 2.28240526007, 32.0199760768, 588.548242087, 0.532242366029, 0.183098591549
0.695577133458, 1.0557529988, 3.61234086384, 0.363231010371, 35.9956270116, 46.5486912947, 2.88433356118, 1.99536150455, 29.2015846881, 608.606278929, 0.496229656068, 0.569852941176
0.764764720078, 0.971657181747, 3.2598596981, 0.489861870281, 38.4285636662, 47.0461326843, 2.1828845133, 2.35357146599, 29.9440631097, 412.999406191, 0.551865822814, 0.279761904762
