0.363729395329, 0.82717361566, 81.1725404682, 0.52538749077, 81.6100538248, 35.39779181, 0.832109870108, 0.371150432471, 5.84107293179, 953.630984846, 0.322695423735, 0.454545454545
0.139473139971, 0.858903905585, 85.796142356, 0.556973963188, 99.318313375, 3.26149733618, 0.582809640418, 2.82313070695, 6.91589427291, 1019.86902303, 0.00811687934417, 0.0
0.125539825203, 0.858903905585, 92.0656438765, 0.67780132656, 95.1352212339, 1.25524184672, 0.904419158242, 0.932153019215, 4.45120077904, 2830.68516582, 0.00160916417638, 0.0
0.125539825203, 0.851691392423, 84.7983495911, 0.67780132656, 94.7965518544, 1.25524184672, 0.904419158242, 0.870795505204, 4.45120077904, 1570.59861173, 0.00541140297759, 0.538461538462
0.519974855623, 0.890264525998, 88.4673886347, 0.576819236899, 27.9744221535, 24.8925681744, 0.371651068883, 3.87198231211, 2.73382893583, 1284.23829491, 0.305140041996, 0.363636363636
0.537625018095, 0.875503408263, 88.4931460059, 0.623938668519, 58.107752591, 12.1896636202, 0.916146313437, 2.26252271984, 1.53763574274, 1727.29676538, 0.68593429285, 0.0
0.363729395329, 0.82717361566, 85.679317425, 0.52538749077, 39.6423055038, 10.5104156389, 0.832109870108, 0.371150432471, 5.41465465372, 1323.37930436, 0.292663582326, 0.142857142857
0.125539825203, 0.914646804808, 90.5058585422, 0.67780132656, 75.8570470064, 1.25524184672, 0.904419158242, 0.870795505204, 13.4822555262, 2291.86727166, 0.00812764733327, 0.0
0.212436007516, 0.832275523507, 82.9477769405, 0.487884624028, 31.8184716469, 19.9872179228, 0.916146313437, 2.26252271984, 6.8183811343, 1729.74419263, 0.136337928793, 0.333333333333
0.349253642839, 0.851691392423, 87.1279404351, 0.42260162833, 51.3423862921, 2.57253023759, 0.0884411011703, 0.932153019215, 16.8617213116, 1996.20260483, 0.0421381766204, 0.0714285714286
0.125539825203, 0.914646804808, 90.5058585422, 0.67780132656, 82.7778797191, 1.25524184672, 0.904419158242, 2.49820028241, 4.45120077904, 1936.02817568, 0.0141704999349, 0.461538461538
0.127594512607, 0.851691392423, 86.2395499598, 0.687984588044, 84.1965463519, 16.1948287095, 0.0884411011703, 3.23556059503, 16.8617213116, 2279.72903422, 0.0976317314925, 0.0
0.139473139971, 0.858903905585, 88.996159949, 0.556973963188, 95.1352212339, 5.17755056897, 0.140098936197, 2.82313070695, 6.91589427291, 1883.03516588, 0.0304907097791, 0.461538461538
0.140784971111, 0.82717361566, 85.679317425, 0.499832087733, 95.1352212339, 2.93286557526, 0.916146313437, 3.62558814724, 8.69614084988, 1865.70766041, 0.0486507097036, 0.272727272727
0.139473139971, 0.858903905585, 85.796142356, 0.416175162809, 99.318313375, 12.1896636202, 0.582809640418, 2.82313070695, 6.91589427291, 1732.78717505, 0.122877027311, 0.0
0.139473139971, 0.851511492759, 90.5058585422, 0.464957845936, 82.7778797191, 1.25524184672, 0.904419158242, 2.49820028241, 12.0633791585, 2147.28499828, 0.0136548913018, 0.5
0.125539825203, 0.890734431841, 90.5058585422, 0.62550839747, 99.8916718908, 1.25524184672, 0.904419158242, 0.870795505204, 4.45120077904, 3333.11375257, 0.00537613221921, 0.111111111111
0.125539825203, 0.914646804808, 90.5058585422, 0.67780132656, 94.7965518544, 1.25524184672, 0.904419158242, 0.870795505204, 4.45120077904, 3491.54878942, 0.00757772847455, 0.0
0.125539825203, 0.914646804808, 90.5058585422, 0.62550839747, 94.7965518544, 1.25524184672, 0.904419158242, 0.870795505204, 4.45120077904, 2241.716835, 0.0111283360428, 0.5625
0.127727203797, 0.840839365383, 92.6015513168, 0.455906475402, 72.3461409203, 4.06328975872, 0.761742618709, 3.56825860125, 15.1374334229, 1614.93290289, 0.0626333624758, 0.5625
0.741476800473, 0.837804928036, 81.3540349503, 0.469566825911, 39.6423055038, 40.5392509938, 0.130743587723, 0.592408276679, 5.41465465372, 1406.30836616, 0.562271065813, 0.4
0.149010839599, 0.837804928036, 81.3540349503, 0.469566825911, 39.6423055038, 40.5392509938, 0.130743587723, 0.592408276679, 5.41465465372, 1491.1108807, 0.411234752822, 0.333333333333
0.741476800473, 0.828213704792, 81.3540349503, 0.469566825911, 39.6423055038, 40.5392509938, 0.130743587723, 3.38235011011, 5.41465465372, 1660.3782309, 0.526700227116, 0.235294117647
0.345653087618, 0.851511492759, 91.8281709469, 0.482285533237, 69.2535422686, 6.93473891964, 0.283104084229, 4.27195367154, 4.71650311648, 2323.0020933, 0.0283245380764, 0.0
0.119204397642, 0.851511492759, 90.5058585422, 0.482285533237, 82.7778797191, 1.25524184672, 0.904419158242, 2.49820028241, 17.7829284051, 3091.87328816, 0.0168613614431, 0.125
0.139473139971, 0.858903905585, 85.796142356, 0.556973963188, 95.1352212339, 5.17755056897, 0.582809640418, 2.82313070695, 6.91589427291, 2760.08242883, 0.019767687736, 0.0
0.110976999848, 0.870656897632, 90.5058585422, 0.67780132656, 35.4598238059, 1.25524184672, 0.904419158242, 2.60117033893, 4.10449606158, 2707.20820478, 0.0119731435864, 0.444444444444
0.139473139971, 0.858903905585, 90.5058585422, 0.556973963188, 95.1352212339, 5.17755056897, 0.181938836527, 3.62558814724, 6.91589427291, 2151.09464462, 0.0437735206399, 0.4
0.139473139971, 0.855627141924, 81.1725404682, 0.556973963188, 95.1352212339, 5.17755056897, 0.181938836527, 1.40663546393, 6.91589427291, 2062.94115162, 0.0660848588745, 0.25
0.139473139971, 0.858903905585, 85.796142356, 0.556973963188, 95.1352212339, 5.17755056897, 0.582809640418, 2.82313070695, 6.91589427291, 1973.25559934, 0.0417575601781, 0.5625
0.139473139971, 0.855627141924, 81.1725404682, 0.556973963188, 95.1352212339, 5.17755056897, 0.181938836527, 3.30338389057, 6.91589427291, 2043.20008796, 0.101247208733, 0.56
0.363729395329, 0.875503408263, 93.7094595042, 0.52538749077, 81.6100538248, 35.39779181, 0.832109870108, 0.371150432471, 5.14065109506, 1750.64775533, 0.261811754324, 0.1
0.537625018095, 0.82717361566, 88.4931460059, 0.623938668519, 58.107752591, 12.5698350981, 0.916146313437, 2.26252271984, 1.53763574274, 1793.54451706, 0.18740459911, 0.0
0.139473139971, 0.858903905585, 85.796142356, 0.556973963188, 65.0543545488, 5.17755056897, 0.582809640418, 2.82313070695, 6.91589427291, 1899.87736693, 0.127377706089, 0.466666666667
0.345653087618, 0.858903905585, 85.796142356, 0.556973963188, 95.1352212339, 5.17755056897, 0.582809640418, 2.82313070695, 6.91589427291, 1930.81999506, 0.143317082234, 0.0
0.125539825203, 0.870656897632, 90.5058585422, 0.67780132656, 35.4598238059, 1.25524184672, 0.904419158242, 2.32387882537, 4.45120077904, 2454.10920037, 0.0209856541904, 0.5
0.139473139971, 0.82717361566, 85.679317425, 0.556973963188, 95.1352212339, 2.93286557526, 0.916146313437, 3.62558814724, 8.69614084988, 2319.82418773, 0.0372487051701, 0.5
0.125539825203, 0.914646804808, 90.5058585422, 0.67780132656, 94.7965518544, 1.25524184672, 0.904419158242, 0.870795505204, 4.45120077904, 3436.68159415, 0.0100915956928, 0.291666666667
0.125539825203, 0.914646804808, 87.1279404351, 0.67780132656, 82.7778797191, 2.57253023759, 1.28130808806, 2.49820028241, 4.45120077904, 4673.4747582, 0.0172762914631, 0.0
0.127594512607, 0.914646804808, 90.5058585422, 0.67780132656, 75.8570470064, 1.25524184672, 0.904419158242, 0.870795505204, 13.4822555262, 3748.38105178, 0.00878951774196, 0.272727272727
0.125539825203, 0.914646804808, 90.5058585422, 0.67780132656, 94.7965518544, 1.25524184672, 0.904419158242, 0.870795505204, 4.45120077904, 4198.58741927, 0.00853792912123, 0.5
0.125539825203, 0.914646804808, 90.5058585422, 0.67780132656, 78.207494845, 1.25524184672, 0.904419158242, 0.870795505204, 13.4822555262, 3869.75720013, 0.0121281719525, 0.0909090909091
0.125539825203, 0.914646804808, 85.679317425, 0.67780132656, 94.7965518544, 1.25524184672, 0.904419158242, 0.870795505204, 4.45120077904, 2603.96585622, 0.0129134889638, 0.653846153846
0.125539825203, 0.914646804808, 90.5058585422, 0.67780132656, 82.7778797191, 1.25524184672, 0.904419158242, 0.932153019215, 4.45120077904, 2447.82509772, 0.0157682441567, 0.636363636364
0.683649808052, 0.851691392423, 87.3621000354, 0.42260162833, 51.3423862921, 2.57253023759, 0.0884411011703, 0.932153019215, 4.45120077904, 1792.57813121, 0.11341951109, 0.666666666667
0.127594512607, 0.851691392423, 86.2395499598, 0.687984588044, 84.1965463519, 16.1948287095, 0.0884411011703, 3.23556059503, 16.8617213116, 1672.30959255, 0.318661035259, 0.666666666667
0.345653087618, 0.837137949946, 84.7983495911, 0.687984588044, 69.2535422686, 8.90300246215, 0.0884411011703, 3.23556059503, 1.96517846893, 1803.21442207, 0.0789138022833, 0.6
0.512975014501, 0.832275523507, 89.5226059043, 0.418599064035, 31.8184716469, 49.6337110909, 0.916146313437, 4.59179775131, 6.8183811343, 1699.00720216, 0.439158465526, 0.571428571429
0.139473139971, 0.858903905585, 85.679317425, 0.556973963188, 95.1352212339, 5.17755056897, 0.181938836527, 3.62558814724, 6.91589427291, 2429.24588799, 0.0387417985704, 0.272727272727
0.139473139971, 0.858903905585, 93.8977109665, 0.556973963188, 95.1352212339, 5.17755056897, 0.181938836527, 3.62558814724, 8.69614084988, 2443.17332011, 0.065019863356, 0.0
0.119204397642, 0.858903905585, 93.8977109665, 0.556973963188, 95.1352212339, 5.17755056897, 0.142332732244, 3.62558814724, 5.41899043591, 2489.18280499, 0.0349276340663, 0.0
0.111791733669, 0.914646804808, 90.5058585422, 0.67780132656, 94.7965518544, 1.25524184672, 0.232061964046, 0.870795505204, 13.4822555262, 3105.80144291, 0.0181384958282, 0.411764705882
0.125539825203, 0.914646804808, 90.5058585422, 0.67780132656, 82.7778797191, 1.25524184672, 0.904419158242, 2.49820028241, 16.8617213116, 3579.28903613, 0.0192708993642, 0.25
0.125539825203, 0.914646804808, 90.5058585422, 0.67780132656, 78.207494845, 1.25524184672, 0.904419158242, 0.870795505204, 4.45120077904, 3379.94392633, 0.0151309701679, 0.466666666667
0.125539825203, 0.858903905585, 92.0656438765, 0.67780132656, 95.1352212339, 4.61046424389, 0.904419158242, 0.932153019215, 2.30415626951, 2190.99973393, 0.0566883659528, 0.5625
0.139473139971, 0.858903905585, 85.796142356, 0.556973963188, 99.318313375, 3.26149733618, 0.582809640418, 2.82313070695, 6.91589427291, 2043.98160649, 0.0503450046998, 0.631578947368
0.512975014501, 0.832275523507, 89.7266947491, 0.418599064035, 92.1578540173, 49.6337110909, 0.0770365865394, 3.40265079681, 6.8183811343, 1765.19539323, 0.663632402043, 0.3
0.363729395329, 0.82717361566, 81.1725404682, 0.52538749077, 81.6100538248, 35.39779181, 0.916146313437, 0.371150432471, 5.84107293179, 1771.99516333, 0.420672343677, 0.5
0.714296708261, 0.837804928036, 87.6862386542, 0.469566825911, 35.4598238059, 40.5392509938, 0.142323994457, 0.825155455402, 3.78565874824, 1758.61677167, 0.741257418349, 0.25
0.493758350803, 0.851691392423, 86.2395499598, 0.499832087733, 43.1080591734, 16.1948287095, 0.436286292796, 3.23556059503, 4.05251330017, 1823.69944478, 0.361617004302, 0.541666666667
0.363729395329, 0.860352990624, 81.1725404682, 0.52538749077, 84.6295964846, 35.39779181, 0.832109870108, 0.371150432471, 5.84107293179, 1823.35051318, 0.399099942738, 0.0
0.127594512607, 0.851691392423, 86.2395499598, 0.499832087733, 43.1080591734, 16.1948287095, 0.436286292796, 3.23556059503, 4.05251330017, 1954.75133512, 0.143363834641, 0.0
0.139473139971, 0.858903905585, 85.796142356, 0.556973963188, 99.318313375, 3.26149733618, 0.582809640418, 2.82313070695, 6.91589427291, 2353.89011052, 0.069916153343, 0.541666666667
0.345653087618, 0.837137949946, 84.7983495911, 0.499832087733, 69.2535422686, 8.90300246215, 0.0884411011703, 3.23556059503, 1.96517846893, 2357.5099059, 0.141738317262, 0.526315789474
0.349253642839, 0.917356330788, 87.1279404351, 0.638850812625, 90.6026474703, 2.57253023759, 1.90406226464, 0.932153019215, 3.19160717858, 5581.93511018, 0.0281422200136, 0.0357142857143
0.399100921764, 1.12309139848, 87.0283346623, 0.496874723638, 65.0543545488, 1.56165308346, 0.383836525172, 0.893697217468, 17.2243493996, 9150.82205286, 0.0281113100575, 0.0
0.492138851851, 1.16162173497, 92.9054609053, 0.62550839747, 82.5067427115, 22.3959157402, 0.213478003462, 2.36151508241, 8.05080468914, 12553.5998887, 0.0230490882897, 0.0
0.125539825203, 0.914646804808, 90.5058585422, 0.67780132656, 94.7965518544, 1.25524184672, 0.904419158242, 0.870795505204, 4.45120077904, 4400.06403564, 0.0108718354622, 0.3
0.125539825203, 0.914646804808, 90.5058585422, 0.62550839747, 69.2535422686, 1.25524184672, 1.8034348596, 4.19459238187, 4.45120077904, 5692.34105093, 0.0127691821332, 0.119047619048
0.399100921764, 1.00073614322, 87.0283346623, 0.496874723638, 95.1352212339, 1.56165308346, 0.181938836527, 0.893697217468, 17.2243493996, 5606.05014305, 0.0194971838615, 0.111111111111
0.125539825203, 0.870656897632, 90.5058585422, 0.67780132656, 82.7778797191, 1.25524184672, 0.904419158242, 2.49820028241, 4.45120077904, 2689.64290072, 0.0141490270407, 0.666666666667
0.345653087618, 0.851511492759, 82.8426787928, 0.482285533237, 69.2535422686, 8.90300246215, 0.283104084229, 4.27195367154, 6.30904176714, 1921.5099574, 0.268337617345, 0.722222222222
0.125539825203, 0.914646804808, 90.5058585422, 0.67780132656, 82.7778797191, 1.25524184672, 0.904419158242, 0.932153019215, 4.45120077904, 3501.5246431, 0.0173268705472, 0.6
0.861587534413, 0.935793262809, 85.4919800334, 0.485652142991, 55.6874580794, 33.9925661071, 0.581587686121, 3.55080444911, 3.88480919709, 1935.12281082, 0.663406517212, 0.166666666667
0.363729395329, 0.82717361566, 85.679317425, 0.52538749077, 81.6100538248, 41.2117932296, 0.832109870108, 0.371150432471, 5.84107293179, 1867.13764323, 0.469061493417, 0.533333333333
0.174110102165, 1.21517696748, 92.3771437545, 0.533728185879, 7.96484704301, 3.33279047407, 1.98969245973, 4.0403459786, 8.91266560079, 20389.1851409, 0.0245895913116, 0.0
0.125539825203, 1.06811367876, 90.5058585422, 0.62550839747, 69.2535422686, 1.25524184672, 1.8034348596, 4.19459238187, 4.45120077904, 8669.94810477, 0.0132096420207, 0.276315789474
0.370540490209, 1.12309139848, 94.9232505736, 0.496874723638, 65.0543545488, 1.56165308346, 0.295617121151, 0.893697217468, 19.9134192577, 11380.1362534, 0.0284964272611, 0.0
0.363729395329, 0.82717361566, 81.1725404682, 0.52538749077, 81.6100538248, 35.39779181, 0.832109870108, 0.371150432471, 5.84107293179, 1942.30836952, 0.544784719497, 0.421052631579
0.512975014501, 0.832275523507, 81.0011302149, 0.418599064035, 39.6423055038, 49.6337110909, 0.916146313437, 2.26252271984, 6.8183811343, 2036.11664945, 0.431483680334, 0.384615384615
0.149010839599, 0.837804928036, 81.3540349503, 0.469566825911, 39.6423055038, 40.5392509938, 0.130743587723, 0.0490232587404, 6.44223768943, 2058.41981154, 0.26033708831, 0.0714285714286
0.714296708261, 0.833832809429, 89.1197447288, 0.460586853148, 35.4598238059, 27.0267448553, 0.777609142116, 0.825155455402, 13.3483017354, 2058.19697725, 0.28280737866, 0.25
0.119204397642, 0.851511492759, 90.5058585422, 0.687984588044, 82.7778797191, 1.25524184672, 1.03531514612, 2.49820028241, 17.7829284051, 5161.57518932, 0.0149397365735, 0.309090909091
0.127594512607, 0.851691392423, 86.2395499598, 0.687984588044, 84.1965463519, 16.1948287095, 0.0884411011703, 3.23556059503, 16.8617213116, 2254.9493708, 0.165157474503, 0.333333333333
0.345653087618, 0.871427067733, 84.7983495911, 0.499832087733, 69.2535422686, 8.90300246215, 0.0884411011703, 3.23556059503, 1.96517846893, 2286.19295379, 0.184123500187, 0.214285714286
0.119204397642, 0.851511492759, 90.5058585422, 0.687984588044, 82.7778797191, 1.25524184672, 1.03531514612, 2.49820028241, 17.7829284051, 3931.61260525, 0.0235716779104, 0.513513513514
0.790238274021, 0.898860828725, 87.6544051743, 0.524702838216, 80.2934212399, 27.0267448553, 0.777609142116, 0.379338744929, 13.3483017354, 1978.67448339, 0.437408462867, 0.0
0.139473139971, 0.837137949946, 84.7983495911, 0.694026599615, 69.2535422686, 8.90300246215, 0.0884411011703, 3.23556059503, 1.96517846893, 2445.21488752, 0.10050783516, 0.454545454545
0.188447288935, 0.856733655544, 89.070427232, 0.455906475402, 72.3461409203, 17.1338157401, 0.761742618709, 3.56825860125, 15.1374334229, 2126.92498266, 0.213445505922, 0.0
0.150223555304, 0.858903905585, 93.4949032529, 0.556973963188, 95.1352212339, 5.17755056897, 0.227355559893, 3.30338389057, 6.91589427291, 2467.50156034, 0.0777549208255, 0.260869565217
0.345653087618, 0.851511492759, 91.8281709469, 0.482285533237, 69.2535422686, 8.90300246215, 0.283104084229, 4.27195367154, 4.71650311648, 2487.75122618, 0.120595953308, 0.0
0.139473139971, 0.858903905585, 85.796142356, 0.556973963188, 95.1352212339, 5.17755056897, 0.582809640418, 2.82313070695, 6.91589427291, 2450.65614757, 0.0618237144843, 0.294117647059
