0.121074532424, 0.855257918203, 2.00599599942, 0.646876953166, 66.7431494204, 44.1255066354, 0.150010602514, 1.07947072147, 1.00103792347, 1.83510753509, 0.252563643503, 0.0
0.133541464264, 0.87579549382, 2.73135512718, 0.660963917031, 65.8318909298, 43.4722030616, 0.204037875838, 1.1731121811, 1.12940872606, 41.5304751423, -2.22044604925e-16, 0.0
0.176147440248, 0.887408002272, 2.0061130089, 0.651496833133, 94.6803341916, 41.9571820222, 0.696395692056, 0.555842360762, 1.34261958321, 0.0, 1.0, 0.0
0.116052415024, 0.867246697051, 2.00516715373, 0.652154185893, 26.7217093483, 44.2304064438, 0.694001745285, 1.14071663465, 1.12447026932, 54.1851118117, -4.4408920985e-16, 0.333333333333
0.177384649796, 0.87542440887, 2.42344009815, 0.69441825796, 8.39890550182, 41.9055487407, 0.209392529378, 1.12167112487, 1.12464409527, 0.0, 1.0, 0.0
0.116052415024, 0.854814048183, 2.00790543017, 0.639462961273, 71.9432997507, 44.8885306196, 0.0753973344566, 0.548787069422, 1.01488681065, 1.83632921902, 0.0, 0.0
0.134140850955, 0.913040888882, 2.00599554597, 0.675198022155, 66.7398636541, 44.1529175201, 0.115467664527, 0.883864665847, 1.10736893287, 35.0678958805, -2.22044604925e-16, 0.25
0.136172988371, 0.877223839416, 2.00142778916, 0.693233318391, 71.1267430189, 41.8880943168, 0.107786181419, 1.15197717738, 1.12504915168, 0.0, 1.0, 0.0
0.226315759981, 0.895112136905, 2.42129089051, 0.648081706576, 4.43920667658, 46.1259662073, 0.211576049281, 1.16816918813, 1.12998247109, 0.0, 1.0, 0.0
0.116157442516, 0.886924667347, 2.8226510152, 0.6522646045, 55.7270286911, 44.1919000283, 0.110501452306, 1.12352478092, 1.10765077157, 0.0, 1.0, 0.0
0.110503672353, 0.904832162065, 2.01927880091, 0.652158387499, 74.5347217893, 47.5454253223, 0.382204654358, 1.42362184106, 1.39122805246, 0.0, 1.0, 0.0
0.104347104054, 0.859443792884, 3.0208502948, 0.690775380291, 8.44441831394, 49.5970423096, 0.382500043668, 1.44112871869, 1.10765077157, 0.0, 1.0, 0.0
0.194808128869, 0.877332842116, 2.19129707749, 0.673385698154, 7.98465807252, 42.0853247523, 0.610460923497, 1.15272768359, 1.00937529009, 0.0, 1.0, 0.0
0.133293223389, 0.894101682741, 5.112633012, 0.624016988768, 66.8094634635, 48.0163232126, 0.216159356539, 0.977585542918, 1.01188953337, 0.0, 1.0, 0.0
0.13667962983, 0.840236209309, 2.00383221492, 0.674637748243, 12.4864874019, 41.294189289, 0.725232056429, 1.81205581373, 1.11853483084, 0.0, 1.0, 0.0
0.13529099728, 0.865391411226, 2.85713537483, 0.64817693021, 94.6110502041, 46.1774219201, 0.300653924565, 0.558572662659, 1.10738225461, 0.0, 1.0, 0.0
0.136624207496, 0.873952697084, 3.92411399139, 0.648281369818, 72.9851377476, 47.8849125139, 0.0840795856599, 1.14776877604, 1.10735467649, 0.0, 1.0, 0.0
0.145536490546, 0.91492313018, 2.49474596057, 0.656030074429, 11.6791390422, 46.3166236749, 0.690335426125, 1.14133215669, 1.10762530455, 0.0, 1.0, 0.0
0.110404154509, 0.828979803151, 2.8663450349, 0.652264783834, 53.3995316017, 41.8076231938, 0.277396931473, 1.12352478092, 1.10738216753, 0.0, 1.0, 0.0
0.110376099858, 0.904832162065, 2.97856958943, 0.671665975113, 69.2686103839, 46.2253545717, 0.382204654358, 1.43965310225, 1.10772412133, 0.0, 1.0, 0.0
0.116785119358, 0.892488046416, 2.98447977322, 0.648257956066, 95.862292207, 41.9644978202, 0.380876287415, 1.16525689236, 1.1089266278, 0.0, 1.0, 0.0
0.177850469725, 0.87542440887, 2.41512013502, 0.66525195051, 8.43761316239, 48.3620001321, 0.197801300739, 1.15978967349, 1.12503282477, 0.0, 1.0, 0.0
0.121074532424, 0.868356982454, 2.00590852427, 0.646876953166, 66.7858235839, 44.1255066354, 0.423224240888, 1.07947072147, 1.07059162355, 0.0, 1.0, 0.0
0.136624207496, 0.873948143834, 3.92411399139, 0.648281369818, 93.6808519981, 41.9346454438, 0.0845579482485, 1.14776877604, 1.10750240057, 0.0, 1.0, 0.0
0.133484886702, 0.895269689869, 4.14714591196, 0.648081706576, 67.6674269957, 46.1259662073, 0.211576049281, 0.559846699474, 1.12998247109, 0.0, 1.0, 0.0
0.133003269688, 0.91549698982, 2.00214912144, 0.674843135755, 11.6791390422, 46.3633247889, 0.52615595724, 1.15140351457, 1.10765077157, 0.0, 1.0, 0.0
0.133113761508, 0.909563589133, 4.39506907318, 0.662153449747, 72.238586595, 43.3038695617, 0.211576049281, 1.07123948992, 1.12908709652, 0.0, 1.0, 0.0
0.17694194678, 0.87542440887, 2.41512013502, 0.69441825796, 8.39890550182, 44.872235839, 0.209392529378, 1.15978967349, 1.12464409527, 0.0, 1.0, 0.0
0.136624207496, 0.873948143834, 3.92411399139, 0.648281369818, 72.9851377476, 41.8963209521, 0.0840795856599, 1.14776877604, 1.10750240057, 0.0, 1.0, 0.0
0.136218966371, 0.873948143834, 3.92411399139, 0.648319350069, 93.6808519981, 41.9346454438, 0.0845579482485, 1.14776877604, 1.10738015848, 0.0, 1.0, 0.0
0.224967783754, 0.868271520926, 2.03604784796, 0.655991964708, 66.8345335629, 44.8207421297, 0.371185713445, 0.973449136739, 1.07017069968, 0.0, 1.0, 0.0
0.132875487552, 0.91549698982, 2.00958278253, 0.675584563673, 64.6538497883, 43.9763485114, 0.217834684047, 1.15140351457, 1.10765077157, 0.0, 1.0, 0.0
0.101316177576, 0.905169099922, 2.02505288088, 0.655208629168, 74.0197563917, 47.4403026633, 0.376748824318, 1.16438864757, 1.10967933384, 0.0, 1.0, 0.0
0.157703839203, 0.867223551424, 2.00076973503, 0.674518177601, 68.9363568208, 41.8917737328, 0.188058015325, 1.12669419712, 1.13207984982, 0.0, 1.0, 0.0
0.103287663671, 0.870537702371, 2.00599554597, 0.664840595985, 66.7398636541, 44.1320601355, 0.21380225946, 0.884822826231, 1.00254130607, 0.0, 1.0, 0.0
0.116312898046, 0.876450312347, 2.58972869915, 0.652070392709, 62.4853334203, 47.4250399905, 0.202554059431, 1.14088263541, 1.38655224303, 0.0, 1.0, 0.0
0.133349780233, 0.87542440887, 2.42344009815, 0.693406647048, 8.39890550182, 41.9055487407, 0.209392529378, 1.121349798, 1.12464409527, 0.0, 1.0, 0.0
0.136666995859, 0.905526929714, 2.8595186048, 0.668564527429, 72.2428225746, 46.3549051554, 0.389783424749, 1.49929427096, 1.01025936636, 0.0, 1.0, 0.0
0.110404154509, 0.91176575785, 2.86514454663, 0.652264783834, 53.6754889828, 44.1919000283, 0.106874368387, 1.12352478092, 1.10765077157, 0.0, 1.0, 0.0
0.145433556233, 0.829769247346, 2.98359993628, 0.648097066722, 69.1323596751, 41.7995368975, 0.300653924565, 0.542084489464, 1.10738225461, 0.0, 1.0, 0.0
0.124459321436, 0.893359378895, 4.59527484839, 0.651194595375, 67.0202986383, 47.6504042393, 0.0737975036086, 1.15822421206, 1.13029847716, 0.0, 1.0, 0.0
0.121466250776, 0.905169099922, 2.85717658442, 0.648149121578, 74.0553544413, 47.4403026633, 0.17245575741, 1.18060931444, 1.10740660382, 0.0, 1.0, 0.0
0.109138998404, 0.893035949522, 2.00607354119, 0.665186316697, 3.26063118831, 48.761035105, 0.189801327559, 1.14185918947, 1.05111482575, 0.0, 1.0, 0.0
0.136624207496, 0.873948143834, 2.85713537483, 0.648164997696, 72.9851377476, 41.8662809882, 0.300653924565, 1.06596507011, 1.10738225461, 0.0, 1.0, 0.0
0.158790446066, 0.870468231518, 2.01025781032, 0.673078973367, 5.90343273445, 46.5737198922, 0.599764284781, 4.40670525741, 1.00889698648, 0.0, 1.0, 0.0
0.135801559138, 0.893081632751, 2.28646249768, 0.664848771447, 53.8910111382, 44.0587028836, 0.360122139554, 0.699103480295, 1.01143032021, 0.0, 1.0, 0.0
0.132875487552, 0.91549698982, 2.00214912144, 0.675584563673, 11.6791390422, 46.3633247889, 0.0712331375462, 1.15140351457, 1.10765077157, 0.0, 1.0, 0.0
0.186871962629, 0.904247523097, 2.8447017956, 0.652585410586, 73.9893894241, 43.976342163, 0.381043026448, 1.44123205209, 1.10765077157, 0.0, 1.0, 0.0
0.145433556233, 0.829769247346, 2.98359993628, 0.648050318361, 73.7139315576, 41.7995368975, 0.379975646943, 0.542084489464, 1.10764836304, 0.0, 1.0, 0.0
0.133003269688, 0.91549698982, 2.00214912144, 0.674843135755, 11.6791390422, 46.3632348288, 0.584448399948, 1.45057690579, 1.10867921177, 0.0, 1.0, 0.0
0.133293223389, 0.859598545417, 5.112633012, 0.638409658793, 66.8094634635, 46.3642471093, 0.216159356539, 0.977585542918, 1.01331756209, 0.0, 1.0, 0.0
0.13448262468, 0.859397405817, 4.18960540819, 0.665048124504, 65.6391735309, 46.3676034163, 0.196297283304, 1.45807425331, 1.12842779242, 0.0, 1.0, 0.0
0.136005657062, 0.885107548168, 2.00790472553, 0.662637339582, 68.3978201499, 40.5169101746, 0.0753486072776, 0.545487272562, 1.07062172009, 0.0, 1.0, 0.0
0.133419181489, 0.866997767154, 2.72992947444, 0.661426297317, 65.899694952, 41.670075147, 0.20254240984, 0.555842360762, 1.12836889481, 0.0, 1.0, 0.0
0.110168300136, 0.891764786627, 2.8595186048, 0.665186316697, 72.8403489934, 48.5351492608, 0.174368624302, 1.46712973868, 1.10757907372, 0.0, 1.0, 0.0
0.101316177576, 0.905169099922, 2.84769299712, 0.648163440473, 74.0197563917, 45.5593984332, 0.373864620249, 1.06696942234, 1.10967933384, 0.0, 1.0, 0.0
0.135801559138, 0.876639741499, 2.28700935541, 0.664775325046, 51.9509982417, 47.5564025235, 0.301154062373, 4.84336067734, 1.07068695419, 0.0, 1.0, 0.0
0.177374737764, 0.865496283473, 2.85713537483, 0.647992193541, 93.7542471255, 46.1624432105, 0.302438901827, 0.558572662659, 1.10738225461, 0.0, 1.0, 0.0
0.177808719956, 0.87542440887, 2.41512013502, 0.655864357987, 8.11098978077, 48.3620001321, 0.654202537981, 4.69450634066, 1.070598762, 0.0, 1.0, 0.0
0.103653256647, 0.859443792884, 3.0208502948, 0.665014025966, 8.09416189432, 49.6762815319, 0.199020853683, 1.414282916, 1.10765077157, 0.0, 1.0, 0.0
0.110404154509, 0.904247523097, 2.86171228551, 0.652585410586, 73.6909706388, 43.9727806878, 0.381043026448, 1.44123205209, 1.10765077157, 0.0, 1.0, 0.0
0.113213334356, 0.905298006023, 5.06524927674, 0.655909373185, 66.4156915817, 43.9727806878, 0.379306287353, 1.44230662778, 1.10765077157, 0.0, 1.0, 0.0
0.135847039553, 0.868526968004, 2.01443445037, 0.655982478165, 69.5215172116, 47.5943539012, 0.662896358161, 4.8434355911, 1.07017069968, 0.0, 1.0, 0.0
0.103653256647, 0.91461940557, 3.0208502948, 0.655992883261, 11.5982662712, 49.9422389595, 0.351651246448, 1.14083002831, 1.10765077157, 0.0, 1.0, 0.0
0.177641758029, 0.87542440887, 2.41512013502, 0.66525195051, 8.43761316239, 48.3620001321, 0.197801300739, 1.15978967349, 1.12464409527, 0.0, 1.0, 0.0
0.135890370244, 0.845289237633, 4.58099209746, 0.675888462577, 11.4489857847, 47.5078018386, 0.187114400504, 1.52885292548, 1.01148219582, 0.0, 1.0, 0.0
0.103224255869, 0.859397405817, 2.8595186048, 0.665048124504, 69.2502493963, 46.3676034163, 0.196297283304, 1.46712973868, 1.01035779623, 0.0, 1.0, 0.0
0.17694194678, 0.875409426529, 3.14659209, 0.69441825796, 68.0616923663, 44.8656705765, 0.209392529378, 1.15978967349, 1.12464409527, 0.0, 1.0, 0.0
0.133293223389, 0.909563589133, 4.39506907318, 0.662153449747, 66.7577813305, 44.1856879126, 0.211576049281, 1.11858687209, 1.12908709652, 0.0, 1.0, 0.0
0.136667112484, 0.905526929714, 2.01376981597, 0.668686707908, 72.2428225746, 46.3650908203, 0.193279653087, 1.07156614953, 1.00939092921, 0.0, 1.0, 0.0
0.136032200617, 0.904247523097, 2.86171228551, 0.652648118905, 73.6909706388, 43.9727806878, 0.381043026448, 1.06813426989, 1.10738467445, 0.0, 1.0, 0.0
0.110503672353, 0.8767773306, 2.0060010597, 0.671172539021, 69.2686103839, 42.2811341114, 0.224822893953, 4.81259412992, 1.10772412133, 0.0, 1.0, 0.0
0.145433556233, 0.829769247346, 2.97862364199, 0.659527451079, 69.1323596751, 41.9580114939, 0.300653924565, 0.555512517009, 1.00903975799, 0.0, 1.0, 0.0
0.165094177538, 0.905565544478, 5.112633012, 0.656074944969, 73.6624374002, 46.3548152244, 0.387644301026, 4.43829184248, 1.01453414176, 0.0, 1.0, 0.0
0.135928956333, 0.876717672467, 2.28037384129, 0.656938142552, 53.8910111382, 44.0758032282, 0.371186436016, 4.84282914273, 1.00677568259, 0.0, 1.0, 0.0
0.133801265111, 0.9064736974, 2.02445360097, 0.647503348093, 61.2869938593, 41.9055312619, 0.208260969854, 1.15143596887, 1.04217037854, 0.0, 1.0, 0.0
0.145433556233, 0.829793065229, 2.8213977081, 0.648273273474, 70.0060285025, 43.394401712, 0.00829316079185, 0.643441619359, 1.10738225461, 0.0, 1.0, 0.0
0.110503672353, 0.904832162065, 2.01699732607, 0.671172539021, 69.2686103839, 40.8759157857, 0.382204654358, 1.43965310225, 1.10772412133, 0.0, 1.0, 0.0
0.135790795064, 0.862396784057, 2.00517637345, 0.652146862988, 69.3993378558, 44.1762269596, 0.198932908141, 1.06753265678, 1.12540431066, 0.0, 1.0, 0.0
0.115717497618, 0.915386326678, 2.00958278253, 0.675210327759, 13.8556964475, 43.977864594, 0.70031340953, 1.39903843681, 1.10765575851, 0.0, 1.0, 0.0
0.135463721252, 0.87542440887, 2.35313242338, 0.655969047525, 6.99582643507, 47.5990602403, 0.197801300739, 1.17373209374, 1.12464409527, 0.0, 1.0, 0.0
0.178385513281, 0.863241590043, 2.5896430123, 0.655991928142, 73.0143710883, 41.9055487407, 0.209392529378, 1.12167112487, 1.13215395136, 0.0, 1.0, 0.0
0.136624207496, 0.873749206406, 2.85713537483, 0.648164997696, 74.3750603077, 38.7031531907, 0.300653924565, 1.06596507011, 1.10735957301, 0.0, 1.0, 0.0
0.116021205084, 0.893181592665, 3.92980299044, 0.651201814274, 68.4456097607, 44.8481732841, 0.0853664043914, 1.14861109177, 1.10893076841, 0.0, 1.0, 0.0
0.176278456363, 0.915357149381, 2.00214912144, 0.674843135755, 15.4427919133, 46.3633247889, 0.201213659858, 1.15135399514, 1.12544589299, 0.0, 1.0, 0.0
0.133832786658, 0.905526929714, 2.0138545292, 0.668686707908, 72.2428225746, 41.9479378913, 0.208273990017, 1.07156614953, 1.00952267144, 0.0, 1.0, 0.0
0.116021205084, 0.893181592665, 3.92980299044, 0.693261597819, 73.0614893931, 41.9547408455, 0.0804618168307, 1.14487873142, 1.10895984099, 0.0, 1.0, 0.0
0.135801559138, 0.870671435464, 2.28700935541, 0.664775325046, 51.9509982417, 47.5564025235, 0.30432109446, 4.84336067734, 1.07068695419, 0.0, 1.0, 0.0
0.110503672353, 0.876291346137, 2.0060010597, 0.656071415445, 69.2686103839, 42.2811341114, 0.224822893953, 4.81259412992, 1.10772821207, 0.0, 1.0, 0.0
0.135801559138, 0.876617339723, 2.28700935541, 0.668554860363, 53.8910111382, 47.5564025235, 0.360122139554, 1.52145367398, 1.07068695419, 0.0, 1.0, 0.0
0.103228516285, 0.876639741499, 2.84482350021, 0.664774212456, 51.9509982417, 47.5564025235, 0.195633465417, 4.85573319326, 1.07412833525, 0.0, 1.0, 0.0
0.120125322107, 0.87579549382, 2.73271900387, 0.660963917031, 68.4568079594, 43.4722030616, 0.466341869226, 1.1731121811, 1.12939542934, 0.0, 1.0, 0.0
