0.530085154926, 0.484211963425, 0.500582823376, 0.500239630855, 0.501235858974, 0.500758189476, 0.60096747256, 0.346195934407, 0.368771808147, 0.63381129023
0.139232293618, 1.24473431562e-10, 0.500582823376, 0.500239630855, 0.501235858974, 0.498392470588, 0.60096747256, 2.68103380615e-11, 0.215390045263, 1.33159334263
0.493797026045, 1.12750142556e-10, 0.500582823376, 0.500239630855, 0.501235858974, 0.500758189476, 0.401291973209, 7.78636895244e-11, 0.690586173558, 0.707936168969
0.758856125471, 0.321073425873, 0.500582823376, 0.500239630855, 0.501235858974, 0.498392470588, 0.60096747256, 0.376920237605, 0.797017582322, 0.373045567996
0.843912710779, 0.484211963425, 0.500582823376, 0.500239630855, 0.501235858974, 0.500758189476, 0.400966279481, 0.543160145519, 0.578580304009, 0.207473384083
0.213801760881, 5.4237725422e-12, 0.500582823376, 0.500239630855, 0.501235858974, 0.498392470588, 0.401291973209, 1.85158363125e-12, 0.341382979621, 1.25534371812
0.852451816307, 0.707395903509, 0.500582823376, 0.500239630855, 0.501235858974, 0.500758189476, 0.400966279481, 0.801543752535, 0.331546994187, 0.196123086889
0.55883081205, 0.359846379511, 0.500582823376, 0.500239630855, 0.501235858974, 0.500758189476, 0.401291973209, 0.281233395346, 0.500303981043, 0.616984966216
0.139232293618, 0.29007346622, 0.500582823376, 0.500239630855, 0.501235858974, 0.500758189476, 0.502693664121, 0.0590257616038, 0.144459798013, 1.25799693363
0.927322976152, 0.321073425873, 0.500582823376, 0.500239630855, 0.501235858974, 0.500758189476, 0.401291973209, 0.416394314893, 0.880487586066, 0.101640441646
0.927322976152, 0.707395903509, 0.500582823376, 0.500239630855, 0.501235858974, 0.500758189476, 0.401291973209, 0.917408944073, 0.379472956886, 0.101640441646
0.927322976152, 0.781021588466, 0.500582823376, 0.500239630855, 0.501235858974, 0.500758189476, 0.401291973209, 1.01289276234, 0.283989138619, 0.101640441646
0.610538339268, 0.103506244613, 0.500582823376, 0.500239630855, 0.501235858974, 0.500758189476, 0.600168322779, 0.0790681797913, 0.684829496979, 0.487289394768
0.427627578064, 0.681077486015, 0.500582823376, 0.500239630855, 0.501235858974, 0.500758189476, 0.400966279481, 0.38713022703, 0.181278265366, 0.760805341215
0.530085154926, 0.656184184244, 0.500582823376, 0.500239630855, 0.501235858974, 0.500758189476, 0.60096747256, 0.469150524908, 0.245817217646, 0.63381129023
0.386686885917, 0.999991967197, 0.500582823376, 0.500239630855, 0.501235858974, 0.500758189476, 0.60096747256, 0.521550974427, 4.18954965279e-06, 0.827223868807
0.610538339268, 0.484211963425, 0.500582823376, 0.500239630855, 0.501235858974, 0.500758189476, 0.400966279481, 0.392955443099, 0.418580563405, 0.517677827106
0.493797026045, 0.59195697406, 0.500582823376, 0.500239630855, 0.501235858974, 0.500758189476, 0.401291973209, 0.408797301673, 0.281788871963, 0.707936168969
0.237565426709, 0.555702207814, 0.500582823376, 0.500239630855, 0.501235858974, 0.500758189476, 0.400966279481, 0.17547700447, 0.140298247099, 1.01343858204
0.544656970692, 0.248014540267, 0.500582823376, 0.500239630855, 0.501235858974, 0.498198175014, 0.401291973209, 0.224509443999, 0.680717498572, 0.756786014723
0.845953530229, 0.861416633944, 0.500582823376, 0.500239630855, 0.501235858974, 0.498392470588, 0.400966279481, 1.11305780353, 0.179067005383, 0.235293379841
0.763443931192, 0.608724720993, 0.500582823376, 0.500239630855, 0.501235858974, 0.498198175014, 0.401291973209, 0.772382618049, 0.496471087759, 0.393159251486
0.306487731707, 0.999996155215, 0.500582823376, 0.500239630855, 0.501235858974, 0.498198175014, 0.400966279481, 0.488142496828, 1.87681027125e-06, 1.10456007466
7.31487981298e-10, 0.956138291779, 0.500582823376, 0.500239630855, 0.501235858974, 0.498392470588, 0.502693664121, 1.16079107098e-09, 5.32499113345e-11, 1.65968684717
0.735936357648, 8.59081694671e-11, 0.500582823376, 0.500239630855, 0.501235858974, 0.500758189476, 0.502693664121, 9.23992277708e-11, 1.07555810275, 0.3859243904
0.999999999999, 0.377018737061, 0.500582823376, 0.500239630855, 0.501235858974, 0.500758189476, 0.400966279481, 0.501138520832, 0.828075312778, 8.52673213214e-13
0.758856125471, 0.927048122312, 0.500582823376, 0.500239630855, 0.501235858974, 0.500758189476, 0.60096747256, 0.948860851669, 0.0746683792657, 0.325249801849
0.999999999999, 0.999996810343, 0.500582823376, 0.500239630855, 0.501235858974, 0.498392470588, 0.400966279481, 1.52741331681, 4.87193956327e-06, 9.79818703349e-13
0.299053921846, 0.180482891463, 0.500582823376, 0.500239630855, 0.501235858974, 0.498392470588, 0.401291973209, 0.0861819128319, 0.391325468245, 1.11921931667
0.213801760881, 3.05422354074e-12, 0.500582823376, 0.500239630855, 0.501235858974, 0.601182821788, 0.401291973209, 1.30056759931e-12, 0.425825936431, 1.56585988823
0.633029102015, 1.12750142556e-10, 0.500582823376, 0.500239630855, 0.501235858974, 0.500758189476, 0.401291973209, 9.98183035934e-11, 0.885305342587, 0.513216999917
0.493797026045, 0.839918386587, 0.500582823376, 0.500239630855, 0.501235858974, 0.500758189476, 0.401291973209, 0.580036024759, 0.110550148876, 0.707936168969
0.826873562075, 0.940852844491, 0.500582823376, 0.500239630855, 0.501235858974, 0.498392470588, 0.400966279481, 1.1882799424, 0.0747017761101, 0.264436470241
0.94148792428, 0.959214853495, 0.500582823376, 0.500239630855, 0.501235858974, 0.500758189476, 0.401291973209, 1.26299042546, 0.0537014719377, 0.081830445206
0.794201772945, 0.729706161362, 0.500582823376, 0.500239630855, 0.501235858974, 0.498392470588, 0.400966279481, 0.885190661223, 0.32788757231, 0.314339955216
0.999999999992, 0.608724720993, 0.500582823376, 0.500239630855, 0.501235858974, 0.498198175014, 0.401291973209, 1.01170837371, 0.650304583573, 1.26909513095e-11
0.696365663692, 0.77621795464, 0.500582823376, 0.500239630855, 0.501235858974, 0.500758189476, 0.60096747256, 0.729057595778, 0.210185810561, 0.409535626446
0.544656970692, 0.999996810343, 0.500582823376, 0.500239630855, 0.501235858974, 0.498392470588, 0.401291973209, 0.869665552273, 2.77394334874e-06, 0.727058371527
0.927322976152, 0.127236365037, 0.500582823376, 0.500239630855, 0.501235858974, 0.500758189476, 0.400966279481, 0.156832883105, 1.07577764502, 0.0966033054845
0.485945166395, 0.999998404042, 0.500582823376, 0.500239630855, 0.501235858974, 0.498392470588, 0.400966279481, 0.7422403013, 1.18458607869e-06, 0.785176702863
0.386686885917, 5.39750466544e-11, 0.500582823376, 0.500239630855, 0.501235858974, 0.500758189476, 0.400966279481, 2.77426103749e-11, 0.513989558008, 0.815224275575
0.999999999999, 0.103506244613, 0.500582823376, 0.500239630855, 0.501235858974, 0.498198175014, 0.502693664121, 0.178545488461, 1.54642761947, 1.10654758885e-12
0.485945166395, 0.999991967197, 0.500582823376, 0.500239630855, 0.501235858974, 0.500758189476, 0.400966279481, 0.64591984896, 5.18858829075e-06, 0.683288796062
0.0347050106026, 0.484211963425, 0.500582823376, 0.500239630855, 0.501235858974, 0.500758189476, 0.400966279481, 0.0223368819647, 0.023793498224, 1.28308345342
0.734197596494, 1.12750142556e-10, 0.500582823376, 0.500239630855, 0.501235858974, 0.500758189476, 0.400966279481, 1.10033495731e-10, 0.975905601754, 0.353308231747
0.927322976152, 0.608724720993, 0.500582823376, 0.500239630855, 0.501235858974, 0.500758189476, 0.401291973209, 0.789444073323, 0.507437827637, 0.101640441646
0.999999999992, 0.740884097499, 0.500582823376, 0.500239630855, 0.501235858974, 0.500758189476, 0.401291973209, 1.03614296363, 0.362379378969, 1.06789654541e-11
0.999999999999, 1.19414145239e-10, 0.500582823376, 0.500239630855, 0.501235858974, 0.498198175014, 0.60096747256, 1.92527801847e-10, 1.61226964728, 1.03424979948e-12
0.114466768736, 0.825128307379, 0.500582823376, 0.500239630855, 0.501235858974, 0.500758189476, 0.400966279481, 0.125543942378, 0.0266068701141, 1.17706302112
0.965310941362, 0.248014540267, 0.500582823376, 0.500239630855, 0.501235858974, 0.500758189476, 0.401291973209, 0.334821841416, 1.01518707764, 0.0485134235496
0.999999999998, 0.103506244613, 0.500582823376, 0.500239630855, 0.501235858974, 0.500758189476, 0.400966279481, 0.137581932205, 1.1916319014, 2.23350797542e-12
0.763443931192, 0.359846379511, 0.500582823376, 0.500239630855, 0.501235858974, 0.500758189476, 0.401291973209, 0.384205602653, 0.683487792444, 0.330828947507
0.213801760881, 0.359846379511, 0.500582823376, 0.500239630855, 0.501235858974, 0.500758189476, 0.401291973209, 0.107596420682, 0.191410118798, 1.09951580313
0.999999999999, 0.824805931729, 0.500582823376, 0.500239630855, 0.501235858974, 0.498198175014, 0.502693664121, 1.42276805149, 0.302205056437, 1.10654758885e-12
0.63712428574, 0.638684044086, 0.500582823376, 0.500239630855, 0.501235858974, 0.498392470588, 0.400966279481, 0.621538713051, 0.351616509482, 0.554262966216
0.0132485349883, 1.24473431562e-10, 0.500582823376, 0.500239630855, 0.501235858974, 0.498392470588, 0.60096747256, 2.55111578375e-12, 0.0204952635387, 1.52648812438
0.843912710779, 5.4237725422e-12, 0.500582823376, 0.500239630855, 0.501235858974, 0.500758189476, 0.400966279481, 6.08406504962e-12, 1.12174044952, 0.207473384083
0.876849668804, 0.22813892792, 0.500582823376, 0.500239630855, 0.501235858974, 0.500758189476, 0.400966279481, 0.265900645196, 0.899620064575, 0.16369312384
0.306487731707, 9.75086678068e-12, 0.500582823376, 0.500239630855, 0.501235858974, 0.500758189476, 0.502693664121, 4.36767118326e-12, 0.447926454279, 1.01355603896
0.239324457841, 0.321073425873, 0.500582823376, 0.500239630855, 0.501235858974, 0.500758189476, 0.401291973209, 0.10746346874, 0.227237132682, 1.06382174118
0.610538339268, 0.395814037696, 0.500582823376, 0.500239630855, 0.501235858974, 0.500758189476, 0.600168322779, 0.302361423829, 0.461536252941, 0.487289394768
0.427627578064, 0.359846379511, 0.500582823376, 0.500239630855, 0.501235858974, 0.500758189476, 0.401291973209, 0.215204947775, 0.382841774461, 0.800475620369
0.250691142821, 0.656184184244, 0.500582823376, 0.500239630855, 0.501235858974, 0.500758189476, 0.60096747256, 0.221873561542, 0.116253395599, 1.01065207564
0.270270449635, 9.75086678068e-12, 0.500582823376, 0.500239630855, 0.501235858974, 0.498392470588, 0.400966279481, 4.02531382731e-12, 0.41281600065, 1.11460218809
0.358431341778, 0.999996810343, 0.500582823376, 0.500239630855, 0.501235858974, 0.498392470588, 0.401291973209, 0.572315067231, 1.82549437537e-06, 1.02440980502
0.927322976152, 0.47586300742, 0.500582823376, 0.500239630855, 0.501235858974, 0.500758189476, 0.600168322779, 0.552122204736, 0.608132314165, 0.0909325526366
0.11872968671, 8.59081694671e-11, 0.500582823376, 0.500239630855, 0.501235858974, 0.498198175014, 0.400966279481, 1.62453465413e-11, 0.189101300153, 1.40360314813
0.563651653899, 0.740884097499, 0.500582823376, 0.500239630855, 0.501235858974, 0.500758189476, 0.401291973209, 0.584023695128, 0.204255736296, 0.610242911181
0.758856125471, 0.999996810343, 0.500582823376, 0.500239630855, 0.501235858974, 0.498392470588, 0.400966279481, 1.15908695159, 3.69710118051e-06, 0.368327540061
0.499100138291, 0.178577445071, 0.500582823376, 0.500239630855, 0.501235858974, 0.498392470588, 0.60096747256, 0.137879577988, 0.634220044858, 0.774883765077
0.696365663692, 0.297819742627, 0.500582823376, 0.500239630855, 0.501235858974, 0.498392470588, 0.400966279481, 0.316773461825, 0.746868118919, 0.463776608005
0.843912710779, 0.381589890981, 0.500582823376, 0.500239630855, 0.501235858974, 0.500758189476, 0.400966279481, 0.428044815844, 0.693695633684, 0.207473384083
0.94148792428, 0.729706161362, 0.500582823376, 0.500239630855, 0.501235858974, 0.500758189476, 0.401291973209, 0.960798190147, 0.355893707252, 0.081830445206
0.794201772945, 0.959214853495, 0.500582823376, 0.500239630855, 0.501235858974, 0.498392470588, 0.400966279481, 1.16360266006, 0.0494755734769, 0.314339955216
0.306487731707, 0.608724720993, 0.500582823376, 0.500239630855, 0.501235858974, 0.500758189476, 0.401291973209, 0.260917640956, 0.16771229957, 0.969892402079
0.763443931192, 0.740884097499, 0.500582823376, 0.500239630855, 0.501235858974, 0.500758189476, 0.401291973209, 0.791037057433, 0.276656337665, 0.330828947507
0.999999999998, 0.484211963425, 0.500582823376, 0.500239630855, 0.501235858974, 0.500758189476, 0.60096747256, 0.653094943689, 0.695684089093, 2.26638382075e-12
0.237565426709, 0.885530274797, 0.500582823376, 0.500239630855, 0.501235858974, 0.498392470588, 0.400966279481, 0.321325068532, 0.0415366852411, 1.16455643498
0.999999999992, 1.12750142556e-10, 0.500582823376, 0.500239630855, 0.501235858974, 0.500758189476, 0.400966279481, 1.49869049226e-10, 1.32921383345, 1.01497331704e-11
0.139232293618, 0.999998404042, 0.500582823376, 0.500239630855, 0.501235858974, 0.498198175014, 0.502693664121, 0.240171578943, 3.83304313189e-07, 1.48480114569
0.999999999999, 0.871899460718, 0.500582823376, 0.500239630855, 0.501235858974, 0.498198175014, 0.502693664121, 1.50400312256, 0.220969985373, 1.10654758885e-12
0.927322976152, 0.999998404042, 0.500582823376, 0.500239630855, 0.501235858974, 0.500758189476, 0.400966279481, 1.23260856093, 1.96719436979e-06, 0.0966033054845
0.696365663692, 0.157926509147, 0.500582823376, 0.500239630855, 0.501235858974, 0.500758189476, 0.400966279481, 0.146179757481, 0.77943911595, 0.40359496018
0.927322976152, 0.254471065361, 0.500582823376, 0.500239630855, 0.501235858974, 0.500758189476, 0.401291973209, 0.330018918984, 0.966862981975, 0.101640441646
0.907359021602, 1.12750142556e-10, 0.500582823376, 0.500239630855, 0.501235858974, 0.500758189476, 0.60096747256, 1.37986648818e-10, 1.22382682341, 0.12495220924
0.999999351412, 0.999999396893, 0.500582823376, 0.500239630855, 0.501235858974, 0.498392470588, 0.502693664121, 1.65968477096, 1.00096750119e-06, 1.07645331299e-06
0.999999999992, 0.322150778087, 0.500582823376, 0.500239630855, 0.501235858974, 0.500758189476, 0.401291973209, 0.450535060839, 0.947987281755, 1.06789654541e-11
0.675024608104, 0.999996955072, 0.500582823376, 0.500239630855, 0.501235858974, 0.500758189476, 0.60096747256, 0.910456265742, 2.77228188049e-06, 0.438319994761
0.734197596494, 0.999999540337, 0.500582823376, 0.500239630855, 0.501235858974, 0.498392470588, 0.400966279481, 1.12142624754, 5.15478497239e-07, 0.405991425728
0.306487731707, 0.286836231758, 0.500582823376, 0.500239630855, 0.501235858974, 0.500758189476, 0.401291973209, 0.122946596959, 0.305683343567, 0.969892402079
0.184966322559, 0.999996155215, 0.500582823376, 0.500239630855, 0.501235858974, 0.498198175014, 0.400966279481, 0.294595552064, 1.13266097824e-06, 1.29810776357
0.563651653899, 5.39750466544e-11, 0.500582823376, 0.500239630855, 0.499144426988, 0.500758189476, 0.400966279481, 3.80512745604e-11, 0.704979002649, 0.545756265826
