0.00277903448727, 0.386640789297, 0.155621991253, 0.172901867168, 0.0214263629744, 0.16211626322, 0.991484682744, 0.0283224324799, 0.551503069154, 0.926626090014, 0.306897870174, 0.545814979946, 0.978612127461, 0.434638386802, 0.272857259965, 0.0661714701629, 0.293642893195, 12.3315255922, 921.871092946, 239.987061641, 32.075817319, 265.446462365, 246.816288537, 708.721086602, 5.42124619134
0.00184276889526, 0.103822114604, 4.05780095777e-05, 0.000266865751138, 0.0661415811547, 0.000979679163983, 0.0511790234516, 0.768166193376, 0.730110078129, 0.914569433624, 0.845519556627, 0.492525927076, 0.98865062164, 0.884632874443, 0.813903045825, 0.511175479505, 0.996224153014, 747.986868556, 60.2619043157, 1.15478987697, 78.2456861633, 0.316271665739, 0.0480903788515, 124.145675414, 2.21330170069
0.0331593576999, 0.194354230663, 0.475847724471, 0.00012820970568, 0.0044413809361, 0.394846291522, 0.998249032794, 0.986653247653, 0.273131894905, 0.831168232065, 0.452500600369, 0.976200863251, 0.734057130409, 0.86972759857, 0.999482808051, 0.498088362921, 0.670024871269, 1.72369236083, 626.70155537, 447.620692861, 5.37300195509, 0.155104145898, 713.835546352, 330.931990064, 57.3999042895
0.304896021803, 0.000986598999801, 5.47668027291e-05, 0.0067412884962, 0.591240772644, 0.00471970803903, 0.978597224782, 0.638167448164, 0.883781598928, 0.188140271901, 0.794950119627, 0.644526901082, 0.937613534991, 0.997823878624, 0.249734134015, 0.478652775158, 0.00709890937049, 18.1970703087, 541.063004798, 4.01362033045, 723.990034185, 9.57323258323, 0.077775211723, 1.40108612876, 469.441867701
0.00915882569429, 0.24004860265, 0.228363694094, 0.0050727890853, 0.393034259959, 0.00103076504308, 0.978400408221, 0.768166193376, 0.446765080533, 0.993154632865, 0.521402959012, 0.644526901082, 0.736280690363, 0.776833188375, 0.369288204748, 0.0106685539131, 0.114860457945, 27.9278181113, 822.820108441, 1.33301443157, 584.503396987, 8.04564254637, 378.576396079, 427.045119232, 16.6872541266
0.32772859148, 0.0015689106434, 0.00104143688312, 0.614213036392, 0.505188451274, 0.861720671697, 0.982898455573, 0.581815969585, 0.682915561015, 0.00201577569788, 0.215699625722, 0.651608716443, 0.660015297249, 0.0277567990751, 0.272857259965, 0.291051023573, 0.114860457945, 1.83686964557, 68.3626114239, 309.878950306, 322.550632, 652.960918685, 1.2995764912, 1.95779932436, 449.380559526
0.189017777595, 0.477507524781, 0.807146995702, 0.533568158021, 0.000245695773023, 0.999998219649, 0.0982775809986, 0.222860834598, 0.0496334662743, 0.156538212936, 0.259555724533, 0.897665585861, 0.0638724058693, 0.706881549731, 0.396136275766, 0.98873314304, 0.0643476060546, 0.000445166193344, 6.92732823302e-05, 161.098773132, 0.0621741442555, 179.051100595, 770.612820627, 752.249902446, 337.621430269
0.604176636777, 0.00410181496489, 7.55755355168e-05, 0.0139835793458, 0.23288705587, 0.60380851765, 0.430704267577, 0.339381914329, 0.00242813590825, 0.626984127571, 0.821947751145, 0.878568579518, 0.979433018384, 0.276459549512, 0.0263154719482, 0.0301989703596, 0.974479711763, 273.73206491, 219.798359495, 489.316922532, 230.687213959, 14.1676031278, 0.0765762668272, 4.1561865543, 900.214075032
0.0123857752563, 0.0030994767418, 0.465415210168, 0.00726916336595, 0.395223875298, 0.0143367291651, 0.137161829135, 0.373452187165, 0.040511451192, 0.566624163559, 0.804075234554, 0.354518546577, 0.565548047625, 0.0895581208755, 0.93705963514, 0.0159461079855, 0.0264299383664, 745.109960035, 163.067444609, 17.1799826263, 545.609238613, 10.7104170584, 841.26288355, 6.13454790495, 24.5173706327
0.189017777595, 0.0221346842063, 0.858136541433, 0.000394247295248, 0.00150246205761, 0.999931264591, 0.430704267577, 0.222860834598, 0.731927807195, 0.204449176637, 0.259555724533, 0.453633048603, 0.0638724058693, 0.162589350252, 0.396136275766, 0.953455728059, 0.180551373925, 0.0231980062128, 0.0186272796021, 275.550639176, 0.650317771061, 0.170644104972, 1216.01583899, 43.3691413276, 381.705596863
0.0331593576999, 0.194354230663, 0.00142963388089, 0.606189765472, 0.0044413809361, 0.394846291522, 0.998249032794, 0.986653247653, 0.115772775172, 0.831168232065, 0.748387153428, 0.719491090665, 0.734057130409, 0.86972759857, 0.999482808051, 0.498088362921, 0.670024871269, 1.24609910323, 453.05778681, 323.595878613, 3.88427370802, 782.209198093, 2.15612553436, 302.578011795, 52.4819281259
0.074982184854, 0.242435887801, 0.154359722877, 0.672351214937, 0.505188451274, 0.972663163513, 0.000636484519197, 0.0685376737504, 0.46895660403, 0.949714099271, 0.110220860937, 0.969828880345, 0.381887687747, 0.849940731606, 0.187132127783, 0.291051023573, 0.995645918814, 14.1392425983, 0.014136243353, 329.072192623, 334.788875424, 830.497837815, 235.980080972, 393.49284345, 125.274031015
0.452101007091, 0.0154697500519, 4.56097582392e-05, 0.00464023248252, 0.40164807049, 0.125784397836, 0.592932013721, 0.772414998891, 0.150843936937, 0.00258816339211, 0.148522819917, 0.956447504226, 0.0960606881973, 0.862659719689, 0.465393444262, 0.264424700316, 0.877814222159, 505.223761653, 679.389202368, 169.494412954, 630.756150203, 7.79411591765, 0.0766105776714, 25.9896096548, 919.684837459
0.0668741679916, 0.242435887801, 0.00115934546335, 0.0662582606668, 0.0223150283934, 0.32112876999, 0.000353964926622, 0.840195930653, 0.998834704122, 0.949714099271, 0.185216586399, 0.0353131051816, 0.743633722664, 0.849940731606, 0.194919308497, 0.206906394391, 0.862947617034, 1041.11716202, 0.57886828815, 574.765319627, 41.7025881662, 124.298716081, 2.17883482625, 479.008686964, 135.879728483
0.452101007091, 0.341809153252, 0.519873454986, 0.000880011227342, 0.000503482034613, 0.614358910643, 0.877259731272, 0.369067504654, 0.00639858701441, 0.207030185184, 0.259555724533, 0.920762690281, 0.70561985218, 0.52974526121, 0.760007465882, 0.777446048678, 0.916354622934, 46.4749953918, 238.058706184, 350.190226904, 0.33689957552, 0.588850461992, 453.450174606, 370.334638532, 622.530703056
0.0014444937858, 0.125773775901, 0.000977115874948, 0.00370128007628, 0.0120927236672, 0.00692573331761, 0.978400408221, 0.768166193376, 0.94151775895, 0.217841809276, 0.521402959012, 0.0353131051816, 0.736280690363, 0.935950034124, 0.0128837454583, 0.00124114568099, 0.058672739345, 43.8154396099, 1290.90731784, 14.0523142806, 24.5395742241, 7.51148586559, 1.9830002175, 258.624369462, 2.98967980981
0.416600669488, 0.103822114604, 4.05780095777e-05, 0.000266865751138, 0.0661415811547, 0.197945515719, 0.0511790234516, 0.768166193376, 0.730110078129, 0.914569433624, 0.845519556627, 0.492525927076, 0.98865062164, 0.94883977701, 0.813903045825, 0.511175479505, 0.996224153014, 684.70549315, 55.1636113509, 220.746847583, 75.2333691441, 0.304095780165, 0.0462389864774, 119.366292048, 564.008970715
2.89709768554e-05, 0.00410181496489, 0.931729521306, 0.033497693686, 0.862772120314, 0.4196893419, 0.139386222851, 0.0474585080044, 0.457052586071, 0.0149992669818, 0.459581015541, 0.265942675554, 0.434146026125, 0.851233906313, 0.00450828887961, 0.0840292567597, 0.447186525094, 26.0194799608, 5.78970924444, 20.6555667748, 154.011535538, 8.30343764839, 1466.56539535, 9.5039780518, 0.0671267318958
0.0014444937858, 0.114526903162, 0.224223575924, 0.280274609016, 0.000232281205216, 0.808257155376, 0.999999398978, 0.339381914329, 0.0129360636853, 0.730808127835, 0.741295830968, 0.677883288956, 0.809715288747, 0.34044530243, 0.698792451177, 0.5712113988, 0.193034310431, 0.000237339370272, 251.396820199, 809.288117715, 0.309200956996, 399.219674916, 344.292558184, 181.506110102, 2.30168152597
0.0159006251517, 0.00106196533114, 5.47668027291e-05, 0.0067412884962, 0.591240772644, 0.00692573331761, 0.0443301853161, 0.7360346966, 0.883781598928, 0.821371272376, 0.794950119627, 0.982174568231, 0.937613534991, 0.997062531062, 0.994634172812, 0.478652775158, 0.244844601662, 560.941593058, 39.1236896997, 6.11750291998, 752.01143277, 9.94375614473, 0.0807854330034, 1.56648561752, 23.4596104244
0.452101007091, 0.0154697500519, 4.56097582392e-05, 0.00464023248252, 0.40164807049, 0.125784397836, 0.0443301853161, 0.864915912986, 0.150843936937, 0.00258816339211, 0.215699625722, 0.956447504226, 0.0960606881973, 0.862659719689, 0.465393444262, 0.264424700316, 0.565423844127, 814.826169756, 56.8312398639, 163.519233259, 608.520129113, 7.51935026397, 0.0739098280706, 25.0733989952, 887.263225026
0.955398329856, 0.143938537032, 0.0578802171305, 0.00726916336595, 0.0405125626721, 0.933502054988, 0.877259731272, 0.187767413375, 0.276307588323, 0.0772360485343, 0.800047746395, 0.39800129606, 0.564891047219, 0.888989088907, 0.002905625453, 0.498088362921, 0.193034310431, 0.669338290374, 3.4285491814, 33.3212294936, 2.13496609933, 0.383352002111, 3.06091907414, 7.75509740855, 492.963150261
0.493908722833, 0.512890545974, 7.55755355168e-05, 0.131744885924, 0.0120927236672, 0.000113589599567, 0.768969949901, 0.775055346304, 0.536474467168, 0.582813171727, 0.0357906058117, 0.222300682206, 0.463521917465, 0.0285669439638, 0.504791804499, 0.820649615493, 0.13520854106, 201.720733643, 531.23733492, 0.101390065822, 10.7952624637, 119.324977985, 0.0689418792178, 604.747906144, 822.545622671
0.420379197246, 0.954465112162, 4.59973673255e-05, 0.584594278394, 0.00910641692653, 0.00692573331761, 0.213418680491, 0.0274540797913, 0.35667633657, 0.255552948926, 0.913511584585, 0.982174568231, 0.587605248287, 0.849940731606, 0.165941562007, 0.00333277558515, 0.940929310961, 42.0689250895, 14.656273829, 0.484662433341, 0.637322590572, 58.3053338574, 0.0053019518715, 1024.18233871, 797.453811424
0.189017777595, 0.000470789753877, 0.0586218692803, 0.533568158021, 0.000245695773023, 0.999998219649, 0.0982775809986, 0.222860834598, 0.0496334662743, 0.156538212936, 0.154566067896, 0.897665585861, 0.0638724058693, 0.64971744729, 0.816063053835, 0.614074103372, 0.0643476060546, 0.00247272169909, 0.000384785617027, 894.839810338, 0.345352719775, 994.557871437, 123.544065978, 0.993580898678, 411.064336752
0.426353917373, 0.0030994767418, 0.000971265206077, 0.428397910876, 0.00619007094101, 0.0564641392644, 0.991484682744, 0.0181439787411, 0.0156408910016, 0.844545495274, 0.306897870174, 0.173521651392, 0.605221112748, 0.426007786723, 0.091358964259, 0.0661714701629, 0.188762820855, 6.85171634087, 512.215555528, 45.5538514487, 5.00070519608, 409.917015031, 1.00339772351, 3.20204375385, 520.752180402
0.189017777595, 0.0221346842063, 0.228363694094, 0.725444907435, 0.00150246205761, 0.641257423623, 0.00955100263749, 0.0438650168619, 0.159160761659, 0.204449176637, 0.0355055201697, 0.897665585861, 0.0638724058693, 0.707128986978, 0.396136275766, 0.953455728059, 0.180551373925, 223.393132707, 3.35174712761, 353.592661556, 0.987127151429, 908.954196661, 375.148116462, 37.1687686223, 327.134146016
0.189017777595, 0.0221346842063, 0.519873454986, 0.00155767315878, 0.00150246205761, 0.895621423949, 0.00809786774859, 0.369067504654, 0.230124818414, 0.224151217274, 0.185216586399, 0.897665585861, 0.98273317877, 0.292426999461, 0.838145914023, 0.918606613244, 0.180551373925, 93.8392086551, 1.19370858558, 567.246800909, 1.35693785661, 1.40680548094, 612.02727464, 29.2086364381, 257.074492689
0.342937542353, 0.0030994767418, 0.465415210168, 0.00726916336595, 0.754685708581, 0.00103076504308, 0.137161829135, 0.24065459468, 0.46895660403, 0.566624163559, 0.197981757835, 0.354518546577, 0.736280690363, 0.0111095397012, 0.93705963514, 0.0159461079855, 0.0264299383664, 303.509953292, 66.4232061728, 0.503050798593, 765.979001587, 9.43874830861, 741.37809722, 5.40618104282, 663.630435742
0.233962354598, 0.114526903162, 0.515170738076, 0.280274609016, 0.000232281205216, 0.970401726844, 0.999997767448, 0.759043290646, 0.0769133862925, 0.156538212936, 0.741295830968, 0.932000649705, 0.688347746848, 0.34044530243, 0.774802054517, 0.925681730812, 0.503449214754, 0.000121596981598, 34.6737906834, 745.250013719, 0.272210899952, 351.460577752, 864.969185544, 217.34883767, 467.663651385
0.00219956021955, 0.345450506138, 0.00218887603628, 0.307839601542, 0.00063106257, 0.0261629725737, 0.430704267577, 0.744495862023, 0.897811077119, 0.835095457056, 0.839890191407, 0.785764558929, 0.120338397706, 0.788109182899, 0.0361906979444, 0.0432303366405, 0.909253135598, 695.64028667, 558.577577893, 36.6849089541, 0.885105786463, 468.893738399, 3.46761969994, 608.160670168, 4.06908032824
0.000437218904657, 0.000502739806992, 5.47668027291e-05, 0.0067412884962, 0.591240772644, 0.00692573331761, 0.748481522554, 0.986653247653, 0.883781598928, 0.256444112466, 0.794950119627, 0.644526901082, 0.937613534991, 0.786185035327, 0.156054366581, 0.478652775158, 0.114860457945, 253.31905019, 607.464019882, 7.16042031231, 880.21501726, 11.6389766234, 0.0945578061806, 0.868007274492, 0.754882115206
3.70992461551e-06, 0.725944827554, 4.59973673255e-05, 0.000394247295248, 0.00408197149831, 0.00692573331761, 0.213418680491, 0.222860834598, 0.999031209255, 0.831168232065, 0.259555724533, 0.0353131051816, 0.0141610847913, 0.52974526121, 0.275156299255, 0.262029991299, 0.152858230729, 521.101905532, 181.545219043, 6.00344594059, 3.53850102734, 0.341759906289, 0.0398735949956, 1201.77482323, 0.0077064999262
0.0014444937858, 0.125773775901, 0.000977115874948, 0.00370128007628, 0.0120927236672, 0.00692573331761, 0.360129365121, 0.768166193376, 0.94151775895, 0.217841809276, 0.521402959012, 0.0353131051816, 0.580906500486, 0.935950034124, 0.0128837454583, 0.00124114568099, 0.058672739345, 1002.47643826, 636.476681695, 12.9187892725, 22.5600980669, 6.90557448992, 1.82304219971, 237.76252531, 2.7485183354
0.452101007091, 6.51127577844e-06, 0.323693326129, 0.578402712717, 0.000250225708709, 0.306122088558, 0.877259731272, 0.369067504654, 0.00639858701441, 0.256444112466, 0.741295830968, 0.897665585861, 0.524011840769, 0.424882974677, 0.352006644317, 0.777446048678, 0.533744376111, 84.2154063168, 431.376280934, 229.296926575, 0.194851090894, 635.799494025, 449.335398622, 0.00944016974367, 793.585161475
3.67260016045e-05, 0.368152118401, 7.55755355168e-05, 0.0662582606668, 0.677567982961, 0.623547679613, 0.441914866224, 0.175167949852, 0.0165697371736, 0.0697281252406, 0.87917698856, 0.881887701121, 0.996557133712, 0.111949743598, 0.0458479394243, 0.243224132945, 0.551253177757, 204.13805014, 169.914506813, 395.541896276, 858.855932581, 102.591750733, 0.117229792164, 644.570567205, 0.0680297342704
0.000437218904657, 0.000935485583546, 0.000147800228327, 0.000164780089521, 0.000245695773023, 0.999965252836, 0.0610919346883, 0.222860834598, 0.0496334662743, 0.673705079744, 0.259555724533, 0.897665585861, 0.0638724058693, 0.706881549731, 0.216718583582, 0.98873314304, 0.0643476060546, 0.0606300207648, 0.00583616375126, 1115.96670066, 0.430693998378, 0.288852339959, 0.259087388328, 1.6398668394, 0.766426727115
0.189017777595, 0.0436261789328, 0.239470320413, 0.494602033754, 0.982954836065, 0.00692573331761, 0.989306205995, 0.355032111435, 0.799148211496, 0.0681318788961, 0.391080003386, 0.644526901082, 0.718964916583, 0.796287705375, 0.0545355501774, 0.0400520657663, 0.0771096602702, 0.336399039041, 20.0245241786, 0.217884459038, 747.866921642, 735.55440337, 414.38421933, 77.4229655881, 345.936287792
0.000379634802572, 0.0030994767418, 0.000977115874948, 0.407528852345, 0.00631160991682, 0.647137811291, 0.137161829135, 0.211821313546, 0.159160761659, 0.918446948604, 0.920771176099, 0.677883288956, 0.514704658764, 0.668031952569, 0.93705963514, 0.570823898536, 0.00723949838244, 420.135713406, 91.946774099, 694.794550137, 8.10153750363, 608.605816855, 1.56387284475, 4.96075013827, 0.607612580958
0.221062018445, 0.011542927236, 0.000715024151344, 0.0227606431816, 0.67493865852, 0.969804607576, 0.40554245272, 0.768166193376, 0.115772775172, 0.927442312818, 0.886095892218, 0.692442463503, 0.718964916583, 0.558120780807, 0.445720816936, 0.426136538767, 0.00244755504985, 17.4047969775, 12.8783179244, 456.139018726, 815.227597486, 33.4216870402, 1.05016431537, 16.9550935628, 338.443369632
0.000858206034749, 0.00226456183889, 0.0550529632122, 0.00617002481951, 0.630378834228, 0.0564641392644, 0.978597224782, 0.61899943492, 0.815725659238, 0.565183018761, 0.306897870174, 0.644526901082, 0.700742783969, 0.495690030115, 0.300043501916, 0.30408718646, 0.211620381092, 9.89285223273, 294.149347354, 26.1725992444, 450.40473906, 5.2209254884, 46.701686739, 1.92344296655, 0.728933436116
0.00219956021955, 0.0580036313438, 0.00104143688312, 0.629706327848, 0.0669603119178, 0.00692573331761, 0.137161829135, 0.811325970932, 0.798727948419, 0.565183018761, 0.521402959012, 0.76710231008, 0.718964916583, 0.998840597055, 0.0091095555548, 0.00333277558515, 0.686464891498, 335.999253279, 73.5334951371, 3.74196786908, 36.3133245341, 526.028202573, 1.0298826002, 57.5193837308, 2.18422646782
0.0127329755727, 0.639106601647, 0.000147800228327, 0.636794956864, 0.00229082040033, 0.48889856233, 0.00450766825466, 0.0381441416015, 0.0103852731884, 0.0681318788961, 0.317920147872, 0.750418134345, 0.0852591608897, 0.989032852191, 0.945745660398, 0.820649615493, 0.371342632477, 249.297121011, 1.76520985891, 240.756787296, 1.24713430681, 540.092891924, 0.148986731806, 1008.07555892, 23.9043539282
0.342937542353, 0.0030994767418, 0.465415210168, 0.00726916336595, 0.00910641692653, 0.0143367291651, 0.137161829135, 0.107922252516, 0.276307588323, 0.566624163559, 0.804075234554, 0.354518546577, 0.565548047625, 0.0895581208755, 0.93705963514, 0.0159461079855, 0.0264299383664, 667.282798843, 146.034956819, 15.3855236218, 9.77408389234, 7.80273121709, 612.875122178, 4.46912834296, 548.603453368
0.000276353736366, 0.0015689106434, 0.36278252473, 0.0306308922264, 0.505188451274, 0.655997377494, 0.153115442708, 0.461520364528, 0.551503069154, 0.256444112466, 0.259555724533, 0.677883288956, 0.809715288747, 0.104800427264, 0.272857259965, 0.999293513294, 0.159483760254, 363.334020874, 89.111548369, 623.590564079, 739.149509489, 49.9288225551, 665.180997095, 3.03848894898, 0.535211281925
0.342937542353, 0.386518753662, 0.465415210168, 0.00726916336595, 0.00218180215467, 0.0143367291651, 0.137161829135, 0.222860834598, 0.216885505306, 0.231190896396, 0.89734696012, 0.354518546577, 0.565548047625, 0.0895581208755, 0.93705963514, 0.0159461079855, 0.371342632477, 559.03634925, 122.345202461, 12.8896878082, 1.96176098877, 6.53634372075, 513.405158399, 534.170817477, 559.563570805
0.0151780413573, 0.408238759714, 0.0303121642806, 0.000811904627339, 0.00631160991682, 0.0780470815793, 0.141374474209, 0.211821313546, 0.731927807195, 0.835095457056, 0.259555724533, 0.692442463503, 0.718964916583, 0.884632874443, 0.93705963514, 0.15560969653, 0.00723949838244, 860.1878801, 194.225669418, 108.655368312, 8.80921760673, 1.1332077996, 42.3399142791, 664.063227373, 26.4713988524
0.205427306394, 0.787842842555, 6.58196238662e-05, 0.703655290502, 0.980657152229, 0.899792034372, 0.532385660911, 0.0972701862767, 0.485086467742, 0.231190896396, 0.869816942821, 0.983009289272, 0.194801418671, 0.788467714561, 0.0263154719482, 0.792985104628, 0.551253177757, 0.365464181599, 0.404676028838, 3.43547815362, 114.449999789, 227.950691791, 0.0263738635153, 736.90809748, 260.746604413
0.690734892776, 0.477507524781, 0.807146995702, 0.533568158021, 0.000245695773023, 0.569263158071, 0.0982775809986, 0.181933095306, 0.643838437917, 0.156538212936, 0.259555724533, 0.897665585861, 0.120338397706, 0.706881549731, 0.0361906979444, 0.98873314304, 0.0643476060546, 50.0324016316, 7.78565114715, 63.0525503354, 0.0312096750753, 89.8786262097, 386.826003456, 377.60833401, 1049.12122745
0.00219956021955, 0.00239316191844, 0.00218887603628, 0.307839601542, 0.00063106257, 0.0261629725737, 0.430704267577, 0.744495862023, 0.276307588323, 0.835095457056, 0.839890191407, 0.785764558929, 0.0638724058693, 0.788109182899, 0.396136275766, 0.0432303366405, 0.909253135598, 809.35994363, 649.890935904, 42.6819671202, 1.02979827817, 545.546048656, 4.03448813798, 4.41105284922, 4.05423375557
0.189017777595, 0.370611668707, 0.239470320413, 0.428397910876, 0.982954836065, 0.16848726577, 0.748481522554, 0.957476821673, 0.798727948419, 0.0681318788961, 0.319824960086, 0.644526901082, 0.718964916583, 0.796287705375, 0.0545355501774, 0.0400520657663, 0.0771096602702, 7.22385424268, 17.3229432765, 5.08666178079, 726.110849969, 578.937877873, 366.868704092, 657.389549633, 365.806344839
0.000437218904657, 0.000737169259181, 0.000977115874948, 0.307839601542, 0.73338930295, 0.647137811291, 0.137161829135, 0.211821313546, 0.815638468778, 0.936457879863, 0.259555724533, 0.692442463503, 0.394516288549, 0.776833188375, 0.93705963514, 0.15560969653, 0.00723949838244, 186.837344163, 40.8893853317, 308.980085112, 816.369749523, 469.257501949, 1.5491439844, 1.16872759045, 0.693178649418
0.074982184854, 0.242435887801, 0.492761947345, 0.672351214937, 0.505188451274, 0.972663163513, 0.000636484519197, 0.0685376737504, 0.46895660403, 0.949714099271, 0.110220860937, 0.969828880345, 0.734057130409, 0.849940731606, 0.187132127783, 0.291051023573, 0.670024871269, 12.4211149378, 0.0124184801452, 289.08504108, 294.107062143, 729.580034243, 819.313500109, 469.257235301, 149.394700381
0.00297031926319, 0.0154697500519, 4.56097582392e-05, 0.00464023248252, 0.00631160991682, 0.125784397836, 0.592932013721, 0.772414998891, 0.150843936937, 0.00258816339211, 0.148522819917, 0.956447504226, 0.0960606881973, 0.862659719689, 0.465393444262, 0.264424700316, 0.877814222159, 825.090994772, 1109.5240473, 276.804703989, 13.9807496469, 10.2788577216, 0.101033810143, 34.2750226843, 6.58178177311
0.0668741679916, 0.242435887801, 0.519873454986, 0.0662582606668, 0.0223150283934, 0.32112876999, 0.00020639522519, 0.840195930653, 0.998834704122, 0.949714099271, 0.185216586399, 0.920762690281, 0.757847047963, 0.849940731606, 0.194919308497, 0.206906394391, 0.862947617034, 661.215000433, 0.214369125212, 365.034240296, 26.4853707588, 78.9422845204, 808.847480468, 444.314480235, 126.038071079
0.189017777595, 0.0221346842063, 7.55755355168e-05, 0.000394247295248, 0.00150246205761, 0.641257423623, 0.503909063825, 0.222860834598, 0.159160761659, 0.204449176637, 0.0355055201697, 0.897665585861, 0.0638724058693, 0.935950034124, 0.396136275766, 0.953455728059, 0.180551373925, 418.761797341, 423.93631793, 943.082659166, 2.6328105759, 0.690852417509, 0.132433489407, 38.8029705603, 341.517276671
2.89709768554e-05, 0.00410181496489, 4.05780095777e-05, 0.033497693686, 0.862772120314, 0.4196893419, 0.139386222851, 0.0474585080044, 0.457052586071, 0.0149992669818, 0.459581015541, 0.265942675554, 0.434146026125, 0.851233906313, 0.00450828887961, 0.430827008205, 0.447186525094, 255.079709832, 56.7589112585, 202.495053217, 1509.8386999, 81.4020291395, 0.098653270108, 9.97247188461, 0.0704357104875
0.074982184854, 0.242435887801, 0.616622868417, 0.153428359673, 0.505188451274, 0.997701103727, 0.106504940566, 0.0685376737504, 0.270027842465, 0.984741442113, 0.0517490964592, 0.0298472328763, 0.999904946143, 0.874762717765, 0.93705963514, 0.15560969653, 0.11648796193, 1.68507163781, 0.284568233415, 473.242142962, 481.022684408, 165.851549042, 1010.89970868, 491.118708014, 156.354610469
0.0151780413573, 0.000737169259181, 0.465415210168, 0.307839601542, 0.860977410709, 0.647137811291, 0.039534670618, 0.775055346304, 0.509042007306, 0.870140665857, 0.259555724533, 0.692442463503, 0.718964916583, 0.776833188375, 0.187132127783, 0.291051023573, 0.00723949838244, 54.7152439542, 3.40224146837, 88.563373016, 469.358033387, 252.472717054, 487.022406277, 0.844647251538, 17.3942730929
0.304896021803, 0.000986598999801, 5.47668027291e-05, 0.297131658714, 0.370669026362, 0.394846291522, 0.978597224782, 0.986653247653, 0.592223702579, 0.188140271901, 0.452500600369, 0.644526901082, 0.937613534991, 0.997823878624, 0.249734134015, 0.869521990516, 0.00709890937049, 20.0196133405, 595.253629575, 425.397831868, 481.876253665, 441.533522368, 0.0844143017845, 1.52068640739, 509.514620565
0.000611707174183, 0.31506181587, 5.47668027291e-05, 0.0067412884962, 0.591240772644, 0.00692573331761, 0.595030460929, 0.7360346966, 0.0820124576193, 0.821371272376, 0.794950119627, 0.982174568231, 0.937613534991, 0.997062531062, 0.994634172812, 0.478652775158, 0.244844601662, 297.983438148, 403.477728981, 5.45692629487, 670.808173727, 8.87001528004, 0.0720621075895, 452.083830754, 0.914623017788
0.0014444937858, 0.000466548784937, 0.582642702758, 0.30425233843, 0.0120927236672, 0.000332967045767, 0.978400408221, 0.58159614595, 0.0530086560902, 0.183971341954, 0.231781098468, 0.18999416385, 0.839744949456, 0.391949740326, 0.0128606589872, 0.000594368922947, 0.725173854164, 16.6040719503, 489.195547903, 0.256008085496, 9.29884087007, 253.57932781, 716.910008856, 0.662791501646, 2.05208965287
0.999926897389, 6.51127577844e-06, 0.323693326129, 0.578402712717, 0.000503482034613, 0.306122088558, 0.877259731272, 0.369067504654, 0.409999979317, 0.0589740013224, 0.741295830968, 0.873587779491, 0.524011840769, 0.424882974677, 0.0590125158569, 0.969003919994, 0.0667456267399, 0.0146861902647, 0.0752270209759, 0.039986724972, 6.83710992388e-05, 0.110876084872, 0.0783589012921, 1.64625651883e-06, 1401.71193861
3.70992461551e-06, 0.725944827554, 0.807146995702, 0.000394247295248, 0.00408197149831, 0.0143367291651, 0.430704267577, 0.844010710745, 0.998536407581, 0.831168232065, 0.259555724533, 0.0353131051816, 0.0141610847913, 0.52974526121, 0.327276325093, 0.262029991299, 0.0952035816776, 121.964991629, 97.9341060566, 3.52313866818, 1.00321099986, 0.0968933722646, 500.590241515, 1142.12232604, 0.00732397238746
0.189017777595, 0.000311846518243, 0.0586218692803, 0.533568158021, 0.00619007094101, 0.0564641392644, 0.0982775809986, 0.222860834598, 0.0496334662743, 0.156538212936, 0.154566067896, 0.602894227457, 0.605221112748, 0.64971744729, 0.816063053835, 0.614074103372, 0.0643476060546, 760.887383496, 118.403345372, 68.4777476382, 7.51719157743, 859.274033562, 106.739095778, 0.568615528044, 355.149626414
0.000437218904657, 0.0221346842063, 5.47668027291e-05, 0.964317909453, 0.00150246205761, 0.887860243918, 0.00955100263749, 0.443847636891, 0.159160761659, 0.204449176637, 0.0355055201697, 0.480048420159, 0.0638724058693, 0.707128986978, 0.396136275766, 0.953455728059, 0.104049991329, 10.7168196963, 0.160793078995, 60.2158323137, 0.144346995883, 1090.08277926, 0.0939245829421, 37.9760921449, 0.750280135487
0.000199315652279, 0.4686858257, 0.525413469117, 0.10366984597, 0.00466675192701, 0.00685119479603, 0.14757703636, 0.632048068415, 0.991515078464, 0.876191459143, 0.564856077789, 0.429820725076, 0.955208362336, 0.00663191550737, 0.156054366581, 0.00139626753895, 0.447309783555, 607.055333886, 143.29969953, 6.7128387882, 4.57267967912, 102.488526049, 684.75388028, 844.488410547, 0.393748718444
0.342937542353, 0.0015689106434, 0.36278252473, 0.0306308922264, 0.505188451274, 0.655997377494, 0.748481522554, 0.369067504654, 0.551503069154, 0.256444112466, 0.185216586399, 0.677883288956, 0.809715288747, 0.104800427264, 0.272857259965, 0.998883123904, 0.371342632477, 99.0337975861, 237.484976912, 428.904458008, 508.385690894, 34.3409535206, 457.51028234, 2.08986718353, 506.80780344
0.233962354598, 0.114526903162, 0.515170738076, 0.280274609016, 0.000232281205216, 0.00220737794034, 0.999997767448, 0.759043290646, 0.0769133862925, 0.156538212936, 0.741295830968, 0.932000649705, 0.688347746848, 0.34044530243, 0.774802054517, 0.988675982281, 0.503449214754, 0.00246705266746, 703.488414536, 2.43924411094, 0.256680884589, 331.409256615, 815.621474845, 204.948780256, 440.982781177
0.00219956021955, 0.345450506138, 0.00218887603628, 0.307839601542, 0.00063106257, 0.980159770867, 0.430704267577, 0.744495862023, 0.897811077119, 0.835095457056, 0.839890191407, 0.785764558929, 0.120338397706, 0.788109182899, 0.0361906979444, 0.0432303366405, 0.909253135598, 21.6944094991, 17.4199380686, 892.466245783, 0.885105786463, 468.893738399, 3.46761969994, 608.160670168, 4.06908032824
0.119714782915, 0.440880490381, 0.465415210168, 0.000394247295248, 0.642182175594, 0.00122181069621, 0.748481522554, 0.638167448164, 0.611344818991, 0.316576836068, 0.921517122762, 0.644526901082, 0.937613534991, 0.495690030115, 0.141063623176, 0.478652775158, 0.735803019705, 136.747477728, 327.923116983, 0.681885644431, 564.118779695, 0.412863893925, 597.913759145, 742.931289776, 221.423989833
1.22441834026e-05, 0.011542927236, 0.233857208362, 0.0067412884962, 7.30952599649e-05, 0.315813672757, 0.532385660911, 0.0972701862767, 0.821740623182, 0.831168232065, 0.259555724533, 0.229092382154, 0.0141610847913, 0.52974526121, 0.0900285525961, 0.262029991299, 0.114533161355, 570.125212949, 631.295811555, 460.381573378, 0.111054860546, 10.2425361028, 372.218088957, 18.7941148739, 0.0199369877298
0.00915882569429, 0.24004860265, 0.966515412559, 0.0214312048768, 0.393034259959, 0.00103076504308, 0.978400408221, 0.768166193376, 0.446765080533, 0.993154632865, 0.521402959012, 0.644526901082, 0.736280690363, 0.804840945465, 0.369288204748, 0.0106685539131, 0.00709890937049, 1.42730812487, 42.0519004172, 0.0681264222349, 29.8722386479, 1.73778544615, 980.722509491, 388.919971426, 15.1974723649
0.0271773140072, 0.16097078221, 0.000350870532125, 0.0576740526984, 0.00408197149831, 0.0540474386082, 0.690779120424, 0.457071482556, 0.0445350870276, 0.69321158216, 0.418617059293, 0.677883288956, 0.798325490556, 0.495690030115, 0.81660156673, 0.792985104628, 0.801993351624, 298.736740608, 565.889140809, 54.4569617762, 4.1179023029, 58.3418137609, 0.355418985946, 166.623727486, 28.4510226689
0.381466640403, 0.21904700135, 0.566624577256, 0.986401086865, 0.00128337078166, 0.96959855869, 0.999877444343, 0.00944763826076, 0.0171614067002, 0.831168232065, 0.310019954381, 0.228835169524, 0.781948709041, 0.0693921469554, 0.726740201732, 0.00647614617247, 0.483668570999, 8.03307394398e-05, 0.417280911161, 8.73140563859, 0.0176218771046, 409.157294415, 505.314164511, 233.006374792, 471.755726765
0.189017777595, 0.477507524781, 0.0465271226757, 0.453919483415, 0.000245695773023, 0.999998219649, 0.0139195072311, 0.844010710745, 0.0496334662743, 0.156538212936, 0.259555724533, 0.881246735701, 0.0638724058693, 0.64971744729, 0.624338200374, 0.98873314304, 0.0643476060546, 0.00236997605105, 5.18271002097e-05, 847.661064995, 0.327144647412, 733.044503741, 82.0493188094, 1046.94007693, 469.882953831
7.75199884673e-06, 0.000470789753877, 0.515170738076, 0.659129793264, 0.000232281205216, 0.778742721253, 0.999997767448, 0.628929018754, 0.0129360636853, 0.933153871427, 0.916804707596, 0.932000649705, 0.752386928629, 0.11781683442, 0.774802054517, 0.925681730812, 0.217048461528, 0.000482251191178, 137.515558693, 379.610191337, 0.147315005711, 680.579832727, 829.973321135, 0.848046349796, 0.0139638870026
0.433144500347, 0.368152118401, 0.332568322305, 0.0067412884962, 0.906585177056, 0.00324725822795, 0.978400408221, 0.97862889886, 0.522432394262, 0.0885655554976, 0.998300636029, 0.644526901082, 0.904436999211, 0.959297982353, 0.883471091078, 0.291051023573, 0.641225610758, 2.64156052413, 77.8266711797, 0.397208872611, 526.884850346, 5.64010363568, 306.666058225, 401.175564746, 593.98441207
0.0027980555762, 0.4686858257, 0.525413469117, 0.689911405, 0.00466675192701, 0.00692573331761, 0.14757703636, 0.632048068415, 0.991515078464, 0.876191459143, 0.564856077789, 0.429820725076, 0.945481299229, 0.00663191550737, 0.156054366581, 0.000322970892585, 0.447309783555, 287.979324458, 67.9795536949, 3.2191340547, 2.169223792, 558.706741327, 684.840193137, 844.594857856, 5.52830004286
7.18329070337e-06, 0.0154697500519, 0.000977115874948, 0.315486524296, 0.214906884797, 0.0155275845222, 0.0116819127476, 0.182750611443, 0.531630717109, 0.0205246734289, 0.442674291977, 0.453274864524, 0.999946716065, 0.0138782488295, 0.0429772405896, 0.00290990938421, 0.0264299383664, 946.7692144, 17.3750759581, 23.1008075308, 332.48098462, 542.648768658, 1.75149242719, 27.735190599, 0.0128799459856
0.355198909715, 0.114526903162, 0.224223575924, 0.280274609016, 0.000232281205216, 0.808257155376, 0.999999398978, 0.339381914329, 0.0129360636853, 0.730808127835, 0.741295830968, 0.677883288956, 0.809715288747, 0.34044530243, 0.677460995888, 0.5712113988, 0.00709890937049, 0.000220944538133, 234.030933272, 753.384443466, 0.287842099503, 371.642541171, 320.509657388, 168.968105118, 589.345675447
0.545664175374, 0.00267560181516, 0.000971265206077, 0.945767512751, 0.0014370705921, 0.00117704400026, 0.629988875898, 0.474001846121, 0.125303598928, 0.0681318788961, 0.306897870174, 0.0250234102604, 0.0852591608897, 0.577866882929, 0.890316815016, 0.342246022768, 0.630814875427, 31.2132729303, 47.515857332, 0.105111548127, 0.128332549421, 665.744315303, 1.0193967982, 2.80821038793, 771.62713359
0.00145375421725, 0.188696742152, 0.000180369811233, 0.00231586713827, 0.00631160991682, 0.320757141819, 0.340133843462, 0.0181439787411, 0.595275575593, 0.626984127571, 0.521402959012, 0.644526901082, 0.688188259048, 0.959297982353, 0.0263154719482, 0.0599839172762, 0.81823413096, 800.000126248, 473.345802426, 512.463029637, 10.5238233198, 3.86150026533, 0.30075111703, 324.185452252, 2.53453782717
0.000372544306355, 0.000113668294678, 4.05780095777e-05, 0.659129793264, 0.747038277227, 0.990867226994, 0.506603817933, 0.744495862023, 0.114139085723, 0.878350908044, 0.338291437801, 0.829935207751, 0.00691528658795, 0.102612892587, 0.272169767354, 0.655725209443, 0.0365328239889, 2.42160234817, 2.47237058836, 241.222379677, 574.843483201, 1050.85478313, 0.0778810760165, 0.218162726331, 0.715021646917
0.0331593576999, 0.194354230663, 8.66908710484e-05, 0.00012820970568, 0.00408197149831, 0.394846291522, 0.998249032794, 0.986653247653, 0.273131894905, 0.835095457056, 0.129050923037, 0.785764558929, 0.704200542317, 0.86972759857, 0.999482808051, 0.136611851461, 0.275085131304, 2.11658733082, 769.550647462, 549.650453325, 6.06379183105, 0.190457553159, 0.128780666855, 298.033507039, 51.6936872007
0.000437218904657, 0.735495538486, 0.000147800228327, 0.000164780089521, 0.000245695773023, 0.999965252836, 0.0610919346883, 0.279996047206, 0.0496334662743, 0.673705079744, 0.259555724533, 0.897665585861, 0.0638724058693, 0.706881549731, 0.216718583582, 0.994011414571, 0.0643476060546, 0.0236645282811, 0.00227791546832, 435.573420814, 0.16810435122, 0.112742075325, 0.101124504842, 987.325178258, 0.741131375542
0.00297031926319, 0.0436261789328, 0.0206371531779, 0.00231586713827, 0.325147292204, 0.320757141819, 0.340133843462, 0.474001846121, 0.595275575593, 0.256444112466, 0.521402959012, 0.644526901082, 0.186881414608, 0.37714924681, 0.576198535122, 0.329917862902, 0.00304477946938, 634.070979899, 375.168486764, 406.172355107, 471.402268649, 3.50812763141, 31.27264779, 66.224498567, 4.51250557307
0.0014444937858, 0.000466548784937, 7.55755355168e-05, 0.30425233843, 0.0120927236672, 0.000189125711945, 0.978400408221, 0.58159614595, 0.0530086560902, 0.0200790593074, 0.0292335724169, 0.18999416385, 0.839744949456, 0.446887603946, 0.0128606589872, 0.00124114568099, 0.725173854164, 33.8871098307, 998.395050929, 0.296771985059, 18.9779238256, 517.527854726, 0.133579972555, 0.824626445112, 2.55315192076
0.00540154905214, 0.000986598999801, 0.244534207479, 0.139631755255, 0.03516953132, 0.222772124073, 1.14114408754e-05, 0.0685376737504, 0.46895660403, 0.516730353193, 0.259555724533, 0.644526901082, 0.123869395894, 0.995634503463, 0.194919308497, 0.0300292627485, 0.0889592778658, 911.609229963, 0.0163406404919, 332.6906537, 53.664637808, 216.655736508, 402.475689415, 1.66446090769, 9.11301004089
0.000118505621132, 0.408238759714, 0.0302362918591, 0.000332032244573, 0.00631160991682, 0.647137811291, 0.141374474209, 0.211821313546, 0.731927807195, 0.870140665857, 0.997059323111, 0.888975747181, 0.718964916583, 0.217040739588, 0.905099601141, 0.980061198242, 0.000901294629782, 270.273646254, 61.0262956316, 447.619927563, 5.21939849673, 0.274579254543, 25.0231937405, 393.45021993, 0.122432911686
0.453666811475, 0.194354230663, 8.66908710484e-05, 0.00012820970568, 0.248788776459, 0.394846291522, 0.999128325831, 0.380200281659, 0.111032139618, 0.909300593561, 0.452500600369, 0.976200863251, 0.757215253452, 0.86972759857, 0.0361906979444, 0.235269278701, 0.162826503426, 0.990783318627, 723.609668755, 516.835704348, 366.350826978, 0.193686123789, 0.130963712221, 303.085668068, 871.321646182
0.0668741679916, 0.165119106919, 0.00115934546335, 0.0662582606668, 0.504911643895, 0.32112876999, 0.000353964926622, 0.840195930653, 0.998834704122, 0.959336921216, 0.185216586399, 0.752488458299, 0.743633722664, 0.93148532038, 0.194919308497, 0.0886420869543, 0.862947617034, 747.397622891, 0.415558208351, 412.612767595, 867.004742105, 127.099411909, 2.22792828271, 324.623794495, 133.451430858
