0.307862573882, 0.999637421185, 0.999842580806, 0.00163656127698, 0.167020855486, 0.274824202772, 0.989675811755, 0.410218060889, 0.513452851167, 0.532327202176, 0.318014881099, 0.514146618448, 0.00340538688596, 3.55246181022e-05, 0.00907949779522, 0.0624427398409, 45.7303178353, 0.00721176566904, 0.0166166641744, 103.033121017
0.999987177073, 0.972872498937, 0.783945853518, 0.985247174011, 0.561637137, 0.0849292790296, 0.663608844354, 0.270736880289, 0.0281631336011, 0.314290351215, 0.79981729269, 0.503617057427, 3.89388781989, 1.97385769468, 63.2220381457, 53.9252007642, 1.8419932654, 34.4103711067, 4.4409983616, 0.00209924712637
0.700540135155, 0.999641133843, 0.993141840806, 0.880785605456, 0.40835888522, 0.467038687027, 0.764073514848, 0.298508784072, 0.299383388821, 0.201747148844, 0.0232249954729, 0.985319169061, 8.65269330849, 2.67173181598, 12.9228705258, 35.1301209504, 8.03673757359, 0.465529677865, 0.0243684663051, 29.0269426536
0.996948067331, 0.999972799502, 0.999492351469, 0.880785605456, 0.653167212667, 0.867505093845, 0.043055702031, 0.0134183211198, 0.299383388821, 0.201747148844, 0.170471331793, 0.564344316553, 3.99490910357, 88.7897608733, 14.1710938972, 56.7936739419, 22.1634980922, 0.0944263642044, 0.00505963047942, 0.569435265352
0.999862618405, 0.789344283477, 0.499057277038, 0.199843034982, 0.10391936276, 0.964964296195, 0.999982057384, 0.490955929144, 0.693298204916, 0.201747148844, 0.0220370360851, 0.610462720371, 0.651534071422, 1.16904352165e-05, 0.0236561750709, 5.8221621634, 26.0149728991, 32.6351690992, 17.3861961937, 0.0113401695816
0.996948067331, 0.999637421185, 0.999492351469, 0.864735905323, 0.979229106155, 0.0150722227232, 0.566091006487, 0.392181479932, 0.000131195521542, 0.201747148844, 0.79981729269, 0.90213735238, 0.268228427983, 0.205597202365, 30.9631852904, 0.66682537574, 5.02176019933, 0.0188563269086, 0.0134726765877, 0.11375064606
0.968119662094, 0.999782287502, 0.999492351469, 0.880785605456, 0.668328122753, 0.909950932135, 0.999612057127, 0.298508784072, 0.299383388821, 0.201747148844, 0.995116634828, 0.673729035834, 41.2517580985, 0.0160095363473, 4.08387296188, 22.5067048069, 9.18463189221, 0.0391306188458, 0.0167853926629, 2.53887909423
0.996948067331, 0.999972799502, 0.999492351469, 0.880785605456, 0.653167212667, 0.39772265182, 0.043055702031, 0.0134183211198, 0.299383388821, 0.201747148844, 0.170471331793, 0.564344316553, 1.83153488519, 40.7071951503, 64.4170338386, 56.7936739419, 22.1634980922, 0.0944263642044, 0.00505963047942, 0.569435265352
0.979962619756, 0.996824684882, 0.337155078205, 0.00163656127698, 0.00251614264291, 0.00959081865556, 0.193963675304, 0.538426455422, 0.532173130116, 0.286334915889, 0.318014881099, 0.291636901237, 5.51738078078e-07, 2.29280524796e-06, 0.000293745709101, 0.117578385264, 71.9081329561, 141.602712464, 0.680499305275, 4.38199910719
0.999999338742, 0.410206968264, 0.999522575302, 0.985273531271, 0.33861191284, 0.430496052249, 0.360673180745, 0.698129678865, 0.346736170434, 0.410580491297, 0.998210585985, 0.607413700388, 2.81657795243, 4.9926468605, 10.33083657, 35.4317732014, 0.800715660909, 0.025971197694, 78.2138563358, 8.76910273259e-05
0.999862618405, 0.999972799502, 0.343355274618, 0.879998624572, 0.985652361782, 0.867505093845, 0.999866638526, 0.226614170325, 0.0152784991668, 0.501441727953, 0.210085385696, 0.985319169061, 35.6601635591, 0.0047563262717, 5.44713828974, 0.598447241608, 5.68787027619, 90.6463237677, 0.00375498668644, 0.018967922684
0.999999813638, 0.996750155824, 0.818029183425, 0.985273531271, 0.93129468645, 0.185189712014, 0.748787365688, 0.658764251412, 0.346736170434, 0.664824698051, 0.509972301903, 0.607413700388, 30.2000705745, 10.131900768, 177.455350123, 16.0670370253, 3.49532265729, 52.7985017744, 0.946010770108, 5.42488243247e-05
0.999862618405, 0.999637421185, 0.999950207886, 0.879998624572, 0.653167212667, 0.136642693449, 0.999608578384, 0.284028060048, 0.109789408727, 0.739546797424, 0.511775552317, 0.149220255939, 19.9604595121, 0.00781601466794, 126.166691684, 77.5978907413, 30.5094234614, 0.0126598909048, 0.092220892615, 0.0349474199241
0.711224292269, 0.999637421185, 0.818029183425, 0.00163656127698, 0.863465616126, 0.366179346371, 0.202697613038, 0.829552672581, 0.299383388821, 0.286334915889, 0.998848296047, 0.295889451746, 0.00658879739186, 0.0259167525902, 0.0562639295208, 0.0140365591454, 62.7155192478, 13.9739537169, 0.0278533525418, 31.1909876114
0.997012959723, 0.999972799502, 0.999601852606, 0.595276401992, 0.653167212667, 0.00959081865556, 0.619323039143, 0.0134183211198, 0.299383388821, 0.201747148844, 0.170471331793, 0.564344316553, 0.429438930568, 0.26396161071, 71.6049679484, 38.3905440699, 75.2564939595, 0.0740631669973, 0.00505995981606, 0.557327522301
0.999999813638, 0.99734530761, 0.818029183425, 0.985273531271, 0.264416430719, 0.919312721876, 0.360673180745, 0.965671400151, 0.346736170434, 0.664824698051, 0.0220370360851, 0.607413700388, 23.1433450186, 41.023735469, 5.63188885189, 194.174676888, 3.94550297262, 59.5986883403, 0.871773401252, 6.11992636748e-05
0.999998571901, 0.999637421185, 0.000397830391996, 0.00111570381982, 0.558491984417, 0.430496052249, 0.566091006487, 0.357296260283, 0.378685552064, 0.53131224853, 0.763003724512, 0.607413700388, 1.80299525458e-05, 1.38199661761e-05, 4.2134310763e-05, 5.84871963354e-05, 0.118601034248, 298.333843427, 0.108251831437, 0.000426375063896
0.996948067331, 0.999972799502, 0.999492351469, 0.880785605456, 0.0386045154027, 0.867505093845, 0.043055702031, 0.0134183211198, 0.299383388821, 0.201747148844, 0.170471331793, 0.793192610484, 0.144449302727, 3.21049083095, 0.512403306124, 96.3111822963, 13.5591706063, 0.0577681003537, 0.00309537748012, 0.348368740351
0.999999813638, 0.996750155824, 0.30074664825, 0.908856120447, 0.423514162917, 0.430496052249, 0.999608578384, 0.357296260283, 0.0561161608493, 0.53131224853, 0.514537919509, 0.795591376768, 14.7797526225, 0.00578737995566, 19.5598156058, 46.7507649362, 8.13265694851, 207.46206848, 0.967342731068, 5.54721019439e-05
0.994906747929, 0.999641133843, 0.835204766745, 0.880785605456, 0.7739331456, 0.899913354953, 0.764073514848, 0.298508784072, 0.299383388821, 0.360247418577, 0.170471331793, 0.985319169061, 76.6269564585, 23.6604569505, 11.1537746309, 32.55211251, 19.4895035036, 32.2569840355, 0.0702696029198, 1.00241553683
0.38207306349, 0.999786988936, 0.985003946871, 0.999756482279, 0.00935269971848, 0.707176630245, 0.504576398324, 0.142549467814, 1.5283261225e-05, 0.0889843460621, 0.812922192151, 0.985319169061, 0.233544799951, 0.229308398745, 0.191655418954, 69.3262068282, 0.0170456952722, 1.06567100396, 0.0151405223976, 114.955407374
0.999999789295, 0.996750155824, 0.999670544525, 0.00163656127698, 2.9017339122e-05, 0.94782538143, 0.264103122277, 0.895621900749, 0.172356395802, 0.53131224853, 0.998210585985, 0.607413700388, 1.91692814272e-06, 5.34132812548e-06, 3.99542742471e-07, 0.263896588503, 160.991436458, 0.0531439634487, 0.525936651639, 3.40993480107e-05
0.999999813638, 0.996750155824, 0.818029183425, 0.985273531271, 0.93129468645, 0.185189712014, 0.0993110713484, 0.658764251412, 0.346736170434, 0.664824698051, 0.846328283006, 0.607413700388, 5.31492797013, 48.2030524319, 235.472049444, 21.3199440546, 4.63807255746, 70.0602794547, 1.25529658406, 7.19847659413e-05
0.999862618405, 0.99734530761, 0.818029183425, 0.985273531271, 0.587790702989, 0.964964296195, 0.360673180745, 0.357296260283, 0.693298204916, 0.664824698051, 0.514537919509, 0.607413700388, 34.3882105981, 60.9563074698, 3.46174703836, 69.2914346426, 2.5124855588, 37.9522825904, 0.555142930164, 0.0287328582557
0.886894531999, 0.972872498937, 0.561836724738, 0.00163656127698, 0.00935269971848, 0.907499362914, 0.999612057127, 0.496797674025, 0.0589854007623, 0.201747148844, 0.481492663718, 0.503617057427, 0.000940270837733, 3.6491293576e-07, 9.5878200866e-05, 0.109788593529, 67.6074504254, 52.8118937338, 3.36085386164, 15.7997954058
0.516941431091, 0.999987810836, 0.99996716176, 0.880287211639, 0.559907621935, 0.786110119878, 0.202697613038, 0.309828445784, 0.948487950614, 0.0134632255139, 0.387549187353, 0.507597449098, 6.93472930061, 27.27746095, 9.30867201218, 34.2077853888, 10.5705422308, 0.00289968518186, 0.00107634175219, 82.5153458184
0.999999813638, 0.996750155824, 0.818029183425, 0.985273531271, 0.258587157062, 0.00959081865556, 0.193963675304, 0.258174232418, 0.346736170434, 0.664824698051, 0.509972301903, 0.607413700388, 0.113500136736, 0.471661680592, 60.4275461009, 174.933688691, 3.52659147042, 53.2708319844, 0.954473689524, 5.47341289778e-05
0.999862618405, 0.370729223472, 0.000397830391996, 0.987321247, 0.00935269971848, 0.137142591951, 0.01126281321, 0.496797674025, 0.378685552064, 0.020276675587, 0.995116634828, 0.661794772917, 4.00565590303e-07, 3.51647574629e-05, 0.000223765659009, 0.027468596768, 0.000356070071627, 70.5648078142, 119.823421072, 0.0261632911069
0.968119662094, 0.691540440563, 0.999921921882, 0.880785605456, 0.000147758716646, 0.878704027105, 0.00031595022092, 0.496797674025, 0.469240349721, 0.452139886974, 0.170471331793, 0.578559854408, 6.71467754997e-06, 0.0212456127632, 0.0029336632742, 163.661525851, 22.1548727771, 0.0145112161, 82.9001134537, 8.85015274614
0.999862618405, 0.999782287502, 0.999492351469, 0.40267400911, 0.10391936276, 0.453580118402, 0.802230609822, 0.298508784072, 0.299383388821, 0.201747148844, 0.281028410953, 0.610462720371, 0.828933000826, 0.204352180115, 1.24478023467, 19.6434067249, 32.5182772462, 0.0276502954336, 0.0118608158978, 0.00748547606089
0.807985827832, 0.000214627095675, 0.997351965808, 1.68614455759e-05, 0.215930233181, 0.274824202772, 0.360673180745, 0.706400010556, 0.109789408727, 0.132452197798, 0.318014881099, 0.357915694468, 1.42362207706e-08, 2.52350278019e-08, 1.04152377638e-07, 5.21515405478e-07, 0.0394466662711, 0.00010473522482, 184.243175659, 43.7939555254
0.996948067331, 0.898009699622, 0.999670544525, 0.997917405013, 0.932791940998, 0.867505093845, 0.999924885665, 0.226614170325, 0.498237241547, 0.515148611573, 0.380013481607, 0.701952668068, 85.4542523743, 0.00641932152668, 13.0524924367, 7.09791568349, 0.220404117863, 0.0348782526479, 12.0236363637, 0.360893761396
0.999862618405, 0.557347710957, 0.000397830391996, 0.879840953114, 2.9017339122e-05, 0.483555654966, 0.957112018241, 0.496797674025, 0.251130933, 0.423882454198, 0.318014881099, 0.700364252113, 4.81198037912e-07, 2.1562379616e-08, 5.36955305709e-07, 0.0358298033146, 0.00489338434682, 102.325078377, 81.3001577861, 0.0252357894937
0.999867273932, 0.87758608782, 0.736971422828, 0.879998624572, 0.15055437529, 0.136642693449, 0.043055702031, 0.490955929144, 0.109789408727, 0.739546797424, 0.997410674133, 0.792410408576, 0.0708144370116, 1.57390237565, 10.3919078407, 67.9120625247, 10.9022357048, 32.4251229294, 17.1956953915, 0.0186467368363
0.999862618405, 0.663875449418, 0.000397830391996, 0.827764444307, 0.258587157062, 0.274824202772, 0.999612057127, 0.258174232418, 0.378685552064, 0.999796102604, 0.631957109208, 0.10156883369, 0.00355513871963, 1.37972598442e-06, 0.00938454864285, 0.0371042144927, 0.0104130793999, 151.909733453, 76.9435177489, 0.031452851549
0.997012959723, 0.999972799502, 0.784557831525, 0.595276401992, 0.653167212667, 0.695181850723, 0.619323039143, 0.0134183211198, 0.299383388821, 0.201747148844, 0.662953798184, 0.564344316553, 26.5516524408, 16.3204042447, 18.7982194313, 32.7470107905, 64.1935476418, 43.55505836, 0.00549916251252, 0.605703351261
0.000810596784068, 0.98223967289, 0.999601852606, 0.429021171045, 0.653167212667, 0.00872719506682, 0.0339203457484, 0.615954531396, 0.39659849294, 0.43212226677, 0.170471331793, 0.643648321495, 1.74539821552e-05, 0.000497103926088, 0.0584457270749, 0.0313080013603, 0.120136916093, 8.38056499319e-05, 0.00380594852755, 264.152602157
0.999999813638, 0.99734530761, 0.818029183425, 0.985273531271, 0.128991844999, 0.274824202772, 0.360673180745, 0.467630805978, 0.346736170434, 0.664824698051, 0.0220370360851, 0.607413700388, 3.20951468045, 5.68916382351, 23.4808514435, 218.640446917, 3.7518899294, 56.6740717573, 0.828993886855, 5.81961039344e-05
0.999862618405, 0.972872498937, 0.0298980967755, 0.00163656127698, 0.00935269971848, 0.907499362914, 0.410013544482, 0.496797674025, 0.0589854007623, 0.201747148844, 0.744298679698, 0.503617057427, 3.46708475168e-05, 4.9889401732e-05, 8.61915418056e-06, 0.0098696555249, 6.07770101762, 197.526094517, 5.67755019562, 0.0287567244065
0.999999813638, 0.999637421185, 0.996083956005, 0.993317461273, 0.76805915574, 0.93463353665, 0.360673180745, 0.49617034551, 0.0561161608493, 0.483528215088, 0.514537919509, 0.795591376768, 40.5543129616, 71.8862984469, 7.86387906748, 36.3299166226, 1.05375726509, 0.619941507395, 0.0574199846687, 2.95132770676e-05
0.999862618405, 0.999972799502, 0.997703151924, 0.495724071097, 0.979229106155, 0.0324243863771, 0.01126281321, 0.873041459742, 0.212961209295, 0.194973413449, 0.530091650921, 0.564344316553, 0.0420042496133, 3.68745914731, 111.290859688, 2.43975072415, 119.486406415, 0.545482958766, 0.00646007534788, 0.0326323952555
0.979962619756, 0.996824684882, 0.337155078205, 0.00163656127698, 0.00251614264291, 0.00959081865556, 0.0284883647932, 0.538426455422, 0.463766080017, 0.179174475739, 0.318014881099, 0.46222293561, 1.21931375375e-07, 4.15810983653e-06, 0.000441984387886, 0.176914280036, 108.196549409, 213.062476326, 1.02391306351, 6.59337356462
0.818999321514, 0.999637421185, 0.999492351469, 0.899825816488, 0.40835888522, 0.99171505799, 0.764073514848, 0.267640261345, 0.299383388821, 0.201747148844, 0.170471331793, 0.700364252113, 35.0393636413, 10.8192650906, 0.383110124865, 66.9962499085, 12.606354318, 0.0639171433391, 0.0456682260968, 27.8360993826
0.964430976399, 0.999637421185, 0.970144586706, 0.495724071097, 0.998882719743, 0.107711950742, 0.999612057127, 0.873041459742, 0.395402019647, 0.999796102604, 0.997410674133, 0.793192610484, 5.01357584568, 0.00194573585299, 41.5486855186, 0.0520834611135, 47.4204796485, 2.89390538065, 0.0351577569304, 3.57618129156
0.700540135155, 0.0752611494947, 0.000397830391996, 0.987321247, 0.00935269971848, 0.334949967927, 0.01126281321, 0.496797674025, 0.378685552064, 0.020276675587, 0.995116634828, 0.883467870373, 9.80814713226e-08, 8.61035304619e-06, 1.72907753687e-05, 0.00275386229201, 3.56977807002e-05, 7.07446998562, 86.9590877024, 40.1977248839
0.00277408524104, 0.691540440563, 0.999921921882, 0.519510108562, 0.00935269971848, 0.633430803003, 0.917917075378, 0.28995078897, 0.0031804649184, 0.501441727953, 0.708022348694, 0.805083519893, 0.000224641879598, 2.008815716e-05, 0.000141626350708, 0.0409232546441, 0.0382068610268, 6.20898127237e-06, 0.0354708556723, 41.3377834042
0.627452034125, 0.557347710957, 0.999670544525, 0.879840953114, 7.00955487887e-06, 0.483555654966, 0.400942967417, 0.805911879085, 0.220959950294, 0.501441727953, 0.763003724512, 0.700364252113, 5.84499238156e-05, 8.73312185552e-05, 0.000155696341914, 43.0092033334, 5.87376739721, 0.0161101692517, 38.8364805607, 52.0929337929
0.993972964939, 0.999637421185, 0.716578653022, 9.15933694711e-05, 0.261129713921, 0.274824202772, 0.10971708415, 0.604565647762, 0.261502952391, 0.883931975264, 0.318014881099, 0.126990650665, 0.00011183596692, 0.000907476274069, 0.00268964872644, 0.0104945584702, 155.057277306, 61.3339063174, 0.078492468491, 1.31266742521
0.997104939205, 0.852350074344, 0.661943913092, 0.827764444307, 0.991240506501, 0.136642693449, 0.90593532017, 0.194661639436, 0.000757494138066, 0.165758093767, 0.79981729269, 0.512262812759, 6.97748754272, 0.72448343398, 48.6638015523, 0.498098710466, 11.8318448312, 35.083040274, 17.9772679327, 0.353514538516
0.307862573882, 0.999637421185, 0.999842580806, 0.00163656127698, 0.0640806282957, 0.0849292790296, 0.997748856595, 0.270736880289, 0.513452851167, 0.532327202176, 0.318014881099, 0.514146618448, 0.000558824464181, 1.26083232119e-06, 0.00603464037292, 0.0963182114353, 62.7807312946, 0.00990065112292, 0.0228121381597, 141.448714795
0.999862618405, 0.972872498937, 0.561836724738, 0.00163656127698, 0.00935269971848, 0.907499362914, 0.999612057127, 0.496797674025, 0.0589854007623, 0.201747148844, 0.744298679698, 0.503617057427, 0.00158841624732, 6.16453911744e-07, 0.000161968749756, 0.185467823455, 114.210468289, 89.2160712555, 5.67755019562, 0.0287567244065
0.999999813638, 0.999637421185, 0.996083956005, 0.972577402215, 0.33663356728, 0.93463353665, 0.360673180745, 0.49617034551, 0.0561161608493, 0.53131224853, 0.514537919509, 0.795591376768, 22.3353615858, 39.5915095492, 4.33104569188, 130.567127574, 5.5496395602, 0.795623863971, 0.0736919685588, 3.78769081581e-05
0.888994663111, 0.999637421185, 0.999950207886, 0.880287211639, 0.435477180792, 0.786110119878, 0.202697613038, 0.309828445784, 0.940894018823, 0.0134632255139, 0.387549187353, 0.701952668068, 8.66128606017, 34.0687980802, 11.6262751786, 70.4638648317, 16.9746610871, 0.00706061858787, 0.0514330299909, 17.7126846375
0.999862618405, 5.54137165015e-05, 0.998664310808, 0.000183645251283, 0.750495273046, 0.274824202772, 0.360673180745, 0.706400010556, 0.00521005257096, 0.371275273406, 0.318014881099, 0.357915694468, 1.58212564765e-07, 2.80446512792e-07, 1.15748519625e-06, 5.30643636966e-07, 0.011578831042, 1.54892490322e-05, 209.25873969, 0.0287538427851
0.128940484326, 0.996750155824, 0.30074664825, 0.836607002046, 1.2867719328e-05, 0.328041014264, 0.360673180745, 0.211750818994, 0.109789408727, 0.53131224853, 0.999515761635, 0.0536494067465, 1.10754224255e-05, 1.96322182221e-05, 6.29015097707e-05, 7.27463379456, 1.42078600452, 20.2175716047, 0.0942693817475, 195.959649152
0.996948067331, 0.999972799502, 0.999492351469, 0.00163656127698, 0.653167212667, 0.39772265182, 0.043055702031, 0.538426455422, 0.299383388821, 0.201747148844, 0.364971122529, 0.564344316553, 0.00467539246789, 0.103913998654, 0.164438535814, 0.144978246125, 254.999361293, 0.129728107658, 0.00695119729615, 0.782321336104
0.999999338742, 0.999972799502, 0.999522575302, 0.985273531271, 0.33861191284, 0.280111202948, 0.360673180745, 0.698129678865, 0.346736170434, 0.410580491297, 0.477824523151, 0.607413700388, 5.42669505232, 9.61932262251, 38.6684268618, 104.916845444, 2.3709951168, 0.0769031828854, 0.00438155329266, 0.000106517837631
0.739838991861, 0.972872498937, 0.000346639725776, 0.00158933370932, 0.00159945656056, 0.274824202772, 0.999612057127, 0.496797674025, 0.0561161608493, 0.201747148844, 0.210085385696, 0.858291501209, 3.94055917691e-08, 1.52930513218e-11, 1.04019483323e-07, 8.95372497363e-05, 0.0563369146677, 162.725248908, 4.53899157404, 58.8375496673
0.00277408524104, 0.00106694549982, 0.999938337896, 0.927518242446, 0.000147758716646, 0.115449629378, 0.258478857072, 0.398754533763, 0.9873795248, 0.501441727953, 0.79981729269, 0.774348496562, 1.07081851516e-09, 3.07195171871e-09, 3.17410195728e-08, 0.000242818078544, 1.89780440032e-05, 1.61461079767e-08, 0.245156640878, 88.2228395872
0.999925904252, 0.999637421185, 0.730562788192, 0.93326180107, 0.979229106155, 0.562454953391, 0.12686994975, 0.706400010556, 0.537120817347, 0.201747148844, 0.993865311568, 0.90213735238, 5.73070237294, 39.4391931321, 35.1385722802, 1.70346106826, 5.86472993558, 32.409592043, 0.0436290652372, 0.00891659317965
0.997012959723, 0.999972799502, 0.784557831525, 0.595276401992, 0.653167212667, 0.00959081865556, 0.844080390522, 0.0134183211198, 0.299383388821, 0.201747148844, 0.170471331793, 0.564344316553, 0.459373456156, 0.0848560524478, 56.2006145082, 30.1315988241, 59.0665889175, 40.0764379277, 0.00505995981606, 0.557327522301
0.000810596784068, 0.98223967289, 0.999601852606, 0.429021171045, 0.653167212667, 0.695181850723, 0.0339203457484, 0.615954531396, 0.39659849294, 0.43212226677, 0.988905769288, 0.998817221198, 0.000704682094109, 0.0200699320367, 0.00910909774864, 0.0158682966414, 0.0608907671945, 4.24764550774e-05, 0.00192902509304, 133.88436398
0.999998571901, 0.182047834052, 0.997351965808, 0.000183645251283, 0.215930233181, 0.274824202772, 0.360673180745, 0.706400010556, 0.212961209295, 0.132452197798, 0.797418536332, 0.0536494067465, 0.000156631264425, 0.000277643510598, 0.00114591638224, 0.00573787233938, 39.8415941491, 0.105801447911, 179.518997019, 0.000313430659346
0.999999813638, 0.996750155824, 0.691664545281, 0.985273531271, 0.445945233047, 0.305614386976, 0.360673180745, 0.496797674025, 0.291614032302, 0.664824698051, 0.514537919509, 0.858291501209, 7.04175602156, 12.4821686767, 44.3602559239, 79.371483724, 2.14118211269, 64.816106411, 0.685386740761, 3.9303384347e-05
0.000810596784068, 0.98223967289, 0.000346639725776, 0.000304118839014, 0.000224356055109, 0.172478119916, 0.999612057127, 0.278052883306, 0.346736170434, 0.201747148844, 0.751626370517, 0.671433112852, 1.01880341608e-12, 3.95390913558e-16, 4.8899495968e-12, 2.6332352152e-08, 8.6578823674e-05, 0.249755393592, 0.00451750804433, 313.53852963
0.999880894245, 0.00106694549982, 0.999938337896, 0.00107567187075, 0.000147758716646, 0.181479489139, 0.258478857072, 0.226614170325, 0.999933549861, 0.501441727953, 0.512369204182, 0.90213735238, 7.54775057849e-10, 2.16528991922e-09, 1.31702656213e-08, 0.000108879892009, 0.101126420568, 6.24276754761e-06, 94.7879156985, 0.0113031909685
0.999919843922, 0.99881105502, 0.999950207886, 0.879998624572, 0.653167212667, 0.136642693449, 0.360673180745, 0.0394621422367, 0.10641119623, 0.958661229702, 0.429923761918, 0.0489485731522, 11.064646429, 19.6131167641, 193.833057098, 119.21558841, 46.8723935051, 0.019449708349, 0.464976441126, 0.0313502107307
0.996948067331, 0.99998233231, 0.999492351469, 0.84870682596, 0.653167212667, 0.867505093845, 0.585491790192, 0.861347552369, 0.299383388821, 0.201747148844, 0.170471331793, 0.564344316553, 70.7984131913, 50.1228608169, 18.4684251026, 74.0161430803, 38.0424031435, 0.127712165248, 0.00444484465048, 0.770156915872
0.999862618405, 0.557347710957, 0.999670544525, 0.879840953114, 7.00955487887e-06, 0.483555654966, 0.400942967417, 0.298508784072, 0.220959950294, 0.501441727953, 0.318014881099, 0.487022761576, 6.02361259712e-05, 9.00000194817e-05, 0.000160454348827, 44.32354434, 6.0532669637, 0.0166024884399, 40.0233051237, 0.0124233424688
0.970243391483, 0.999972799502, 0.999950207886, 0.642584177875, 0.00935269971848, 0.867505093845, 0.663608844354, 0.0134183211198, 0.299383388821, 0.201747148844, 0.170471331793, 0.564344316553, 0.626279050777, 0.317468242685, 0.144139452285, 115.230051229, 64.6979382007, 0.00901361186533, 0.00492410106089, 5.55204328021
0.999999813638, 0.999637421185, 0.716578653022, 0.827764444307, 0.00503810790848, 0.274824202772, 0.10971708415, 0.604565647762, 0.17728254948, 0.883931975264, 0.318014881099, 0.126990650665, 0.015809634981, 0.128284925164, 0.380220833811, 103.545586141, 21.6541522713, 49.7264055063, 0.0636376932716, 3.27091148545e-05
0.979962619756, 0.996530733937, 0.337155078205, 0.00163656127698, 0.167020855486, 0.00959081865556, 0.999968985011, 0.604565647762, 0.532173130116, 0.286334915889, 0.318014881099, 0.611723324515, 0.000119564666519, 3.70841178452e-09, 0.0123473939591, 0.0621761850608, 45.5351048315, 89.6684991167, 0.470950082907, 2.77567554802
0.886894531999, 0.99734530761, 0.818029183425, 0.985273531271, 0.587790702989, 0.964964296195, 0.361974706847, 0.357296260283, 0.693298204916, 0.201747148844, 0.615077672339, 0.607413700388, 19.7183653043, 34.7560632436, 1.97784514006, 39.5891801848, 1.43549118317, 21.6837732058, 0.31717705953, 15.2369901703
0.999862618405, 0.972872498937, 0.561836724738, 0.449220230474, 0.00935269971848, 0.907499362914, 0.999612057127, 0.496797674025, 0.0589854007623, 0.664824698051, 0.481492663718, 0.503617057427, 0.450196958424, 0.000174718482352, 0.0459060014167, 52.5662276154, 65.0588563328, 92.1200776131, 5.86235593333, 0.0296927632763
0.999999813638, 0.999840239877, 0.551388253432, 0.972577402215, 0.33663356728, 0.956100070182, 0.360673180745, 0.49617034551, 0.0561161608493, 0.490957744476, 0.514537919509, 0.897852688938, 8.95253937808, 15.8692102169, 1.13970608221, 51.1593611414, 2.17448311638, 64.5149815524, 0.022978819415, 2.68050185799e-05
0.999998571901, 0.996750155824, 0.30074664825, 0.985273531271, 1.2867719328e-05, 0.328041014264, 0.360673180745, 0.0447408817786, 0.109789408727, 0.983356437461, 0.592992067842, 0.0285682995985, 0.000107462375537, 0.000190487073644, 0.000610319444725, 70.5841636275, 1.05500535743, 166.56732313, 0.77666095997, 0.000341293413631
0.999862618405, 0.000710324935744, 0.997703151924, 0.000183645251283, 0.441344204224, 0.941977916497, 0.193963675304, 0.706400010556, 0.212961209295, 0.132452197798, 0.318014881099, 0.291636901237, 1.52225632973e-06, 6.3258952757e-06, 4.83414844257e-07, 1.05461402698e-05, 0.102775540268, 0.0002366467027, 144.944762547, 0.019929635183
0.999999813638, 0.549871759225, 0.818029183425, 0.985273531271, 0.258587157062, 0.00959081865556, 0.665368084968, 0.258174232418, 0.346736170434, 0.664824698051, 0.509972301903, 0.607413700388, 0.214789500905, 0.108023549131, 33.335737031, 96.5047204519, 1.94549561349, 29.3876313212, 132.201896286, 5.47341289778e-05
0.999998841721, 0.564210940958, 0.30074664825, 0.00163656127698, 0.76361740542, 0.106155549393, 0.644264491064, 0.490955929144, 0.0561161608493, 0.53131224853, 0.797823002261, 0.607413700388, 0.00282425993238, 0.00155943647112, 0.0369113317751, 0.0127831369935, 32.9896984003, 76.8286916988, 84.8640394639, 0.00022555951869
0.697346295671, 0.999972799502, 0.343355274618, 0.879998624572, 0.985652361782, 0.867505093845, 0.999866638526, 0.0881732530184, 0.0152784991668, 0.501441727953, 0.210085385696, 0.985319169061, 18.1809837232, 0.00242496617787, 2.7771698921, 0.305112441249, 2.89990472813, 46.2151367942, 0.00191444303709, 30.5466150228
0.996948067331, 0.898009699622, 0.491541915819, 0.997917405013, 0.932791940998, 0.867505093845, 0.360673180745, 0.226614170325, 0.498237241547, 0.515148611573, 0.380013481607, 0.701952668068, 15.1559726852, 26.86537377, 6.41796157115, 3.49007289701, 0.108373566614, 53.8286076966, 12.0236363637, 0.360893761396
0.999862618405, 0.321943292753, 0.000397830391996, 0.827764444307, 0.258587157062, 0.430496052249, 0.90593532017, 0.258174232418, 0.378685552064, 0.664824698051, 0.631957109208, 0.10156883369, 0.00318194661275, 0.000330386488637, 0.00464647133604, 0.0233926636637, 0.00656501336669, 95.7727673391, 201.790855297, 0.0408906191728
0.999999907061, 0.884368039645, 0.000346639725776, 0.985273531271, 0.990321960419, 0.274824202772, 0.999612057127, 0.410218060889, 0.581058659355, 0.999796102604, 0.514537919509, 0.514146618448, 0.00764689858049, 2.96771110885e-06, 0.0201856235031, 0.000272025646962, 0.000420111201678, 82.2690987618, 10.760492742, 8.64868359445e-06
0.999906162374, 0.999637421185, 0.999950207886, 0.879998624572, 0.000147758716646, 0.136642693449, 0.999608578384, 0.284028060048, 0.038608666982, 0.201747148844, 0.176695736846, 0.337030127818, 0.00469741805614, 1.83939094218e-06, 0.0296915857693, 232.715622132, 31.7390515256, 0.0131701252973, 0.0959376917151, 0.024831594524
0.999999813638, 0.513768704998, 0.999842580806, 0.00163656127698, 0.00935269971848, 0.919312721876, 0.989675811755, 0.496797674025, 0.513452851167, 0.909247748336, 0.985180765301, 0.514146618448, 0.000610487836496, 6.36854136516e-06, 5.41409478395e-05, 0.0710727072621, 43.7663365416, 0.00690204175853, 41.4949418091, 1.59040978849e-05
0.999862618405, 0.999972799502, 0.997703151924, 0.495724071097, 0.73181932473, 0.0324243863771, 0.01126281321, 0.873041459742, 0.212961209295, 0.194973413449, 0.530091650921, 0.564344316553, 0.0313915521858, 2.75579417135, 83.1723661742, 31.5005219115, 119.486406415, 0.545482958766, 0.00646007534788, 0.0326323952555
0.99991066219, 0.996750155824, 0.897929388375, 0.90998812955, 0.7890288988, 0.359659552845, 0.330187504685, 0.490955929144, 0.347705792171, 0.0762832433607, 0.682817079296, 0.607413700388, 15.1048489845, 30.6414278133, 81.4469992763, 34.0090275013, 15.9453957634, 20.1369665072, 0.643234835342, 0.0176840249549
0.999862618405, 0.796715456509, 0.998817842474, 0.00938998943259, 1.0960459224e-05, 0.483555654966, 0.975329053719, 0.496797674025, 0.0945786497128, 0.501441727953, 0.00385258388123, 0.564344316553, 4.16365919971e-06, 1.0531975035e-07, 4.55933048282e-06, 0.805460108024, 84.9740670382, 0.101524942527, 21.9128323926, 0.0148109317289
0.959912756891, 0.999637421185, 0.999492351469, 0.180313467228, 0.40835888522, 0.107711950742, 0.764073514848, 0.267640261345, 0.299383388821, 0.201747148844, 0.170471331793, 0.700364252113, 0.893822186904, 0.275989577978, 9.69074508901, 15.7350609886, 120.900951611, 0.074914447013, 0.053525701015, 6.16501823361
0.975170015043, 0.773072005821, 0.900947522121, 0.325896050927, 0.000147758716646, 0.878704027105, 0.00031595022092, 0.496797674025, 0.469240349721, 0.452139886974, 0.13255099389, 0.578559854408, 2.61266003346e-06, 0.00826660147709, 0.00114147920448, 63.6801878309, 131.739583091, 21.4859847146, 63.6734007072, 7.1444053767
0.842705914686, 0.999972799502, 0.999950207886, 0.642584177875, 0.0719600107284, 0.867505093845, 0.663608844354, 0.0134183211198, 0.299383388821, 0.201747148844, 0.812922192151, 0.564344316553, 3.08666428, 1.56466655481, 0.71040233288, 69.1481663365, 41.4436238934, 0.00577385849467, 0.00315423641087, 21.6448080172
0.999999813638, 0.996750155824, 0.999901019142, 0.557973285066, 0.445945233047, 0.430496052249, 0.360673180745, 0.217719017086, 0.277589212073, 0.370844235434, 0.17085469696, 0.607413700388, 8.26762894738, 14.6551426607, 30.3245729107, 66.1559825556, 94.5913753067, 0.0211834760492, 0.697785975964, 4.00144163496e-05
