0.585190583689, 0.939774046964, 2.03745273611, 0.45849354967, 30.9369503512, 46.7076938451, 2.43172543264, 3.550407502, 20.2617429086, 164.599457195, 0.500824562292, 0.0
0.585190583689, 0.939774046964, 2.03745273611, 0.45849354967, 30.9369503512, 46.7076938451, 2.43172543264, 3.550407502, 20.2617429086, 164.599457195, 0.500824562292, 0.0
0.585190583689, 0.939774046964, 2.03745273611, 0.45849354967, 30.9369503512, 46.7076938451, 2.43172543264, 3.550407502, 20.2617429086, 164.599457195, 0.500824562292, 0.0
0.585190583689, 0.939774046964, 2.03745273611, 0.45849354967, 30.9369503512, 46.7076938451, 2.43172543264, 3.550407502, 20.2617429086, 164.599457195, 0.500824562292, 0.0
0.585190583689, 0.939774046964, 2.03745273611, 0.45849354967, 30.9369503512, 46.7076938451, 2.43172543264, 3.550407502, 20.2617429086, 164.599457195, 0.500824562292, 0.0
0.585190583689, 0.939774046964, 2.03745273611, 0.45849354967, 30.9369503512, 46.7076938451, 2.43172543264, 3.550407502, 20.2617429086, 164.599457195, 0.500824562292, 0.0
0.585190583689, 0.939774046964, 2.03745273611, 0.45849354967, 30.9369503512, 46.7076938451, 2.43172543264, 3.550407502, 20.2617429086, 164.599457195, 0.500824562292, 0.0
0.585190583689, 0.939774046964, 2.03745273611, 0.45849354967, 30.9369503512, 46.7076938451, 2.43172543264, 3.550407502, 20.2617429086, 164.599457195, 0.500824562292, 0.0
0.585190583689, 0.939774046964, 2.03745273611, 0.45849354967, 30.9369503512, 46.7076938451, 2.43172543264, 3.550407502, 20.2617429086, 164.599457195, 0.500824562292, 0.0
0.585190583689, 0.939774046964, 2.03745273611, 0.45849354967, 30.9369503512, 46.7076938451, 2.43172543264, 3.550407502, 20.2617429086, 164.599457195, 0.500824562292, 0.0
0.585190583689, 0.939774046964, 2.03745273611, 0.45849354967, 30.9369503512, 46.7076938451, 2.43172543264, 3.550407502, 20.2617429086, 164.599457195, 0.500824562292, 0.0
0.585190583689, 0.939774046964, 2.03745273611, 0.45849354967, 30.9369503512, 46.7076938451, 2.43172543264, 3.550407502, 20.2617429086, 164.599457195, 0.500824562292, 0.0
0.585190583689, 0.939774046964, 2.03745273611, 0.45849354967, 30.9369503512, 46.7076938451, 2.43172543264, 3.550407502, 20.2617429086, 164.599457195, 0.500824562292, 0.0
0.585190583689, 0.939774046964, 2.03745273611, 0.45849354967, 30.9369503512, 46.7076938451, 2.43172543264, 3.550407502, 20.2617429086, 164.599457195, 0.500824562292, 0.0
0.585190583689, 0.939774046964, 2.03745273611, 0.45849354967, 30.9369503512, 46.7076938451, 2.43172543264, 3.550407502, 20.2617429086, 164.599457195, 0.500824562292, 0.0
0.585190583689, 0.939774046964, 2.03745273611, 0.45849354967, 30.9369503512, 46.7076938451, 2.43172543264, 3.550407502, 20.2617429086, 164.599457195, 0.500824562292, 0.0
0.585190583689, 0.939774046964, 2.03745273611, 0.45849354967, 30.9369503512, 46.7076938451, 2.43172543264, 3.550407502, 20.2617429086, 164.599457195, 0.500824562292, 0.0
0.585190583689, 0.939774046964, 2.03745273611, 0.45849354967, 30.9369503512, 46.7076938451, 2.43172543264, 3.550407502, 20.2617429086, 164.599457195, 0.500824562292, 0.0
0.585190583689, 0.939774046964, 2.03745273611, 0.45849354967, 30.9369503512, 46.7076938451, 2.43172543264, 3.550407502, 20.2617429086, 164.599457195, 0.500824562292, 0.0
0.585190583689, 0.939774046964, 2.03745273611, 0.45849354967, 30.9369503512, 46.7076938451, 2.43172543264, 3.550407502, 20.2617429086, 164.599457195, 0.500824562292, 0.0
0.585190583689, 0.939022395394, 2.03903137187, 0.458877012723, 30.9369503512, 46.7076938451, 2.66519823822, 3.37372557199, 20.2617429086, 180.253378334, 0.569737913502, 0.190954773869
0.585190583689, 0.939030126548, 2.03742558874, 0.458877012723, 30.926569867, 46.7076938451, 2.36771006409, 3.64897146909, 20.0015020148, 165.090875331, 0.57064644758, 0.0557939914163
0.585190583689, 0.939030126548, 2.03742558874, 0.458877012723, 30.926569867, 46.7076938451, 2.36771006409, 3.64897146909, 20.0015020148, 165.090875331, 0.57064644758, 0.0557939914163
0.585190583689, 0.939030126548, 2.03742558874, 0.458877012723, 30.926569867, 46.7076938451, 2.36771006409, 3.64897146909, 20.0015020148, 165.090875331, 0.57064644758, 0.0557939914163
0.585190583689, 0.939030126548, 2.03742558874, 0.458877012723, 30.926569867, 46.7076938451, 2.36771006409, 3.64897146909, 20.0015020148, 165.090875331, 0.57064644758, 0.0557939914163
0.585190583689, 0.939030126548, 2.03742558874, 0.458877012723, 30.926569867, 46.7076938451, 2.36771006409, 3.64897146909, 20.0015020148, 165.090875331, 0.57064644758, 0.0557939914163
0.585190583689, 0.939030126548, 2.03742558874, 0.458877012723, 30.926569867, 46.7076938451, 2.36771006409, 3.64897146909, 20.0015020148, 165.090875331, 0.57064644758, 0.0557939914163
0.585190583689, 0.939030126548, 2.03742558874, 0.458877012723, 30.926569867, 46.7076938451, 2.36771006409, 3.64897146909, 20.0015020148, 165.090875331, 0.57064644758, 0.0557939914163
0.585190583689, 0.939030126548, 2.03742558874, 0.458877012723, 30.926569867, 46.7076938451, 2.36771006409, 3.64897146909, 20.0015020148, 165.090875331, 0.57064644758, 0.0557939914163
0.585190583689, 0.939030126548, 2.03742558874, 0.458877012723, 30.926569867, 46.7076938451, 2.36771006409, 3.64897146909, 20.0015020148, 165.090875331, 0.57064644758, 0.0557939914163
0.585190583689, 0.939030126548, 2.03742558874, 0.458877012723, 30.926569867, 46.7076938451, 2.36771006409, 3.64897146909, 20.0015020148, 165.090875331, 0.57064644758, 0.0557939914163
0.585190583689, 0.939030126548, 2.03742558874, 0.458877012723, 30.926569867, 46.7076938451, 2.36771006409, 3.64897146909, 20.0015020148, 165.090875331, 0.57064644758, 0.0557939914163
0.585190583689, 0.939030126548, 2.03742558874, 0.458877012723, 30.926569867, 46.7076938451, 2.36771006409, 3.64897146909, 20.0015020148, 165.090875331, 0.57064644758, 0.0557939914163
0.585190583689, 0.939030126548, 2.03742558874, 0.458877012723, 30.926569867, 46.7076938451, 2.36771006409, 3.64897146909, 20.0015020148, 165.090875331, 0.57064644758, 0.0557939914163
0.585190583689, 0.939030126548, 2.03742558874, 0.458877012723, 30.926569867, 46.7076938451, 2.36771006409, 3.64897146909, 20.0015020148, 165.090875331, 0.57064644758, 0.0557939914163
0.585190583689, 0.93902423573, 2.03745273611, 0.430738541617, 36.0199808102, 46.7076938451, 2.40321417309, 3.37621859844, 21.4681287989, 167.852415707, 0.526243826248, 0.0758928571429
0.585190583689, 0.93902423573, 2.03745273611, 0.430738541617, 36.0199808102, 46.7076938451, 2.40321417309, 3.37621859844, 21.4681287989, 167.852415707, 0.526243826248, 0.0758928571429
0.585190583689, 0.93902423573, 2.03745273611, 0.430738541617, 36.0199808102, 46.7076938451, 2.40321417309, 3.37621859844, 21.4681287989, 167.852415707, 0.526243826248, 0.0758928571429
0.585190583689, 0.93902423573, 2.03745273611, 0.430738541617, 36.0199808102, 46.7076938451, 2.40321417309, 3.37621859844, 21.4681287989, 167.852415707, 0.526243826248, 0.0758928571429
0.585190583689, 0.93902423573, 2.03745273611, 0.430738541617, 36.0199808102, 46.7076938451, 2.40321417309, 3.37621859844, 21.4681287989, 167.852415707, 0.526243826248, 0.0758928571429
0.585190583689, 0.93902423573, 2.03745273611, 0.430738541617, 36.0199808102, 46.7076938451, 2.40321417309, 3.37621859844, 21.4681287989, 167.852415707, 0.526243826248, 0.0758928571429
0.585190583689, 0.93902423573, 2.03745273611, 0.430738541617, 36.0199808102, 46.7076938451, 2.40321417309, 3.37621859844, 21.4681287989, 167.852415707, 0.526243826248, 0.0758928571429
0.585190583689, 0.93902423573, 2.03745273611, 0.430738541617, 36.0199808102, 46.7076938451, 2.40321417309, 3.37621859844, 21.4681287989, 167.852415707, 0.526243826248, 0.0758928571429
0.585190583689, 0.939030126548, 2.03742558874, 0.458877012723, 30.926569867, 46.0008962347, 2.36771006409, 3.64897146909, 20.0003366343, 182.467969043, 0.517598918462, 0.0
0.585190583689, 0.939030126548, 2.03742558874, 0.458877012723, 31.0250818172, 46.5829373389, 2.36771006409, 4.02014620755, 20.0015020148, 165.627125816, 0.559434554855, 0.0423728813559
0.585190583689, 0.939030126548, 2.03742558874, 0.458877012723, 31.0250818172, 46.5829373389, 2.36771006409, 4.02014620755, 20.0015020148, 165.627125816, 0.559434554855, 0.0423728813559
0.585190583689, 0.939030126548, 2.03742558874, 0.458877012723, 31.0250818172, 46.5829373389, 2.36771006409, 4.02014620755, 20.0015020148, 165.627125816, 0.559434554855, 0.0423728813559
0.585190583689, 0.939030126548, 2.03742558874, 0.458877012723, 31.0250818172, 46.5829373389, 2.36771006409, 4.02014620755, 20.0015020148, 165.627125816, 0.559434554855, 0.0423728813559
0.585190583689, 0.939030126548, 2.03742558874, 0.458877012723, 31.0250818172, 46.5829373389, 2.36771006409, 4.02014620755, 20.0015020148, 165.627125816, 0.559434554855, 0.0423728813559
0.585190583689, 0.939030126548, 2.03742558874, 0.458877012723, 31.0250818172, 46.5829373389, 2.36771006409, 4.02014620755, 20.0015020148, 165.627125816, 0.559434554855, 0.0423728813559
0.585190583689, 0.939789104052, 2.03745273611, 0.458877848105, 30.9370484833, 46.7076938451, 2.43172543264, 3.550407502, 20.2617429086, 169.626992435, 0.621212160323, 0.0185185185185
0.585190583689, 0.939774046964, 2.03745273611, 0.454651296802, 30.9369503512, 46.7076938451, 2.43172543264, 3.550407502, 20.2617429086, 171.023182354, 0.578325871034, 0.0
0.585190583689, 0.939774046964, 2.03745273611, 0.454651296802, 30.9369503512, 46.7076938451, 2.43172543264, 3.550407502, 20.2617429086, 171.023182354, 0.578325871034, 0.0
0.585190583689, 0.939774046964, 2.03745273611, 0.45849354967, 30.9369503512, 47.8523437488, 2.43172543264, 3.550407502, 20.2617429086, 171.418380509, 0.547406116896, 0.325791855204
0.585190583689, 0.939030126548, 2.03742558874, 0.458877012723, 30.926569867, 46.7076938451, 2.36771006409, 3.64897146909, 21.0837534281, 167.043032492, 0.493497497418, 0.0717948717949
0.585190583689, 0.939030126548, 2.03742558874, 0.458877012723, 30.926569867, 46.7076938451, 2.36771006409, 3.64897146909, 21.0837534281, 167.043032492, 0.493497497418, 0.0717948717949
0.585190583689, 0.88776805652, 2.03745273611, 0.454934669718, 35.9890081994, 46.7076938451, 2.43172543264, 3.37663116409, 20.2778064648, 172.570351842, 0.587851094433, 0.0
0.585190583689, 0.939030126548, 2.03742578059, 0.458496981775, 31.0250818172, 46.5829373389, 2.43092369334, 4.06519604518, 20.0015020148, 177.693934785, 0.573134790473, 0.259615384615
0.585190583689, 0.939774046964, 2.01017165521, 0.456446764648, 31.1584625105, 46.7076938451, 2.36869496979, 3.64982976967, 20.2219545733, 170.264070292, 0.549638385506, 0.0
0.585190583689, 0.939774046964, 2.01017165521, 0.456446764648, 31.1584625105, 46.7076938451, 2.36869496979, 3.64982976967, 20.2219545733, 170.264070292, 0.549638385506, 0.0
0.585190583689, 0.939030126548, 2.03745251629, 0.458495051233, 30.9261213766, 46.7076938451, 2.43288529205, 3.64897146909, 20.0015020148, 171.313628667, 0.548411532392, 0.0
0.585190583689, 0.939030126548, 2.03745251629, 0.458495051233, 30.9261213766, 46.7076938451, 2.43288529205, 3.64897146909, 20.0015020148, 171.313628667, 0.548411532392, 0.0
0.585190583689, 0.939030126548, 2.03745251629, 0.458495051233, 30.9261213766, 46.7076938451, 2.43288529205, 3.64897146909, 20.0015020148, 171.313628667, 0.548411532392, 0.0
0.585190583689, 0.877662367796, 2.03745273611, 0.430738541617, 36.0199808102, 47.8587506137, 2.40302594731, 3.37621859844, 21.4681287989, 166.82896144, 0.59153699372, 0.0191082802548
0.585190583689, 0.877662367796, 2.03745273611, 0.430738541617, 36.0199808102, 47.8587506137, 2.40302594731, 3.37621859844, 21.4681287989, 166.82896144, 0.59153699372, 0.0191082802548
0.585190583689, 0.877662367796, 2.03745273611, 0.430738541617, 36.0199808102, 47.8587506137, 2.40302594731, 3.37621859844, 21.4681287989, 166.82896144, 0.59153699372, 0.0191082802548
0.585190583689, 0.877662367796, 2.03745273611, 0.430738541617, 36.0199808102, 47.8587506137, 2.40302594731, 3.37621859844, 21.4681287989, 166.82896144, 0.59153699372, 0.0191082802548
0.585190583689, 0.877662367796, 2.03745273611, 0.430738541617, 36.0199808102, 47.8587506137, 2.40302594731, 3.37621859844, 21.4681287989, 166.82896144, 0.59153699372, 0.0191082802548
0.585190583689, 0.877662367796, 2.03745273611, 0.430738541617, 36.0199808102, 47.8587506137, 2.40302594731, 3.37621859844, 21.4681287989, 166.82896144, 0.59153699372, 0.0191082802548
0.585190583689, 0.877662367796, 2.03745273611, 0.430738541617, 36.0199808102, 47.8587506137, 2.40302594731, 3.37621859844, 21.4681287989, 166.82896144, 0.59153699372, 0.0191082802548
0.585190583689, 0.877662367796, 2.03745273611, 0.430738541617, 36.0199808102, 47.8587506137, 2.40302594731, 3.37621859844, 21.4681287989, 166.82896144, 0.59153699372, 0.0191082802548
0.585190583689, 0.877662367796, 2.03745273611, 0.430738541617, 36.0199808102, 47.8587506137, 2.40302594731, 3.37621859844, 21.4681287989, 166.82896144, 0.59153699372, 0.0191082802548
0.585190583689, 0.877662367796, 2.03745273611, 0.430738541617, 36.0199808102, 47.8587506137, 2.40302594731, 3.37621859844, 21.4681287989, 166.82896144, 0.59153699372, 0.0191082802548
0.585190583689, 0.877662367796, 2.03745273611, 0.430738541617, 36.0199808102, 47.8587506137, 2.40302594731, 3.37621859844, 21.4681287989, 166.82896144, 0.59153699372, 0.0191082802548
0.585190583689, 0.877662367796, 2.03745273611, 0.430738541617, 36.0199808102, 47.8587506137, 2.40302594731, 3.37621859844, 21.4681287989, 166.82896144, 0.59153699372, 0.0191082802548
0.585190583689, 0.877662367796, 2.03745273611, 0.430738541617, 36.0199808102, 47.8587506137, 2.40302594731, 3.37621859844, 21.4681287989, 166.82896144, 0.59153699372, 0.0191082802548
0.585190583689, 0.877662367796, 2.03745273611, 0.430738541617, 36.0199808102, 47.8587506137, 2.40302594731, 3.37621859844, 21.4681287989, 166.82896144, 0.59153699372, 0.0191082802548
0.585190583689, 0.934885066234, 2.01728410692, 0.454598008106, 30.9261367952, 46.7076938451, 2.45057469936, 3.550407502, 20.000189052, 167.7517584, 0.526579445703, 0.0153846153846
0.585190583689, 0.934885066234, 2.01728410692, 0.454598008106, 30.9261367952, 46.7076938451, 2.45057469936, 3.550407502, 20.000189052, 167.7517584, 0.526579445703, 0.0153846153846
0.585190583689, 0.934885066234, 2.01728410692, 0.454598008106, 30.9261367952, 46.7076938451, 2.45057469936, 3.550407502, 20.000189052, 167.7517584, 0.526579445703, 0.0153846153846
0.585190583689, 0.934885066234, 2.01728410692, 0.454598008106, 30.9261367952, 46.7076938451, 2.45057469936, 3.550407502, 20.000189052, 167.7517584, 0.526579445703, 0.0153846153846
0.585190583689, 0.934885066234, 2.01728410692, 0.454598008106, 30.9261367952, 46.7076938451, 2.45057469936, 3.550407502, 20.000189052, 167.7517584, 0.526579445703, 0.0153846153846
0.585190583689, 0.934885066234, 2.01728410692, 0.454598008106, 30.9261367952, 46.7076938451, 2.45057469936, 3.550407502, 20.000189052, 167.7517584, 0.526579445703, 0.0153846153846
0.585190583689, 0.934885066234, 2.01728410692, 0.454598008106, 30.9261367952, 46.7076938451, 2.45057469936, 3.550407502, 20.000189052, 167.7517584, 0.526579445703, 0.0153846153846
0.585190583689, 0.934885066234, 2.01728410692, 0.454598008106, 30.9261367952, 46.7076938451, 2.45057469936, 3.550407502, 20.000189052, 167.7517584, 0.526579445703, 0.0153846153846
0.585190583689, 0.934885066234, 2.01728410692, 0.454598008106, 30.9261367952, 46.7076938451, 2.45057469936, 3.550407502, 20.000189052, 167.7517584, 0.526579445703, 0.0153846153846
0.585190583689, 0.934885066234, 2.01728410692, 0.454598008106, 30.9261367952, 46.7076938451, 2.45057469936, 3.550407502, 20.000189052, 167.7517584, 0.526579445703, 0.0153846153846
0.585190583689, 0.934885066234, 2.01728410692, 0.454598008106, 30.9261367952, 46.7076938451, 2.45057469936, 3.550407502, 20.000189052, 167.7517584, 0.526579445703, 0.0153846153846
0.585190583689, 0.934885066234, 2.01728410692, 0.454598008106, 30.9261367952, 46.7076938451, 2.45057469936, 3.550407502, 20.000189052, 167.7517584, 0.526579445703, 0.0153846153846
0.585190583689, 0.934885066234, 2.01728410692, 0.454598008106, 30.9261367952, 46.7076938451, 2.45057469936, 3.550407502, 20.000189052, 167.7517584, 0.526579445703, 0.0153846153846
0.585190583689, 0.934885066234, 2.01728410692, 0.454598008106, 30.9261367952, 46.7076938451, 2.45057469936, 3.550407502, 20.000189052, 167.7517584, 0.526579445703, 0.0153846153846
0.585190583689, 0.934885066234, 2.01728410692, 0.454598008106, 30.9261367952, 46.7076938451, 2.45057469936, 3.550407502, 20.000189052, 167.7517584, 0.526579445703, 0.0153846153846
