0.955294536433, 0.990822348556, 0.000155027153373, 0.234621599281, 0.906951839578, 0.601428562232, 0.426712090913, 0.20874080483, 0.273031244802, 0.52195066481, 0.475128435264, 0.289311466434, 0.546671874954, 0.462859416693, 0.00128953970161, 0.000498004278272, 3.36627051946e-07, 0.0958826092914, 1.3632948517
0.00181436329692, 0.0030337651295, 0.0105695289962, 0.00341851319354, 0.360902579929, 0.481496131297, 0.063996163871, 0.294729297463, 0.780083741152, 0.426730043549, 0.582306176726, 0.17941238412, 0.346677785712, 0.509223558981, 1.46863852591, 0.0078863532852, 0.0243857768821, 0.00699980845758, 0.00418630891436
0.983619387766, 0.998197857174, 0.896898483848, 0.912477123635, 0.508277866973, 0.654858509204, 0.681832433811, 0.852880960295, 0.0971521682242, 0.421923127519, 0.582306176726, 0.74084227543, 0.753377605642, 0.509223558981, 2.38046018075e-06, 1.72056523022e-05, 0.000106312210398, 0.0380533920026, 1.47859505672
0.994470624236, 0.525478992341, 0.986145638438, 0.0505391985983, 0.991895598001, 0.651718396523, 0.762194741237, 0.725267477447, 0.437359161173, 0.175637214937, 0.510162441683, 0.846207302673, 0.00299388640762, 0.97856142971, 0.000267021038517, 2.12425866573e-05, 0.0123066677702, 0.0133365482941, 2.08952643387
0.999268409314, 0.0040212048572, 0.0219207970414, 0.054436362182, 0.691671681529, 0.651718396523, 0.762194741237, 0.725267477447, 0.425570206894, 0.065931661927, 0.593430589779, 0.4378636036, 0.207852389872, 0.520492463652, 0.00168387998659, 0.000144337903433, 5.82168485643e-05, 1.06816943879e-05, 1.47156254264
0.0277742673089, 0.142675060133, 0.0611476499282, 0.998775908238, 0.00496766756202, 0.651718396523, 0.063996163871, 0.882556119018, 0.425570206894, 0.065931661927, 0.510162441683, 0.640573144108, 0.248264719395, 0.509223558981, 0.00350822769834, 1.8245399853, 0.175789234588, 0.417816964426, 0.082072549983
3.7415950449e-06, 0.022263562389, 0.924498212019, 0.00341851319354, 0.998950093035, 0.601428562232, 0.236484954401, 0.505122562413, 0.420514684801, 0.450498716936, 0.903703587383, 0.167097789843, 0.837158992732, 0.485459722149, 0.203993566758, 0.00109541272885, 1.71199591885, 0.0603192347031, 1.01392650355e-05
3.7415950449e-06, 0.022263562389, 0.924498212019, 0.00341851319354, 0.998950093035, 0.601428562232, 0.236484954401, 0.505122562413, 0.420514684801, 0.450498716936, 0.903703587383, 0.167097789843, 0.837158992732, 0.485459722149, 0.203993566758, 0.00109541272885, 1.71199591885, 0.0603192347031, 1.01392650355e-05
1.47613444829e-05, 0.990822348556, 0.76301000628, 0.886664071167, 0.542060192313, 0.601428562232, 0.18581731483, 0.20874080483, 0.189245245803, 0.0681335807768, 0.326162350317, 0.636090956994, 0.546671874954, 0.078217593318, 0.00158547484726, 0.00881149260535, 0.0229288313426, 1.70731812268, 3.95918115362e-05
0.983619387766, 0.998197857174, 0.896898483848, 0.261988407032, 0.508277866973, 0.457798787425, 0.681832433811, 0.725267477447, 0.425570206894, 0.487941271135, 0.430449678396, 0.74084227543, 0.512073866253, 0.655398360569, 1.26839525076e-05, 5.53593579114e-06, 8.47056280872e-05, 0.0303195320495, 1.17808972739
0.992900505565, 0.0706509674184, 0.986145638438, 0.726042546577, 0.991895598001, 0.651718396523, 0.762194741237, 0.725267477447, 0.437359161173, 0.175637214937, 0.593430589779, 0.846207302673, 0.062950427219, 0.734396641062, 0.000187956424649, 0.00040947136818, 0.0206998446469, 0.0023072572349, 1.86803308284
0.0948259126611, 0.443603295032, 0.117529058934, 0.657142591396, 0.512365334814, 0.554387724166, 0.486798168045, 0.230466331639, 0.420514684801, 0.512610449772, 0.529483038604, 0.420590627064, 0.438364993451, 0.499169345724, 0.418081894907, 0.699750562838, 0.152218576847, 0.693937258155, 0.162260565205
9.99969140653e-05, 0.195724952349, 0.0308108112744, 0.959817601701, 0.437464825867, 0.945133124796, 0.366341452048, 0.505122562413, 0.465065740778, 0.777763557382, 0.144910363608, 0.256675965203, 0.612434642559, 0.462859416693, 0.0899305708199, 1.42289990203, 0.0690561409497, 0.453219316079, 0.000235240569261
0.0260246977694, 0.198011847502, 0.206631395727, 0.997549503992, 0.347573003171, 0.168654403854, 0.063996163871, 0.882556119018, 0.425570206894, 0.175637214937, 0.903703587383, 0.435095356407, 0.346677785712, 0.509223558981, 0.00614588891827, 1.59664617594, 0.537236307099, 0.541555165567, 0.0723776522549
6.43843523285e-06, 0.717629069531, 0.344577771472, 0.0242009671562, 0.393504453408, 0.905461310934, 0.135439784858, 0.509272928189, 0.437359161173, 0.250823502443, 0.326162350317, 0.167097789843, 0.592353883039, 0.455886193451, 0.560959214555, 0.0213350251605, 0.337462025163, 1.37857318211, 1.54358034874e-05
0.0277742673089, 0.461565214734, 0.539966022782, 0.223461190407, 0.347573003171, 0.530491947639, 0.063996163871, 0.781518318434, 0.544876215074, 0.516099596817, 0.680826484107, 0.752336283906, 0.346677785712, 0.707919037034, 0.677490773454, 0.248080714544, 0.818273836592, 0.966554000662, 0.0636282249576
0.17756128413, 0.790998624687, 0.192808899767, 0.449872261945, 0.340976811231, 0.596383654198, 0.351821420439, 0.479465125439, 0.262036621135, 0.509689131987, 0.529483038604, 0.4378636036, 0.592353883039, 0.619729623616, 0.256804199606, 0.219242407003, 0.10551146114, 1.03857058369, 0.314204050752
0.0277742673089, 0.198011847502, 0.0757343428271, 0.997549503992, 0.531749562338, 0.168654403854, 0.063996163871, 0.882556119018, 0.425570206894, 0.794418234118, 0.903703587383, 0.167097789843, 0.346677785712, 0.509223558981, 0.00667728740561, 1.73469868129, 0.207345944012, 0.561628049642, 0.0801126585229
0.460825837782, 0.193690767097, 0.539966022782, 0.00192994732717, 0.489821098792, 0.481496131297, 0.388695401101, 0.36365874079, 0.647338937646, 0.516099596817, 0.444702750365, 0.688289407333, 0.346677785712, 0.168979996548, 0.579122757724, 0.00175564739085, 0.656818174006, 0.274958088469, 0.811287919703
0.268000391612, 0.717629069531, 0.53343195641, 0.997549503992, 0.347573003171, 0.168654403854, 0.063996163871, 0.448643937011, 0.437359161173, 0.175637214937, 0.654685840107, 0.735186578, 0.346677785712, 0.509223558981, 0.00155102178329, 0.402941386027, 0.447654504296, 1.26766506454, 0.628392390591
0.0212119001797, 0.221611886675, 0.795027518341, 0.645036001193, 0.53417806288, 0.519833547175, 0.43170680375, 0.363998025246, 0.267755592615, 0.766898265639, 0.558082538512, 0.603147705349, 0.453698879986, 0.707919037034, 0.190227109345, 0.305057410725, 1.0777370812, 0.412279978584, 0.0402852840015
0.460825837782, 0.233111012631, 0.950482895079, 0.738868051707, 0.66691784188, 0.967524032993, 0.538717181291, 0.505122562413, 0.465065740778, 0.777763557382, 0.877941485724, 0.320453426897, 0.698505094105, 0.133030903665, 0.0363202170664, 0.0835233044316, 1.16859462752, 0.449472232854, 1.10964810572
0.00014982737957, 0.706511707926, 0.395605169602, 0.762855043043, 0.312752967969, 0.905461310934, 0.351821420439, 0.66990089458, 0.303745119161, 0.551191673784, 0.447401268905, 0.391968427013, 0.458411744713, 0.595860496568, 0.173337246931, 0.443602009992, 0.341028541195, 1.17930949321, 0.000309901072068
0.000353846101996, 0.111345430825, 0.924498212019, 0.401952096839, 0.388292925117, 0.611863798125, 0.236484954401, 0.626948763639, 0.646780746761, 0.082559355084, 0.582306176726, 0.424016581019, 0.323567813208, 0.562828931631, 0.127344065322, 0.0931188150527, 1.32395040437, 0.23560567639, 0.000752565449978
0.00014982737957, 0.194387943468, 0.242840228703, 0.82028928408, 0.807409945104, 0.570465756842, 0.533270961185, 0.828628447686, 0.780083741152, 0.509689131987, 0.399643497075, 0.615953515332, 0.389226116406, 0.707919037034, 0.336852770914, 1.16142446796, 0.485042808201, 0.410687120492, 0.00032151601758
0.466095575243, 0.229417513308, 0.0263112492473, 0.203179379098, 0.151861628432, 0.273422272632, 0.47836672415, 0.376824890723, 0.474559297968, 0.562657090143, 0.326162350317, 0.735186578, 0.589776734897, 0.509223558981, 0.849379597403, 0.280677590418, 0.0369926075952, 0.337376594634, 0.859930555688
0.104975140207, 0.0040212048572, 0.0308108112744, 0.0400749179727, 0.627416799171, 0.787003806839, 0.762194741237, 0.725267477447, 0.474559297968, 0.125688578173, 0.521575761076, 0.751983864591, 0.453698879986, 0.520492463652, 1.40158882598, 0.0883460889166, 0.0680211475173, 0.00888121432389, 0.23397359922
0.189456012436, 0.111345430825, 0.523306165702, 0.881495436473, 0.398884339211, 0.554387724166, 0.394399861085, 0.5351965398, 0.0732064684513, 0.512610449772, 0.593430589779, 0.688289407333, 0.496159525006, 0.528602633411, 0.148610756405, 0.789111111121, 0.86403854337, 0.208434615107, 0.367379535602
6.43843523285e-06, 0.198011847502, 0.344577771472, 0.158188786677, 0.211062396174, 0.905461310934, 0.135439784858, 0.505122562413, 0.653391722817, 0.250823502443, 0.326162350317, 0.814839937866, 0.592353883039, 0.781890125828, 1.33164947787, 0.337874045096, 0.825880815272, 0.515309122329, 1.70287292546e-05
0.0212119001797, 0.221611886675, 0.661920852919, 0.952891260668, 0.347573003171, 0.273422272632, 0.459490903087, 0.468055557595, 0.286346186517, 0.370063119519, 0.474189974331, 0.229126129714, 0.589776734897, 0.60739938962, 0.0433864211264, 0.585246411271, 0.999181681823, 0.420501987411, 0.0410886845493
0.333527921919, 0.00144622684038, 0.594605029629, 0.639223742245, 0.398422592605, 0.651718396523, 0.284337507897, 0.230466331639, 0.474559297968, 0.720749029483, 0.168128508878, 0.481256245908, 0.612434642559, 0.241473055419, 0.384715333222, 0.604583629337, 0.968951413808, 0.00273778461514, 0.696288528725
0.0749977179734, 0.606387177186, 0.359054711968, 0.83825832249, 0.421322800911, 0.525290632175, 0.486798168045, 0.483959764561, 0.30384267921, 0.509474162969, 0.582306176726, 0.514376442154, 0.403855026997, 0.412499460851, 0.130792332466, 0.503677816465, 0.329161926876, 0.865636467667, 0.125727114305
0.983619387766, 0.0030337651295, 0.896898483848, 0.912477123635, 0.508277866973, 0.654858509204, 0.681832433811, 0.878683559481, 0.0593434065475, 0.883545433045, 0.582306176726, 0.74084227543, 0.753377605642, 0.509223558981, 0.000949938577329, 0.0068660307793, 0.0424245995439, 0.000204853478507, 1.67031080022
0.0212119001797, 0.383194353455, 0.0104469442436, 0.762855043043, 0.312752967969, 0.905461310934, 0.351821420439, 0.942759052013, 0.354533910895, 0.551191673784, 0.447401268905, 0.685112137268, 0.438364993451, 0.585055272794, 0.446462044299, 1.14257878063, 0.020132126093, 0.842812878612, 0.0496136671916
1.47613444829e-05, 0.0010336920903, 0.76301000628, 0.886664071167, 0.352228673696, 0.519833547175, 0.377947235117, 0.960675222289, 0.565463451103, 0.0681335807768, 0.275039764671, 0.17941238412, 0.72942956873, 0.078217593318, 0.117490547423, 0.652969734339, 1.69912562843, 0.0029617677311, 4.22946962506e-05
0.268000391612, 0.486927089753, 0.0156603659865, 0.774344526294, 0.728501078999, 0.601428562232, 0.393021565982, 0.725267477447, 0.286346186517, 0.551191673784, 0.864768709126, 0.648712903525, 0.847017501093, 0.445110409196, 0.331653473163, 0.896143556608, 0.0235104418995, 0.917363429203, 0.593181349608
0.15361383904, 0.0188876552535, 0.523306165702, 0.911052197062, 0.398884339211, 0.651718396523, 0.394399861085, 0.194565125239, 0.474559297968, 0.646267315341, 0.593430589779, 0.688289407333, 0.698505094105, 0.528602633411, 0.11448200706, 0.814035194364, 0.884551020224, 0.0358370642051, 0.297299110591
0.502918350858, 0.0255129225777, 0.150108087438, 0.657142591396, 0.512365334814, 0.876071013042, 0.47836672415, 0.513546048344, 0.000609370562422, 0.562657090143, 0.511873921029, 0.587656911985, 0.34300202945, 0.590238906402, 0.503717731074, 0.843080674205, 0.235957242491, 0.0404998781512, 1.02016793585
9.99969140653e-05, 0.193690767097, 0.539966022782, 0.165256147124, 0.489821098792, 0.219289398485, 0.388695401101, 0.36365874079, 0.647338937646, 0.516099596817, 0.444702750365, 0.688289407333, 0.346677785712, 0.168979996548, 0.794887170337, 0.211102862066, 0.932776409099, 0.390480088044, 0.000204737603638
0.104975140207, 0.145566713027, 0.70749314939, 0.707351346506, 0.627416799171, 0.540968520032, 0.236484954401, 0.385374151369, 0.523040802097, 0.370063119519, 0.326162350317, 0.636090956994, 0.650246212758, 0.485459722149, 0.224844847286, 0.454172822448, 1.02424264743, 0.265949770493, 0.195243406704
0.574223905514, 0.111345430825, 0.523306165702, 0.881495436473, 0.398884339211, 0.530491947639, 0.394399861085, 0.5351965398, 0.0732064684513, 0.337711581546, 0.593430589779, 0.688289407333, 0.496159525006, 0.528602633411, 0.0982406645404, 0.521649992424, 0.571181539901, 0.137787839835, 1.00192410638
0.555078652872, 0.145566713027, 0.721601363713, 0.707351346506, 0.627416799171, 0.540968520032, 0.236484954401, 0.535328682444, 0.523040802097, 0.370063119519, 0.326162350317, 0.636090956994, 0.650246212758, 0.485459722149, 0.138641982148, 0.280048313768, 0.668429644977, 0.171720525956, 0.90148212255
0.994381905484, 0.0475235713425, 0.986145638438, 0.054436362182, 0.707900157252, 0.651718396523, 0.762194741237, 0.725267477447, 0.437359161173, 0.175637214937, 0.510162441683, 0.846207302673, 0.0457261586486, 0.734396641062, 0.000319804089218, 2.74127919535e-05, 0.0147468309711, 0.00110315938937, 1.67607156978
0.0277742673089, 0.198011847502, 0.53343195641, 0.997549503992, 0.347573003171, 0.168654403854, 0.063996163871, 0.882556119018, 0.653391722817, 0.175637214937, 0.0873255674974, 0.948789733503, 0.346677785712, 0.509223558981, 0.00488270315546, 1.26848197634, 1.40924136865, 0.609526345998, 0.0869450449435
0.206711201526, 0.653754570699, 0.186152484039, 0.035276006014, 0.0985273975343, 0.647679240281, 0.366341452048, 0.568128938744, 0.610359446312, 0.606436298551, 0.168128508878, 0.537866549038, 0.612434642559, 0.657032071459, 0.646063901692, 0.0358360034068, 0.194787919455, 1.11744805937, 0.439577936568
0.235701885153, 0.383194353455, 0.395605169602, 0.762855043043, 0.312752967969, 0.905461310934, 0.351821420439, 0.503656191569, 0.354533910895, 0.551191673784, 0.447401268905, 0.685112137268, 0.438364993451, 0.585055272794, 0.294064061914, 0.752564213644, 0.578549849085, 0.682668650284, 0.467958220797
0.00154550819583, 0.111345430825, 0.924498212019, 0.992532353715, 0.388292925117, 0.601428562232, 0.063996163871, 0.626948763639, 0.646780746761, 0.082559355084, 0.582306176726, 0.424016581019, 0.323567813208, 0.562828931631, 0.00201234233209, 0.171545104014, 1.43975368609, 0.256213631514, 0.0035745260288
0.333527921919, 0.0311745719508, 0.395605169602, 0.035276006014, 0.398422592605, 0.519833547175, 0.0643675283559, 0.230466331639, 0.474559297968, 0.720749029483, 0.326162350317, 0.481256245908, 0.236008731611, 0.241473055419, 1.04582502, 0.0580100341184, 0.750011595411, 0.0631355079758, 0.745199867417
0.813224305837, 0.280011021785, 0.186152484039, 0.0212741631806, 0.51867719562, 0.554387724166, 0.366341452048, 0.756767111094, 0.384880490881, 0.606436298551, 0.754919695418, 0.636090956994, 0.612434642559, 0.464450441052, 0.302784362816, 0.0101220274247, 0.0912001279458, 0.148885293759, 1.15742759968
0.992018518608, 0.0552268857978, 0.986145638438, 0.054436362182, 0.707900157252, 0.651718396523, 0.762194741237, 0.725267477447, 0.437359161173, 0.52195066481, 0.510162441683, 0.676111114979, 0.0457261586486, 0.734396641062, 0.00040146845893, 3.44128537176e-05, 0.0185125447225, 0.00161038886886, 1.482446565
0.466095575243, 0.486927089753, 0.0156603659865, 0.774344526294, 0.728501078999, 0.601428562232, 0.393021565982, 0.725267477447, 0.286346186517, 0.551191673784, 0.864768709126, 0.648712903525, 0.847017501093, 0.445110409196, 0.270261730819, 0.730260130736, 0.0191584688062, 0.747552033156, 0.970318228757
0.00014982737957, 0.0891382805208, 0.242840228703, 0.657142591396, 0.807409945104, 0.570465756842, 0.533270961185, 0.828628447686, 0.544876215074, 0.250823502443, 0.326162350317, 0.615953515332, 0.592353883039, 0.707919037034, 0.644888336655, 1.07936024506, 0.50431581692, 0.190933012657, 0.000321979302458
9.99969140653e-05, 0.233111012631, 0.950482895079, 0.738868051707, 0.66691784188, 0.967524032993, 0.538717181291, 0.505122562413, 0.465065740778, 0.777763557382, 0.877941485724, 0.320453426897, 0.698505094105, 0.133030903665, 0.04847526466, 0.111475498073, 1.5596804872, 0.599894141742, 0.000263176582702
0.206711201526, 0.653754570699, 0.78345845572, 0.035276006014, 0.0985273975343, 0.486902421604, 0.366341452048, 0.568128938744, 0.610359446312, 0.606436298551, 0.168128508878, 0.537866549038, 0.612434642559, 0.657032071459, 0.221560768975, 0.0122895776269, 0.627021695339, 1.09990011193, 0.43267498438
0.0774817489824, 0.0311745719508, 0.110297747227, 0.639223742245, 0.312752967969, 0.519833547175, 0.0643675283559, 0.823363186277, 0.694857501681, 0.720749029483, 0.326162350317, 0.481256245908, 0.28369828221, 0.241473055419, 0.818233222317, 1.28586091708, 0.266736248672, 0.075829490731, 0.189479600937
9.99969140653e-05, 0.233111012631, 0.85963100295, 0.738868051707, 0.66691784188, 0.951913543158, 0.366341452048, 0.505122562413, 0.465065740778, 0.777763557382, 0.877941485724, 0.320453426897, 0.698505094105, 0.133030903665, 0.136606336033, 0.314144944974, 1.52837004625, 0.600614778534, 0.000263492729693
0.217154942944, 0.322984415729, 0.0308108112744, 0.0152124228626, 0.41833876734, 0.519833547175, 0.391186727046, 0.834422122493, 0.843597754705, 0.242834383537, 0.326162350317, 0.662376713064, 0.0432450909858, 0.462859416693, 1.30077473056, 0.0310887334594, 0.0630214478205, 0.724122806807, 0.529066888628
1.84943931406e-05, 0.00682082455492, 0.523306165702, 0.234621599281, 0.852909702665, 0.519833547175, 0.366341452048, 0.899512861495, 0.189245245803, 0.52195066481, 0.593430589779, 0.636090956994, 0.732069774065, 0.881344879334, 1.03251530244, 0.398744635277, 1.19099507615, 0.0174207761606, 4.72366419646e-05
0.333527921919, 0.00144622684038, 0.242840228703, 0.639223742245, 0.398422592605, 0.651718396523, 0.284337507897, 0.230466331639, 0.474559297968, 0.720749029483, 0.168128508878, 0.481256245908, 0.698505094105, 0.241473055419, 0.612037276546, 0.961822121424, 0.457267761433, 0.00279042756199, 0.709676974189
1.47613444829e-05, 0.336896269535, 0.76301000628, 0.886664071167, 0.352228673696, 0.519833547175, 0.18581731483, 0.677740474721, 0.693621716689, 0.0681335807768, 0.326162350317, 0.636090956994, 0.269516117992, 0.707919037034, 0.084603600842, 0.470196045363, 1.22352095212, 0.768174893138, 3.52819855936e-05
0.0277742673089, 0.383194353455, 0.539966022782, 0.271255208572, 0.874601064433, 0.530491947639, 0.127391872983, 0.781518318434, 0.780083741152, 0.516099596817, 0.593430589779, 0.735186578, 0.346677785712, 0.509223558981, 0.756599612547, 0.343415320756, 0.942357537492, 0.863061519196, 0.0665410824471
0.155686288917, 0.4967497614, 0.192808899767, 0.449872261945, 0.340976811231, 0.596383654198, 0.351821420439, 0.316560227879, 0.262036621135, 0.509689131987, 0.529483038604, 0.4378636036, 0.592353883039, 0.619729623616, 0.587916485242, 0.501924133403, 0.241553399366, 0.801662124216, 0.284371353235
0.0026682412049, 0.269663980171, 0.395605169602, 0.271255208572, 0.347573003171, 0.731029261151, 0.130886415505, 0.605762240576, 0.454835587198, 0.551191673784, 0.680826484107, 0.735186578, 0.346677785712, 0.509223558981, 0.90459941891, 0.410591407197, 0.711336738045, 0.550904306617, 0.00561754711701
0.206711201526, 0.221611886675, 0.460604247627, 0.412033352817, 0.53417806288, 0.519833547175, 0.634963248041, 0.488679286684, 0.693621716689, 0.509689131987, 0.326162350317, 0.29006897477, 0.269666852551, 0.589445086306, 0.63539554638, 0.48024961584, 0.703528949082, 0.385635880326, 0.380544065018
0.0350371792142, 0.366964966436, 0.00341422578671, 0.203179379098, 0.151861628432, 0.622827056965, 0.47836672415, 0.376824890723, 0.474559297968, 0.562657090143, 0.326162350317, 0.735186578, 0.0960002573834, 0.509223558981, 1.11704268417, 0.369126889725, 0.00630943464183, 0.764791744983, 0.0773052597183
2.88598264986e-05, 0.00682082455492, 0.76301000628, 0.234621599281, 0.903542258966, 0.519833547175, 0.47836672415, 0.103188384574, 0.647386265566, 0.699442560002, 0.529483038604, 0.636090956994, 0.389226116406, 0.718934139294, 0.496118596889, 0.191594864021, 1.36202690816, 0.0156665408877, 6.62885108532e-05
0.704757641418, 0.145566713027, 0.721601363713, 0.707351346506, 0.627416799171, 0.540968520032, 0.236484954401, 0.385374151369, 0.523040802097, 0.370063119519, 0.326162350317, 0.636090956994, 0.650246212758, 0.485459722149, 0.0973690383073, 0.196679494686, 0.469441872507, 0.120600284351, 1.06379827674
6.43843523285e-06, 0.824062936287, 0.344577771472, 0.00935158187416, 0.393504453408, 0.905461310934, 0.135439784858, 0.509272928189, 0.437359161173, 0.250823502443, 0.326162350317, 0.167097789843, 0.592353883039, 0.766490882131, 0.373035609623, 0.00548007481381, 0.224272947337, 1.53479768181, 1.61343546668e-05
0.0277742673089, 0.198011847502, 0.0835701168047, 0.997549503992, 0.347573003171, 0.168654403854, 0.063996163871, 0.36365874079, 0.425570206894, 0.175637214937, 0.903703587383, 0.167097789843, 0.346677785712, 0.509223558981, 0.00635116973821, 1.64997627034, 0.217849468023, 0.535025857978, 0.0763180255838
0.502918350858, 0.0255129225777, 0.539966022782, 0.657142591396, 0.512365334814, 0.876071013042, 0.886054330879, 0.513546048344, 0.000609370562422, 0.512610449772, 0.511873921029, 0.587656911985, 0.34300202945, 0.590238906402, 0.377159231835, 0.631257626726, 0.833997762809, 0.0445833216943, 1.1230274594
0.206711201526, 0.221611886675, 0.186152484039, 0.412033352817, 0.53417806288, 0.519833547175, 0.634963248041, 0.488679286684, 0.693621716689, 0.509689131987, 0.326162350317, 0.29006897477, 0.269666852551, 0.589445086306, 0.811792445434, 0.613575295393, 0.306330799123, 0.385635880326, 0.380544065018
0.206711201526, 0.274015259815, 0.396322076238, 0.639223742245, 0.0985273975343, 0.647679240281, 0.366341452048, 0.568128938744, 0.610359446312, 0.990831944936, 0.193594527732, 0.537866549038, 0.612434642559, 0.657032071459, 0.597736873408, 0.939348908417, 0.79914756384, 0.629245930966, 0.507636607639
0.0948259126611, 0.383194353455, 0.117529058934, 0.657142591396, 0.512365334814, 0.530491947639, 0.486798168045, 0.230466331639, 0.653391722817, 0.337711581546, 0.529483038604, 0.420590627064, 0.438364993451, 0.499169345724, 0.466349038513, 0.780536077152, 0.169792061845, 0.635408771, 0.168398672296
0.466095575243, 0.12808753698, 0.0308108112744, 0.203179379098, 0.151861628432, 0.273422272632, 0.807114964919, 0.376824890723, 0.474559297968, 0.562657090143, 0.326162350317, 0.735186578, 0.589776734897, 0.509223558981, 0.953954168737, 0.315234270129, 0.0486624746244, 0.205155769215, 0.922666944159
9.99969140653e-05, 0.195724952349, 0.594605029629, 0.959817601701, 0.437464825867, 0.945133124796, 0.366341452048, 0.505122562413, 0.465065740778, 0.175637214937, 0.144910363608, 0.256675965203, 0.612434642559, 0.462859416693, 0.0545402396318, 0.862946836888, 1.16914928336, 0.461710514879, 0.000239647871352
0.268000391612, 0.837754275869, 0.970584423118, 0.611263659941, 0.398884339211, 0.554387724166, 0.236484954401, 0.725267477447, 0.286346186517, 0.483402256899, 0.511873921029, 0.688289407333, 0.560340797178, 0.483582369397, 0.00742714415931, 0.0106124726145, 0.280138463092, 1.07645428529, 0.498060499245
0.268000391612, 0.0188876552535, 0.0308108112744, 0.035276006014, 0.398884339211, 0.519833547175, 0.443855651905, 0.194565125239, 0.224120550616, 0.337711581546, 0.593430589779, 0.420590627064, 0.31256563528, 0.575984596332, 1.15133339145, 0.063862393844, 0.0558509362832, 0.0342611849862, 0.517124792024
0.0017976189046, 0.174782881628, 0.0308108112744, 0.588610621802, 0.582011131623, 0.488594675005, 0.403467811017, 0.254366339526, 0.474559297968, 0.777763557382, 0.326162350317, 0.256687005317, 0.560340797178, 0.520492463652, 0.722384922367, 0.957765860784, 0.0581053512017, 0.338290214411, 0.00352337645784
0.366186767709, 0.198011847502, 0.206631395727, 0.997549503992, 0.347573003171, 0.168654403854, 0.063996163871, 0.882556119018, 0.425570206894, 0.175637214937, 0.903703587383, 0.435095356407, 0.346677785712, 0.509223558981, 0.0051612098864, 1.340835498, 0.451161642588, 0.454788544298, 0.963438755776
0.636259720909, 0.0458064779853, 0.395605169602, 0.762855043043, 0.53417806288, 0.905461310934, 0.351821420439, 0.503656191569, 0.354533910895, 0.551191673784, 0.447401268905, 0.685112137268, 0.592353883039, 0.595860496568, 0.202076019041, 0.517149832508, 0.397570004163, 0.049220810443, 1.06497398974
9.99969140653e-05, 0.148239546882, 0.950482895079, 0.738868051707, 0.66691784188, 0.967524032993, 0.538717181291, 0.505122562413, 0.465065740778, 0.777763557382, 0.877941485724, 0.320453426897, 0.698505094105, 0.133030903665, 0.0505159294889, 0.116168285824, 1.62533840855, 0.386627688268, 0.000263176582702
0.268000391612, 0.145566713027, 0.70749314939, 0.707351346506, 0.627416799171, 0.540968520032, 0.236484954401, 0.385374151369, 0.523040802097, 0.370063119519, 0.326162350317, 0.31343016753, 0.650246212758, 0.485459722149, 0.210884558991, 0.425973894994, 0.960648916844, 0.249437337529, 0.49271719102
0.423683062289, 0.0188876552535, 0.315373106353, 0.881495436473, 0.398884339211, 0.813316103678, 0.394399861085, 0.194565125239, 0.0432318137653, 0.512610449772, 0.465445686596, 0.688289407333, 0.254487172648, 0.528602633411, 0.19451127924, 1.03283917934, 0.56788190905, 0.03545273381, 0.938163086224
0.268000391612, 0.229417513308, 0.0263112492473, 0.0931527993254, 0.151861628432, 0.273422272632, 0.47836672415, 0.376824890723, 0.474559297968, 0.562657090143, 0.326162350317, 0.735186578, 0.589776734897, 0.509223558981, 1.08602607099, 0.160055697482, 0.045395723446, 0.414013922857, 0.525698428077
0.992018518608, 0.698031011909, 0.986145638438, 0.0246304239917, 0.707900157252, 0.651718396523, 0.762194741237, 0.725267477447, 0.437359161173, 0.52195066481, 0.599118452396, 0.597991045297, 0.560340797178, 0.734396641062, 0.000157899870751, 6.11209800031e-06, 0.00725992164788, 0.0141434609981, 1.26804801744
0.00915990855621, 0.174782881628, 0.765380042196, 0.054436362182, 0.381619104618, 0.267875364591, 0.366341452048, 0.254366339526, 0.474559297968, 0.175637214937, 0.326162350317, 0.256687005317, 0.560340797178, 0.520492463652, 0.464793139032, 0.0398408840013, 1.20796496099, 0.364726485966, 0.0193579446504
9.99969140653e-05, 0.383194353455, 0.352554044581, 0.861363208855, 0.66691784188, 0.951913543158, 0.366341452048, 0.505122562413, 0.365985887764, 0.777763557382, 0.877941485724, 0.320453426897, 0.698505094105, 0.133030903665, 0.256617819606, 1.15970127555, 0.734427381946, 0.959322100367, 0.000266122064172
0.232275274656, 0.280011021785, 0.0302582137362, 0.0212741631806, 0.627416799171, 0.554387724166, 0.366341452048, 0.756767111094, 0.384880490881, 0.300274348477, 0.754919695418, 0.636090956994, 0.515950060691, 0.356503397339, 1.06363584596, 0.035557157254, 0.0506204347139, 0.501377349236, 0.449759362855
0.268000391612, 0.486927089753, 0.0156603659865, 0.774344526294, 0.728501078999, 0.601428562232, 0.393021565982, 0.725267477447, 0.286346186517, 0.551191673784, 0.864768709126, 0.648712903525, 0.847017501093, 0.445110409196, 0.331653473163, 0.896143556608, 0.0235104418995, 0.917363429203, 0.593181349608
0.0948259126611, 0.233111012631, 0.117529058934, 0.657142591396, 0.0498777341676, 0.530491947639, 0.486798168045, 0.230466331639, 0.653391722817, 0.337711581546, 0.529483038604, 0.420590627064, 0.438364993451, 0.499169345724, 0.622530808461, 1.04194008139, 0.226655961097, 0.47347354211, 0.198443721027
0.270949905293, 0.990822348556, 0.186152484039, 0.995160781707, 0.903542258966, 0.601428562232, 0.630431158292, 0.86559723576, 0.75149503331, 0.0861499388944, 0.877941485724, 0.798741947657, 0.526253732449, 0.462859416693, 0.000171302141124, 0.022535092038, 0.00678408609086, 1.63240420933, 0.740069932235
0.00181436329692, 0.998197857174, 0.0105695289962, 0.00341851319354, 0.360902579929, 0.481496131297, 0.063996163871, 0.294729297463, 0.780083741152, 0.426730043549, 0.582306176726, 0.17941238412, 0.346677785712, 0.509223558981, 0.00415746261165, 2.23249072846e-05, 6.9031932538e-05, 1.4688729312, 0.00418630891436
