0.999196026363, 0.999963861186, 0.00112315178008, 0.999954317418, 0.198442608213, 0.026978859387, 0.0669660522614, 0.514900164152, 0.284017140492, 0.0168605065277, 0.897590059566, 0.923870038359, 0.108986659835, 0.58635816586, 3.45960452607e-09, 4.82120877788e-05, 8.50579119298e-08, 0.849303358643, 672.513375534
0.999927689441, 6.84105080606e-06, 0.171675675493, 0.970864899768, 0.880819508143, 0.587052928883, 0.696196770669, 0.501613503983, 0.00725102823964, 0.815486254171, 0.122728418917, 0.600664500871, 0.726442174689, 0.391142973598, 0.00219742442711, 0.0479815420613, 0.0132760095561, 5.35498324437e-07, 438.726456347
1.56976251076e-06, 0.999963861186, 0.00112315178008, 0.999995191858, 0.543690603508, 0.0421153190787, 0.2669174979, 0.190783766135, 0.936316829696, 0.61739035651, 0.0803189425232, 0.718011068682, 0.766459514604, 0.70358538028, 4.86151001978e-07, 0.0643685952265, 0.000113561941458, 1133.91612968, 0.00279598452772
1.42982854049e-05, 0.0305195932096, 0.000415118381793, 0.0638587330398, 0.794420123928, 0.223319014306, 0.753397679351, 0.690255588183, 0.965127820356, 0.0168605065277, 0.636873714514, 0.7966437733, 0.0366160448577, 0.70358538028, 962.568826443, 96.8795264726, 0.630829922746, 46.4143183225, 0.0217532205527
0.0716061275794, 0.20999905081, 0.996385265914, 0.0226664634855, 0.0349175404791, 0.981388556707, 0.730585572033, 0.905788188203, 0.997098569371, 0.0168605065277, 0.0803189425232, 0.280752365712, 0.653030422661, 0.684999301659, 4.95045611871, 0.176332524841, 872.408014219, 298.695386633, 104.160505549
0.998458062435, 5.9825448262e-07, 0.996168695124, 0.000949344859559, 0.648246075811, 0.0180567784448, 0.0669660522614, 0.484707429286, 0.918639335515, 0.0168605065277, 0.0803189425232, 0.951369869111, 0.108986659835, 0.58635816586, 0.0148292577487, 2.21138121392e-05, 2.46404176099, 2.31559054354e-06, 1017.34537153
0.0783503542962, 5.9825448262e-07, 0.196625988632, 0.952388841757, 0.295354313952, 0.271372673127, 0.00506911069086, 0.660895073317, 0.785282192131, 0.720384462141, 0.991443936811, 0.826112985511, 0.176127215074, 0.631622624257, 61.6342095382, 822.588162568, 263.199171242, 0.000813685367306, 107.105560933
0.998458062435, 0.999963861186, 0.996168695124, 0.000949344859559, 0.648246075811, 0.0180567784448, 0.0669660522614, 0.514900164152, 0.918639335515, 0.0168605065277, 0.0803189425232, 0.92434573242, 0.108986659835, 0.58635816586, 7.52351759692e-07, 1.12192840386e-09, 0.000125011392091, 2.20223510949, 909.235047077
2.24099885315e-08, 0.272263459477, 0.000149837317569, 0.000949344859559, 0.95244038091, 0.152764680299, 0.395112554331, 0.00471957756309, 0.896906557599, 0.26380964378, 0.236913481109, 0.482913346024, 0.108986659835, 0.982474267868, 900.4174245, 1.34272814659, 0.211926003459, 410.414769173, 3.48333954137e-05
0.0783503542962, 0.999963861186, 0.196625988632, 0.848996444593, 0.295354313952, 0.271372673127, 0.00506911069086, 0.660895073317, 0.785282192131, 0.720384462141, 0.991443936811, 0.826112985511, 0.176127215074, 0.631622624257, 0.0110031977441, 0.0455154127852, 0.0149409526979, 865.865960937, 107.105560933
0.998458062435, 0.999963861186, 0.00899349484621, 0.000949344859559, 0.648246075811, 0.0180567784448, 0.4775382488, 0.514900164152, 0.918639335515, 0.0168605065277, 0.0803189425232, 0.92434573242, 0.108986659835, 0.58635816586, 0.000113597943975, 1.69400494283e-07, 1.60490087298e-06, 2.00133835046, 826.290962966
0.999927689441, 1.32908833799e-05, 0.171675675493, 0.503799367927, 0.880819508143, 0.587052928883, 0.696196770669, 0.501613503983, 0.00725102823964, 0.815486254171, 0.68176523413, 0.7966437733, 0.766459514604, 0.70358538028, 0.0342539151957, 0.0346652318356, 0.0134701061855, 1.05558354313e-06, 445.140682475
0.998458062435, 0.999963861186, 0.00112315178008, 0.0335879108671, 5.3962686308e-05, 0.0180567784448, 0.0669660522614, 0.514900164152, 0.699020738432, 0.0168605065277, 0.0803189425232, 0.923870038359, 0.108986659835, 0.58635816586, 8.99531407518e-05, 4.75031521455e-06, 1.58920469372e-07, 1.58682108851, 655.149552786
0.488379280567, 0.304658612723, 0.619514799437, 0.47372253809, 0.0791485579178, 0.115786456533, 0.998524240675, 0.933860530028, 0.897963551886, 0.898132265402, 0.510955061593, 0.883190840349, 0.694332819972, 0.100457518988, 131.59038023, 121.152115581, 262.765679384, 164.902486289, 345.255407326
0.0480878785722, 5.16793166594e-07, 0.266861898496, 0.0610368779482, 0.984974358391, 0.756435483618, 0.608937334599, 0.795077504498, 0.284017140492, 0.974803152642, 0.535140238837, 0.596968041282, 0.766459514604, 0.503836233012, 718.623106642, 69.1109638103, 321.693140686, 0.00064160261542, 59.8152705591
0.999927689441, 0.901721750272, 0.996385265914, 0.999954317418, 0.984974358391, 0.532256584428, 0.300984855068, 0.988665432958, 0.992702248754, 0.00954373288965, 0.0803189425232, 0.103113916849, 0.653030422661, 0.684999301659, 4.88233069995e-09, 6.80388045794e-05, 0.0119827300922, 0.0770045141573, 686.104479672
0.000389910743013, 0.970438845183, 0.00403076215798, 0.999997232183, 0.00178175617734, 0.577412569358, 0.730585572033, 0.980143466032, 0.228400997927, 0.717750534776, 0.625695480273, 0.784543807038, 0.473027628349, 0.804272762142, 0.000164503265931, 37.8370508839, 0.239568730809, 814.277466548, 0.499259024199
2.43076566875e-07, 2.74421205126e-06, 0.153854250179, 0.000949344859559, 0.168579246814, 0.728210630513, 0.499439258974, 0.27790450699, 0.284017140492, 0.0168605065277, 0.535140238837, 0.00105719865527, 0.962838059343, 0.700692467602, 842.957269149, 1.25704192396, 207.781909144, 0.00374241325385, 0.000331495142716
0.0783503542962, 5.9825448262e-07, 0.223032445938, 0.952388841757, 0.295354313952, 0.0182431941511, 0.00506911069086, 0.660895073317, 0.785282192131, 0.720384462141, 0.991443936811, 0.826112985511, 0.176127215074, 0.631622624257, 57.575623758, 768.421091317, 281.5775279, 0.00077096834306, 101.48271084
0.131900469248, 4.0882239567e-06, 0.000415118381793, 0.000396871493506, 0.295834953552, 0.00813340383115, 0.0711944089091, 0.571578933759, 0.284017140492, 0.500538323518, 0.911566704982, 0.21494630932, 0.439068317724, 0.0387833900432, 809.24330873, 0.504485810983, 0.527680572088, 0.00519677423073, 170.107266067
1.41723982994e-07, 0.936075891861, 0.996385265914, 0.999954317418, 0.0283246467774, 0.981388556707, 0.730585572033, 0.988665432958, 0.390082001827, 0.0168605065277, 0.0803189425232, 0.280752365712, 0.803251640276, 0.684999301659, 2.94297349172e-05, 0.410124611771, 72.229554258, 716.926020376, 0.000160409708585
1.56976251076e-06, 0.323629370395, 0.536905703025, 0.999995191858, 0.543690603508, 0.169377899524, 0.2669174979, 0.190783766135, 0.936316829696, 0.61739035651, 0.68176523413, 0.718011068682, 0.766459514604, 0.70358538028, 0.00459653224337, 608.601694156, 683.59616895, 509.984443641, 0.00258352253512
0.481725159212, 0.202538516325, 0.261132720023, 0.432677109859, 0.00373629435932, 0.0124896429086, 0.605607701752, 0.497850336377, 0.594494337823, 0.777107428161, 0.889621278519, 0.999597180497, 0.683235526841, 0.083439160438, 183.348498536, 148.160019948, 102.507310228, 84.6559902012, 255.525330349
0.00610151310379, 0.475270071389, 0.179632986958, 0.000949344859559, 0.553774908005, 0.00813340383115, 0.499439258974, 0.571578933759, 0.00726142541295, 0.500538323518, 0.999496578331, 0.600664500871, 0.746596421057, 0.810722990033, 460.585767179, 0.686838633598, 133.52479069, 443.669258045, 6.26164620825
2.43076566875e-07, 2.74421205126e-06, 0.996168695124, 0.000949344859559, 0.168579246814, 0.026978859387, 0.499439258974, 0.27790450699, 0.284017140492, 0.334396385261, 0.535140238837, 0.00105719865527, 0.885709756606, 0.808677239798, 5.07674010202, 0.00757057964721, 843.555343974, 0.00363629400663, 0.000322095321633
2.43076566875e-07, 6.6552136686e-06, 0.721977952943, 0.000949344859559, 0.553774908005, 0.00813340383115, 0.499439258974, 0.107951452058, 0.673357446528, 0.500538323518, 0.587209096947, 0.0930245648743, 0.249543516754, 0.0493336880631, 363.877857159, 0.542625039714, 779.558378427, 0.00899357903753, 0.000328483565706
0.12732026816, 0.412818424019, 0.00899349484621, 0.999998440895, 0.506321789878, 0.577412569358, 0.499439258974, 0.933860530028, 0.786811306727, 0.491303382109, 0.29698447115, 0.0366541510436, 0.37458555475, 0.281308877683, 0.0013118337451, 535.653121917, 7.56764759154, 405.940916604, 136.245076958
0.790330441631, 0.304658612723, 0.286655696309, 0.711709241128, 0.0791485579178, 0.000591589664172, 0.998524240675, 0.967388103895, 0.897963551886, 0.898132265402, 0.510683700446, 0.807701927089, 0.694332819972, 0.100457518988, 46.7073646487, 95.9930883426, 51.6042555661, 61.5123518798, 390.810546617
1.18913244546e-05, 1.32908833799e-05, 0.171675675493, 0.999984352279, 0.890013836628, 0.169377899524, 0.388699899493, 0.123992079206, 0.995166976624, 0.61739035651, 0.389116649811, 0.943877492872, 0.186057489185, 0.708016212576, 0.0165161294375, 671.950532325, 185.727277015, 0.0145544997513, 0.0130218792764
0.0277117729991, 0.0889597860172, 0.378004925771, 0.928086586925, 0.597221168377, 0.29553792286, 0.484633646173, 0.0965264658774, 0.38084967317, 0.359970161013, 0.0931698959377, 0.482913346024, 0.694332819972, 0.111592663255, 41.6158886234, 366.839960098, 249.215500102, 62.6523086412, 19.5927949011
0.375159874594, 0.429622409844, 0.286655696309, 0.999996858132, 0.506321789878, 0.577412569358, 0.998545226226, 0.580236874017, 0.920438536869, 0.370019024926, 0.999071214542, 0.99320570614, 0.694332819972, 0.114849244804, 0.00153868913721, 311.776302236, 150.711925276, 277.095605225, 296.504588937
2.43076566875e-07, 4.71103082622e-06, 0.335996822855, 0.039994104632, 0.984974358391, 0.48551485257, 0.499439258974, 0.514900164152, 0.284017140492, 0.940854308111, 0.829405593533, 0.00105719865527, 0.766459514604, 0.58635816586, 652.267779747, 41.0311461425, 380.985987465, 0.00559812787059, 0.000288848397287
2.43076566875e-07, 0.272263459477, 0.000415118381793, 0.000949344859559, 0.897284833685, 0.202708203701, 0.395112554331, 0.0140473423982, 0.896906557599, 0.26380964378, 0.236913481109, 0.482913346024, 0.0493343314277, 0.982474267868, 735.070228699, 1.09615769191, 0.47931522019, 335.048751622, 0.000308448237201
5.56743062763e-08, 0.275886535027, 0.272131031998, 0.186471766403, 0.506321789878, 0.703552390444, 0.717367880353, 0.107951452058, 0.786811306727, 0.985219952244, 0.535140238837, 0.00105719865527, 0.37529174751, 0.476313172441, 460.319788187, 138.824979812, 219.029087841, 244.459568158, 5.09109328854e-05
1.42982854049e-05, 0.0305195932096, 0.000415118381793, 0.755958303747, 0.573108883484, 0.223319014306, 0.499439258974, 0.690255588183, 0.99690588968, 0.0168605065277, 0.600810641852, 0.233490381473, 0.194120968418, 0.591941330913, 194.98402743, 483.482807511, 0.339935227616, 25.0112768826, 0.0117221547573
2.43076566875e-07, 1.32908833799e-05, 0.359402541044, 0.686058469269, 0.202466616138, 0.00813340383115, 0.420614804539, 0.46881777732, 0.693651229954, 0.990647427436, 0.535140238837, 0.596968041282, 0.585372288156, 0.281308877683, 232.153281816, 431.972594224, 310.574234862, 0.0121187445219, 0.000221639354528
1.41723982994e-07, 0.294412721871, 0.634115118295, 0.00846912309459, 0.0852927583493, 0.292422314506, 0.465236333631, 0.100717567729, 0.328787732164, 0.675528353751, 0.487637617815, 0.00105719865527, 0.885973870254, 0.265862988424, 359.135624174, 4.77795912472, 554.559038771, 329.376464793, 0.000164350776431
0.214279883051, 0.019011701721, 0.0317933078736, 0.154883168997, 0.597221168377, 0.29553792286, 0.484633646173, 0.466139134794, 0.917987952069, 0.396249811393, 0.644537580228, 0.999659570326, 0.285638829563, 0.111592663255, 540.144827727, 134.067434732, 27.8169079791, 16.6457667755, 195.06414875
0.101448647348, 0.527985225018, 0.0782723426708, 0.730431008982, 0.0664987739832, 0.102532654003, 0.998524240675, 0.71674849285, 0.900089759222, 0.898132265402, 0.406007576315, 0.586071134511, 0.693782665271, 0.100457518988, 101.318278573, 224.800785869, 30.4704539759, 271.31706646, 59.1263184577
0.0783503542962, 4.71103082622e-06, 0.533912788746, 0.0610368779482, 0.997946158768, 0.532256584428, 0.608937334599, 0.103156069048, 0.306916868515, 0.791961451135, 0.510955061593, 0.596968041282, 0.766459514604, 0.583314295576, 312.741825748, 30.0768077194, 349.576883115, 0.00347815929885, 58.1399960696
0.790330441631, 0.304658612723, 0.286655696309, 0.47372253809, 0.0791485579178, 0.000591589664172, 0.998524240675, 0.933860530028, 0.897963551886, 0.898132265402, 0.510683700446, 0.807701927089, 0.694332819972, 0.100457518988, 79.2581381108, 72.9710719914, 52.0783939214, 62.0775255274, 394.40130222
0.0480878785722, 1.1788641573e-05, 0.147774311025, 0.686058469269, 0.0950368131035, 0.00339487130307, 0.499439258974, 0.46881777732, 0.693651229954, 0.990076233822, 0.535140238837, 0.596968041282, 0.388200029823, 0.281308877683, 228.613661814, 425.386347314, 114.156148311, 0.00918906261293, 37.5552066189
0.0783503542962, 4.71103082622e-06, 0.669650122133, 0.952388841757, 0.198442608213, 0.0182431941511, 0.00506911069086, 0.190783766135, 0.785282192131, 0.720384462141, 0.991443936811, 0.826112985511, 0.176127215074, 0.765925971028, 25.467212261, 339.892853278, 596.803607584, 0.00508590109304, 85.0145850586
2.43076566875e-07, 1.32908833799e-05, 0.533912788746, 0.686058469269, 0.0950368131035, 0.00813340383115, 0.499439258974, 0.46881777732, 0.693651229954, 0.990647427436, 0.535140238837, 0.596968041282, 0.585372288156, 0.281308877683, 164.006523415, 305.170458221, 385.475990891, 0.0108203671631, 0.000197893370016
0.0342872123671, 4.71103082622e-06, 0.669650122133, 0.952388841757, 0.198442608213, 0.0182431941511, 0.00506911069086, 0.466139134794, 0.785282192131, 0.126289180446, 0.991443936811, 0.999659570326, 0.176127215074, 0.765925971028, 28.59365806, 381.619312081, 670.069346787, 0.00571026444869, 41.5999355474
5.56743062763e-08, 0.275886535027, 0.00899349484621, 0.186471766403, 0.506321789878, 0.577412569358, 0.499439258974, 0.514900164152, 0.786811306727, 0.974803152642, 0.535140238837, 0.00105719865527, 0.37458555475, 0.476313172441, 590.993629829, 178.234090377, 8.72093469743, 285.643789735, 5.94879223501e-05
2.43076566875e-07, 0.202538516325, 0.261132720023, 0.432677109859, 0.00373629435932, 0.0124896429086, 0.605607701752, 0.497850336377, 0.594494337823, 0.777107428161, 0.889621278519, 0.999597180497, 0.683235526841, 0.083439160438, 252.160288444, 203.765363034, 140.978917859, 116.427890482, 0.000142116248147
0.220297699947, 0.194669200284, 0.000415118381793, 0.99998690195, 0.873192404944, 0.102532654003, 0.395112554331, 0.571578933759, 0.331855855583, 0.179025768578, 0.388046306865, 0.600664500871, 0.605309059913, 0.919546537823, 0.0114559455239, 556.806637012, 0.363074967145, 175.776640413, 210.522949138
0.375159874594, 0.653072008572, 0.286655696309, 0.999996858132, 0.506321789878, 0.577412569358, 0.999733187807, 0.580236874017, 0.785282192131, 0.370019024926, 0.999071214542, 0.997429716158, 0.694332819972, 0.114849244804, 0.000927695145593, 187.97387666, 90.8661262892, 344.42449372, 269.264815224
0.0350258660646, 0.962721547886, 0.00161564291992, 0.47372253809, 0.0791485579178, 0.0124896429086, 0.401617843216, 0.970607590055, 0.994087556496, 0.391538985358, 0.510683700446, 0.586071134511, 0.473027628349, 0.100457518988, 22.7776369533, 20.970825527, 0.0785749400312, 528.134739104, 29.1364754919
0.00610151310379, 0.275480874503, 0.996168695124, 0.000949344859559, 0.168579246814, 0.026978859387, 0.499439258974, 0.27790450699, 0.284017140492, 0.334396385261, 0.330402464203, 0.00105719865527, 0.885709756606, 0.808677239798, 4.48053287456, 0.00668149842363, 744.489056803, 343.902491256, 7.86020668075
0.0783503542962, 5.9825448262e-07, 0.336861443014, 0.976281401897, 0.295354313952, 0.0182431941511, 0.00506911069086, 0.660895073317, 0.785282192131, 0.720384462141, 0.991443936811, 0.826112985511, 0.176127215074, 0.631622624257, 26.3797852801, 707.719808193, 414.13598041, 0.00077096834306, 101.48271084
1.41723982994e-07, 0.936075891861, 0.466349816174, 0.999954317418, 0.0283246467774, 0.0124896429086, 0.730585572033, 0.988665432958, 0.390082001827, 0.0168605065277, 0.0803189425232, 0.280752365712, 0.803251640276, 0.684999301659, 0.00368726253331, 51.3846665363, 46.2206739038, 685.990287018, 0.000153487945625
2.87345274979e-05, 0.557432579786, 0.000463102009595, 0.730431008982, 0.99526831747, 0.0100716491024, 0.469073289027, 0.933860530028, 0.719294631462, 0.500538323518, 0.988974400154, 0.134069904071, 0.770170317407, 0.592165177856, 214.609898717, 476.167524425, 0.379938379849, 626.188336995, 0.0368047357068
0.134176003642, 0.304658612723, 0.0762188807028, 0.520112299595, 0.0791485579178, 0.102532654003, 0.998524240675, 0.933860530028, 0.204631183748, 0.898132265402, 0.510683700446, 0.586071134511, 0.605309059913, 0.100457518988, 246.199267458, 262.268286742, 43.2742422496, 187.960374463, 87.3234702819
1.41723982994e-07, 4.71103082622e-06, 0.634115118295, 0.0162677058002, 0.0852927583493, 0.292422314506, 0.788554977706, 0.0872154925807, 0.875595857697, 0.898132265402, 0.487637617815, 0.000324575760228, 0.630207650651, 0.265862988424, 341.424470936, 8.7264051603, 527.335879302, 0.00464928171573, 0.00013986635773
0.00610151310379, 6.6552136686e-06, 0.721977952943, 0.000949344859559, 0.553774908005, 0.00813340383115, 0.499439258974, 0.107951452058, 0.673357446528, 0.500538323518, 0.587209096947, 0.0930245648743, 0.108986659835, 0.0493336880631, 289.667838291, 0.431960942839, 620.573595942, 0.00715940953001, 6.56396185499
2.87345274979e-05, 0.246579729254, 0.000168132603461, 0.730431008982, 0.99526831747, 0.0100716491024, 0.469073289027, 0.933860530028, 0.719294631462, 0.500538323518, 0.988974400154, 0.134069904071, 0.45990103497, 0.592165177856, 327.066016422, 725.680484888, 0.210220005952, 324.706684179, 0.0388017833704
0.999927689441, 0.965025151994, 0.287819485294, 0.999954317418, 0.0490920412677, 0.96887278251, 0.395112554331, 0.106995254954, 0.896906557599, 0.0168605065277, 0.247816514041, 0.322817989427, 0.473027628349, 0.810862880489, 3.79589554575e-07, 0.00528985460251, 0.00256904367721, 0.10693393198, 942.865328468
1.41723982994e-07, 0.94583971986, 0.634115118295, 0.00846912309459, 0.0852927583493, 0.169377899524, 0.499439258974, 0.100717567729, 0.72293297776, 0.61739035651, 0.487637617815, 0.00105719865527, 0.196491611937, 0.265862988424, 27.3518257693, 0.363890120376, 42.2353038413, 590.048923057, 0.000131833201227
0.0319712262091, 0.728460509537, 0.0782723426708, 0.432677109859, 0.0664987739832, 0.71552503999, 0.998524240675, 0.747179903286, 0.594494337823, 0.898132265402, 0.406007576315, 0.586071134511, 0.693782665271, 0.100457518988, 173.614762855, 140.294395281, 27.5833016713, 494.930399876, 27.3245967355
0.32547245916, 0.970438845183, 0.00403076215798, 0.999997232183, 0.00178175617734, 0.577412569358, 0.730585572033, 0.980143466032, 0.228400997927, 0.717750534776, 0.625695480273, 0.784543807038, 0.473027628349, 0.804272762142, 0.000143468777239, 32.9989522939, 0.208935869324, 710.158499272, 398.830381246
0.0716061275794, 0.256827598732, 0.996385265914, 0.999954317418, 0.0280930047385, 0.613384088995, 0.730585572033, 0.905788188203, 0.997098569371, 0.0168605065277, 0.510955061593, 0.280752365712, 0.653030422661, 0.684999301659, 0.000289726194667, 4.03754377816, 711.076533872, 303.517217257, 87.3320412915
0.214279883051, 0.019011701721, 0.0298493767515, 0.49557394203, 0.61542632791, 0.29553792286, 0.484633646173, 0.0965264658774, 0.994099905646, 0.687418255617, 0.487637617815, 0.701192777109, 0.285638829563, 0.111592663255, 198.671520056, 195.928047769, 13.0925929313, 8.34448734604, 97.7852413086
0.226406131707, 0.310742957779, 0.179632986958, 0.000949344859559, 0.553774908005, 0.00813340383115, 0.499439258974, 0.571578933759, 0.00726142541295, 0.500538323518, 0.999496578331, 0.600664500871, 0.902977470276, 0.810722990033, 371.774757076, 0.554401122119, 107.778290516, 205.528423602, 162.784590292
1.56976251076e-06, 3.03943503609e-05, 0.912307077883, 0.0998180520963, 0.0754345253474, 0.026978859387, 0.696196770669, 0.190783766135, 0.456924515307, 0.787510286186, 0.999422216631, 0.784543807038, 0.206772902245, 0.281308877683, 91.1916420304, 14.4166217368, 665.996568762, 0.0321009641538, 0.00165790317966
0.226406131707, 0.310742957779, 0.179632986958, 0.0797200897217, 0.553774908005, 0.00813340383115, 0.499439258974, 0.20316724246, 0.00726142541295, 0.500538323518, 0.999496578331, 0.600664500871, 0.902977470276, 0.810722990033, 281.241369504, 35.4034241418, 82.175839279, 156.705683718, 124.115536301
0.12732026816, 0.175160729931, 0.00899349484621, 0.999999707496, 0.506321789878, 0.577412569358, 0.499439258974, 0.933860530028, 0.786811306727, 0.491303382109, 0.29698447115, 0.0366541510436, 0.37458555475, 0.281308877683, 0.000297177870412, 646.792160923, 9.13780754474, 182.608776149, 136.245076958
0.12732026816, 0.851773030781, 0.000415118381793, 0.99998690195, 0.87008925505, 0.102532654003, 0.395112554331, 0.107951452058, 0.594494337823, 0.0127722423908, 0.388046306865, 0.0930245648743, 0.605309059913, 0.930132170122, 0.00217532683482, 105.729938814, 0.0689429534589, 445.863773722, 92.8847467666
0.0480878785722, 4.71103082622e-06, 0.533912788746, 0.0610368779482, 0.984974358391, 0.532256584428, 0.608937334599, 0.795077504498, 0.284017140492, 0.791961451135, 0.829405593533, 0.596968041282, 0.766459514604, 0.58635816586, 428.905789375, 41.248454459, 479.422759144, 0.00477007722289, 48.7834119828
2.43076566875e-07, 0.275886535027, 0.00899349484621, 0.186471766403, 0.506321789878, 0.577412569358, 0.499439258974, 0.514900164152, 0.786811306727, 0.791961451135, 0.829405593533, 0.00105719865527, 0.37458555475, 0.58635816586, 433.970606897, 130.878494229, 6.40384114538, 209.750160629, 0.000190719279138
1.41723982994e-07, 0.966145131466, 0.634115118295, 0.00846912309459, 0.0852927583493, 0.169377899524, 0.499439258974, 0.100717567729, 0.72293297776, 0.61739035651, 0.487637617815, 0.00105719865527, 0.196491611937, 0.252213039171, 18.421122375, 0.245075575394, 28.4449640462, 636.674463169, 0.000141936810797
0.00610151310379, 0.429825527227, 0.721977952943, 0.000949344859559, 0.553774908005, 0.00813340383115, 0.499439258974, 0.107951452058, 0.506432585037, 0.922664332741, 0.487637617815, 0.0930245648743, 0.544709331179, 0.0493336880631, 278.673498242, 0.415565869359, 597.019731006, 527.547048672, 8.08969091367
2.43076566875e-07, 8.9217477018e-05, 0.00899349484621, 0.0610368779482, 0.984974358391, 0.532256584428, 0.300984855068, 0.795077504498, 0.284017140492, 0.791961451135, 0.535140238837, 0.596968041282, 0.766459514604, 0.303764203885, 623.891497731, 60.0004958409, 8.85493699772, 0.0878458746787, 0.000239339582497
2.43076566875e-07, 7.19398512095e-06, 8.79218807905e-05, 0.999998440895, 0.907666960683, 0.0133020863771, 0.383336503884, 0.933860530028, 0.646913839761, 0.61739035651, 0.389116649811, 0.196505566096, 0.746596421057, 0.708016212576, 0.00200860149271, 820.160073082, 0.113270149253, 0.00926804299078, 0.000313156620985
0.134176003642, 0.304658612723, 0.178651747025, 0.47372253809, 0.0791485579178, 0.102532654003, 0.998524240675, 0.933860530028, 0.897963551886, 0.898132265402, 0.510683700446, 0.586071134511, 0.605309059913, 0.100457518988, 258.408355124, 237.91039172, 101.241241267, 189.638614052, 88.1031543256
0.261549855568, 0.202538516325, 0.00672104807092, 0.274388196217, 0.888872157326, 0.809601525911, 0.499439258974, 0.100717567729, 0.992702248754, 0.31764842282, 0.510955061593, 0.494436095882, 0.473027628349, 0.303764203885, 256.469443772, 117.935311326, 2.98031491658, 92.9714886166, 129.477226718
0.0757720679894, 0.019011701721, 0.0317933078736, 0.154883168997, 0.597221168377, 0.29553792286, 0.484633646173, 0.466139134794, 0.917987952069, 0.396249811393, 0.644537580228, 0.999659570326, 0.311540618334, 0.111592663255, 554.827499582, 137.711768713, 28.5730506115, 17.0982460344, 68.4797018107
0.0277117729991, 0.0889597860172, 0.378004925771, 0.709020126228, 0.597221168377, 0.29553792286, 0.484633646173, 0.0965264658774, 0.400785326732, 0.500538323518, 0.0931698959377, 0.482913346024, 0.680457675911, 0.111592663255, 95.0040101552, 193.174157084, 145.314552818, 36.5318056439, 11.4243224371
1.56976251076e-06, 0.434897191998, 0.412858013433, 0.99996144193, 0.403943297697, 0.594804938024, 0.588353990202, 0.514900164152, 0.786811306727, 0.846638343732, 0.291587019055, 0.00105719865527, 0.766459514604, 0.0905676909181, 0.0211098849705, 348.538457567, 264.145162064, 355.919775205, 0.00139033674751
2.43076566875e-07, 0.316292946378, 0.00899349484621, 0.0447458894664, 0.506321789878, 0.577412569358, 0.499439258974, 0.514900164152, 0.786811306727, 0.974803152642, 0.535140238837, 0.00105719865527, 0.37458555475, 0.581769045233, 568.034690585, 39.9911485381, 8.04499461454, 308.779187615, 0.000247353450813
0.00338350925433, 8.9217477018e-05, 0.176360878373, 0.0610368779482, 0.984974358391, 0.496587109676, 0.300984855068, 0.885142224426, 0.22862039077, 0.791961451135, 0.510955061593, 0.596968041282, 0.766459514604, 0.303764203885, 449.006684872, 43.181584981, 128.258823927, 0.0657209956553, 2.4924454147
0.367269958447, 0.272263459477, 0.813497873635, 0.99995976251, 0.880819508143, 0.587052928883, 0.696196770669, 0.145075795072, 0.0114777036792, 0.605600847868, 0.68176523413, 0.586071134511, 0.984289426702, 0.70358538028, 0.00774109525173, 122.476184187, 406.039943074, 193.311003646, 303.309413899
0.0783503542962, 4.71103082622e-06, 0.669650122133, 0.992275231717, 0.198442608213, 0.0182431941511, 0.00506911069086, 0.0863778047936, 0.785282192131, 0.720384462141, 0.991443936811, 0.826112985511, 0.176127215074, 0.765925971028, 4.28915713035, 353.464094122, 618.943504333, 0.00527457509508, 88.1684100547
0.220297699947, 1.32908833799e-05, 0.000415118381793, 0.99938769677, 0.2965037698, 0.223319014306, 0.395112554331, 0.107951452058, 0.992702248754, 0.675528353751, 0.644537580228, 0.482913346024, 0.804346947014, 0.927948836646, 0.606833359202, 630.932480833, 0.411410138509, 0.0131721571492, 227.483162347
0.261549855568, 0.380256758108, 0.00672104807092, 0.0198689976268, 0.87008925505, 0.809601525911, 0.112392137412, 0.0872154925807, 0.992702248754, 0.0127722423908, 0.510683700446, 0.494436095882, 0.536611150231, 0.303764203885, 419.561566968, 13.0988321562, 4.43180113915, 285.536142766, 221.168153213
0.0319712262091, 0.557432579786, 0.286655696309, 0.999995086391, 0.00915865858104, 0.000358975784166, 0.998545226226, 0.27790450699, 0.671444931689, 0.500538323518, 0.909546884732, 0.99320570614, 0.694332819972, 0.0116017282041, 0.00191257706332, 247.798404237, 119.785161077, 329.979450279, 21.5976341204
1.41723982994e-07, 0.294412721871, 0.634115118295, 0.0187920340773, 0.0852927583493, 0.292422314506, 0.788554977706, 0.100717567729, 0.875595857697, 0.898132265402, 0.487637617815, 0.00105719865527, 0.630207650651, 0.409742748713, 221.763050448, 6.54800526855, 342.554197574, 203.457671247, 0.000101520387199
2.43076566875e-07, 0.5891447279, 0.00899349484621, 0.010770783992, 0.984974358391, 0.532256584428, 0.300984855068, 0.795077504498, 0.284017140492, 0.791961451135, 0.535140238837, 0.596968041282, 0.92828143511, 0.303764203885, 365.273271481, 6.18054151816, 5.1612787301, 485.257384307, 0.000231928994016
0.0783503542962, 5.9825448262e-07, 0.518255588622, 0.952388841757, 0.506321789878, 0.0182431941511, 0.00506911069086, 0.190783766135, 0.785282192131, 0.720384462141, 0.991443936811, 0.826112985511, 0.176127215074, 0.631622624257, 34.2025949209, 456.477821681, 484.793193847, 0.000626576479142, 82.4763821035
0.101448647348, 0.527985225018, 0.0782723426708, 0.432677109859, 0.0664987739832, 0.801597393355, 0.998524240675, 0.71674849285, 0.594494337823, 0.898132265402, 0.406007576315, 0.586071134511, 0.693782665271, 0.100457518988, 183.215034743, 148.052170697, 29.1085590356, 259.1903899, 56.4836327265
0.261549855568, 0.202538516325, 0.000415118381793, 0.0226664634855, 0.888872157326, 0.809601525911, 0.112392137412, 0.0796794553039, 0.992824186482, 0.31764842282, 0.510683700446, 0.494436095882, 0.536611150231, 0.303764203885, 429.515332051, 15.29909995, 0.280250182645, 141.543696267, 197.121564091
