1.45932943236, 1.02842313718, 0.834370870534, 0.812025509388, 2.59593665723, 0.759241787308, 2.83134838502, 0.905214365168, 0.908141009866, 2.98698148195, 3.07410049199, 0.908842244658, 2.10265074082, 0.833621345721, 1.09000036894, 1.02963451393, 1.01482032142, 0.90498464995, 3.66260120175, 0.994380816392, 0.797147047989, 144.790301477, 1.02149182788, 1.44509547242, 1.0495682125, 1.3746064795, 1.00015669288, 14.3640366268, 6.99607577376, 164.437479496
1.8480321407, 1.01625894223, 0.888263949483, 0.92633808724, 2.53390492915, 0.724457710899, 1.81810106238, 0.851898354556, 0.926089257414, 2.44431587903, 2.53116104289, 0.819561936269, 1.69122956585, 0.829629390286, 1.09000003032, 1.0367412919, 1.00324915854, 0.826859467655, 3.57255824019, 0.941362295986, 0.823492488155, 115.870533613, 0.941226271175, 2.10725406528, 1.02661150446, 2.61990490266, 0.947356013921, 16.7900444501, 6.13686119398, 27.7655348359
1.03678101098, 1.01412492093, 0.88464781808, 0.919757907631, 2.39591563914, 0.783015057595, 2.27854185774, 0.853058363019, 0.934430840007, 1.33171228904, 2.34058271172, 0.848943761445, 2.52021108045, 0.996190148707, 1.09000014077, 1.01070488915, 1.00941148761, 0.854625302571, 4.433798901, 1.00632526819, 0.838674811389, 25.2013510913, 0.94106715538, 1.13770570265, 1.05881589893, 1.58060834546, 0.946886830171, 201.671331573, 13.4400416674, 2426.78314842
1.01047136706, 1.07843166774, 0.829767493085, 0.948657791275, 2.05391761609, 0.798983146937, 2.15968108342, 0.834469274127, 0.919206229446, 2.20332014226, 2.2316551144, 0.912019218874, 1.02147698774, 0.869972125006, 1.09000010834, 1.0412304805, 1.00283185524, 0.941881013385, 4.93755768423, 0.97463927868, 0.791913258091, 112.748696169, 0.913028612629, 1.99442929411, 1.05764694457, 1.16892739622, 0.957280481684, 77.532494688, 14.3989215907, 136.965996343
1.42011657088, 1.03551278111, 0.781100073466, 0.850515293538, 3.09266242893, 0.756661534463, 1.30594834807, 0.842000915499, 0.903632973368, 2.09192317284, 2.92979859591, 0.83409204171, 1.14028900102, 0.891453724511, 1.09000024135, 1.02588557271, 1.01055295893, 0.913998868121, 4.33013036427, 1.0170554797, 0.771843083383, 140.921107951, 0.914397650717, 2.02293781673, 1.05446355293, 1.05558524039, 0.913636302006, 226.927320614, 15.4401661894, 993.822412337
1.19341432474, 1.09534535507, 0.819076625428, 0.920315299272, 1.46824015164, 0.795596298422, 2.43329349943, 0.826548703508, 0.924307997756, 3.01620347466, 1.74564233674, 0.919955302869, 1.29354433841, 0.89265996976, 1.09000023369, 1.0175257935, 1.01906660619, 0.900800418995, 3.14957765983, 0.93371844913, 0.783175888305, 78.5421162966, 0.978336677273, 2.94710826026, 1.00630641536, 2.44419189894, 0.880082888202, 392.435389882, 15.1021200893, 593.801378242
1.07855842162, 1.05741531996, 0.891714842559, 0.932697317297, 2.47514516159, 0.779433492592, 1.26119428212, 0.884193432322, 0.910672907355, 2.93261657836, 2.29147477693, 0.823882315543, 2.36876204489, 0.844588767573, 1.09000028214, 1.01704252168, 1.00159244606, 0.825356703933, 4.8033021989, 0.969600089517, 0.765885857564, 95.1169367069, 0.990546818769, 1.88274568428, 0.99005414756, 1.20212622362, 0.975013931616, 182.312454719, 15.3443880972, 2613.8071694
2.07608371281, 1.0236446342, 0.745725251714, 0.965134550516, 1.9228467703, 0.745691869276, 1.15462661816, 0.836775290802, 0.909163644459, 2.29355734472, 1.86313869934, 0.898322546552, 1.04336650172, 0.914748338064, 1.0900005517, 1.01743165389, 1.00919125108, 0.954276889732, 3.20186095067, 0.962849806866, 0.788485628183, 82.3091628245, 1.01638797211, 1.75422505139, 1.05448041213, 1.38069617764, 0.956353189286, 125.251843236, 17.261290169, 319.931725851
1.06698565222, 1.15015609323, 0.86968088484, 0.850777812103, 2.17118973396, 0.819742846475, 1.48084248456, 0.831135057665, 0.928124178339, 2.30795496698, 2.35160981979, 0.913735426782, 1.15329019756, 0.939466747062, 1.09000033824, 1.01884510434, 1.01438057617, 0.893459661167, 3.79874942756, 0.913295831163, 0.79169891162, 77.2923767038, 1.00406919712, 2.36947359873, 1.05511002291, 2.49928462519, 1.0025265963, 546.571591351, 18.0958630431, 700.035765097
1.42455280768, 1.16094221484, 0.761734474183, 0.829864178848, 3.05309774325, 0.758326533303, 2.95809314825, 0.831040110595, 0.926091125044, 2.41640917194, 3.05248691924, 0.925717115649, 1.04198308407, 1.000794034, 1.09000003077, 1.00754782485, 1.00673902715, 0.95262674463, 4.68777647776, 0.966508381996, 0.773088141316, 115.274685664, 1.01625285956, 2.68880319966, 1.03180992433, 1.54243476232, 0.944683847298, 194.260004291, 25.3298172439, 396.420719111
1.55066383441, 1.02534028389, 0.790046056013, 0.936574119535, 2.13306723253, 0.81725284707, 2.96517661647, 0.838430886378, 0.909182671341, 2.98259641769, 2.66915178508, 0.898380369758, 2.15286556873, 0.980055116321, 1.09000013844, 1.02293077452, 1.00920727981, 0.875542956272, 3.44128026981, 1.01137706732, 0.823879869749, 83.8146616667, 0.997232629313, 1.83036245253, 0.956214625781, 1.38496197463, 0.991255234638, 208.787589809, 19.2028417283, 1934.86105248
2.48671824473, 1.05158060329, 0.841653080116, 0.961625366463, 2.67857542179, 0.72938206142, 2.7469032089, 0.867397481188, 0.933683697333, 1.63041918344, 1.68216363219, 0.853242851389, 2.54794758588, 0.854149535819, 1.09000010012, 1.02417860719, 1.00255528624, 0.925529399611, 4.48407019804, 1.01853849655, 0.831642812384, 161.839456973, 1.01933097942, 2.54074956527, 0.985237091606, 2.70779969123, 0.949134661461, 492.090107042, 17.3633864183, 754.121659782
1.56406161351, 1.09505346455, 0.763212891706, 0.813305729769, 3.4574131279, 0.792055180836, 2.38995940106, 0.85948676067, 0.923708244076, 1.37442659145, 3.86443789687, 0.851999971089, 2.41804657703, 0.837090901422, 1.09000021477, 1.01729564132, 1.01886203464, 0.86488485908, 4.46661746124, 0.923760027265, 0.809933325452, 17.9022097594, 0.94503298093, 2.31797332028, 1.04597960414, 1.15663284289, 0.914119055483, 335.301499195, 30.0792404325, 2235.92156507
1.75749028277, 1.04086116717, 0.894676524835, 0.936527061469, 2.88055104625, 0.802743367398, 1.71550365429, 0.894927629624, 0.917156246909, 2.82911106956, 3.64131486504, 0.923825507843, 1.6206159228, 0.95492408356, 1.0900001852, 1.01047307154, 1.00356853338, 0.955282711311, 4.36705212967, 0.918383363022, 0.839624355806, 53.1052298124, 1.00007109927, 2.9609683356, 1.03953839861, 1.448635041, 1.00025806125, 227.489207235, 26.0671308812, 2486.1413281
1.19959363064, 1.06384859199, 0.837664409278, 0.892889021936, 2.82531568521, 0.819220254817, 1.30194196584, 0.827752448409, 0.91053742709, 2.99876835691, 1.74450559684, 0.907294758534, 1.29477659951, 0.861688142393, 1.09000019739, 1.01096262237, 1.01104626006, 0.900018958986, 4.09288795568, 1.0115754173, 0.794027610446, 48.2365996529, 0.965716209702, 1.11099918941, 1.05291765033, 2.5125037424, 1.03491155933, 357.165139977, 22.3005145063, 2284.11737427
2.94504612112, 1.13511896612, 0.867084277399, 0.917350295631, 1.98084317875, 0.81296296177, 1.0585408986, 0.884794907992, 0.906667605011, 1.95012846014, 3.86593049984, 0.90346619875, 1.54252210772, 0.871559500522, 1.09000013256, 1.04002737344, 1.00957846246, 0.93401758229, 4.17480753769, 1.01046591638, 0.779250790846, 23.0879828057, 1.02457449265, 2.69396965112, 1.05277670064, 1.44933843166, 0.91150870902, 474.552199422, 20.1867813213, 3545.76527194
2.07608371281, 1.15023200231, 0.745315475945, 0.965134550516, 3.27789061454, 0.745205282784, 1.15462661816, 0.929489023621, 0.908580047582, 2.29355734472, 1.86313869934, 0.886956702523, 1.03689726032, 0.882730998676, 1.09000034052, 1.01743165389, 1.01090104935, 0.951595505746, 3.20186095067, 0.962513425026, 0.788485628183, 82.3091628245, 0.98476487227, 1.75422505139, 1.05603488688, 1.53329984005, 0.956353189286, 1016.28199023, 20.2912355846, 2286.37249886
2.59440728816, 1.09927164573, 0.753664255826, 0.85763140072, 2.50742858338, 0.825120807171, 1.80851932701, 0.877237674928, 0.929040169642, 2.08750063773, 2.66313217082, 0.84984269764, 1.67851003858, 0.926634173071, 1.09000025242, 1.01094302028, 1.01368382512, 0.875637142833, 5.41931807672, 0.953660355368, 0.812238089589, 16.8204294755, 0.988105863937, 1.17952708235, 1.05664900892, 1.34023999129, 0.996908119787, 508.005348441, 24.9465649225, 1521.44467492
1.38625326161, 1.08501756924, 0.86268038948, 0.864737620721, 2.0752871781, 0.721038300826, 2.08560041977, 0.927302013217, 0.938879853861, 2.17323944139, 3.10569242405, 0.897950589343, 2.46962319943, 0.845484956718, 1.09000020421, 1.02489126292, 1.00273233602, 0.960320031225, 4.61918051065, 1.01227485848, 0.82790820232, 72.0458006816, 0.920321520418, 2.99079943739, 0.962989167847, 1.96419402125, 0.964102138891, 884.888628246, 19.8608928475, 4899.03210009
2.07818077323, 1.11889072195, 0.739249474384, 0.952317782564, 1.47174742504, 0.749208421649, 2.48048450049, 0.893998354202, 0.930723823513, 2.19715689995, 3.62501391236, 0.901816203153, 1.79323007926, 0.882835013948, 1.09000036399, 1.03251013685, 1.00870893452, 0.819077320085, 5.29227481412, 0.951650926086, 0.781007929659, 64.6940431283, 0.958839852964, 1.72733527266, 0.993380415481, 2.05066278454, 0.911108804896, 877.517411302, 23.4568631075, 1162.50768457
1.75749028277, 1.04086116717, 0.896497112, 0.936527061469, 2.88055104625, 0.802743367398, 1.71768725008, 0.895058347791, 0.935970571948, 2.43022967793, 1.62239888731, 0.92258056032, 2.2540159917, 0.95492408356, 1.09000018489, 1.01047307154, 1.00361025271, 0.884702187833, 4.34860002834, 0.917764817278, 0.839624355806, 143.407777604, 0.92358067053, 3.02348909762, 1.03953839861, 1.448635041, 1.00025806125, 604.83414139, 21.1354346039, 2264.06447385
2.32386473008, 1.06530466119, 0.741271951259, 0.953455936484, 2.96137101137, 0.726211290092, 1.83470031335, 0.889535830136, 0.905768767756, 2.2023916516, 3.76483592562, 0.849730162098, 2.014319263, 0.87649643845, 1.09000018861, 1.02412952204, 1.00022922072, 0.833372923918, 5.0413499955, 0.949055325335, 0.810707303862, 125.677368439, 0.913160775984, 1.59727786927, 0.981872380789, 2.70300019982, 0.879085053855, 520.737852469, 25.0830142934, 1116.47437579
1.95393213645, 1.12741403117, 0.806963193865, 0.953627068759, 2.15171328782, 0.738859387083, 1.48676807136, 0.823388119665, 0.930242771404, 1.73514727525, 3.03425452116, 0.82241198715, 2.00965385687, 0.83419831981, 1.09000029997, 1.01937547678, 1.01860941278, 0.917370858064, 5.76429221972, 0.917242368341, 0.772891486047, 138.11960516, 1.01818525173, 1.74782260477, 1.0651462597, 2.2995758707, 0.870825876814, 748.939981047, 18.7605904832, 19915.3120632
2.72187788075, 1.05552322061, 0.886632630522, 0.891410688919, 3.41220770945, 0.803747561646, 1.43624675665, 0.846410162051, 0.906634319122, 3.02815120447, 2.82164220475, 0.888872361653, 1.02586104471, 0.99033349038, 1.0900001772, 1.00651477102, 1.01135744341, 0.938956550974, 5.44675274021, 0.960166818835, 0.810427109718, 56.677573992, 1.01593170111, 1.32517931709, 0.966645456183, 2.75852906497, 0.941313419299, 266.809471172, 27.5325563039, 3292.31371106
1.14103045974, 1.1477405661, 0.823649844008, 0.915816735705, 2.42411268352, 0.765262017889, 1.91118184932, 0.89451048406, 0.905146549867, 3.12654622468, 2.62409233144, 0.880674619723, 1.45034523598, 0.825186562247, 1.09000018533, 1.02222539055, 1.01994834478, 0.819120228767, 3.81531271953, 0.951262564238, 0.787367474907, 76.7261422816, 0.916498809921, 1.40123362313, 1.01930804278, 1.43548480137, 1.03014497341, 456.054306815, 23.9208418816, 4727.39615577
1.38262557194, 1.0230431564, 0.932457767054, 0.813305729769, 2.70738598237, 0.772817496965, 2.23084755616, 0.870817622434, 0.925922571201, 1.37916561424, 3.84419396459, 0.851757254792, 2.4258153889, 0.83702551416, 1.09000021477, 1.02401551782, 1.01886203464, 0.86638127457, 4.59401658326, 0.925359531344, 0.809796783855, 27.1657130654, 0.947074080966, 2.31797332028, 1.04302687327, 1.60886086464, 0.914688196904, 493.231163572, 24.9956342, 3381.83413402
1.44684977802, 1.03038193957, 0.861353141853, 0.931223959516, 1.7972604123, 0.738289523713, 2.24276284903, 0.897416258451, 0.937513452843, 2.46484958228, 3.620447799, 0.819758187174, 1.97902605189, 0.903498878784, 1.09000000046, 1.03389526919, 1.01305887206, 0.976963745718, 3.60062663377, 0.94173686375, 0.840342958504, 93.2749348042, 1.01534495313, 1.73546215508, 0.974513092694, 1.24212198321, 1.05755061895, 575.804188924, 20.8288793953, 13663.8294516
1.50898850294, 1.13330181735, 0.765707606736, 0.841295858239, 3.51732387306, 0.774579656021, 1.90963089079, 0.874138829266, 0.914250841479, 1.70000211841, 2.08845922147, 0.852623392715, 1.39145144971, 0.849065655691, 1.09000019666, 1.00742684865, 1.01999097873, 0.895200063031, 4.16637413712, 1.00082606307, 0.762509198957, 114.149722412, 0.928400652321, 2.75441507531, 0.995559693719, 1.89697852306, 0.874745699235, 516.915676831, 25.3161956901, 1718.0253081
2.37621610175, 1.03903905542, 0.877451197843, 0.858165288234, 2.21404913094, 0.754584015684, 1.81563057336, 0.889734926019, 0.919724638424, 1.71798238353, 3.70979866357, 0.886497565841, 1.54631023666, 0.880865680912, 1.09000031797, 1.01096533277, 1.01707559958, 0.934065780098, 4.47430294322, 0.95549987176, 0.789161120589, 77.6607467862, 0.987244956369, 2.65129039922, 1.05579996004, 2.00748745611, 0.997715623247, 884.924205996, 20.3017885428, 9238.83652725
2.0807627803, 1.05536679054, 0.738353728258, 0.952317782564, 1.47174742504, 0.803997759983, 1.43751519471, 0.893998354202, 0.930723823513, 2.19715689995, 2.54983239463, 0.889094950049, 1.01987858158, 0.882835013948, 1.09000036399, 1.03259339527, 1.00936095792, 0.939567618596, 5.29289028989, 0.951650926086, 0.789669400929, 14.9986132564, 0.958839852964, 1.72733527266, 0.994348493412, 2.05553911237, 0.982846803987, 1147.55816957, 21.1068915027, 5499.43539066
1.76933187432, 1.14381085121, 0.8466857556, 0.88877297566, 1.69697244744, 0.719646619247, 2.99640719096, 0.907333993637, 0.913447605747, 1.27396530234, 2.92718901717, 0.913999151056, 2.12315318297, 0.85843567372, 1.09000019625, 1.03551879651, 1.00168749225, 0.838985653191, 4.3999436653, 1.02052033406, 0.78496009451, 147.806989531, 0.948610099347, 1.00163248321, 0.969563554637, 2.45585156264, 0.966734123661, 666.754400788, 22.4887209457, 2677.59640618
1.61526484012, 1.03909909222, 0.745166531638, 0.904562881755, 2.64820397048, 0.754758028206, 1.37840568069, 0.920954343999, 0.908274963775, 2.84434807429, 2.96204085783, 0.923944916329, 2.54458337, 0.892415060867, 1.09000018463, 1.01528553872, 1.01614440586, 0.954860816299, 3.07546618513, 0.989707446953, 0.839640605334, 52.8517387603, 1.00224424841, 2.96746619423, 1.05272242649, 2.07657542522, 0.998414425001, 293.099933939, 27.8318164895, 3832.67926674
2.71104481078, 1.0838855176, 0.86268038948, 0.864800068705, 2.31537856566, 0.721564846126, 2.08560041977, 0.853846921935, 0.934114588052, 2.17323944139, 3.11050876315, 0.900251646316, 2.46962319943, 0.847560312004, 1.09000028668, 1.01748198357, 1.00273233602, 0.961523507319, 4.33562263627, 0.997987218696, 0.791124515385, 145.686328319, 0.920866074478, 3.05562458104, 0.962989167847, 1.96557574097, 0.898679259455, 1401.94932258, 28.9932823025, 1767.10176436
2.38948473793, 1.11367111419, 0.769486072049, 0.921607730852, 3.08669884918, 0.7354075907, 2.09301734449, 0.919893698441, 0.900281200063, 2.95217342678, 3.38865391063, 0.907235260012, 2.17197655302, 0.871638484006, 1.0900001032, 1.04286066006, 1.00255572168, 0.975359518712, 4.90058847428, 0.922335635381, 0.778191972595, 76.9672824027, 0.927287702061, 2.47373366451, 1.00204463773, 2.43525154811, 0.966219763769, 1162.55500848, 43.4714342998, 2148.09703247
2.07557531803, 1.16895271385, 0.859398155264, 0.869884147235, 1.71189058944, 0.716687461894, 2.63738705216, 0.899057477841, 0.90632769492, 2.05527000912, 3.66612165667, 0.908697647382, 2.47418311667, 0.94628313963, 1.09000009459, 1.02962266842, 1.0089362348, 0.969220125567, 4.77930137248, 0.916014385877, 0.82258880425, 56.4014272496, 0.99844347653, 1.48018187725, 1.02359727259, 1.08109609237, 0.914978776609, 665.169688035, 27.2806422987, 2934.26620366
1.56223073945, 1.13545966707, 0.857907448212, 0.963900474954, 2.21622051256, 0.814282733713, 1.19776912929, 0.877329642845, 0.916449963963, 2.13003874997, 3.77893430041, 0.851560313784, 2.17535757124, 0.837729805148, 1.09000039179, 1.0220317864, 1.00764937413, 0.811209996689, 4.1097140366, 1.01337040942, 0.791105935949, 16.7881865923, 1.01461375361, 1.14886335455, 1.06360205778, 1.16358092866, 0.916550741176, 1184.34452332, 40.8913154849, 2389.12871856
2.70603829147, 1.13531150541, 0.857907448212, 0.964507296307, 2.21622051256, 0.815017201304, 1.1935368139, 0.877329642845, 0.916449963963, 2.13003874997, 3.09024987747, 0.907853019877, 2.18300657621, 1.00062729778, 1.09000038622, 1.02214522869, 1.00764937413, 0.867559261403, 4.10097251771, 1.01337040942, 0.791105935949, 21.2778557115, 1.01461375361, 1.14886335455, 1.0642726792, 1.81382851286, 0.916550741176, 583.124699746, 26.4664386297, 14123.8739222
1.89832638128, 1.14349272847, 0.86268038948, 0.864737620721, 2.31558901825, 0.72094650119, 2.08560041977, 0.926649636861, 0.938879853861, 2.17217386303, 3.11051621283, 0.898085799771, 2.46962319943, 0.847960817421, 1.09000004416, 1.01748198357, 1.00280794899, 0.961523507319, 5.00614941224, 0.997987218696, 0.794373062096, 145.688637171, 0.920866074478, 1.86273862709, 0.962989167847, 1.96419402125, 0.89795771482, 994.439207354, 20.7939987283, 30102.2557879
2.07511710603, 1.16608007445, 0.761212662693, 0.960163164093, 1.88569772648, 0.734005634788, 1.6790317911, 0.898355831825, 0.926781319826, 1.28119305009, 3.14659007774, 0.835034120995, 1.8904283508, 1.00050442175, 1.09000009447, 1.01660909282, 1.00981267944, 0.967982130787, 4.68521408853, 0.958330955015, 0.825849403983, 44.0368229988, 0.994290374334, 1.75333970503, 0.964785821922, 1.08131015564, 0.893046601654, 1052.20672135, 26.5436422083, 3685.69099252
2.8509379912, 1.15571342345, 0.779287646171, 0.886305990772, 1.82447406458, 0.740900446477, 1.81997326127, 0.839641519842, 0.914026220872, 2.35058227796, 1.68996462277, 0.869549929729, 1.27156441252, 0.819177839203, 1.09000034411, 1.01775887704, 1.0122030273, 0.907140701637, 5.28395730915, 1.01490938088, 0.821312755043, 144.086680229, 1.02111948769, 1.75854640241, 1.02227323277, 1.63471421582, 0.880207320853, 813.279323907, 22.5709676414, 5377.52186804
2.83702645777, 1.15350506377, 0.905657798173, 0.83963699729, 3.07858367948, 0.732537022854, 1.14505943498, 0.886186690974, 0.916381274221, 3.05409018556, 3.866516005, 0.831185628316, 1.85153153898, 0.902417064878, 1.09000004037, 1.04113700832, 1.00456021651, 0.836971441577, 3.43362995944, 0.923012289505, 0.838193207908, 123.710633496, 1.02293737556, 1.41164832158, 1.006144603, 2.64847249043, 0.958451714341, 878.191446877, 23.7571604776, 5095.83404178
2.03018110628, 1.05700617353, 0.87978782071, 0.865540529939, 2.9213955948, 0.746819734756, 1.48441882919, 0.931849569569, 0.910824424929, 1.49191611503, 3.25323849573, 0.858339115876, 1.269347025, 0.973091277697, 1.09000019734, 1.02529940709, 1.01408332216, 0.812231780785, 4.97403981879, 0.962476021454, 0.806693106081, 120.004585397, 1.01097561742, 2.81230905259, 1.04272029145, 1.40951709157, 0.940425264527, 1250.48622243, 30.0831624764, 2786.87728164
1.60117164187, 1.10900360581, 0.877451197843, 0.857697555659, 2.30389610682, 0.754584015684, 1.80850362152, 0.88025115376, 0.908352800234, 2.08715933464, 2.65460393879, 0.886497565841, 1.63378349878, 0.880865680912, 1.09000031868, 1.01096533277, 1.01586970041, 0.933132907615, 5.22675683183, 0.989197406193, 0.789152119878, 78.0871358515, 0.986992625161, 2.65186527424, 1.05579996004, 2.57422081578, 0.997626716665, 721.556803199, 26.8221606385, 3345.75673204
2.23281130028, 1.09566223297, 0.819076625428, 0.91987647322, 1.46824015164, 0.795600294159, 2.41210157745, 0.917319396065, 0.924307997756, 1.5515202306, 1.67610672015, 0.919955302869, 2.31900513789, 0.892419467721, 1.09000023369, 1.0175257935, 1.01906660619, 0.900800418995, 3.14351252001, 0.93371844913, 0.783175888305, 78.5421162966, 0.978336677273, 2.94710826026, 1.00630641536, 1.05066725774, 0.879018727863, 345.316599899, 31.6848741119, 4673.90217878
2.49865773198, 1.09684122262, 0.881133700503, 0.87743435066, 3.17353571448, 0.746754907875, 2.84751107884, 0.883687575513, 0.908729249499, 1.63394270323, 2.24453826419, 0.897556788124, 1.96123120469, 0.86672189464, 1.090000121, 1.02073516954, 1.00950497715, 0.895117097297, 3.46765703283, 0.989354558375, 0.774383248081, 135.921065937, 0.971572837718, 1.9308318217, 0.958060079022, 1.80508940256, 0.876384360657, 1886.6386637, 36.038495717, 2631.74478994
2.43949842942, 1.1039153322, 0.869519637151, 0.948383401303, 3.43375956138, 0.767470832191, 1.40691033951, 0.834013510612, 0.91650291657, 3.20072948341, 1.93452765487, 0.8954123756, 1.47010403434, 0.924368568014, 1.09000039659, 1.02136619647, 1.00767503118, 0.850624532487, 4.11644220762, 0.992236772887, 0.791578291914, 21.4343949594, 0.935738913425, 2.82488366107, 0.998220399482, 1.45677695117, 0.926434473851, 1494.33141031, 37.1750966528, 2775.70953176
2.48713710448, 1.02842313718, 0.834452208402, 0.855596499312, 2.59527362701, 0.759241787308, 2.83134838502, 0.903861378289, 0.908141009866, 1.43137579086, 3.07410049199, 0.850305876635, 1.65716895146, 0.833637657284, 1.09000009967, 1.03144618543, 1.01482032142, 0.90498464995, 3.05627875357, 0.994380816392, 0.785490520683, 161.561774014, 1.02149182788, 1.45514085755, 1.04971825968, 2.69014227965, 1.00015669288, 1144.34540026, 26.4904491677, 5940.61931635
1.02197056645, 1.07843166774, 0.829767493085, 0.946638926702, 1.54328565613, 0.79902754222, 2.15968108342, 0.916141680321, 0.930438531605, 2.14940209747, 2.2316551144, 0.912019218874, 1.02147698774, 0.938120453713, 1.09000010834, 1.04127380942, 1.00283185524, 0.845382327279, 4.93755768423, 0.998100620596, 0.791913258091, 112.748696169, 0.912481963108, 1.99814755716, 1.05764694457, 1.16552045071, 0.957280481684, 1511.27323609, 23.9116109452, 7851.1041869
1.60456504072, 1.13761018978, 0.830733365759, 0.854588537008, 1.86637748731, 0.748877196547, 2.24462984127, 0.869318587527, 0.934289754417, 1.69189690597, 3.38558182287, 0.832024179383, 1.7748536916, 0.842504751886, 1.09000025539, 1.01446205713, 1.00384794087, 0.92841275011, 5.00303560909, 0.919848772553, 0.848929629357, 35.2081975663, 0.915831670475, 2.2177195863, 1.05378252361, 1.66910676307, 1.02882903688, 1371.09745866, 26.6505154401, 5437.55957688
1.74510075885, 1.03815584873, 0.796033384787, 0.965642654382, 1.73918921048, 0.743868792288, 2.17461158079, 0.874069323781, 0.903016853349, 2.46021660106, 3.59290624643, 0.909702727654, 1.74028785463, 0.941702758073, 1.09000020283, 1.01813391026, 1.00453117099, 0.933488949223, 4.82858745992, 0.932033224201, 0.768599540935, 90.3445836626, 0.943705054448, 1.67532623162, 1.06499433401, 1.22182059659, 0.96952784208, 1062.4452597, 26.0735171362, 8260.33327626
2.25386112743, 1.08990763894, 0.766146749296, 0.865851376933, 2.70936152896, 0.793078355483, 1.80413121281, 0.85760555029, 0.9141507529, 1.51717581038, 2.80342489203, 0.900262029175, 2.57907907279, 0.852978729701, 1.09000011606, 1.0334325287, 1.01006826047, 0.907712143734, 5.66289893734, 0.935563316988, 0.784451987706, 17.3265017495, 0.911642283209, 1.96326315044, 1.04588583298, 1.01725391038, 0.965213962724, 1086.07629614, 24.0273978422, 10017.9496981
2.36826254404, 1.17094407691, 0.775547961036, 0.950752618691, 1.76230996007, 0.72292298164, 2.29664127877, 0.832734680542, 0.929401708032, 1.27823793154, 2.6655716809, 0.840202203027, 2.01878164325, 0.862945966645, 1.09000030929, 1.02320187542, 1.00819194379, 0.826756819295, 4.33139415185, 0.940709663123, 0.829493114324, 104.062632038, 1.01048491065, 1.02375828865, 1.06335255552, 1.54583607795, 0.882558539508, 730.07972814, 27.838296462, 10373.5074347
2.9202639872, 1.04778485383, 0.830584213783, 0.935405851777, 2.01839396582, 0.825965880498, 1.83638539249, 0.907822695004, 0.903175622132, 1.87969373671, 3.83573790068, 0.920019117408, 2.15441678905, 0.988030545257, 1.09000003117, 1.04317149782, 1.00269874693, 0.84508657963, 4.87297008405, 0.938992327908, 0.824642003203, 61.6169561942, 0.942712337646, 2.09392587911, 0.95593988422, 2.5664840142, 0.952911841423, 1435.32032734, 34.8969148071, 4229.83450585
1.93113825092, 1.064855485, 0.813745155193, 0.910955749782, 1.8856274892, 0.810565184931, 2.70713021904, 0.837635053932, 0.911642998323, 1.71217386281, 3.80505398163, 0.858956874806, 2.38552657488, 0.867946607985, 1.09000029796, 1.00812037577, 1.00449358672, 0.909386117202, 3.98615805427, 0.970001384794, 0.839670625777, 78.0371717735, 0.945589806913, 2.0360361241, 1.04531811598, 1.88309756702, 1.03929557156, 1366.08878523, 33.8224821614, 4666.17211611
1.58293563443, 1.04454555998, 0.815202688715, 0.813804854152, 1.50419648694, 0.798959721082, 1.93459830767, 0.914006912254, 0.931321761008, 3.05526747762, 3.07547003043, 0.840147984587, 2.44737863159, 0.880489624349, 1.09000004853, 1.01083406433, 1.00247104369, 0.934077641958, 3.50113437572, 0.976480980891, 0.821547571894, 50.255969218, 0.94451761223, 1.76098994496, 0.951085176343, 1.88874773906, 0.982878029432, 2661.64751772, 30.3521091406, 5270.1767372
1.86028612468, 1.13336308073, 0.766562238179, 0.833494357051, 3.50317316324, 0.785469896745, 2.87352606219, 0.849678967927, 0.931551591857, 1.84846734905, 2.09482662687, 0.852739214735, 1.39743518968, 0.975366009277, 1.09000009037, 1.02962952799, 1.01979282238, 0.895009322282, 3.5745910903, 0.988415467625, 0.762060738885, 64.0472908084, 0.927786779857, 1.01635973775, 1.02847667628, 1.93886817999, 0.875719430581, 942.192095696, 29.2337562458, 6368.51812477
1.07179731761, 1.08066055856, 0.851092428875, 0.948659195495, 2.91211034051, 0.807807089961, 1.46858839875, 0.853448548802, 0.934078262404, 1.57875495206, 3.19883802047, 0.849031418776, 1.35909063227, 0.954318052235, 1.09000027213, 1.02253202059, 1.00614753669, 0.879419452481, 4.33584347164, 0.931099589504, 0.790908896679, 145.35489818, 0.977821949592, 2.69683216936, 1.03381562878, 2.16111140454, 1.01871880054, 694.503588839, 38.5573970753, 4932.50335468
2.68374656011, 1.12672090228, 0.89526751973, 0.957885330926, 2.23290301953, 0.763279114518, 1.83366459374, 0.907851602674, 0.938444734385, 1.8766346242, 3.99156359638, 0.85647925292, 2.15642307257, 0.903326013005, 1.09000003038, 1.01785364687, 1.01706507223, 0.961663950533, 4.94579033898, 1.01589080036, 0.783210360817, 73.9297946838, 1.02583012761, 2.09391857846, 1.02978928779, 2.39756858995, 0.918299931957, 1508.94811572, 33.1433582566, 5343.21663645
1.42949935893, 1.03966744005, 0.901369932254, 0.820370251886, 1.90715816944, 0.774204930291, 1.6614916653, 0.889343718418, 0.910933961688, 1.25031285968, 2.9983728075, 0.873102247237, 1.55036880974, 0.85180166547, 1.09000022947, 1.03443001107, 1.0064637751, 0.913557616749, 4.50353304072, 1.00114233947, 0.802194651563, 161.487154953, 0.935660073898, 2.57114481349, 1.05412324544, 2.6604814642, 1.00344951706, 2338.99366747, 32.6317536679, 4936.50459411
2.21748505695, 1.02907122521, 0.794281964139, 0.828506109926, 1.62406802567, 0.738558707645, 1.09035737841, 0.895788987912, 0.922603698404, 2.46923291054, 3.02143025105, 0.819474575444, 1.97861994729, 0.978753536413, 1.09000016505, 1.0006849174, 1.0130419928, 0.908451398448, 5.64028079114, 0.92131367152, 0.812414189964, 101.316810702, 0.962977937083, 1.73697392921, 0.989030917794, 1.18092091289, 0.876273285699, 1931.64300953, 53.0440075831, 3241.53861547
1.47344606632, 1.1250302631, 0.821041071556, 0.811674850921, 3.27227605856, 0.812735485031, 1.68394919855, 0.861432448617, 0.912444980115, 2.89302521101, 3.3745980221, 0.832882273965, 2.10769993578, 0.839866039725, 1.09000034081, 1.0296237164, 1.01228444681, 0.957371545348, 5.52966924724, 0.957165217941, 0.82693901472, 75.7992219771, 0.936181991181, 2.24038701191, 1.05794919395, 1.52908932054, 0.920864749811, 1705.02354677, 24.8129007585, 9878.9928497
1.83757027807, 1.08426620966, 0.888731702578, 0.928486975038, 3.17263082128, 0.749374138192, 1.92197867562, 0.844331575306, 0.926122789404, 2.46815913477, 3.34100349188, 0.819718170602, 2.17798144638, 0.981692033426, 1.09000002977, 1.02886992477, 1.00263099485, 0.886644068016, 4.33048948854, 0.926849050625, 0.822708574679, 115.687642776, 0.995047888582, 1.04622237773, 0.950560405526, 2.62704924397, 0.952145993476, 1427.28813928, 28.919850396, 7429.6011735
2.84120562316, 1.16642449348, 0.779115776981, 0.960415021687, 1.88569772648, 0.733441208337, 1.82538220572, 0.898355831825, 0.914119765152, 1.28119305009, 1.64416484981, 0.835266277417, 1.89008146094, 0.997908829506, 1.09000034135, 1.01660909282, 1.00254584443, 0.907339743712, 4.78291987038, 0.916007061469, 0.840668491834, 45.0061046791, 1.0212454023, 1.46994913808, 0.964785821922, 1.08131015564, 0.914425190601, 2009.16534764, 31.2265696961, 5621.15780524
1.54388477695, 1.17110997938, 0.888196674247, 0.805450524272, 2.02991726162, 0.718201906571, 1.19257259215, 0.845094496627, 0.931071880813, 1.26665641956, 1.98641136085, 0.895544942617, 1.54825052088, 0.85283175713, 1.09000002038, 1.03287768452, 1.00770838741, 0.908152730009, 5.10283402934, 0.954089848598, 0.784374176368, 62.6370245207, 1.00953045265, 1.40968450234, 0.974929708726, 2.34969878759, 1.00242838487, 2767.30443488, 27.5420011288, 8386.94284683
2.23366757839, 1.01481897578, 0.892719999669, 0.92940051341, 1.62713314367, 0.745452794981, 2.50252945935, 0.85691984634, 0.918428083374, 1.99840857323, 2.12780752714, 0.824084144106, 1.64957575586, 0.895247488464, 1.09000006325, 1.00064752927, 1.0080188107, 0.964283287394, 3.97291220819, 0.956306150676, 0.840190013206, 141.46087044, 1.01899031664, 2.4055381938, 1.0615782599, 1.13297064944, 0.9485248989, 1679.74127896, 26.0223617285, 10277.7397296
1.57750927175, 1.019784537, 0.823864744714, 0.900351404025, 1.61016205313, 0.818817104566, 1.29531126379, 0.896871338029, 0.90346427729, 1.46659534467, 3.54757834047, 0.88055402417, 1.38710317378, 0.929205849623, 1.09000030114, 1.01283806855, 1.01674961532, 0.865645641147, 4.96605255237, 1.01960841228, 0.851308916842, 82.6546352196, 0.990295727294, 1.4644885971, 1.02841950222, 2.41999958142, 0.991032789449, 1383.30280789, 27.0863554183, 11107.1913135
2.59440728816, 1.09927164573, 0.755132342427, 0.851695235772, 2.50534880729, 0.825120807171, 1.812268547, 0.877229628151, 0.929040169642, 1.86472028989, 2.66313217082, 0.850549933518, 1.87591569347, 0.926634173071, 1.09000025258, 1.0083659009, 1.01368382512, 0.875637142833, 5.42574781625, 0.968600067022, 0.812033493435, 16.8204294755, 0.988105863937, 1.17952708235, 0.954916124293, 1.34023999129, 0.945803499016, 1709.29785337, 24.610006543, 12224.929599
2.43739823959, 1.04454555998, 0.749977041069, 0.813804854152, 1.50419648694, 0.798959721082, 1.45280789406, 0.873555906759, 0.931321761008, 3.05526747762, 3.07547003043, 0.890828566681, 1.93841771173, 0.882379593222, 1.0900000411, 1.01084502175, 1.00255889718, 0.934077641958, 3.5014341382, 0.976090079031, 0.821587924619, 50.255969218, 0.94451761223, 1.76094044352, 0.951085176343, 1.88874773906, 0.982878029432, 1355.174594, 27.6284599262, 11321.2219937
1.14006418469, 1.06426408863, 0.85303908766, 0.836380816576, 2.82449380749, 0.813497412415, 1.93913618241, 0.858206768274, 0.931807282925, 2.99028008803, 2.33312672318, 0.907876985391, 2.3620507852, 0.976206471592, 1.09000001894, 1.04283306788, 1.00659418705, 0.901871379128, 3.73981945608, 0.952770524937, 0.793865744918, 64.9386104842, 0.934573538664, 1.49252009245, 1.06513544296, 2.51232895813, 0.950922444225, 1093.57276744, 25.7644247623, 21581.2254963
1.08081264116, 1.15030444006, 0.872630617781, 0.85149172322, 2.17118973396, 0.819317632731, 1.48084248456, 0.831660519578, 0.928124178339, 1.33543479501, 2.64401470256, 0.871620981507, 1.15329019756, 0.939466747062, 1.09000034127, 1.02364051502, 1.01443671576, 0.892788210902, 3.79874942756, 0.913295831163, 0.79169891162, 77.632828495, 0.968668164251, 2.36947359873, 1.05511002291, 2.49928462519, 1.0025265963, 2393.09042166, 36.9931498537, 4695.84847771
1.47344606632, 1.12513452682, 0.82141587169, 0.811674850921, 3.27227605856, 0.776141465451, 1.69751823738, 0.861432448617, 0.912683750998, 2.32991121461, 3.36804724933, 0.832882273965, 2.10769993578, 0.839866039725, 1.09000033769, 1.0296237164, 1.00138346736, 0.958889261532, 3.27079440422, 0.915213128067, 0.85110205452, 85.1184123182, 0.936181991181, 2.23920405571, 1.05794919395, 1.52908932054, 0.920864749811, 964.291141486, 31.8415270014, 9971.49979074
2.71901726378, 1.08390022602, 0.86268038948, 0.864737620721, 2.31583875746, 0.720860067007, 2.08560041977, 0.926649636861, 0.938879853861, 2.17323944139, 3.09090255889, 0.823931526078, 2.46962319943, 0.844582749347, 1.09000004614, 1.0174983632, 1.00273610565, 0.826312514214, 5.16482920804, 0.997987218696, 0.827739336322, 145.688637171, 0.913324721364, 1.8795981789, 0.962989167847, 1.96419402125, 0.89795771482, 1045.41433774, 31.2739878974, 7004.45167088
2.17522768037, 1.01903766663, 0.748055272329, 0.900198173718, 1.42529603923, 0.723126162091, 1.31044674345, 0.901694803249, 0.912921628343, 2.4760233311, 1.84819005067, 0.849991958552, 1.96733283895, 0.842558080804, 1.09000031562, 1.022132857, 1.01872599173, 0.957000473538, 5.02321549127, 1.02120704331, 0.798765152144, 155.352940752, 0.966481892983, 1.34473894159, 1.03431384831, 2.18587250992, 0.990940266537, 1335.68802055, 32.1382474235, 6484.3919362
1.95393213645, 1.12741403117, 0.739500587113, 0.953613188813, 1.43552726996, 0.738859387083, 1.32723789664, 0.823388119665, 0.930727103309, 2.20071028065, 3.03425452116, 0.82241198715, 2.00965385687, 0.833687176952, 1.09000030023, 1.03256617091, 1.01860941278, 0.917370858064, 5.75902184386, 0.917242368341, 0.787518538705, 138.11960516, 0.958931359301, 1.74782260477, 1.06592659919, 2.05281382798, 0.870825876814, 1107.77039178, 40.7513366742, 6227.08113578
1.44684977802, 1.0004880946, 0.861353141853, 0.931223959516, 1.8049430407, 0.743402709338, 2.24276284903, 0.897416258451, 0.937782849405, 3.06417599744, 3.61641999771, 0.846225119991, 2.18870991965, 0.903498878784, 1.09000000046, 1.03389526919, 1.00333699815, 0.900307106527, 3.60062663377, 0.94173686375, 0.839719155771, 93.2749348042, 1.01951499576, 2.76618556749, 0.973676964802, 1.24212198321, 1.02422856707, 1234.77826772, 39.9922810992, 5911.82340265
2.88955006561, 1.0967182304, 0.756280272371, 0.930530993752, 2.10191031942, 0.747511855371, 1.97030525031, 0.885464904466, 0.921456495986, 1.63045040425, 2.62491557339, 0.871551113391, 1.88191259551, 0.817452786007, 1.09000003942, 1.02335416723, 1.00969794501, 0.895152762602, 4.68902213866, 0.96788258743, 0.770675391155, 22.9742601811, 0.971558620823, 1.62826198019, 1.0011024576, 1.80050385373, 0.98599586728, 846.161759867, 38.6065439608, 8303.5962786
1.74674059673, 1.11828187875, 0.816912235707, 0.934921681739, 1.42768931901, 0.765003740964, 1.93424811645, 0.913464434409, 0.935552486006, 1.95644238209, 1.82783637765, 0.84053401115, 2.44671421726, 0.920089269937, 1.09000004842, 1.00758357095, 1.01325633295, 0.908770156911, 3.49742722894, 0.948887647423, 0.777336258675, 37.6028872988, 0.990889933214, 1.76948834904, 0.974954440847, 2.18350894145, 0.933049468432, 1253.82409258, 44.2425652898, 5831.53733724
2.93178950074, 1.11087410489, 0.87978782071, 0.861947978413, 2.28479514405, 0.746819734756, 1.48441882919, 0.931849569569, 0.909549127415, 2.38800580102, 3.2527883718, 0.858339115876, 1.26965413391, 0.957100948667, 1.0900001967, 1.03340586603, 1.00573297959, 0.812784745598, 4.63276421006, 0.925618284921, 0.806693106081, 210.939350481, 1.01059337507, 2.80839557959, 1.04272029145, 1.40951709157, 1.00569422392, 2337.16464801, 33.2444092846, 5593.96919001
1.57237413356, 1.12122431998, 0.823864744714, 0.940851305755, 1.61016205313, 0.821645814788, 1.29596533452, 0.896871338029, 0.903420267575, 1.46659534467, 3.54757834047, 0.88055402417, 1.38710317378, 0.929205849623, 1.09000030114, 1.01283806855, 1.01674961532, 0.865645641147, 4.96542842338, 0.931170658372, 0.849175545952, 82.0247073963, 0.990295727294, 2.09007059748, 1.02841950222, 2.41999958142, 0.978713896246, 1758.5664562, 37.7783401925, 5710.89054987
2.20874439324, 1.0294078612, 0.894109254734, 0.961703371492, 2.66204436061, 0.817185119359, 2.73381789104, 0.839599903742, 0.936530643421, 1.79020531431, 3.08281607075, 0.829163343443, 1.55845064024, 0.973788387728, 1.09000008706, 1.00412223135, 1.01941609979, 0.890152024301, 3.33676759031, 1.01183976901, 0.778928914244, 48.1851082301, 0.981853341544, 1.73992113202, 1.00855425821, 1.20045251882, 0.893637902892, 2626.68115169, 53.9105999412, 3413.4696676
2.95134270039, 1.09760579091, 0.763085403447, 0.875279842952, 1.73765165244, 0.792610870267, 2.38332120917, 0.859616163658, 0.9236853163, 2.94272982126, 2.56488611681, 0.921625629411, 1.89778531506, 0.844356191644, 1.09000032906, 1.01474613579, 1.01922758792, 0.911917011153, 4.46160825666, 1.01085427026, 0.820986583671, 112.335477034, 0.985289275758, 1.08534477887, 1.01326927721, 2.22221507499, 0.891739925623, 2899.28682199, 28.9913412564, 9158.04735698
1.57971263819, 1.10584470647, 0.830568710113, 0.948649398734, 3.48273660224, 0.767275953926, 1.40691033951, 0.8693784437, 0.930614057783, 3.20456077825, 3.39403295009, 0.83136974606, 1.47254091864, 0.924368568014, 1.09000022623, 1.00556367191, 1.01124240529, 0.931469394098, 5.53468319378, 0.992212878721, 0.848535456675, 57.1330939836, 0.915579714181, 2.87060397102, 0.996323796492, 1.67380485892, 0.926498433694, 1852.08435063, 25.8249672199, 20145.6932554
1.47344606632, 1.1250302631, 0.821041071556, 0.871767352296, 3.27227605856, 0.815681366579, 1.68394919855, 0.861432448617, 0.912444980115, 2.89302521101, 3.14070889348, 0.832850840524, 2.10769993578, 0.839866039725, 1.09000001935, 1.0296237164, 1.01228444681, 0.830739226696, 5.52966924724, 0.957272743541, 0.82693901472, 159.952616422, 0.934190414033, 2.24038701191, 1.05794919395, 2.73641469265, 0.920864749811, 1946.80094537, 25.4522793991, 31721.2110199
2.03071748481, 1.08426620966, 0.888731702578, 0.866031173509, 3.17263082128, 0.749374138192, 1.47447647087, 0.931505819671, 0.926122789404, 2.46815913477, 3.34100349188, 0.818684335526, 2.17798144638, 0.981692033426, 1.09000002977, 1.02882548, 1.00263099485, 0.886644068016, 4.97501045207, 0.961456905275, 0.822708574679, 120.005739147, 0.995047888582, 2.77985037162, 0.950560405526, 2.62704924397, 0.951598275911, 1706.9425091, 29.6774564126, 16762.1494198
2.8838910272, 1.14320443887, 0.772142682288, 0.93525299156, 2.11886848033, 0.747587948765, 1.96408312454, 0.885464904466, 0.921185223776, 1.63246813623, 2.63545511533, 0.901137923251, 1.88164498027, 0.817452786007, 1.09000003942, 1.02360375184, 1.00969601885, 0.927455023021, 4.44865678509, 1.00538312079, 0.769450889102, 22.9742601811, 0.969398693373, 1.62826198019, 1.0008544218, 1.58575955072, 0.98599586728, 2440.5904488, 55.6440608177, 5250.95734135
1.55066383441, 1.02534028389, 0.755362283667, 0.936574119535, 2.13306723253, 0.81725284707, 2.96517661647, 0.877060674694, 0.909182671341, 1.8663129567, 2.66915178508, 0.898380369758, 2.14870688447, 0.980055116321, 1.09000013766, 1.02293077452, 1.01367158566, 0.875542956272, 3.45294212481, 0.968131670028, 0.812109410526, 81.3743490067, 0.997295827944, 1.1320116503, 0.956214625781, 1.38496197463, 0.945136610296, 1182.57280298, 31.3301475187, 15681.8650712
2.07511710603, 1.16642449348, 0.761212662693, 0.960415021687, 1.88569772648, 0.733475951531, 1.6790317911, 0.898355831825, 0.928931629631, 1.28119305009, 3.14659007774, 0.835034120995, 1.89008146094, 0.997908829506, 1.09000009447, 1.01660909282, 1.00278964126, 0.968353483892, 4.78291987038, 0.916007061469, 0.840668491834, 44.0368229988, 0.994290374334, 1.46994913808, 0.964785821922, 1.08131015564, 0.914425190601, 2249.35897537, 31.3884695549, 10670.4745043
1.03678101098, 1.01412492093, 0.884158912983, 0.933218164461, 1.66291768947, 0.783015057595, 2.27854185774, 0.853058363019, 0.934437740024, 2.26432672153, 2.34058271172, 0.814879689181, 2.58328913768, 0.996190148707, 1.09000014077, 1.02165488972, 1.00942158705, 0.94337275154, 4.433798901, 1.00632526819, 0.767678153649, 122.516797673, 1.01165041456, 1.13770570265, 0.99783956144, 1.58060834546, 0.946886830171, 1096.71856165, 42.623429028, 7676.77312705
2.68374656011, 1.12672090228, 0.89526751973, 0.957885330926, 2.23290301953, 0.763279114518, 1.50185050284, 0.920079397887, 0.938444734385, 1.6318351843, 3.99156359638, 0.859855679535, 1.66302349833, 0.903136391255, 1.09000036668, 1.01832733668, 1.01706507223, 0.961663950533, 4.94579033898, 1.01589080036, 0.783118669661, 73.9297946838, 1.02583012761, 2.16248265868, 1.02978928779, 2.46806107724, 0.918299931957, 1978.0563525, 33.1024949035, 14121.1673608
2.23408469174, 1.07128464705, 0.894369879816, 0.929388627093, 2.6643199644, 0.800994267369, 2.84588168149, 0.857099213461, 0.907136511533, 2.72565852073, 3.14151604989, 0.824116212324, 1.56019097758, 0.853390571734, 1.09000009841, 1.00826155647, 1.00718083976, 0.830448968901, 4.01828719636, 1.01642873505, 0.839333826978, 140.282125248, 0.964726975759, 1.94420839912, 1.00941678505, 1.74420503303, 0.946703478988, 1797.17624988, 36.7280070916, 10094.8091725
2.24847561516, 1.16220052, 0.73179657466, 0.865298487534, 1.51428902414, 0.712712878617, 2.66426868608, 0.879861069394, 0.933294979384, 1.5222972031, 3.29555137263, 0.920692974866, 2.20088409477, 0.94607507042, 1.09000011551, 1.01181174848, 1.00818566805, 0.823815259464, 3.93030017539, 0.994913108825, 0.848463485444, 17.2084454572, 0.983752961976, 2.29737892537, 1.02726335238, 1.01276460479, 0.973824888004, 2317.67178981, 32.5791013234, 9947.13410281
1.31637133325, 1.07808572302, 0.871261082461, 0.959856428743, 3.38181808356, 0.781240436874, 2.59244920566, 0.901208850611, 0.918673431621, 2.6715830999, 1.89455039689, 0.812329269822, 1.12451168852, 0.868124332315, 1.09000030099, 1.02767571338, 1.01440567182, 0.933939031851, 5.00691799372, 1.00411826244, 0.820937538254, 125.706197819, 0.937544156444, 2.58461103938, 0.954696118089, 1.34365482803, 0.946938287206, 3096.52192181, 29.150422383, 12352.3553597
