0.119597187636, 2.65227231406e-05, 0.224939274437, 0.000656008502768, 0.188763126128, 1.87878820774e-05, 0.383356665244, 0.00410343511498, 0.413248505445, 0.369541367685, 0.0722666445205, 0.483339656609, 0.921210696639, 0.213218732635, 0.749738705057, 0.0320721097185, 0.329592088168, 1.47011999078, 1.01046480817, 5.26462825876e-05, 0.545007016473, 0.00192210439156, 0.687941800566, 8.28283467282e-05, 0.377949214742
0.00168437027916, 2.73203939328e-05, 0.55511363067, 0.000857368582666, 0.919796171207, 0.000767509929051, 0.835771396773, 0.62070791154, 0.00315375920107, 0.474498208269, 0.954479007807, 0.813319406611, 0.921210696639, 0.943674139999, 0.78823878087, 0.0320721097185, 0.131502451372, 0.0490574937466, 0.185930384479, 0.000231829357949, 1.51825050369, 0.00206104200137, 1.82126785489, 0.000102089208573, 0.00629406847011
0.499377212197, 0.00315737210835, 0.0316782305298, 0.0151712340143, 0.00108534778692, 0.570866530054, 0.652112747882, 0.322272456789, 0.502091257012, 0.650284199011, 0.367901633542, 0.628555837221, 0.0342403068262, 0.526489609241, 0.185588345954, 0.417253728717, 0.501711558299, 0.323559854776, 0.531956380384, 0.779341311211, 0.001700629894, 0.023776297504, 0.0496917161228, 0.00495486296448, 0.997098506014
0.383166105307, 0.295128021383, 0.656221301316, 0.0192024179064, 0.00040791387038, 1.56602271308e-05, 0.697360894029, 5.36006785323e-06, 0.33334122436, 0.852762945836, 0.574487529165, 0.27298364311, 0.357402869484, 0.0561898429613, 0.937737464459, 0.341471642053, 0.0710603841082, 0.360233005697, 0.699810042046, 1.93615115579e-05, 0.000504324115585, 0.0237481042186, 1.31363462022, 0.765666326128, 1.17616417961
0.00391571990031, 0.00010339848779, 0.0228265355188, 0.327331623967, 0.608982647395, 0.00475418968416, 0.999728780493, 0.161296397256, 0.443908165647, 0.201298318712, 0.976192872004, 0.0311977113907, 0.701644311857, 0.819859286111, 0.565799321121, 0.683613208401, 0.016401267543, 0.000441900450441, 1.03725041685, 0.00774618943083, 1.47089718863, 1.01664592711, 0.0741507158221, 0.000335956152548, 0.0127228822773
0.00168437027916, 0.223177113065, 0.224939274437, 0.982290769291, 2.68318695076e-05, 0.00475418968416, 6.35897870871e-06, 0.252119256839, 0.31981053905, 0.650284199011, 0.358676038919, 0.138519086479, 0.82665339557, 0.813964766232, 0.0491438648764, 0.8491868338, 0.241862579851, 0.0456887962908, 4.56369870149e-07, 0.000341204045895, 1.92571776572e-06, 1.64206450024, 0.605846025074, 0.640236852624, 0.00493244056298
0.0140530731015, 0.414026004201, 0.224939274437, 0.000656008502768, 0.320156260312, 0.895988049735, 0.0398797907742, 0.00410343511498, 0.413248505445, 0.369541367685, 0.989601223405, 0.483339656609, 0.921210696639, 0.213218732635, 0.749738705057, 0.0320721097185, 0.329592088168, 0.220912192802, 0.0138567389161, 1.34270531739, 0.748556336518, 0.00160042419488, 0.572809004096, 1.25934715994, 0.045921689413
0.453276383765, 0.0816750693839, 0.000130412741966, 0.000230974645516, 0.510989883611, 0.00455770978351, 0.0820201953894, 0.60496467965, 0.766153391664, 0.270865990585, 0.539530967675, 0.408501455733, 0.999931607746, 0.164954219864, 0.212403340943, 0.918098036216, 0.298151437845, 0.933659586669, 0.120959932585, 0.00674026487812, 0.97456642691, 0.000491633467175, 0.000277585752569, 0.174806920774, 1.17913222839
0.621253313697, 0.000172419312917, 0.661291041297, 0.327331623967, 0.488577896038, 0.992139980972, 0.000101235489777, 0.256136515018, 0.0451494483735, 0.928272331434, 0.883533479808, 0.678009425895, 0.529861010634, 0.0253623189036, 0.818097430176, 0.424407746, 0.91047598045, 0.00468538688084, 7.45071799938e-07, 0.379472160641, 0.366121832901, 0.297855585787, 1.02881565556, 0.000323333492886, 1.76413807242
0.000380448408578, 0.000437799527643, 0.369102848618, 0.459677279092, 0.00374680105067, 0.965522504408, 0.130687147649, 0.20673562313, 0.0840704182858, 0.486760054336, 0.811722961471, 0.118616486474, 0.786125104884, 0.190151963726, 0.13147462961, 0.311515846491, 0.0616230055534, 0.0679758875226, 0.0141536643829, 1.28082628449, 0.00754940908441, 1.12972270121, 1.11934774116, 0.00140508636739, 0.00122102228168
0.304443987336, 0.0353268041811, 0.173681412379, 0.623039082585, 0.637015048951, 0.9153960241, 0.663852517908, 0.139029160202, 0.0840704182858, 0.462946855312, 0.993123879418, 0.402356942501, 0.870633587434, 0.939223480232, 2.03531067712e-05, 0.0730893349867, 0.632387258516, 0.0401314363455, 0.0688054771324, 0.595838368219, 0.937498309685, 1.6556690993, 0.558294227639, 0.115096222659, 1.07567910414
0.0102350431264, 0.278772896344, 0.000243278222749, 0.0192024179064, 0.0016406647652, 0.632731688954, 0.000199618296271, 0.0566889378821, 0.88879765593, 0.56661631354, 0.811722961471, 0.564829719016, 0.613100073911, 0.972609268805, 0.162655956505, 0.380588803916, 0.288759767676, 0.919392450978, 0.000288284418187, 1.41281538802, 0.00434411705696, 0.0508592325511, 0.000644440754409, 0.789591563358, 0.0299397632873
0.222561303735, 0.00121489077616, 0.000108493798489, 0.93794607407, 0.312321964823, 0.148410432725, 0.05131780956, 0.0236587005783, 0.939023018077, 0.706133626246, 0.974527463576, 0.988968978717, 0.65713920817, 0.992034375152, 0.0603747280921, 0.950851447657, 0.81249784362, 0.210186172577, 0.0169798649714, 0.0500690919204, 0.115768610977, 2.51283466264, 0.000430283947156, 0.00481823517032, 0.920484095613
0.0204586170978, 9.87212505499e-05, 0.0698755860089, 0.0192024179064, 0.131219689093, 0.570866530054, 5.40215060565e-05, 0.0170249434579, 0.0451494483735, 0.939260490908, 0.903514484439, 0.917898773541, 0.529861010634, 0.0253623189036, 0.491033567549, 0.0730893349867, 0.91047598045, 1.54560979562, 0.00013115547578, 1.93462708953, 0.517751190539, 0.0763289528513, 0.278916145688, 0.0003948491511, 0.0818552194848
0.000380448408578, 0.000172419312917, 0.000108493798489, 0.00412876374556, 0.312321964823, 0.00179295420048, 0.971470220188, 0.373436103052, 0.00131273440922, 0.272049411329, 0.620402668471, 0.792388953542, 0.0418131084817, 0.994944616442, 0.48623255874, 0.02332539502, 0.24314229019, 0.0855468140168, 1.90763231259, 0.00537800426575, 1.01999303164, 0.0140405438915, 0.000368953693402, 0.000586344519815, 0.00129378701812
0.0580185112523, 0.0726667966631, 0.224939274437, 0.000981865546455, 0.564502843369, 0.389226653232, 0.995391192612, 0.0572074328787, 0.0883982391269, 0.56661631354, 0.999093764436, 0.360907471379, 0.950030506603, 0.671647244831, 3.05216295085e-05, 0.128645267857, 0.557430199043, 0.00786433083503, 1.08628992684, 0.761507585492, 1.62692962363, 0.00323770984964, 0.774230359476, 0.256511767947, 0.205819273245
1.88530857592e-05, 2.73203939328e-05, 0.557501890641, 0.483093747373, 1.65001747952e-05, 0.000767509929051, 0.835771396773, 0.493359890998, 0.0451494483735, 0.474498208269, 0.986799748451, 0.82858829994, 0.921210696639, 0.130315424959, 0.78823878087, 0.0320721097185, 0.0896493172034, 0.277079275898, 1.05014448078, 0.00130938426989, 2.81495701203e-05, 1.02987852235, 1.79485982191, 0.000100293486304, 6.92098988089e-05
0.304443987336, 0.000412648927409, 0.539302959644, 0.000382967575658, 0.980259241928, 0.639951616437, 0.00025370320397, 0.0462478081669, 0.00676595628742, 6.35717156316e-06, 0.989601223405, 0.624387870473, 0.486684560225, 0.038370757369, 0.741739170486, 0.00225488321185, 0.800224092718, 0.0250419065125, 9.97960246889e-06, 0.0394531057027, 1.50649626548, 0.000906689995321, 1.70583796008, 0.0014754773337, 1.17992650336
0.00314972017485, 0.155068448084, 0.174706163567, 0.0192024179064, 0.00040791387038, 0.0042664006838, 0.00171278520152, 0.161296397256, 0.0200967426458, 0.07593595507, 0.641588390994, 0.671782924362, 0.147102065896, 0.686541055054, 0.0230323473896, 0.841420495222, 0.432510600574, 1.94431829714, 0.00523107793083, 0.0130303761886, 0.00124585384538, 0.0586659769917, 0.547649299373, 0.50221853135, 0.0103026252918
0.243951279102, 0.143141408767, 0.000130412741966, 0.551601011515, 0.0571863042306, 0.369161168597, 0.533356651787, 0.0156762622803, 0.179438436026, 0.769349666261, 0.897558301755, 0.251397397486, 0.993336387786, 0.161766325675, 0.0491438648764, 0.0108890021381, 0.0668092022739, 0.854333978936, 0.948903903379, 0.836316945366, 0.137478611723, 1.8035203532, 0.000484824986609, 0.541298132859, 0.978716816645
0.0204586170978, 9.87212505499e-05, 0.0698755860089, 0.327331623967, 0.137715347, 0.570866530054, 5.40215060565e-05, 0.0170249434579, 0.0451494483735, 0.939260490908, 0.936451746872, 0.88528408656, 0.529861010634, 0.0253623189036, 0.0964549470177, 0.748029779984, 0.91047598045, 1.36637526806, 0.000115946210281, 1.71028070314, 0.48107391141, 1.26599985074, 0.283679214352, 0.000401592015031, 0.0832530662459
3.0133682238e-05, 0.393481732197, 0.00134191128201, 0.00425400596268, 0.312321964823, 0.610481695796, 0.994140459742, 0.174121857596, 0.0451494483735, 0.940306475844, 0.647745159553, 0.0888275978381, 0.644875773881, 0.901278807221, 0.902775174858, 0.02332539502, 0.0582408599612, 0.00936570314039, 1.01752410032, 1.45018288101, 0.946288990495, 0.0134211259136, 0.00423368494113, 1.42808240048, 0.00011665235681
0.000380448408578, 0.295128021383, 0.486432035462, 0.000254454198673, 0.00529110331313, 0.657411269512, 0.29258870589, 0.256888209644, 0.699549832295, 0.62539907186, 0.808734576375, 0.0881930033064, 0.270938650476, 0.456679900798, 0.0698497219361, 0.672295891329, 0.363178679629, 0.494603407862, 0.244802608606, 0.924560448788, 0.00894927153951, 0.000430383971305, 1.03183245403, 0.7455612707, 0.000996408787943
1.61611270116e-05, 0.344081255992, 0.000260707899543, 0.470434173777, 0.503580807276, 4.84212238598e-05, 0.663852517908, 0.577864195364, 0.477338160271, 0.502790157505, 0.465453677866, 0.395991296752, 0.613100073911, 0.895736600722, 0.118462982454, 0.899926659941, 0.13543964718, 0.365171346261, 0.626087451699, 5.51282314204e-05, 0.733000199884, 0.939275409113, 0.000571108496526, 0.836867916978, 4.12877975335e-05
0.379091146844, 0.00315737210835, 0.00134191128201, 0.016630032878, 0.312321964823, 0.000767509929051, 0.995521922384, 0.144289449442, 0.613955849623, 0.726063572607, 0.873050755989, 0.0888275978381, 0.77332178311, 0.901278807221, 2.09843965576e-05, 0.02332539502, 0.0582408599612, 0.012358892228, 1.75695601221, 0.00211824272156, 0.938504825096, 0.0520461996107, 0.00420019792456, 0.00988269978057, 1.35005117209
0.00580734171412, 0.0132147204174, 0.000599344560342, 0.165036833656, 0.170012151002, 0.389226653232, 0.437462070503, 0.252806194558, 0.33334122436, 0.369541367685, 0.986552573825, 0.68291165138, 0.684566986797, 0.31252745493, 0.862969313536, 0.492221624311, 0.856122652319, 1.00534665874, 0.824966444928, 0.911646226648, 0.434515896323, 0.436682226738, 0.00160375023502, 0.0353655641929, 0.0155432999589
0.389041019609, 0.00159678973798, 0.210185444732, 0.00074617287648, 0.919796171207, 0.00792888940175, 0.996557442237, 0.42636998899, 0.88879765593, 0.805793423565, 0.976192872004, 0.781882183768, 0.192819791457, 0.99601050466, 0.807160801214, 0.394352640446, 0.241862579851, 0.00108901862798, 0.201386318262, 0.00250836657857, 1.59018910011, 0.00187872844132, 0.549314943246, 0.00424997433318, 1.18704395284
0.0204586170978, 0.240771532319, 0.832050958989, 0.774202606942, 0.00045516227736, 0.369161168597, 0.00025370320397, 0.223750060702, 0.996795829445, 0.173022661498, 0.943816196247, 0.998770019294, 0.591182231699, 0.599732224952, 0.13558765435, 0.96446015072, 0.312459895639, 0.160277248104, 6.38730609465e-05, 0.104980432071, 0.000136986124736, 0.517352034223, 2.04247251088, 0.840620133831, 0.0731852710569
0.429179597719, 0.0726667966631, 0.29401541277, 0.289491540291, 0.564502843369, 0.00792888940175, 0.253440240046, 0.163182434297, 0.267409409928, 0.56661631354, 0.163169578885, 0.360907471379, 0.987001744974, 0.998254074623, 4.55549472383e-05, 0.124351394074, 0.566067227835, 0.794717237897, 0.334225414785, 0.0107382011591, 1.05736577098, 0.667031909857, 0.755902299002, 0.194479371594, 1.36435773437
0.0102350431264, 0.278772896344, 0.000130412741966, 0.0192024179064, 0.718486628475, 0.632731688954, 0.996736220725, 0.00232529361408, 0.996692898627, 0.143831220504, 0.811722961471, 0.564829719016, 0.691674377471, 0.972609268805, 0.634030687229, 0.00225488321185, 0.522377271042, 0.00243574022556, 0.475101614319, 0.730090462539, 1.83974907328, 0.0614168954427, 0.000417174573934, 0.953499640742, 0.0361548360737
0.00011387620573, 0.00315737210835, 0.0573767418853, 0.289491540291, 0.49983693885, 0.992139980972, 0.368644417148, 0.64250145531, 0.876700458729, 0.750645491379, 0.471275429023, 0.360907471379, 0.968577909632, 0.92496328186, 0.937058916182, 0.393515335676, 0.883867387209, 0.0130463343258, 0.00853012840965, 1.26243992779, 1.26188955846, 0.872714230204, 0.179565164845, 0.00989472319157, 0.000356872147618
0.379091146844, 0.00315737210835, 0.00134191128201, 0.016630032878, 0.312321964823, 0.570866530054, 0.995521922384, 0.343070464323, 0.690549666837, 0.726063572607, 0.873050755989, 0.0888275978381, 0.77332178311, 0.901278807221, 2.09843965576e-05, 0.0042567824803, 0.0668726235035, 0.00749755447996, 1.06586198645, 1.33416369795, 0.912150643888, 0.0505846887702, 0.00408225204485, 0.00960518340146, 1.31214034598
0.000179958808011, 0.000252033373993, 0.00134191128201, 0.016630032878, 0.312321964823, 0.570866530054, 0.988574836171, 0.182337405873, 0.0451494483735, 0.769349666261, 0.53201795351, 0.349147551507, 0.231615335819, 0.796757693761, 0.187132067186, 0.0730893349867, 0.269880687129, 0.0187393500794, 1.04406029909, 1.3070521809, 0.893614846689, 0.0495567581989, 0.00399929667281, 0.000751135374323, 0.000536331485024
0.23926448499, 7.23432664174e-06, 0.46919899599, 0.410527798454, 0.410582870952, 0.0251236283645, 0.000146451476238, 0.0440191065823, 0.996795829445, 0.090322142817, 0.978221160418, 0.0845324411971, 0.701644311857, 0.0253623189036, 0.110329122329, 0.188575045314, 0.0112642499856, 1.22087976266, 0.000280857828276, 0.0482059543278, 0.919127265282, 1.14994616717, 1.73641353411, 2.93595434821e-05, 1.0194824744
0.379091146844, 9.62419741901e-07, 0.55511363067, 0.53109417938, 2.68318695076e-05, 0.250064415851, 0.933126977608, 0.0328717756417, 0.0031049054125, 0.474498208269, 0.99582361154, 0.564829719016, 0.933328080106, 0.690216881908, 0.78823878087, 0.0320721097185, 0.0117055018878, 0.0859523889908, 0.815240282105, 0.339652405173, 3.73989810445e-05, 0.978544895142, 1.57203370171, 3.10416953649e-06, 1.39116782606
0.000330268105969, 0.000558353700159, 0.224939274437, 0.000981865546455, 2.68318695076e-05, 0.631513266962, 0.999903320479, 0.0909727750892, 0.839615960786, 0.56661631354, 0.43130171707, 0.232996273977, 0.413666931198, 0.190151963726, 0.822751689451, 0.998897471998, 0.754420490161, 0.000146870944229, 0.967122570158, 1.47995782489, 7.45139517823e-05, 0.00272671048872, 0.652035586851, 0.00165268464131, 0.000977568779505
0.0580185112523, 0.556019782154, 0.066953705768, 0.000245766621096, 0.636305487441, 0.0800573671422, 0.253440240046, 0.161296397256, 0.838543986544, 0.502790157505, 0.989601223405, 0.302663413456, 0.822358670005, 0.709989121059, 0.852975609814, 0.899926659941, 0.299859901341, 0.62292458441, 0.261976483806, 0.0854316234748, 1.05967721187, 0.000486312001184, 0.132975639645, 1.51184825274, 0.180251901744
0.000140251272146, 0.295128021383, 0.0396195030903, 0.307123772791, 0.00040791387038, 1.56602271308e-05, 0.697360894029, 5.36006785323e-06, 0.634856116282, 0.07593595507, 0.881719765896, 0.529799508419, 0.620266534978, 0.110643422343, 0.513547528621, 0.30056369176, 0.0710603841082, 0.718333976512, 1.39547826645, 3.86084322334e-05, 0.00100566339472, 0.821955924006, 0.110403815621, 0.887439355981, 0.000437223893061
0.00314972017485, 0.155068448084, 0.174706163567, 0.00146527976548, 0.564502843369, 0.389226653232, 0.00171278520152, 0.161296397256, 0.0423140974803, 0.07593595507, 0.999093764436, 0.174318299659, 0.147102065896, 0.421006683451, 0.0289395519363, 0.841420495222, 0.0634022967818, 1.21771068041, 0.0032761814132, 0.853616473221, 1.82371647238, 0.0054162092458, 0.662493398244, 0.607535628871, 0.0124631242079
0.000578143830829, 0.295128021383, 0.224939274437, 0.135662544552, 2.68318695076e-05, 0.514642676566, 0.835771396773, 0.161296397256, 0.335228006358, 0.988983525837, 0.608580563609, 0.0150754306154, 0.718344928247, 0.998254074623, 0.852975609814, 0.970250501955, 0.914826007984, 0.352871484296, 1.33740078704, 1.44830730426, 8.4408032961e-05, 0.43334846028, 0.755706844416, 1.09180677169, 0.0022173802993
0.000380448408578, 0.000172419312917, 0.000383970916136, 0.00122249863206, 0.399671662158, 0.11078286896, 4.30528911589e-05, 0.373436103052, 0.00131273440922, 0.515652873249, 0.396380564306, 0.35698133725, 0.874464073748, 0.995434068945, 0.48623255874, 0.416641204547, 0.24314229019, 1.39885118452, 9.46005614347e-05, 0.245911599542, 1.03079087242, 0.00336999403541, 0.00105847206319, 0.000475299127447, 0.00104876198213
0.137806856544, 0.284868042199, 0.470967168022, 0.607956732264, 0.241511182063, 0.999712927385, 0.236529176597, 0.120585925715, 0.335228006358, 0.791412278142, 0.386214542478, 0.515498533026, 0.591182231699, 0.190151963726, 0.0446237431477, 0.704321563443, 0.880344609209, 0.000259117068237, 0.000100961060929, 0.616702610048, 0.245864841153, 0.938227746352, 1.04903923699, 0.746843896407, 0.379582767783
0.0204586170978, 9.87212505499e-05, 0.0579955673532, 0.499050338529, 0.137715347, 0.570866530054, 0.998290025396, 0.0170249434579, 0.0451494483735, 0.240664896022, 0.936451746872, 0.88528408656, 0.529861010634, 0.0253623189036, 0.174670544825, 0.748029779984, 0.0616230055534, 0.00280706186908, 1.04506042763, 1.3080982699, 0.367946589149, 1.70914669364, 0.221137082609, 0.000376945270763, 0.0781436094926
0.0395880757455, 0.654528503275, 0.80202183918, 0.000467351859725, 6.2216390051e-07, 0.385523772229, 0.147286802528, 0.348860073781, 0.00280565972939, 0.993544927995, 0.458768182417, 0.00724212771995, 0.66394809408, 0.519929905286, 0.0750676333827, 0.205659906985, 0.91047598045, 0.280338324931, 0.0660409288337, 0.199407773573, 3.42351726318e-07, 0.000257164944134, 1.08989762663, 1.89834092012, 0.138030463459
0.00314972017485, 0.295128021383, 0.656221301316, 0.00204408344434, 0.00040791387038, 3.52993960273e-06, 0.995521922384, 5.36006785323e-06, 0.33334122436, 0.852762945836, 0.574487529165, 0.791284830742, 0.357402869484, 0.0518084381718, 0.963491210962, 0.341471642053, 0.0710603841082, 0.00691512997212, 0.983063769436, 5.45104273304e-06, 0.000629913396091, 0.00315654884709, 1.64002451514, 0.955906251203, 0.0105766760685
0.453276383765, 0.0816750693839, 0.211424143895, 0.000230974645516, 0.018842115755, 0.451483887066, 0.0820201953894, 0.309660332438, 0.0840704182858, 0.0852120067431, 0.539530967675, 0.273850699597, 0.791573111692, 0.0958884843139, 0.212403340943, 0.918098036216, 0.0668726235035, 1.13596898103, 0.147170053546, 0.982944234593, 0.0446867118147, 0.000547868672664, 0.520783749313, 0.206061646717, 1.38995600176
0.23926448499, 0.386646801717, 0.0667749553705, 0.320090527696, 0.686029520814, 0.639951616437, 0.000146451476238, 0.0440191065823, 0.996795829445, 0.090322142817, 0.978221160418, 0.624387870473, 0.701644311857, 0.0253623189036, 0.852975609814, 0.188575045314, 0.128626493004, 0.420870537908, 9.68193501747e-05, 0.663074472057, 1.46118805226, 0.912282128119, 0.199306785724, 1.32297743807, 0.914749533102
0.0204586170978, 0.378476683661, 0.0479094389898, 0.316618341617, 0.0315044916699, 0.00475418968416, 1.11713459687e-05, 0.155934790355, 0.237039603918, 0.939260490908, 0.989601223405, 0.881816546889, 0.554523351937, 0.0253623189036, 0.870489192798, 0.0238781068031, 0.389314687232, 1.71789507887, 3.01454668847e-05, 0.0128292447817, 0.0850855534137, 0.933741212121, 0.147565986756, 1.32699949628, 0.076163829402
0.952929281828, 0.00715470277132, 0.0396797954011, 0.000906779229856, 0.189867454095, 0.991622390631, 0.902036884119, 0.1779428421, 0.0731773513493, 6.35717156316e-06, 0.974527463576, 0.950516999008, 0.183299270066, 0.731794873821, 0.79680030104, 0.998897471998, 0.387788840432, 0.000350728808099, 0.0022612157762, 0.173875832693, 0.0534561941282, 0.000259123561047, 0.011353710497, 0.00204861103498, 2.46090046631
0.00052414686844, 0.467094941803, 0.224970414628, 0.000656008502768, 0.00374680105067, 0.369161168597, 0.971645210102, 0.304604357616, 0.503134037991, 0.474498208269, 0.854435708451, 0.628555837221, 0.270938650476, 0.350880415143, 0.535397179612, 0.306356911805, 0.470455972955, 0.0336172774888, 0.754273611996, 0.494534133389, 0.00531207023678, 0.000930069290288, 0.332931941578, 0.867385415763, 0.00106647315793
0.00168437027916, 2.73203939328e-05, 0.55511363067, 0.483093747373, 0.919796171207, 0.000767509929051, 0.507010142214, 0.493359890998, 0.00315375920107, 0.245295954169, 0.954479007807, 0.813319406611, 0.921210696639, 0.943674139999, 0.78823878087, 0.0320721097185, 0.131502451372, 0.0996118700183, 0.1018301395, 0.000171737630931, 1.12470977347, 1.07502565537, 1.85931603143, 0.000104221958141, 0.00642555809567
0.119597187636, 2.65227231406e-05, 0.224939274437, 0.576964807818, 0.188763126128, 1.87878820774e-05, 0.383356665244, 0.00410343511498, 0.413248505445, 0.369541367685, 0.0722666445205, 0.483339656609, 0.921210696639, 0.213218732635, 0.749738705057, 0.0320721097185, 0.329592088168, 0.906575363849, 0.623120906368, 3.24652566399e-05, 0.336088167877, 1.46840541036, 0.687941800566, 8.28283467282e-05, 0.377949214742
0.46653081267, 0.000172419312917, 0.0014700716531, 0.695113074318, 0.0208056139679, 0.919945787089, 5.40215060565e-05, 0.0236587005783, 0.0451494483735, 0.0823723202081, 0.974527463576, 0.88528408656, 0.529861010634, 0.143054545225, 1.04030165017e-05, 0.0730893349867, 0.91047598045, 0.116390520183, 9.87652517088e-06, 0.920695295594, 0.0303398747654, 1.78825107588, 0.004652877093, 0.00054571938882, 1.81348788284
0.389041019609, 2.73203939328e-05, 0.00211285789369, 0.616495451283, 0.268321198229, 0.000565840078524, 0.835771396773, 0.412332237374, 0.472835589879, 0.945924736969, 0.142062053983, 0.883532766348, 0.141351259005, 0.847394237763, 0.553749230427, 0.183541497772, 0.705313572042, 0.202775725387, 0.768530263264, 0.000706461738492, 0.356359894459, 1.26667365939, 0.00510203087644, 6.59721365063e-05, 1.07696443616
0.379091146844, 0.391274691418, 0.00134191128201, 0.016630032878, 0.312321964823, 0.000767509929051, 0.995521922384, 0.174121857596, 0.690549666837, 0.726063572607, 0.873050755989, 0.0888275978381, 0.77332178311, 0.901278807221, 2.09843965576e-05, 0.02332539502, 0.0582408599612, 0.0101098415796, 1.43722807984, 0.00173276843483, 0.767717278245, 0.0425749187853, 0.00343585289336, 1.15047540595, 1.3517281614
0.0312142242387, 0.143141408767, 0.000130412741966, 0.0151634775024, 0.00430816306927, 0.369161168597, 0.993583144818, 0.0156762622803, 0.179438436026, 0.769349666261, 0.897558301755, 0.251397397486, 0.993336387786, 0.161766325675, 0.0491438648764, 0.0108890021381, 0.0668726235035, 0.0214830156278, 2.13126975125, 1.39603699547, 0.01724239456, 0.0607001426965, 0.000522097962872, 0.582912721657, 0.128293467273
0.249503871721, 0.414026004201, 0.80202183918, 0.000981865546455, 0.564502843369, 0.00254546893018, 0.991134749013, 0.0272354872954, 0.838543986544, 0.619835596506, 0.99015987656, 0.302663413456, 0.992882860422, 0.99601050466, 0.914636647305, 0.998897471998, 0.018925605458, 0.00549195436382, 0.394355528049, 0.00157695766882, 0.483668981543, 0.000962536917863, 1.94170577963, 1.55159256586, 1.05914306315
0.389041019609, 0.53960646042, 0.100763600033, 0.0192024179064, 2.68318695076e-05, 0.000988139267498, 0.000485657354491, 0.582410106246, 0.58349964232, 0.465321097534, 0.976192872004, 0.861303361681, 0.529861010634, 0.998254074623, 0.852975609814, 0.380588803916, 0.992679897168, 1.07157380754, 0.000817470370944, 0.00166326174849, 4.51641196811e-05, 0.0323318287912, 0.171116513595, 1.22987600758, 1.14926514622
0.0580185112523, 0.0726667966631, 0.29401541277, 0.289491540291, 0.564502843369, 0.00792888940175, 0.138644651794, 0.163182434297, 0.267409409928, 0.56661631354, 0.989601223405, 0.360907471379, 0.988392617163, 0.998254074623, 4.55549472383e-05, 0.124351394074, 0.566067227835, 1.13566800804, 0.251314465668, 0.0144873071563, 1.426531546, 0.899917594945, 1.01981594715, 0.262379364113, 0.210527300437
0.318763846406, 0.00315737210835, 0.443284487988, 0.499852437566, 0.0651814097897, 0.984971391798, 0.00756649859446, 0.028689256077, 0.00307558377223, 0.0319667939973, 0.154849635616, 0.88528408656, 0.176995731976, 0.190151963726, 0.902775174858, 0.284927143136, 0.0311946352623, 0.0288831893533, 0.000343305238854, 1.22336625772, 0.125731022367, 1.22957929908, 1.45404620724, 0.0112435824617, 1.2405942025
0.243951279102, 0.143141408767, 0.000130412741966, 0.0151634775024, 8.88698948578e-05, 0.369161168597, 0.533356651787, 0.0156762622803, 0.179438436026, 0.769349666261, 0.897558301755, 0.340204152487, 0.993336387786, 0.141917312812, 0.0491438648764, 0.0108890021381, 0.0668092022739, 1.3129747577, 1.45831361428, 1.28528545718, 0.000327458411758, 0.0558833506976, 0.000480667462407, 0.536656333962, 0.970324017254
1.61611270116e-05, 0.444499757074, 0.55511363067, 0.483093747373, 0.919796171207, 5.88567404394e-05, 0.835771396773, 0.493359890998, 0.00315375920107, 0.500047941408, 0.954479007807, 0.395991296752, 0.921210696639, 0.943674139999, 0.78823878087, 0.0320721097185, 0.131502451372, 0.0260924062454, 0.0988915404086, 9.45560239264e-06, 0.807517410263, 0.771845282815, 1.33494889257, 1.46336943585, 5.77873845302e-05
0.182441525291, 0.0461724473648, 0.541535453761, 0.0192024179064, 2.68318695076e-05, 0.327000399655, 0.890929799315, 0.636486309751, 0.0840704182858, 0.546152683516, 0.811722961471, 0.502013922897, 0.77332178311, 0.669633971442, 0.484450367988, 0.646131316938, 0.278581214966, 0.137193830406, 0.792921090634, 0.45398246391, 3.89412363409e-05, 0.0278770270556, 1.05358121225, 0.101832503991, 0.414124000593
0.23926448499, 7.23432664174e-06, 0.0667749553705, 0.410527798454, 0.686029520814, 0.0251236283645, 0.000146451476238, 0.0566889378821, 0.996795829445, 0.090322142817, 0.978221160418, 0.0845324411971, 0.701644311857, 0.0253623189036, 0.110329122329, 0.188575045314, 0.0112642499856, 0.967432524762, 0.000222553445653, 0.0381986904282, 1.8013287525, 1.53810898402, 0.269390903968, 2.92391046831e-05, 1.01530035063
0.0204586170978, 0.311510946193, 0.0127629392897, 0.327331623967, 0.312321964823, 0.644577802609, 5.40215060565e-05, 0.155934790355, 0.490334065103, 0.849631273183, 0.780542048552, 0.98800611108, 0.880872050777, 0.0251920523976, 0.11886077612, 0.382887879461, 0.728090869362, 0.76759773011, 6.51358743876e-05, 1.22898595154, 0.773987883234, 0.927911342103, 0.0378298679861, 1.00490601571, 0.0687304588677
0.454100710915, 6.97093163936e-05, 0.200417527629, 0.200944269425, 0.000546449661931, 0.0100620447429, 0.636726750182, 0.00151628665021, 0.0840704182858, 0.484665411843, 0.97657144757, 0.712186121783, 0.612938921884, 0.476537281148, 0.636049032732, 0.99454820122, 0.748647567677, 0.750171256005, 1.1687544396, 0.0219522765262, 0.0011922344615, 0.45358127535, 0.475816533252, 0.000168264391679, 1.32965649619
0.0568970989836, 0.00715470277132, 0.0396797954011, 0.000981865546455, 2.42020755155e-05, 0.991622390631, 0.902036884119, 0.1779428421, 0.0451494483735, 0.222551447371, 0.974527463576, 0.950516999008, 0.783489175894, 0.807961014727, 0.79680030104, 0.679493366251, 0.683171698005, 0.00430003151313, 0.0277231264473, 2.13176546291, 8.10493462021e-05, 0.00328813219619, 0.133054556165, 0.024007749016, 0.191433352465
0.03879894973, 0.00715470277132, 0.522328746411, 0.774202606942, 0.00045516227736, 0.369161168597, 2.23739155263e-05, 0.51338914843, 0.996795829445, 0.0231746508376, 0.943816196247, 0.988968978717, 0.591182231699, 0.877848754544, 0.78823878087, 0.543625231962, 0.754420490161, 0.437196757587, 1.53652207349e-05, 0.286360674632, 0.000373664294582, 1.41120849495, 1.61432384736, 0.0248041987828, 0.134679311779
0.0219972167573, 2.73686121288e-06, 0.00732855289508, 0.483093747373, 0.0812135289478, 0.000565840078524, 9.19326160933e-05, 0.161296397256, 0.0298793958565, 0.183749810347, 0.0637300552345, 0.623291280114, 0.921210696639, 0.609710659277, 0.13558765435, 0.928556067649, 0.946754391263, 1.68794402226, 0.000243751635749, 0.00150027800114, 0.216506718263, 1.61370584171, 0.0269986316401, 1.00829100667e-05, 0.0810725323911
0.0459820142376, 0.000172419312917, 0.330414728077, 0.00412876374556, 0.312321964823, 0.00179295420048, 0.971470220188, 0.373436103052, 0.00131273440922, 0.272049411329, 0.620402668471, 0.792388953542, 0.0418131084817, 0.914598493061, 0.48623255874, 0.02332539502, 0.24314229019, 0.0715865337104, 1.59632812072, 0.00450037430488, 0.853541612074, 0.0117492846478, 1.03491230123, 0.000565075235585, 0.150960912203
1.88530857592e-05, 0.000412648927409, 0.557501890641, 0.000382967575658, 1.65001747952e-05, 0.000767509929051, 0.00025370320397, 0.493359890998, 0.0451494483735, 0.474498208269, 0.986799748451, 0.82858829994, 0.921210696639, 0.130315424959, 0.78823878087, 0.210908272696, 0.0896493172034, 1.41003267448, 0.00056192069691, 0.00169993885704, 3.65458400233e-05, 0.000848225768375, 1.69088490159, 0.0014270857263, 6.52006334891e-05
0.00314972017485, 0.155068448084, 0.174706163567, 0.551601011515, 0.000115668820158, 0.369161168597, 0.00171278520152, 0.161296397256, 0.0200967426458, 0.07593595507, 0.641588390994, 0.671782924362, 0.993336387786, 0.686541055054, 0.0230323473896, 0.0108890021381, 0.432510600574, 1.17590883923, 0.00316371593407, 0.770214465631, 0.00025540527917, 1.65427341448, 0.611163619088, 0.56046396032, 0.0114974852824
0.304443987336, 9.87212505499e-05, 0.0139787187865, 0.327331623967, 0.137715347, 0.570866530054, 5.40215060565e-05, 0.0170249434579, 0.0451494483735, 0.939260490908, 0.936451746872, 0.88528408656, 0.529861010634, 0.0253623189036, 0.0964549470177, 0.748029779984, 0.91047598045, 1.22076965698, 0.000103590586467, 1.52802735538, 0.429809033829, 1.13109058664, 0.0505072834796, 0.000356723888407, 1.19240736866
0.0842249817113, 7.23432664174e-06, 0.000383970916136, 0.000382967575658, 0.980259241928, 0.0251236283645, 0.00025370320397, 0.60496467965, 0.00676595628742, 6.35717156316e-06, 0.43130171707, 0.32373827359, 0.932626933101, 0.332936530973, 0.110329122329, 0.00170022358791, 0.800224092718, 0.068954764042, 2.74795824005e-05, 0.00272265171703, 2.22474201074, 0.00133896868484, 0.00134247690568, 2.52933663093e-05, 0.296205908228
0.0580185112523, 0.0133451700214, 0.224939274437, 0.289491540291, 0.894362892634, 0.00252673186356, 0.995725720155, 0.163182434297, 0.81789605152, 0.547938875431, 0.986799748451, 0.529404196769, 0.950030506603, 0.999707799232, 4.55549472383e-05, 0.454290548462, 0.959176694205, 0.0022053995439, 0.328471674712, 0.0013037341092, 1.96138550573, 0.972285990479, 0.816420967784, 0.0494664863802, 0.215670149728
0.254021867061, 0.0816750693839, 0.000130412741966, 0.000171868506262, 0.0315044916699, 0.00455770978351, 0.0820201953894, 0.285286977912, 0.735284818348, 0.0517335896852, 0.989601223405, 0.408501455733, 0.999931607746, 0.164954219864, 0.852975609814, 0.918098036216, 0.903274166018, 2.14949199063, 0.27847666322, 0.0155175886127, 0.107351590063, 0.000585881244273, 0.000444563016172, 0.279959224232, 0.92260032485
0.000380448408578, 0.000203352007534, 0.539302959644, 0.000382967575658, 0.312321964823, 0.639951616437, 0.00021960992835, 0.0462478081669, 0.0731773513493, 6.35717156316e-06, 0.746783564824, 0.823730548367, 0.486684560225, 0.038370757369, 0.741739170486, 0.676489682372, 0.800224092718, 0.687542825859, 0.000237176480008, 1.08321222388, 0.685311324798, 0.000875005074472, 1.64622625043, 0.000701700826152, 0.00131280237734
0.139524505561, 0.143141408767, 0.000130412741966, 0.0151634775024, 0.0571863042306, 0.0042664006838, 0.533356651787, 0.0156762622803, 0.179438436026, 0.769349666261, 0.897558301755, 0.251397397486, 0.147102065896, 0.161766325675, 0.0230323473896, 0.00686833027998, 0.516390943526, 1.48307870413, 1.6472471025, 0.0148545325757, 0.1996470761, 0.053019556676, 0.000456035213481, 0.5091548835, 0.508666524108
0.443296273035, 0.467094941803, 0.224970414628, 0.468198220514, 0.00529110331313, 0.369161168597, 0.971645210102, 0.304604357616, 0.198776429545, 0.245295954169, 0.808734576375, 0.628555837221, 0.0134199678893, 0.350880415143, 0.010339455132, 0.306356911805, 0.470455972955, 0.0272075438614, 0.610457892931, 0.400242379224, 0.00607129312682, 0.660934044611, 0.363378376537, 0.946707314167, 1.18196030594
0.0219972167573, 3.305480345e-06, 0.00732855289508, 0.483093747373, 0.0812135289478, 0.000565840078524, 0.835771396773, 0.161296397256, 0.0298793958565, 0.183749810347, 0.125153956781, 0.623291280114, 0.613100073911, 0.924655788086, 0.118462982454, 0.2440560675, 0.862900592473, 0.390361378366, 1.47948938322, 0.00136000193058, 0.196263328928, 1.4628242622, 0.0244742581879, 1.1039146112e-05, 0.0734922464274
0.222561303735, 0.17583042152, 0.000101663959973, 0.327331623967, 0.312321964823, 0.148410432725, 0.140140747519, 0.155934790355, 0.90930480181, 0.388025310438, 0.29680503376, 0.515498533026, 0.306396785704, 0.877647270907, 0.0603747280921, 0.950851447657, 0.81249784362, 1.32765389197, 0.297074011206, 0.323032784135, 0.746909026805, 0.895447296404, 0.000290754540122, 0.516056764672, 0.689928969982
0.00822651638694, 0.274727544795, 0.00732855289508, 0.483093747373, 0.00045516227736, 0.537122942478, 0.496292329478, 0.161296397256, 0.996795829445, 0.370993888095, 0.125153956781, 0.442111223339, 0.554523351937, 0.913567954337, 0.78823878087, 0.0320721097185, 0.752665980525, 0.642370740826, 0.634931653655, 1.01519850321, 0.000971515777876, 1.28850590312, 0.0215577680549, 0.862368965839, 0.0266437494848
0.0114283072139, 0.53960646042, 9.30051337954e-05, 0.0192024179064, 0.11909541297, 0.205917965741, 0.000485657354491, 0.732972082483, 0.58349964232, 0.731121047183, 0.539530967675, 0.861303361681, 0.529861010634, 0.99601050466, 0.852975609814, 0.108942152464, 0.883867387209, 1.18208165058, 0.000901773371636, 0.396267509026, 0.235991758776, 0.0382847291782, 0.000185456664041, 1.43811542421, 0.0344392307512
8.7066684049e-05, 0.414026004201, 0.037914899922, 0.000981865546455, 0.361773174636, 0.00792888940175, 0.991134749013, 0.161296397256, 0.913517541297, 0.852762945836, 0.989478050925, 0.230260814182, 0.710034091587, 0.998254074623, 0.852975609814, 0.998897471998, 0.299859901341, 0.0226412684604, 1.62577996609, 0.0202515641343, 1.03829580159, 0.00297555976344, 0.115037821015, 1.47032706592, 0.000332121120116
0.453276383765, 0.0816750693839, 0.197449980703, 0.000230974645516, 0.102521979859, 0.909522319979, 0.988574836171, 0.182337405873, 0.0840704182858, 0.0517335896852, 0.539530967675, 0.0211421305706, 0.999931607746, 0.0958884843139, 0.212403340943, 0.918098036216, 0.903274166018, 0.00455503587675, 0.253783194171, 1.7739180492, 0.291104284449, 0.000658680414934, 0.581854674862, 0.245937197506, 1.65893017539
0.379091146844, 3.65176260819e-06, 0.55511363067, 0.0192024179064, 2.68318695076e-05, 0.000191379028228, 0.35262431727, 0.649552865015, 0.00315375920107, 0.713835692424, 0.99582361154, 0.84206785269, 0.836238065525, 0.943674139999, 0.820607792105, 0.998897471998, 0.0117055018878, 1.16711580668, 0.721844159316, 0.000412538578325, 5.78390515212e-05, 0.0414054856916, 1.63388782547, 1.22417591672e-05, 1.44590549919
0.20293699377, 0.00025879085582, 0.859684575312, 0.000382967575658, 0.980259241928, 0.639951616437, 0.169800053202, 0.0462478081669, 0.585305704168, 6.35717156316e-06, 0.43130171707, 0.624387870473, 0.486684560225, 0.0856257201013, 0.852975609814, 0.00225488321185, 0.800224092718, 0.00704654917977, 0.00192533913842, 0.0115086632166, 0.439452302871, 0.000264485890582, 1.96237488349, 0.000817497025785, 0.663694155092
0.342358513587, 0.000252033373993, 0.000383970916136, 0.00122249863206, 0.312321964823, 0.00179295420048, 0.542299879879, 0.418883093139, 0.0451494483735, 0.627990087377, 0.873050755989, 0.203309145861, 0.0912920946477, 0.992034375152, 0.0963216933527, 0.0730893349867, 0.0582408599612, 1.20066900894, 1.37185077885, 0.00513444292805, 0.973799154699, 0.00396898003233, 0.00124660591071, 0.000818255539613, 1.23269557143
0.23926448499, 0.386646801717, 0.0667749553705, 0.000230974645516, 0.983930168136, 0.639951616437, 0.000146451476238, 0.0440191065823, 0.996795829445, 0.090322142817, 0.978221160418, 0.624387870473, 0.701644311857, 0.0253623189036, 0.852975609814, 0.188575045314, 0.297004181655, 0.0246129883284, 5.66210585244e-06, 0.0387773502101, 1.8191330283, 0.000660217514109, 0.191572485762, 1.27163797006, 0.879251758885
0.0204586170978, 0.749830186691, 0.0479094389898, 0.316618341617, 0.0315044916699, 0.00475418968416, 1.11713459687e-05, 0.155934790355, 0.948512764278, 0.939260490908, 0.989601223405, 0.881816546889, 0.554523351937, 0.0253623189036, 0.870489192798, 0.0102959094561, 0.389314687232, 0.842697635549, 1.47875816042e-05, 0.00629326806763, 0.0417379358978, 0.45803816621, 0.0723871379901, 2.3226221884, 0.0808270855469
0.135712669838, 0.189746502906, 0.0122834536694, 0.00406339956844, 0.000286036610547, 0.369161168597, 1.96605022151e-06, 0.161296397256, 0.0200967426458, 0.0380486243938, 0.641588390994, 0.174318299659, 0.994328815616, 0.421006683451, 0.0491438648764, 0.861202236785, 0.0668092022739, 1.9194999699, 5.92792355002e-06, 1.25725842304, 0.00103097490572, 0.0146460972626, 0.0442802152969, 0.705056069996, 0.519719455018
0.000330268105969, 0.000338652891427, 0.0913719507556, 0.000981865546455, 2.68318695076e-05, 0.186512835914, 0.991134749013, 0.32531679955, 0.249607996022, 0.56661631354, 0.43130171707, 0.328644917617, 0.413666931198, 0.190151963726, 0.822751689451, 0.718502398292, 0.89989886028, 0.0204123116339, 1.46572738953, 0.442185632999, 6.4532360354e-05, 0.00236145124007, 0.221277161855, 0.000822944641169, 0.000802569273844
