8.0643111266e-05, 0.970558149387, 0.00287782306018, 0.204652425346, 0.692459684615, 0.99883823115, 0.78279280062, 0.524778544608, 0.552139510903, 6.86905696631e-05, 0.432021259682, 0.826934934724, 0.14698448786, 0.976257963268, 0.237564911079, 0.883009751379, 0.96064775816, 0.0169131771489, 0.0476327697908, 27.6980983606, 52.8050388958, 19.8574039846, 0.284104848462, 1358.00509658, 0.172207932994
0.0507148152444, 0.00354143204627, 1.34602301468e-05, 0.329807952466, 0.00476358967194, 0.00340918798315, 0.0412677741292, 0.524778544608, 0.378313822536, 0.957552954653, 0.845007068464, 0.889186364224, 0.0666588857735, 0.314449101254, 0.336940598873, 0.0365652643424, 0.443679667865, 1207.01344629, 78.3523338528, 6.47739214628, 9.05094170265, 689.463017222, 0.029437822152, 7.74527040049, 111.151369818
0.999914887754, 0.00186102286111, 0.999867961027, 0.204652425346, 0.116053330002, 0.00811085199693, 0.0412677741292, 0.804877270874, 0.80871925626, 0.789515060064, 0.281073027394, 0.415694030301, 0.233551290774, 0.37188453287, 0.999120719945, 0.63963034801, 0.443679667865, 2.22000844588e-05, 1.44110111981e-06, 2.83450732857e-07, 4.10136977801e-06, 7.53404176236e-06, 0.114967543697, 0.000336084191008, 859.93413104
0.999918002484, 0.98319632273, 0.999233358319, 0.0394960799023, 0.979861286537, 0.00779748484297, 0.274764030713, 0.804877270874, 0.900894182507, 0.789515060064, 0.775538717339, 0.287232278487, 0.0943946094839, 0.0583911124616, 0.961394679256, 0.197840672907, 0.375955083883, 8.57427335095e-08, 3.94894123765e-08, 1.15628518726e-09, 2.98335479719e-06, 1.85418819057e-07, 0.00248339648349, 0.0940635343881, 730.553497144
0.999884421819, 0.971469508276, 0.999693990701, 0.468088117377, 0.116053330002, 0.00779748484297, 0.285334921712, 0.990363391415, 0.510781734704, 0.789515060064, 0.108110878929, 0.287232278487, 0.347255972533, 0.141585806854, 0.999120719945, 0.197840672907, 0.603119346876, 1.53008748032e-06, 7.35728376861e-07, 2.07959170388e-08, 3.12997209771e-07, 1.56155799833e-06, 0.00484304100965, 0.107993638976, 595.440967456
0.0239375951088, 0.00354143204627, 0.825763767993, 0.204652425346, 0.00476358967194, 0.464956455383, 0.11383834661, 0.524778544608, 0.453232653489, 0.939862156602, 0.0397228395292, 0.889186364224, 0.431387695074, 0.868589958939, 0.336940598873, 0.332054834156, 0.313617641473, 259.741535355, 46.9476256187, 236.381044857, 2.65132717561, 117.999905541, 1330.31715712, 7.68654745831, 51.9804337247
0.999884421819, 0.936636346392, 0.999233358319, 0.656870325539, 0.921094582739, 0.998972594262, 0.644780925996, 0.804877270874, 0.900894182507, 0.824827829788, 0.775538717339, 0.287232278487, 0.268000127325, 0.0583911124616, 0.999120719945, 0.197840672907, 0.394990765079, 7.94955790139e-10, 1.27369271867e-09, 9.3033335297e-07, 7.46759139077e-06, 1.25830270886e-05, 0.012175010854, 0.121919211999, 674.887120926
3.77901868255e-05, 0.043921023823, 2.23948825583e-05, 0.976393371026, 0.00476358967194, 0.00602788382347, 0.0161100697882, 0.396480044671, 0.510781734704, 0.939862156602, 0.0786956616659, 0.0814701289599, 0.0479518196375, 0.150919220545, 0.336940598873, 0.699920504442, 0.963555690737, 44.1004714542, 1.11622886464, 0.417714962969, 0.330114118407, 1189.21659316, 0.0418628003192, 82.2321705238, 0.0708097262168
0.999914887754, 0.00354143204627, 1.34602301468e-05, 0.329807952466, 0.00476358967194, 0.00340918798315, 0.0215650029753, 0.524778544608, 0.378313822536, 0.957552954653, 0.845007068464, 0.889186364224, 0.0666588857735, 0.314449101254, 0.636104069713, 0.0365652643424, 0.443679667865, 0.16158087379, 0.00547552175237, 0.000865793151176, 0.00120978368468, 0.0921562790733, 3.93477254876e-06, 0.00103526263584, 1392.00905017
0.0267191059063, 0.092286014585, 0.0520600293849, 0.379907474306, 0.16061197002, 0.00811085199693, 0.906452429033, 0.681246902057, 0.761527483101, 0.352212428867, 0.759484161803, 0.878960565469, 0.659911117096, 0.437870903495, 0.107639593274, 0.00127917191782, 0.313617641473, 135.712035809, 916.904871471, 11.8097274911, 238.955275347, 650.358620339, 94.8503486485, 169.516382171, 49.2804806126
0.999884421819, 0.936636346392, 0.999233358319, 0.656870325539, 0.946841748227, 0.998972594262, 0.312350845298, 0.804877270874, 0.900894182507, 0.824827829788, 0.627203286462, 0.210000361135, 0.268000127325, 0.0583911124616, 0.999120719945, 0.555470330959, 0.394990765079, 1.14244802901e-09, 6.10307098031e-10, 8.02583127493e-07, 9.58934675665e-06, 1.60903306643e-05, 0.0155685868832, 0.155902106987, 863.000362337
0.999884421819, 0.965225621149, 2.23948825583e-05, 0.468088117377, 0.970903675271, 0.292108919934, 0.730648790655, 0.804877270874, 0.80871925626, 0.789515060064, 0.627203286462, 0.244137858451, 0.723765941898, 0.501128908169, 0.999120719945, 0.197840672907, 0.581279336588, 7.15283617681e-05, 0.000158849194838, 8.60617230162e-05, 0.00424846840806, 0.00384656619728, 2.01723473887e-07, 0.104876038645, 578.533841292
0.00160424425287, 0.092286014585, 6.22796710603e-05, 0.00182828607375, 0.767554343539, 0.00811085199693, 0.611389333843, 0.981621286032, 0.652580804272, 0.033182853965, 0.325843231677, 0.290184221075, 0.634776152607, 0.869345472467, 0.0648990669434, 0.961987466326, 0.987592954926, 267.309952911, 382.113493598, 5.94161996028, 1220.01634963, 3.75100087769, 0.127776186687, 190.676256802, 3.32624518284
8.0643111266e-05, 0.000354779817497, 0.00287782306018, 0.204652425346, 0.125119855005, 0.99883823115, 0.651003272691, 0.524778544608, 0.181928364834, 6.86905696631e-05, 0.432021259682, 0.874566939949, 0.14698448786, 0.976257963268, 0.0395690591135, 0.883009751379, 0.964306770654, 1.08734879278, 1.78068493999, 1143.3061511, 227.641884847, 388.216599688, 5.55431204957, 0.684741448435, 0.15564494158
1.92595669413e-06, 0.000354779817497, 0.0998828311577, 0.204652425346, 0.778901775157, 0.19707178601, 0.291688099672, 0.635247608097, 0.45810380603, 0.986708811049, 0.191636115066, 0.449273422859, 0.221650003475, 0.796017914481, 0.063305804027, 0.98991064997, 0.988561464834, 274.359626807, 135.310678401, 97.8435308795, 887.301550223, 314.250235288, 157.340221578, 0.561165690562, 0.00304634260715
0.999918002484, 0.388161882521, 0.999725604492, 0.31510528329, 0.985353155966, 0.00372600233813, 0.285334921712, 0.622279208766, 0.80871925626, 0.811904534063, 0.508582847819, 0.406063951658, 0.634776152607, 0.0583911124616, 0.7601091073, 0.779091756912, 0.34871660167, 8.34730310017e-07, 4.01372329364e-07, 5.42100518418e-09, 4.02511904906e-05, 2.17327110518e-05, 0.106150399567, 0.0741468058191, 1005.28622219
0.0507148152444, 0.00354143204627, 0.259181029462, 0.204652425346, 0.00476358967194, 0.119311362523, 0.605004007023, 0.804877270874, 0.378313822536, 0.939862156602, 0.627203286462, 0.889186364224, 0.647955096587, 0.314449101254, 0.336940598873, 0.197840672907, 0.443679667865, 528.293108982, 739.283986119, 172.314719996, 6.92035483954, 307.997151347, 420.346023402, 5.90542688299, 84.7480143966
0.0267191059063, 0.092286014585, 0.0520600293849, 0.276797678723, 0.217933519776, 0.00811085199693, 0.906452429033, 0.681246902057, 0.761527483101, 0.102403435837, 0.759484161803, 0.878960565469, 0.659911117096, 0.438299451394, 0.107639593274, 0.00127917191782, 0.313617641473, 122.266746796, 826.065095019, 10.639711889, 297.607454533, 411.75642534, 80.1166417612, 143.184326221, 41.6254306633
0.0224130557355, 0.339031119098, 0.242053310275, 0.31510528329, 0.689020678489, 0.583149067112, 5.48938090364e-05, 0.309091698238, 0.732458358126, 0.0028601097919, 0.759484161803, 0.469910659984, 0.220943873395, 0.224109296671, 0.435305165526, 0.0317722905216, 0.00143376473631, 211.57044619, 0.0182430835545, 275.558792698, 653.712306525, 399.598790855, 336.219985436, 533.921951983, 37.0377553156
0.00160424425287, 0.092286014585, 0.138450644187, 0.00182828607375, 0.514868936348, 0.00811085199693, 0.323975533152, 0.880396942426, 0.496165051119, 0.033182853965, 0.222744827127, 0.290184221075, 0.0664277585886, 0.892168870402, 0.0648990669434, 0.974640651522, 0.674298076099, 570.980210993, 318.558355119, 8.33061010116, 685.166957909, 2.71998509412, 209.286595097, 141.601642067, 2.47016481081
0.000472451249177, 0.388161882521, 0.138450644187, 0.52372921831, 0.586727816988, 0.730716929762, 0.447390316813, 0.24153735344, 0.732458358126, 0.368187970407, 0.647292743437, 0.400879634088, 0.917853048973, 0.012065026241, 0.237564911079, 0.875031866368, 0.934633720487, 132.223816218, 111.995669921, 384.929207321, 556.251242005, 752.389719836, 226.828334356, 734.314447482, 0.95164920478
0.0507148152444, 0.00354143204627, 1.34602301468e-05, 0.329807952466, 0.00476358967194, 0.119311362523, 0.0412677741292, 0.524778544608, 0.378313822536, 0.939862156602, 0.0786956616659, 0.889186364224, 0.0666588857735, 0.314449101254, 0.336940598873, 0.0365652643424, 0.443679667865, 1081.9454498, 70.2336426773, 205.611287606, 8.25758280711, 629.028243049, 0.0268574544028, 7.06635992107, 101.408413683
0.0324396457959, 0.388161882521, 0.536583255356, 0.31510528329, 0.594614388334, 0.00372600233813, 0.858586421765, 0.8569704591, 0.45810380603, 0.635845625484, 0.209146365334, 0.657004928226, 0.774011499912, 0.0583911124616, 0.821591414225, 0.628600687512, 0.987592954926, 85.371229036, 377.984572477, 2.26801505525, 523.985198763, 351.782926334, 831.003707546, 777.524788386, 69.2475153066
7.43152896931e-06, 0.785860336801, 2.00615805934e-06, 0.0571836130441, 0.00336160808521, 0.674304173136, 0.285334921712, 0.804877270874, 0.378313822536, 0.74170571647, 0.0786956616659, 0.826934934724, 0.0121170332023, 0.13739974874, 0.690104706323, 0.365683762946, 0.57634725792, 146.81225408, 70.5933110279, 290.139186508, 1.75703378037, 29.969317602, 0.00105282107625, 955.490810133, 0.0118160249572
0.00470145702712, 0.0434789993117, 0.014145603701, 0.870969869774, 0.907570706866, 0.260613681316, 0.579409499531, 0.560449399212, 0.80871925626, 0.635845625484, 0.127501932364, 0.0147908534574, 0.00429570636824, 0.144361805131, 0.298624154393, 0.325515642847, 0.968874750213, 17.4584596821, 22.4642541813, 12.3442785241, 212.105107543, 1043.10766316, 23.6659513707, 72.8607672256, 7.88482831995
0.0507148152444, 0.00654342287417, 0.259181029462, 0.204652425346, 0.00476358967194, 0.722067283608, 0.0728784606162, 0.524778544608, 0.378313822536, 0.939862156602, 0.0786956616659, 0.889186364224, 0.431387695074, 0.305872755196, 0.336940598873, 0.0365652643424, 0.443679667865, 442.717917201, 50.9036749298, 955.059898827, 7.88617716405, 350.982017233, 479.01058365, 12.4344434594, 96.5792700921
0.203256725018, 0.00869853531188, 0.37453001591, 0.0776055700637, 0.0574533334903, 0.26375650053, 0.611389333843, 0.880396942426, 0.742256338987, 0.352212428867, 0.616174232439, 0.400879634088, 0.77072295436, 0.012065026241, 0.0648990669434, 0.325515642847, 0.987592954926, 430.03755695, 614.728899823, 329.916704044, 74.1641535498, 100.813831722, 553.072175594, 13.618086842, 329.493310097
0.999409190116, 0.307327333225, 5.21925270225e-06, 0.842049904823, 0.858975087755, 0.999598230612, 0.308775468988, 0.13015032561, 0.453232653489, 0.789515060064, 0.979067936861, 0.897852355163, 0.346075930642, 0.869345472467, 0.00624148739679, 0.0337761909919, 0.954651331878, 3.1165933137e-05, 1.64248371284e-05, 0.0558219465098, 0.247858037553, 1.00291875103, 8.48204131457e-06, 0.542243309966, 1258.65540574
0.0165656068988, 0.043921023823, 0.457440968559, 0.204652425346, 0.000384488716701, 0.119311362523, 0.323975533152, 0.524778544608, 0.378313822536, 0.939862156602, 0.0786956616659, 0.900704854051, 0.18149806597, 0.012065026241, 0.336940598873, 0.0365652643424, 0.970643230493, 684.862500223, 382.094978694, 148.722873983, 0.482086484278, 265.821443163, 735.730811108, 77.2294558032, 29.1581848025
8.0643111266e-05, 0.000354779817497, 0.00287782306018, 0.204652425346, 0.178188232404, 0.99883823115, 0.651003272691, 0.524778544608, 0.181928364834, 6.86905696631e-05, 0.432021259682, 0.874566939949, 0.14698448786, 0.98601309877, 0.0395690591135, 0.883009751379, 0.964306770654, 1.01787493286, 1.66691182791, 1070.25701368, 307.638685818, 370.84810394, 5.30581663414, 0.654106671496, 0.148681513153
0.0291738471481, 0.187846605221, 0.364299140083, 0.313223911752, 0.00773374494723, 0.0110182416363, 0.427332071177, 0.0834136068856, 0.262568478989, 0.537524544749, 0.860114129817, 0.399073403084, 0.0666588857735, 0.836254716575, 0.747413419716, 0.0365652643424, 0.933814394341, 842.060598552, 668.843229129, 18.6137051213, 13.0663241866, 576.498429279, 786.075882474, 441.207270514, 69.5756994588
0.0324396457959, 0.738853180257, 0.138450644187, 0.584780714101, 0.796600552372, 0.00308182493336, 0.248969531004, 0.389420903241, 0.732458358126, 0.368187970407, 0.462670373983, 0.400879634088, 0.64483361339, 0.012065026241, 0.063305804027, 0.883009751379, 0.934633720487, 79.8480592564, 32.9228285707, 0.418109213641, 261.068208282, 360.058643076, 100.11266877, 1066.92655958, 59.3361585631
8.0643111266e-05, 0.287929798198, 0.00287782306018, 0.204652425346, 0.692459684615, 0.99883823115, 0.651003272691, 0.524778544608, 0.552139510903, 6.86905696631e-05, 0.432021259682, 0.826934934724, 0.14698448786, 0.976257963268, 0.063305804027, 0.883009751379, 0.96064775816, 0.515614102816, 0.844389835008, 542.148737606, 1033.57944664, 388.678903591, 5.56092634721, 597.700864388, 0.173249950802
0.0161774665532, 0.0988370488594, 0.00436238068475, 0.372428687955, 0.0134224645578, 0.751434587306, 0.151681199423, 0.128127549464, 0.979697380147, 0.699968867973, 0.887313083519, 0.390129221389, 0.14698448786, 0.62837039221, 0.357772254866, 0.696577452241, 0.933814394341, 304.00279235, 73.8342436419, 760.104003125, 17.3328545915, 544.551573324, 6.75751521957, 154.346124761, 25.370325332
0.233728762774, 0.0595523952425, 0.00251626369568, 0.31510528329, 0.00643621530308, 0.859005528296, 0.540417665295, 0.884470841129, 0.760649439862, 0.398974772193, 0.462670373983, 0.677370937237, 0.117756052072, 0.012065026241, 0.237564911079, 0.98233171656, 0.934633720487, 125.690112986, 142.756143068, 844.720505447, 8.75422486055, 467.406640743, 3.88935689995, 92.3190620147, 380.092244231
0.21154712312, 0.00354143204627, 0.259181029462, 0.204652425346, 0.00476358967194, 0.119311362523, 0.417554205841, 0.524778544608, 0.378313822536, 0.939862156602, 0.0786956616659, 0.908627944507, 0.917853048973, 0.314449101254, 0.336940598873, 0.0365652643424, 0.443679667865, 752.300101882, 578.92830296, 180.018945299, 7.22976527682, 321.767765064, 439.139777469, 6.16945969006, 382.725888613
0.00160424425287, 0.092286014585, 0.138450644187, 0.00182828607375, 0.514868936348, 0.00811085199693, 0.611389333843, 0.880396942426, 0.652580804272, 0.033182853965, 0.222744827127, 0.290184221075, 0.0664277585886, 0.869345472467, 0.0648990669434, 0.974640651522, 0.987592954926, 475.924432355, 680.323143809, 10.578588923, 870.056274788, 3.45396121508, 265.761670482, 179.812227923, 3.13672801731
0.226842036415, 0.00134072349404, 0.000440559904977, 0.668194510709, 0.83071278883, 0.141238069151, 0.00757246938616, 0.226119900287, 0.652580804272, 0.352212428867, 0.293995448412, 0.0656606742097, 0.0121170332023, 0.988469554871, 0.872013111819, 0.222388010532, 0.55203969451, 146.7672076, 1.74584996131, 33.1085178479, 552.438305333, 997.226890029, 0.795771117144, 2.42171537418, 428.008774952
8.0643111266e-05, 0.445791088097, 0.425885871701, 0.31510528329, 0.0760315505601, 0.270965442029, 0.276292661079, 0.524778544608, 0.835964994167, 0.368187970407, 0.0786956616659, 0.708845240493, 0.117756052072, 0.012065026241, 0.237564911079, 0.743818317237, 0.7971415356, 450.668075422, 208.87143449, 225.184347289, 65.4459785547, 296.498421295, 493.493237708, 670.560032448, 0.131815004254
0.0324396457959, 0.388161882521, 0.536583255356, 0.31510528329, 0.985103186655, 0.00372600233813, 0.858586421765, 0.8569704591, 0.45810380603, 0.635845625484, 0.845007068464, 0.657004928226, 0.634776152607, 0.0583911124616, 0.821591414225, 0.628600687512, 0.987592954926, 3.92329311541, 17.3705390877, 0.104228180295, 760.907921026, 410.83859816, 970.508722047, 908.052012144, 80.8724641958
0.0324396457959, 0.101948849823, 0.425885871701, 0.31510528329, 0.0760315505601, 0.00243783327549, 0.276292661079, 0.884470841129, 0.732458358126, 0.368187970407, 0.759484161803, 0.639085575295, 0.157871336479, 0.224109296671, 0.237564911079, 0.743818317237, 0.934633720487, 966.401531017, 447.898764269, 4.07884222136, 127.820223812, 579.080570063, 963.824172035, 251.022616702, 80.2861406903
0.0263928914448, 0.150308850347, 2.00615805934e-06, 0.31510528329, 0.00643621530308, 0.330796463198, 0.197211783781, 0.524778544608, 0.732458358126, 0.154540253668, 0.462670373983, 0.826934934724, 0.117756052072, 0.012065026241, 0.237564911079, 0.98233171656, 0.934633720487, 922.440532988, 295.258867925, 554.053919783, 11.2812870079, 602.331850919, 0.0039960000165, 305.085452627, 54.1022519337
0.0107405632369, 0.00186102286111, 0.605901880747, 0.13755836532, 0.0574533334903, 0.141238069151, 0.69150025904, 0.524778544608, 0.983174212319, 0.419199101809, 0.209146365334, 0.352220783554, 0.14698448786, 0.909704441473, 0.0693908192729, 0.779091756912, 0.691169483996, 247.283293671, 469.710230794, 119.738150293, 49.2431519591, 119.933588902, 785.146163423, 2.81818096375, 16.2661979193
0.0403605309626, 0.775071010669, 3.2462770102e-06, 0.760240535896, 0.0030943405522, 0.378996559112, 0.257689411264, 0.115514440932, 0.825181601951, 0.0719017795353, 0.0192801211905, 0.434706366886, 0.0666588857735, 0.0797661857036, 0.624875149109, 0.556780228923, 0.0787611943289, 115.803267077, 49.6143178345, 85.3286828464, 0.739596213665, 384.743936864, 0.00210976336534, 1121.87871832, 75.9094378091
0.0403605309626, 0.775071010669, 3.2462770102e-06, 0.760240535896, 0.0030943405522, 0.730716929762, 0.257689411264, 0.24153735344, 0.825181601951, 0.0719017795353, 0.0192801211905, 0.434706366886, 0.0666588857735, 0.0797661857036, 0.624875149109, 0.556780228923, 0.0787611943289, 63.8445522193, 27.353320729, 154.294150452, 0.822450530149, 427.845422947, 0.00234611260341, 1247.55877545, 84.4133004143
0.274845146722, 0.043921023823, 2.23948825583e-05, 0.976393371026, 0.00476358967194, 0.00602788382347, 0.0161100697882, 0.524778544608, 0.510781734704, 0.939862156602, 0.0786956616659, 0.287232278487, 0.0479518196375, 0.150919220545, 0.336940598873, 0.699920504442, 0.963555690737, 41.8069304373, 1.0581769527, 0.395990787029, 0.312945815079, 1127.36879552, 0.0396856342607, 77.9555074909, 520.988353943
8.0643111266e-05, 0.043921023823, 5.82198916277e-06, 0.140527392446, 0.00336160808521, 0.119311362523, 0.946000659618, 0.731611495142, 0.378313822536, 6.86905696631e-05, 0.0786956616659, 0.826934934724, 0.0121170332023, 0.105475899902, 0.128281797242, 0.365683762946, 0.375955083883, 75.3351475382, 886.02506959, 168.631496497, 4.77917952276, 203.097422112, 0.00848296110011, 64.0970953792, 0.117781681096
0.233728762774, 0.101948849823, 0.425885871701, 0.31510528329, 0.0760315505601, 0.270965442029, 0.276292661079, 0.884470841129, 0.835964994167, 0.368187970407, 0.0786956616659, 0.708845240493, 0.117756052072, 0.012065026241, 0.237564911079, 0.743818317237, 0.7971415356, 522.192989995, 242.02113451, 260.923047413, 75.8328204026, 343.555280679, 571.814875283, 148.925987154, 359.177633089
0.0263928914448, 0.150308850347, 0.425885871701, 0.31510528329, 0.00643621530308, 0.330796463198, 0.540417665295, 0.524778544608, 0.732458358126, 0.154540253668, 0.462670373983, 0.639085575295, 0.117756052072, 0.012065026241, 0.237564911079, 0.98233171656, 0.934633720487, 523.811484854, 594.933885378, 453.445926861, 9.23277222818, 492.957300121, 820.480234014, 318.293017194, 56.4444120709
8.0643111266e-05, 0.220597964485, 0.00251626369568, 0.31510528329, 0.00643621530308, 0.330796463198, 0.540417665295, 0.524778544608, 0.760649439862, 0.398974772193, 0.462670373983, 0.639085575295, 0.117756052072, 0.012065026241, 0.237564911079, 0.98233171656, 0.934633720487, 564.867512931, 641.564444288, 488.986744967, 9.9564313437, 531.594995819, 4.42347729951, 404.107205867, 0.15072612895
0.203256725018, 0.043921023823, 0.457440968559, 0.204652425346, 0.000384488716701, 0.119311362523, 0.323975533152, 0.524778544608, 0.378313822536, 0.939862156602, 0.0786956616659, 0.900704854051, 0.18149806597, 0.012065026241, 0.336940598873, 0.0365652643424, 0.970643230493, 650.471984649, 362.907998371, 141.254723351, 0.457878409314, 252.473163066, 698.785932524, 73.3513623148, 351.757548206
0.0316035538719, 0.266256110655, 0.0325496929578, 0.0108467034143, 0.111126717993, 0.583149067112, 0.120880611651, 0.269852798572, 0.688066723866, 0.102403435837, 0.367727986749, 0.917228389958, 0.14698448786, 0.985013151974, 0.0648990669434, 0.779091756912, 0.313617641473, 523.639334251, 100.640432042, 694.49328828, 154.411239395, 15.1498373846, 45.5047554867, 395.738394233, 48.4102426306
0.226842036415, 0.0508899290711, 0.000440559904977, 0.501419795693, 0.83071278883, 0.141238069151, 0.00757246938616, 0.226119900287, 0.652580804272, 0.352212428867, 0.293995448412, 0.0656606742097, 0.427983008899, 0.988469554871, 0.872013111819, 0.430628151344, 0.55203969451, 226.133209158, 2.68993776549, 51.0123174914, 851.175469573, 886.125885687, 0.865304428752, 100.166447514, 466.897473191
8.0643111266e-05, 0.00186102286111, 0.00234727439422, 0.434466730055, 0.980631605973, 0.998972957238, 0.651003272691, 0.524778544608, 0.181928364834, 6.86905696631e-05, 0.432021259682, 0.826934934724, 0.14698448786, 0.976257963268, 0.063305804027, 0.883009751379, 0.964306770654, 0.0242211403669, 0.0396654874381, 28.8084277328, 946.6133143, 769.702991148, 4.49970458171, 3.56758287105, 0.154593153977
0.0507148152444, 0.00354143204627, 0.259181029462, 0.745058120174, 0.00476358967194, 0.119311362523, 0.605004007023, 0.804877270874, 0.378313822536, 0.939862156602, 0.0397228395292, 0.889186364224, 0.431387695074, 0.314449101254, 0.493440959539, 0.180834000016, 0.443679667865, 201.914595755, 282.555696198, 65.8590022073, 2.64497231962, 834.995396843, 390.995290639, 5.49307944387, 78.8304698399
0.0324396457959, 0.220597964485, 0.425885871701, 0.31510528329, 0.00643621530308, 0.330796463198, 0.540417665295, 0.524778544608, 0.732458358126, 0.368187970407, 0.462670373983, 0.432043343682, 0.117756052072, 0.012065026241, 0.237564911079, 0.883009751379, 0.934633720487, 464.463902324, 527.528169996, 402.0707273, 8.18670369468, 437.105481483, 727.520228725, 423.575379793, 63.6073934426
0.0316035538719, 0.266256110655, 0.0325496929578, 0.0108467034143, 0.456875695458, 0.583149067112, 0.120880611651, 0.524778544608, 0.688066723866, 0.102403435837, 0.367727986749, 0.917228389958, 0.14698448786, 0.985013151974, 0.336940598873, 0.779091756912, 0.313617641473, 381.769350533, 73.3738469687, 506.333719173, 557.247435702, 14.4387964445, 43.3690398812, 377.164848342, 46.1381611845
8.0643111266e-05, 0.00186102286111, 0.318264705514, 0.0622296472627, 0.125119855005, 0.99883823115, 0.0762540672426, 0.524778544608, 0.181928364834, 0.789515060064, 0.432021259682, 0.826934934724, 0.701863802266, 0.994619774687, 0.063305804027, 0.883009751379, 0.988832534594, 1.23829652565, 0.149036104003, 683.451169353, 136.080884585, 68.3367145048, 382.462305581, 2.33236609572, 0.101067822108
0.000472451249177, 0.388161882521, 0.138450644187, 0.52372921831, 0.586727816988, 0.00308182493336, 0.248969531004, 0.954328335499, 0.785868780798, 0.368187970407, 0.462670373983, 0.400879634088, 0.917853048973, 0.012065026241, 0.237564911079, 0.883009751379, 0.934633720487, 341.724344037, 140.899254183, 1.78937469611, 487.07558118, 658.822187511, 198.619858153, 642.994764357, 0.833301671071
0.0291738471481, 0.187846605221, 0.364299140083, 0.108366647636, 0.67967223537, 0.0110182416363, 0.427332071177, 0.0834136068856, 0.262568478989, 0.537524544749, 0.860114129817, 0.399073403084, 0.14698448786, 0.836254716575, 0.747413419716, 0.0365652643424, 0.933814394341, 466.578093608, 370.599929869, 10.3136841522, 1082.69206636, 212.427419357, 807.73699621, 453.365181831, 71.4929280277
0.0263928914448, 0.220597964485, 0.425885871701, 0.31510528329, 0.00643621530308, 0.330796463198, 0.540417665295, 0.524778544608, 0.732458358126, 0.154540253668, 0.462670373983, 0.639085575295, 0.117756052072, 0.012065026241, 0.237564911079, 0.98233171656, 0.934633720487, 506.735874588, 575.539772316, 438.664147256, 8.93179520724, 476.887498336, 793.733587344, 462.125989682, 56.4444120709
0.226842036415, 0.0508899290711, 0.000440559904977, 0.501419795693, 0.83071278883, 0.141238069151, 0.579409499531, 0.226119900287, 0.899944597777, 0.352212428867, 0.73213101866, 0.0471714055085, 0.00429570636824, 0.988469554871, 0.872013111819, 0.430628151344, 0.55203969451, 129.043475815, 166.043596854, 47.4354019745, 791.492183371, 823.991923023, 0.804630438818, 93.1429101018, 434.159246449
0.0324396457959, 0.0510746927139, 0.536583255356, 0.31510528329, 0.985103186655, 0.00372600233813, 0.858586421765, 0.8569704591, 0.45810380603, 0.635845625484, 0.845007068464, 0.298392717245, 0.634776152607, 0.0583911124616, 0.821591414225, 0.628600687512, 0.987592954926, 4.20434274223, 18.6148976876, 0.11169468619, 815.416437457, 440.269494935, 1040.03223358, 112.007249377, 71.2785041846
0.274845146722, 0.043921023823, 2.23948825583e-05, 0.691238002919, 0.00476358967194, 0.00602788382347, 0.0161100697882, 0.524778544608, 0.510781734704, 0.939862156602, 0.00320748998113, 0.287232278487, 0.0479518196375, 0.150919220545, 0.336940598873, 0.699920504442, 0.963555690737, 497.018172881, 12.5800476169, 4.70770313409, 3.72042997643, 943.505227863, 0.0375171425675, 73.6958837358, 492.520649223
0.226842036415, 0.339031119098, 0.35965356443, 0.0830309593229, 0.439498892346, 0.583149067112, 5.48938090364e-05, 0.771629565489, 0.876668130604, 0.0028601097919, 0.759484161803, 0.289617626604, 0.220943873395, 0.224109296671, 0.435305165526, 0.0317722905216, 0.00143376473631, 319.927600678, 0.0275863952439, 416.687987292, 433.903321948, 89.373840238, 435.585294063, 479.503455816, 351.517166113
0.30240716898, 0.558874440115, 0.138450644187, 0.52372921831, 0.586727816988, 0.359204531126, 0.248969531004, 0.24153735344, 0.595232227117, 0.368187970407, 0.462670373983, 0.208953221056, 0.431387695074, 0.012065026241, 0.232384419844, 0.883009751379, 0.934633720487, 199.81344997, 82.3867733385, 136.782944271, 337.042764402, 455.886642458, 137.439421403, 767.209835997, 512.843459265
0.0932004220314, 0.461454429376, 0.00255155501884, 0.0830309593229, 0.0134224645578, 0.730716929762, 0.0138062325547, 0.118310076328, 0.223922498476, 0.532808471871, 0.737206679876, 0.878960565469, 0.801609300456, 0.00713271382099, 0.914938847513, 0.294124713737, 0.862908688488, 265.886092342, 5.76711717747, 590.783925276, 13.6619939808, 85.0014658932, 2.61954335366, 578.87163571, 128.738716858
0.0932004220314, 0.461454429376, 4.71697879624e-05, 0.0830309593229, 0.0134224645578, 0.730716929762, 0.0138062325547, 0.118310076328, 0.223922498476, 0.532808471871, 0.737206679876, 0.878960565469, 0.801609300456, 0.00713271382099, 0.0251079330596, 0.0873439985093, 0.862908688488, 296.360337699, 6.42810904177, 658.49598247, 15.2278485653, 94.7438164785, 0.0539767475558, 645.213198222, 143.492812767
0.0316035538719, 0.383523524277, 0.0325496929578, 0.0108467034143, 0.111126717993, 0.583149067112, 0.120880611651, 0.269852798572, 0.688066723866, 0.102403435837, 0.367727986749, 0.917228389958, 0.14698448786, 0.817732917094, 0.0648990669434, 0.779091756912, 0.313617641473, 472.794306703, 90.8683137062, 627.058456584, 139.418011791, 13.678798353, 41.0862743014, 552.880735667, 48.4760777429
3.77901868255e-05, 0.043921023823, 0.999693990701, 0.982439372713, 0.00476358967194, 0.00602788382347, 0.0161100697882, 0.524778544608, 0.510781734704, 0.939862156602, 0.0786956616659, 0.0814701289599, 0.0479518196375, 0.14128107002, 0.336940598873, 0.699920504442, 0.963555690737, 0.0168464657692, 0.000426401594783, 0.000159567927346, 0.000126104234542, 0.610814628389, 1271.21831386, 87.8420241764, 0.0756403441942
0.0324396457959, 0.101948849823, 0.425885871701, 0.31510528329, 0.0760315505601, 0.00308182493336, 0.276292661079, 0.884470841129, 0.732458358126, 0.368187970407, 0.0786956616659, 0.639085575295, 0.117756052072, 0.012065026241, 0.237564911079, 0.743818317237, 0.934633720487, 798.007906488, 369.853258424, 4.25786340229, 105.548256342, 478.178981611, 795.883137619, 207.283313275, 66.2967244586
0.222257788005, 0.552075163084, 0.549989740511, 0.50383481723, 0.00545880971636, 0.00811085199693, 0.398350464661, 0.595149509427, 0.652580804272, 0.221909704186, 0.398843950292, 0.0656606742097, 0.14698448786, 0.833464192937, 0.00639562488434, 0.71078226741, 0.649860787334, 248.533303689, 179.587961658, 3.90680245661, 2.62951301413, 310.380961475, 510.853799253, 791.819670962, 378.021958858
0.0932004220314, 0.31571774475, 4.71697879624e-05, 0.0830309593229, 0.0134224645578, 0.730716929762, 0.0138062325547, 0.424233508831, 0.223922498476, 0.615327023204, 0.847165263663, 0.878960565469, 0.27318695849, 0.00713271382099, 0.0251079330596, 0.237667480285, 0.862908688488, 416.394261785, 9.03166645004, 925.20460274, 21.3955376456, 133.117615628, 0.0758387850633, 553.766560986, 171.598807188
0.115934207211, 0.23618218801, 0.425885871701, 0.834235122699, 0.985103186655, 0.00372600233813, 0.596974650593, 0.914722883307, 0.587042889668, 0.635845625484, 0.127501932364, 0.299602019801, 0.766271758956, 0.0583911124616, 0.821591414225, 0.428193877973, 0.34871660167, 2.98558290838, 4.06850244418, 0.0295360140503, 215.624862517, 809.528446688, 662.335686912, 415.44526919, 211.020813183
1.92595669413e-06, 0.00186102286111, 0.0998828311577, 0.204652425346, 0.946841748227, 0.19707178601, 0.291688099672, 0.635247608097, 0.45810380603, 0.889285041591, 0.191636115066, 0.449273422859, 0.14698448786, 0.874902314059, 0.063305804027, 0.98991064997, 0.992113162196, 80.2261313769, 39.5665076105, 28.6106525733, 1122.12273054, 374.994295864, 187.753831107, 3.51264414454, 0.00363521065814
0.0119986903866, 0.199421652117, 4.71697879624e-05, 0.636096343843, 0.059420789895, 0.972693056148, 0.0244633754895, 0.118310076328, 0.887259364463, 0.0028601097919, 0.232938068963, 0.399073403084, 0.220943873395, 0.125121636322, 0.0251079330596, 0.394971110816, 0.0132693086023, 15.0545486666, 0.578785758671, 351.017710426, 32.8890045217, 548.580589476, 0.0483297531519, 211.282079415, 12.9241386114
0.0687125360439, 0.000157396704587, 0.259181029462, 0.153309992233, 0.00476358967194, 0.119311362523, 0.605004007023, 0.657649062759, 0.378313822536, 0.939862156602, 0.0397228395292, 0.889186364224, 0.313693556681, 0.257237087752, 0.336940598873, 0.0137605429257, 0.102437681268, 603.485750751, 844.507232434, 196.840497054, 7.90533789821, 259.46067553, 469.113645864, 0.292910318517, 128.370748151
0.0342984697481, 0.775071010669, 0.997527094841, 0.760240535896, 0.0030943405522, 0.378996559112, 0.257689411264, 0.984784441328, 0.825181601951, 0.0719017795353, 0.0192801211905, 0.826934934724, 0.0666588857735, 0.0797661857036, 0.650409699611, 0.556780228923, 0.0787611943289, 0.477781335613, 0.204698845196, 0.352049239073, 0.00305142743983, 1.58737725338, 439.447643316, 1191.59324418, 68.4910537969
0.226842036415, 0.0226711932906, 0.000440559904977, 0.0830309593229, 0.355725122388, 0.597871042954, 0.00757246938616, 0.118310076328, 0.0270124088957, 0.239897124552, 0.432021259682, 0.0988059745517, 0.801609300456, 0.71149056202, 0.821591414225, 0.696577452241, 0.880137637193, 359.649820814, 4.27816701033, 491.585021866, 380.843459733, 94.2288779255, 0.501396122279, 25.8127372571, 269.848465848
0.0224130557355, 0.339031119098, 0.35965356443, 0.31510528329, 0.439498892346, 0.583149067112, 5.48938090364e-05, 0.227090186822, 0.732458358126, 0.0028601097919, 0.759484161803, 0.469910659984, 0.220943873395, 0.224109296671, 0.435305165526, 0.0317722905216, 0.00143376473631, 346.521571745, 0.0298795134226, 451.325162248, 469.971521019, 398.361094582, 531.584488869, 585.181829931, 40.5936136389
0.0324396457959, 0.144208097591, 0.25427489388, 0.56880255171, 0.125119855005, 0.00057909400201, 0.643941382224, 0.167489922958, 0.732458358126, 0.391242964804, 0.0621437768038, 0.387738149757, 0.117756052072, 0.00156917127263, 0.237564911079, 0.543405890382, 0.980922656961, 320.858154166, 512.578632363, 0.550077284677, 120.404782357, 766.671562059, 415.287668562, 246.129082468, 55.8915253531
0.000472451249177, 0.388161882521, 0.0834251649641, 0.76826070219, 0.586727816988, 0.378996559112, 0.447390316813, 0.115514440932, 0.732458358126, 0.368187970407, 0.647292743437, 0.400879634088, 0.917853048973, 0.012065026241, 0.237564911079, 0.875031866368, 0.934633720487, 126.888999025, 107.476995127, 112.627323315, 264.650796365, 872.009862813, 122.989130448, 657.452306557, 0.852038206332
0.999918002484, 0.0510746927139, 0.999725604492, 0.31510528329, 0.985353155966, 0.00372600233813, 0.285334921712, 0.309091698238, 0.80871925626, 0.811904534063, 0.508582847819, 0.406063951658, 0.634776152607, 0.0583911124616, 0.7601091073, 0.779091756912, 0.34871660167, 9.49344633456e-07, 4.56483564005e-07, 6.1653471999e-09, 4.57779611258e-05, 2.47167646363e-05, 0.120725593594, 0.00970640064002, 940.325017598
0.0507148152444, 0.00654342287417, 0.178229614783, 0.204652425346, 0.00476358967194, 0.153710048312, 0.0728784606162, 0.684037619096, 0.378313822536, 0.939862156602, 0.0786956616659, 0.889186364224, 0.431387695074, 0.430801847964, 0.701327125772, 0.0365652643424, 0.443679667865, 985.234052436, 113.282141938, 244.213427677, 7.64253822563, 340.138628313, 309.51639934, 11.5136290363, 89.4272342842
0.0507148152444, 0.00354143204627, 1.34602301468e-05, 0.329807952466, 0.00476358967194, 0.119311362523, 0.377682059222, 0.524778544608, 0.378313822536, 0.939862156602, 0.0786956616659, 0.820785236384, 0.0666588857735, 0.314449101254, 0.336940598873, 0.562333328961, 0.443679667865, 920.597274501, 620.749332946, 210.561961513, 8.45640749329, 644.173878998, 0.0275041236603, 7.2365025435, 103.850108365
0.0324396457959, 0.943736666524, 0.138450644187, 0.584780714101, 0.796600552372, 0.00308182493336, 0.248969531004, 0.731611495142, 0.732458358126, 0.368187970407, 0.462670373983, 0.400879634088, 0.64483361339, 0.012065026241, 0.128281797242, 0.365683762946, 0.934633720487, 20.1296282531, 8.29981725719, 0.105404979384, 65.8150746603, 90.7704796076, 25.2383191844, 1320.06800877, 67.5875473836
0.233728762774, 0.23618218801, 0.999233358319, 0.656870325539, 0.992651817845, 0.270965442029, 0.0211528313491, 0.8569704591, 0.209524868506, 0.635845625484, 0.845007068464, 0.223482155191, 0.0478368858592, 0.89665364722, 0.78196487873, 0.946285851581, 0.987592954926, 0.00719107445472, 0.000239024288203, 0.00326183262802, 0.684387198296, 1.14443454382, 1107.32520041, 430.757864248, 456.938696875
0.0224130557355, 0.339031119098, 0.545959136595, 0.31510528329, 0.689020678489, 0.583149067112, 5.48938090364e-05, 0.309091698238, 0.732458358126, 0.0028601097919, 0.176770783183, 0.0639270644046, 0.311772238897, 0.012065026241, 0.435305165526, 0.0317722905216, 0.00143376473631, 128.909299465, 0.0111154613673, 167.897225571, 398.305136674, 243.474460274, 592.492165844, 461.718205331, 32.0290369225
0.0324396457959, 0.388161882521, 0.123078807517, 0.31510528329, 0.985103186655, 0.00372600233813, 0.858586421765, 0.8569704591, 0.45810380603, 0.368187970407, 0.845007068464, 0.657004928226, 0.917853048973, 0.0583911124616, 0.821591414225, 0.628600687512, 0.987592954926, 5.39695560508, 23.8952394161, 0.143378239989, 1046.71920974, 565.15728239, 232.935512071, 846.861029079, 75.4227041372
8.0643111266e-05, 0.00186102286111, 0.00251626369568, 0.204652425346, 0.980631605973, 0.99883823115, 0.651003272691, 0.524778544608, 0.181928364834, 6.86905696631e-05, 0.432021259682, 0.826934934724, 0.14698448786, 0.976257963268, 0.063305804027, 0.883009751379, 0.964306770654, 0.0334974850259, 0.0548567925115, 35.2213392158, 1157.33496767, 385.592523915, 4.8236539713, 3.56758287105, 0.154593153977
0.0165656068988, 0.00869853531188, 0.37453001591, 0.0776055700637, 0.00825411301056, 0.26375650053, 0.611389333843, 0.880396942426, 0.742256338987, 0.352212428867, 0.616174232439, 0.400879634088, 0.77072295436, 0.012065026241, 0.0648990669434, 0.325515642847, 0.987592954926, 454.585581894, 649.819742756, 348.749485854, 11.2331493296, 106.143868575, 582.313154018, 14.338076386, 27.3126387082
8.0643111266e-05, 0.00134072349404, 0.693403151891, 0.570153003718, 0.0134224645578, 0.809967566971, 0.988379310574, 0.995647971773, 0.45810380603, 0.635845625484, 0.627203286462, 0.826934934724, 0.0121170332023, 0.561702944061, 0.673217861627, 0.190096670905, 0.416763769292, 1.61523712365, 88.4781996325, 287.598668734, 6.34521480396, 375.859786837, 921.29563024, 2.18927518114, 0.131682702855
