0.120139066548, 0.63428863977, 0.602138539603, 0.841074514443, 0.488374697394, 0.207929793611, 0.722358516797, 0.396944223786, 0.31045930584, 0.489032669691, 0.694879688657, 0.595314954401, 0.0191422330957, 0.303358968248, 0.207503646509, 0.374164400096, 0.700154176767, 6.41780597584, 13.7707257354, 5.14652230948, 15.4654183067, 87.3947296091, 125.017567282, 238.159293841, 54.182185549
0.895156586403, 0.609005354006, 0.134366992016, 0.436628428515, 0.50617245736, 0.359990819899, 0.399819339317, 0.313649943567, 0.796384247547, 0.494254634944, 0.797836605189, 0.776941511935, 0.496532494431, 0.615473334949, 0.297144064938, 0.077790751869, 0.513665509914, 11.9800748403, 8.69884062198, 9.3953248818, 17.8780161716, 20.4938966079, 6.93299298382, 46.930696301, 345.532979668
0.414246364804, 0.992078491957, 0.275653096181, 0.694723464085, 0.307643623816, 0.254924438146, 0.297993582194, 0.579519779405, 0.905871714209, 0.492112384297, 0.78214316563, 0.643792124443, 0.680758130135, 0.419782375164, 0.204146948375, 0.394670635364, 0.649756394139, 2.18842403796, 1.10638381911, 1.03802933629, 1.39731371642, 5.78297187994, 3.01301161119, 577.064438841, 439.355629087
0.987721362707, 0.50027821146, 0.022815274532, 0.494325696238, 0.780864281781, 0.374259522064, 0.405390534242, 0.280998363268, 0.693441372494, 0.302593868443, 0.508742910583, 0.115879384787, 0.355847201913, 0.222356468061, 0.324563609528, 0.933357374201, 0.606505981531, 1.59460859708, 1.17930874353, 1.32187572605, 6.64863344875, 6.93814998918, 0.354973471617, 9.91568854956, 726.648298351
0.552570814971, 0.988977013931, 0.855766020124, 0.273044866756, 0.0010753916437, 0.209945112057, 0.511641995255, 0.188407785888, 0.693441372494, 0.902393345901, 0.295571382999, 0.137285460997, 0.483920883759, 0.98921879082, 0.200814892134, 0.675290388407, 0.617192273499, 0.771513350572, 0.800259892094, 0.380477779719, 0.00198468379688, 0.537272448133, 5.60440701236, 332.131504641, 392.129820515
0.120139066548, 0.63428863977, 0.602138539603, 0.841074514443, 0.22959391314, 0.207929793611, 0.722358516797, 0.396944223786, 0.31045930584, 0.489032669691, 0.694879688657, 0.595314954401, 0.0191422330957, 0.383823834093, 0.207503646509, 0.374164400096, 0.700154176767, 9.57221151649, 20.5391530956, 7.67608125053, 9.0230730533, 100.290804589, 143.465314974, 273.302375402, 62.1773762264
0.371677710456, 0.992078491957, 0.275653096181, 0.969669083452, 0.0343959000746, 0.254924438146, 0.297993582194, 0.0400770106355, 0.905871714209, 0.602007009564, 0.78214316563, 0.643792124443, 0.680758130135, 0.544538115999, 0.24364118649, 0.394670635364, 0.649756394139, 0.426251840889, 0.215496691429, 0.202182898659, 0.0280499136329, 10.8938677009, 5.04141991924, 965.55358295, 637.948377863
0.414246364804, 0.988977013931, 0.275653096181, 0.694723464085, 0.307643623816, 0.254924438146, 0.297993582194, 0.579519779405, 0.905871714209, 0.492112384297, 0.78214316563, 0.469074997333, 0.680758130135, 0.419782375164, 0.204146948375, 0.493840887177, 0.649756394139, 2.80439061214, 1.41779305195, 1.33019911833, 1.79060977241, 7.41068082285, 3.86107140578, 531.396830449, 404.615323122
0.987721362707, 0.799110722041, 0.572164628239, 0.494325696238, 0.546598375477, 0.205495795876, 0.405390534242, 0.194862345342, 0.693441372494, 0.232744061053, 0.521833791414, 0.606463001299, 0.918755876925, 0.222356468061, 0.525518166318, 0.219452019111, 0.606505981531, 0.831757526681, 0.615134601375, 0.346034261505, 1.26348633719, 1.6397416526, 2.94110301669, 11.5122664688, 627.809937975
0.371677710456, 0.992078491957, 0.0662313935195, 0.694723464085, 0.0343959000746, 0.275257112499, 0.297993582194, 0.0400770106355, 0.905871714209, 0.489032669691, 0.78214316563, 0.643792124443, 0.583599031815, 0.305843633769, 0.319247964192, 0.394670635364, 0.649756394139, 3.2570351942, 1.6466329078, 1.68428240289, 0.21738164806, 7.74097805639, 0.911008604788, 704.972641929, 465.780627091
0.895156586403, 0.716570146283, 0.200178537062, 0.409774352924, 0.50617245736, 0.841565216552, 0.399819339317, 0.313649943567, 0.796384247547, 0.494254634944, 0.600785823546, 0.776941511935, 0.496532494431, 0.615473334949, 0.297144064938, 0.678181936644, 0.513665509914, 2.43254446338, 1.76629252111, 11.8289237874, 12.4439323976, 13.0773078328, 7.08693470927, 48.0215156133, 320.159684739
0.0240525046868, 0.63428863977, 0.996825424373, 0.620557546488, 0.488374697394, 0.317970961846, 0.722358516797, 0.590021982078, 0.31045930584, 0.489032669691, 0.694879688657, 0.595314954401, 0.0191422330957, 0.303358968248, 0.207503646509, 0.128585796438, 0.700154176767, 0.1359534813, 0.291716220591, 0.175600187815, 0.353478083223, 0.750793095308, 181.930306667, 281.074075814, 12.6559212498
0.987721362707, 0.50027821146, 0.022815274532, 0.494325696238, 0.987275098543, 0.374259522064, 0.405390534242, 0.280998363268, 0.693441372494, 0.302593868443, 0.508742910583, 0.115879384787, 0.355847201913, 0.222356468061, 0.324563609528, 0.933357374201, 0.883751756597, 0.10134396208, 0.0749499411978, 0.084010661739, 7.57740055212, 7.44500016633, 0.380905221039, 10.6400557808, 779.731875287
0.715804626001, 0.402494867473, 0.602138539603, 0.620557546488, 0.488374697394, 0.317970961846, 0.826012916098, 0.396944223786, 0.31045930584, 0.489032669691, 0.694879688657, 0.595314954401, 0.0191422330957, 0.303358968248, 0.207503646509, 0.374164400096, 0.700154176767, 5.63523724992, 20.1034250541, 11.3914414029, 22.9306410338, 48.7050478552, 81.5789618447, 73.6885421169, 260.519641424
0.987721362707, 0.537681540295, 0.572164628239, 0.0765904464558, 0.292886587356, 0.841565216552, 0.358831908106, 0.69190889249, 0.693441372494, 0.302593868443, 0.521833791414, 0.606463001299, 0.583599031815, 0.57915198844, 0.324563609528, 0.678181936644, 0.606505981531, 0.65172816053, 0.411923799393, 3.0337672796, 1.55110963187, 0.422328190447, 4.42300999979, 6.36410169878, 441.252472848
0.552570814971, 0.988977013931, 0.979640492179, 0.694723464085, 0.0010753916437, 0.209945112057, 0.511641995255, 0.188407785888, 0.693441372494, 0.902393345901, 0.295571382999, 0.137285460997, 0.0627588590785, 0.98921879082, 0.200814892134, 0.675290388407, 0.617192273499, 0.0710871779624, 0.0737358819822, 0.035057191969, 0.000182868605143, 0.208180968762, 7.33462340941, 423.777025306, 500.330762213
0.0240525046868, 0.992078491957, 0.496110131026, 0.694723464085, 0.553495965805, 0.0134591103008, 0.08640749383, 0.590021982078, 0.892174725164, 0.492112384297, 0.239743538975, 0.953527026992, 0.583599031815, 0.305843633769, 0.324563609528, 0.219452019111, 0.367088704957, 2.21236783498, 0.302139174596, 0.0472140178123, 2.64424538011, 6.65608450235, 7.41111396716, 847.458097222, 32.0360345628
0.723186706617, 0.992078491957, 0.924885454937, 0.694723464085, 0.685099885207, 0.374259522064, 0.951431879753, 0.592472074414, 0.318445870066, 0.360648753885, 0.277113368098, 0.71291602939, 0.2004462316, 0.090997592629, 0.324563609528, 0.719221005443, 0.57797257005, 0.00580112522205, 0.0758922367832, 0.0507295444353, 0.169587423945, 0.3705366533, 3.52320062542, 285.113172987, 613.901024988
0.371677710456, 0.992078491957, 0.275653096181, 0.694723464085, 0.307643623816, 0.254924438146, 0.297993582194, 0.579519779405, 0.905871714209, 0.492112384297, 0.508742910583, 0.643792124443, 0.680758130135, 0.683642938717, 0.57535904813, 0.394670635364, 0.649756394139, 2.35682554571, 1.19152120567, 1.11790677425, 1.50483846143, 6.22797758586, 3.24486599105, 621.470148102, 410.609913186
0.0904359097615, 0.0330402877981, 0.4774937684, 0.250513360944, 0.327569471108, 0.201964761533, 0.471433109362, 0.550235168969, 0.745703634406, 0.632018395767, 0.97451350914, 0.30121260894, 0.621994338837, 0.10501664545, 0.584359682958, 0.17252831028, 0.584965772819, 405.648855363, 370.78472861, 180.444703905, 327.015683025, 275.864031711, 670.314038671, 51.0806863563, 140.826371608
0.652496161592, 0.619497368588, 0.804098810151, 0.494325696238, 0.999220227504, 0.11174500155, 0.399819339317, 0.280998363268, 0.693441372494, 0.302593868443, 0.521833791414, 0.71291602939, 0.583599031815, 0.57915198844, 0.297144064938, 0.264671920406, 0.606505981531, 0.0312622704732, 0.0226998171507, 0.0068519460121, 32.0339402727, 31.4679456454, 141.290452464, 217.779820685, 433.724277432
0.715804626001, 0.655498095875, 0.572164628239, 0.620557546488, 0.252383259614, 0.374259522064, 0.722358516797, 0.396944223786, 0.31045930584, 0.489032669691, 0.319948487921, 0.595314954401, 0.0191422330957, 0.303358968248, 0.207503646509, 0.374164400096, 0.700154176767, 8.86918319644, 19.0306609074, 13.993725257, 10.5622660889, 40.3253843073, 61.2472521481, 130.229978255, 317.439569831
0.987721362707, 0.581027576778, 0.90730624292, 0.700142836994, 0.184309942219, 0.512543165161, 0.608536820738, 0.465077982717, 0.398061449497, 0.309236518905, 0.58253643353, 0.539570361717, 0.496532494431, 0.414824603889, 0.297144064938, 0.0875808506997, 0.804559130733, 0.156008143667, 0.2208961896, 0.281304516478, 0.116237674495, 0.799534688474, 6.11860063444, 7.99903870902, 524.153811269
0.0904359097615, 0.0330402877981, 0.421651141194, 0.290452112795, 0.327569471108, 0.201964761533, 0.0142036281377, 0.550235168969, 0.745703634406, 0.632018395767, 0.97451350914, 0.696123941585, 0.621994338837, 0.368496474968, 0.584359682958, 0.17252831028, 0.794213516529, 631.473216144, 14.0911414649, 207.386496152, 375.84165798, 374.800841247, 663.415397973, 56.0397969466, 154.498340422
0.96548033598, 0.63428863977, 0.996825424373, 0.620557546488, 0.199361968653, 0.317970961846, 0.0267774705706, 0.773765539105, 0.31045930584, 0.489032669691, 0.694879688657, 0.595314954401, 0.0101459451369, 0.303358968248, 0.207503646509, 0.675290388407, 0.700154176767, 0.024218019841, 0.0010192583623, 0.0132253257042, 0.00894132105452, 0.0427884661317, 10.3683941872, 16.018698958, 351.561210397
0.371677710456, 0.992078491957, 0.633088142213, 0.694723464085, 0.546598375477, 0.254924438146, 0.267689136259, 0.393845767479, 0.905871714209, 0.891999666774, 0.879992374223, 0.995357250105, 0.680758130135, 0.386397843931, 0.723376110337, 0.411670154368, 0.766003328502, 0.800507986971, 0.357950771723, 0.371193591004, 1.10292043258, 2.80207372679, 4.85923730637, 465.731075906, 307.71195886
0.0558420995365, 0.91314254204, 0.644073635294, 0.291538664495, 0.137882265864, 0.518336909217, 0.367370066586, 0.325145222721, 0.190671826743, 0.382634901313, 0.733656797463, 0.802357359861, 0.459723879407, 0.810666470126, 0.0262331737571, 0.0834370457541, 0.617701177155, 29.7467565519, 19.3645313448, 37.6004036638, 11.377484659, 26.0959749735, 94.3393441835, 810.582159455, 71.9530526529
0.996123538758, 0.799110722041, 0.572164628239, 0.494325696238, 0.546598375477, 0.205495795876, 0.405390534242, 0.194862345342, 0.693441372494, 0.232744061053, 0.740649589456, 0.606463001299, 0.918755876925, 0.222356468061, 0.525518166318, 0.240525922608, 0.606505981531, 0.356519960455, 0.263667904073, 0.148322218039, 0.541573817514, 0.702849821481, 1.26065818171, 4.93455442787, 852.468833524
0.386727040675, 0.992078491957, 0.275653096181, 0.694723464085, 0.546598375477, 0.254924438146, 0.297993582194, 0.579519779405, 0.905871714209, 0.492112384297, 0.78214316563, 0.643792124443, 0.680758130135, 0.419782375164, 0.57535904813, 0.394670635364, 0.649756394139, 1.86474571059, 0.942744388275, 0.884499858686, 2.62809754909, 6.67693051669, 3.47877693192, 666.269738429, 463.199103492
0.230271795574, 0.992078491957, 0.496110131026, 0.540212103105, 0.0948842150847, 0.782975541183, 0.118324815127, 0.595152615799, 0.681405700486, 0.553553026414, 0.544653463425, 0.689223569664, 0.829757978936, 0.305843633769, 0.30589168212, 0.219452019111, 0.69566004419, 1.30039840451, 0.244519680096, 3.72990364874, 0.594270271227, 4.54245064892, 5.98039326158, 683.855722171, 258.761279622
0.0240525046868, 0.63428863977, 0.996825424373, 0.562755378833, 0.488374697394, 0.802923058025, 0.722358516797, 0.590021982078, 0.31045930584, 0.489032669691, 0.694879688657, 0.595314954401, 0.0191422330957, 0.303358968248, 0.207503646509, 0.128585796438, 0.960943030767, 0.0842336409863, 0.180740641286, 0.623432033473, 0.631066482885, 1.10879038475, 287.549099948, 444.250323103, 20.0032574619
0.894263801006, 0.609005354006, 0.246172076135, 0.436628428515, 0.50617245736, 0.359990819899, 0.399819339317, 0.579519779405, 0.796384247547, 0.494254634944, 0.797836605189, 0.398291710377, 0.521142635565, 0.615473334949, 0.297144064938, 0.394670635364, 0.513665509914, 8.85025072352, 6.42624704223, 6.94077307037, 13.2073403269, 15.1398155437, 9.73376420406, 36.6032060397, 267.178232203
0.371677710456, 0.992078491957, 0.275653096181, 0.694723464085, 0.175809072251, 0.201964761533, 0.0973314086254, 0.0400770106355, 0.905871714209, 0.492112384297, 0.8283723669, 0.943113701737, 0.829757978936, 0.57915198844, 0.204146948375, 0.394670635364, 0.819579985837, 3.501970487, 0.539619677034, 1.16339064418, 1.05691958442, 7.4542387022, 3.88376568806, 743.83485913, 491.457180792
0.610386647143, 0.992078491957, 0.275653096181, 0.694723464085, 0.307643623816, 0.838526704389, 0.196849082408, 0.579519779405, 0.905871714209, 0.492112384297, 0.78214316563, 0.351641536788, 0.680758130135, 0.187557490112, 0.204146948375, 0.394670635364, 0.649756394139, 0.445308180609, 0.142256575146, 1.80337280851, 0.977584968464, 4.04586766482, 2.10795530473, 403.724313743, 575.228376364
0.987721362707, 0.988977013931, 0.99891471909, 0.700142836994, 0.0152477623484, 0.512543165161, 0.608536820738, 0.465077982717, 0.398061449497, 0.309236518905, 0.58253643353, 0.137285460997, 0.0627588590785, 0.352927071445, 0.536730720691, 0.0875808506997, 0.866404147858, 0.000122509269538, 0.00017346421921, 0.000220901358233, 7.34060835612e-06, 0.000601897630152, 0.39621384969, 22.8806176359, 1186.33937237
0.222374728429, 0.992078491957, 0.633088142213, 0.273044866756, 0.546598375477, 0.254924438146, 0.267689136259, 0.335512893707, 0.905871714209, 0.891999666774, 0.895940747382, 0.66090569983, 0.680758130135, 0.419782375164, 0.813553721171, 0.394670635364, 0.766003328502, 2.42724035787, 1.08535151853, 1.12550540323, 3.34419272392, 2.02035667238, 7.47460527686, 716.399660703, 260.962724421
0.348233285672, 0.961407752751, 0.0025597434788, 0.737920743519, 0.937259752824, 0.932239870047, 0.352867769031, 0.579519779405, 0.718787471211, 0.27763623103, 0.501169396519, 0.995357250105, 0.571696601977, 0.386397843931, 0.340802450146, 0.359753517277, 0.503560132387, 0.14485326037, 0.0896662370922, 1.59451619228, 16.2187845693, 37.3271912064, 0.163769853443, 671.067825162, 409.425636184
0.725659562833, 0.619497368588, 0.804098810151, 0.494325696238, 0.999220227504, 0.0294081750446, 0.815224438001, 0.280998363268, 0.687641327177, 0.302593868443, 0.632196985872, 0.696123941585, 0.583599031815, 0.57915198844, 0.30589168212, 0.264671920406, 0.606505981531, 0.01011318882, 0.033859682284, 0.00163356185515, 28.8811241578, 28.3708353527, 127.384488614, 196.34568794, 516.635665439
0.145871537836, 0.992078491957, 0.275653096181, 0.694723464085, 0.488374697394, 0.628049618156, 0.0333538268512, 0.0486528830951, 0.905871714209, 0.539896114989, 0.78214316563, 0.416506016607, 0.680758130135, 0.388493859767, 0.204146948375, 0.394670635364, 0.795128785082, 1.33930491246, 0.0702332284885, 2.02813041165, 2.34423844947, 6.49504620206, 3.38401258528, 648.120079027, 151.173119807
0.371677710456, 0.992078491957, 0.924885454937, 0.694723464085, 0.685099885207, 0.374259522064, 0.951431879753, 0.592472074414, 0.318445870066, 0.360648753885, 0.277113368098, 0.71291602939, 0.2004462316, 0.090997592629, 0.324563609528, 0.719221005443, 0.0373717389903, 0.0133490742262, 0.174636999415, 0.116734672707, 0.39024069011, 0.852648598178, 8.10730071534, 656.079081797, 433.476291086
0.723186706617, 0.992078491957, 0.275653096181, 0.694723464085, 0.103694702882, 0.254924438146, 0.297993582194, 0.579519779405, 0.905871714209, 0.492112384297, 0.469586990634, 0.643792124443, 0.988199156473, 0.683642938717, 0.57535904813, 0.394670635364, 0.649756394139, 1.50567393469, 0.761211378277, 0.714182301045, 0.301084165092, 3.57044003359, 1.86025066378, 356.282896956, 767.14251164
0.0904359097615, 0.0330402877981, 0.4774937684, 0.250513360944, 0.111242841411, 0.201964761533, 0.471433109362, 0.550235168969, 0.833662716172, 0.632018395767, 0.97451350914, 0.30121260894, 0.621994338837, 0.10501664545, 0.584359682958, 0.17252831028, 0.584965772819, 440.666649489, 402.792863527, 196.021662669, 110.933332984, 264.90889913, 643.694478596, 49.0521664079, 135.233864451
0.0240525046868, 0.653369686581, 0.335164141141, 0.694723464085, 0.417306576875, 0.896539924971, 0.297993582194, 0.590021982078, 0.773554302337, 0.489032669691, 0.513965746899, 0.683207050052, 0.583599031815, 0.793701572604, 0.324563609528, 0.875976120695, 0.367088704957, 15.9239968007, 8.05056611071, 108.827011665, 84.7971620765, 267.518655766, 175.244769634, 575.935213001, 25.4503882574
0.998090116582, 0.50027821146, 0.022815274532, 0.649529581553, 0.780864281781, 0.374259522064, 0.405390534242, 0.280998363268, 0.651222119797, 0.0199247057897, 0.583228737974, 0.115879384787, 0.355847201913, 0.222356468061, 0.324563609528, 0.933357374201, 0.606505981531, 0.260206323633, 0.192438190252, 0.215702099943, 1.08491605404, 1.87763140734, 0.0789901498456, 2.20647960194, 1039.67396124
0.652496161592, 0.619497368588, 0.931614848422, 0.494325696238, 0.999220227504, 0.454397134741, 0.405390534242, 0.280998363268, 0.593882577777, 0.302593868443, 0.521833791414, 0.71291602939, 0.583599031815, 0.57915198844, 0.324563609528, 0.22612703674, 0.606505981531, 0.00909437872172, 0.00672583878148, 0.0097966506556, 12.2167999364, 12.0009462803, 158.810610702, 234.638740514, 467.300036647
0.0904359097615, 0.0330402877981, 0.421651141194, 0.185550483011, 0.286028642736, 0.201964761533, 0.147279324923, 0.0400770106355, 0.745703634406, 0.602902548124, 0.466350985162, 0.696123941585, 0.710914824135, 0.368496474968, 0.584359682958, 0.0724805053589, 0.794213516529, 578.507012161, 136.275087662, 195.143078915, 301.633197449, 208.348428511, 565.433186582, 47.7630773415, 131.67992364
0.297317906295, 0.992078491957, 0.00462608943306, 0.777838991898, 0.327569471108, 0.824650691784, 0.0329549201421, 0.550235168969, 0.908748788648, 0.625688094577, 0.78214316563, 0.643792124443, 0.680758130135, 0.0505464143371, 0.0436870557312, 0.394670635364, 0.837146698095, 1.15500331572, 0.0598427489766, 4.0922299456, 2.40412575498, 13.4255999204, 0.103818376587, 1148.13774567, 578.970308753
0.195598478159, 0.63428863977, 0.602138539603, 0.620557546488, 0.082345098564, 0.317970961846, 0.722358516797, 0.396944223786, 0.31045930584, 0.489032669691, 0.694879688657, 0.595314954401, 0.0191422330957, 0.303358968248, 0.207503646509, 0.374164400096, 0.700154176767, 18.0663838112, 38.7651508059, 23.3348963194, 6.33719921956, 72.4297417429, 121.316853145, 231.109408896, 87.3502289365
0.715804626001, 0.63428863977, 0.998595768404, 0.620557546488, 0.488374697394, 0.317970961846, 0.712478052829, 0.396944223786, 0.31045930584, 0.489032669691, 0.694879688657, 0.595314954401, 0.0191422330957, 0.303358968248, 0.297144064938, 0.374164400096, 0.700154176767, 0.0220387711184, 0.0454335146919, 0.0275515491884, 0.0554604691381, 0.117798922388, 64.53211982, 99.6982024583, 248.122150399
0.44575122039, 0.992078491957, 0.275653096181, 0.694723464085, 0.574721652951, 0.254924438146, 0.405390534242, 0.579519779405, 0.905871714209, 0.492112384297, 0.78214316563, 0.643792124443, 0.680758130135, 0.419782375164, 0.204146948375, 0.394670635364, 0.649756394139, 1.32558184912, 0.980347320209, 0.697908171737, 2.26899659, 5.55810624362, 2.89585337711, 554.625809546, 467.365893993
0.987721362707, 0.840559847272, 0.228546529515, 0.288728498211, 0.782995185748, 0.666943677101, 0.954449682958, 0.489690636718, 0.693441372494, 0.402799391608, 0.799800050404, 0.534310787875, 0.598286479697, 0.490546607451, 0.237894826108, 0.696655685877, 0.736584562997, 0.0276860820417, 0.386285333151, 0.671456671405, 2.18522911786, 1.13015028994, 0.967949814732, 10.7694701901, 576.282773587
0.120139066548, 0.558573331177, 0.904316115051, 0.841074514443, 0.154223140095, 0.478399118357, 0.722358516797, 0.396944223786, 0.31045930584, 0.489032669691, 0.694879688657, 0.595314954401, 0.0191422330957, 0.303358968248, 0.207503646509, 0.374164400096, 0.700154176767, 2.00993322127, 4.31272606882, 4.44568246252, 1.60910532144, 26.308893502, 179.280002213, 218.185923677, 54.182185549
0.230271795574, 0.568327461896, 0.996825424373, 0.540212103105, 0.335194513354, 0.0117299617076, 0.594857254957, 0.69190889249, 0.692659325949, 0.538668124562, 0.330816345039, 0.689223569664, 0.716237541175, 0.305843633769, 0.30589168212, 0.219452019111, 0.69566004419, 0.522766433213, 0.707437211086, 0.0162093857218, 0.511377127389, 1.15502268133, 308.69405191, 383.250138148, 186.194087999
0.552570814971, 0.988977013931, 0.944729168251, 0.273044866756, 0.0010753916437, 0.150482185873, 0.405390534242, 0.775436074321, 0.693441372494, 0.902393345901, 0.194277565752, 0.137285460997, 0.483920883759, 0.98921879082, 0.200814892134, 0.675290388407, 0.617192273499, 0.40795250077, 0.301705353894, 0.122221693852, 0.000881621420462, 0.238663156137, 6.59356226156, 382.205028063, 451.24893893
0.120139066548, 0.63428863977, 0.275653096181, 0.841074514443, 0.22959391314, 0.207929793611, 0.722358516797, 0.396944223786, 0.31045930584, 0.638402538429, 0.694879688657, 0.595314954401, 0.0191422330957, 0.383823834093, 0.207503646509, 0.374164400096, 0.819199656335, 24.8979624028, 53.4237109865, 19.9660007562, 23.4696165303, 260.863090803, 124.441676968, 458.194488797, 104.241066595
0.414246364804, 0.988977013931, 0.275653096181, 0.694723464085, 0.307643623816, 0.254924438146, 0.457949815659, 0.579519779405, 0.905871714209, 0.492112384297, 0.78214316563, 0.297120596444, 0.680758130135, 0.419782375164, 0.204146948375, 0.675290388407, 0.649756394139, 2.23335248577, 1.95621862863, 1.25677168401, 1.69176751665, 7.00160877348, 3.64793897835, 502.063548439, 382.280422539
0.230271795574, 0.974312005393, 0.0203198346614, 0.540212103105, 0.781633350418, 0.254924438146, 0.297993582194, 0.0400770106355, 0.745864567055, 0.538668124562, 0.82211531017, 0.696123941585, 0.680758130135, 0.210653614805, 0.204146948375, 0.351263863448, 0.649756394139, 8.23471896534, 4.16316018291, 3.90595228067, 28.0570755098, 33.8157658486, 1.4389764823, 1116.86716579, 422.918180953
0.552570814971, 0.988977013931, 0.855766020124, 0.273044866756, 0.24040493273, 0.0719698249482, 0.577684461643, 0.00985095802995, 0.693441372494, 0.492112384297, 0.295571382999, 0.137285460997, 0.483920883759, 0.187557490112, 0.200814892134, 0.675290388407, 0.496498261853, 0.594290900842, 0.760427886655, 0.109572515281, 0.385282714258, 0.477834231109, 4.98439390457, 295.387940882, 348.748669193
0.0240525046868, 0.63428863977, 0.996825424373, 0.620557546488, 0.488374697394, 0.317970961846, 0.305310979411, 0.590021982078, 0.31045930584, 0.489032669691, 0.694879688657, 0.595314954401, 0.0191422330957, 0.303358968248, 0.207503646509, 0.128585796438, 0.912051869805, 0.319872451448, 0.16635889992, 0.196718205576, 0.395988040259, 0.841084923117, 203.809596748, 314.87658707, 14.1779467844
0.120139066548, 0.411773391463, 0.602138539603, 0.890697196068, 0.665016147781, 0.207929793611, 0.722358516797, 0.396944223786, 0.31045930584, 0.489032669691, 0.694879688657, 0.595314954401, 0.0191422330957, 0.383823834093, 0.207503646509, 0.374164400096, 0.700154176767, 5.21832034358, 11.1969820406, 4.18463913795, 22.4561259823, 149.764206596, 210.693492836, 196.196572413, 62.1773762264
0.414246364804, 0.994374350329, 0.855766020124, 0.458282121975, 0.607446987566, 0.209945112057, 0.511641995255, 0.228224148942, 0.968798872991, 0.818539489959, 0.295571382999, 0.137285460997, 0.483920883759, 0.419782375164, 0.200814892134, 0.907998865483, 0.617192273499, 0.341684956194, 0.354416117325, 0.16850458051, 0.734092724706, 0.788977950344, 5.19138025852, 602.86756782, 458.983569319
0.715804626001, 0.623248296135, 0.602138539603, 0.620557546488, 0.488374697394, 0.317970961846, 0.826012916098, 0.396944223786, 0.31045930584, 0.489032669691, 0.694879688657, 0.595314954401, 0.0191422330957, 0.303358968248, 0.207503646509, 0.374164400096, 0.700154176767, 3.89689143294, 13.9019639089, 7.87743415992, 15.8570464087, 33.6806198764, 56.413659873, 103.488923785, 260.519641424
0.640458935734, 0.162135979498, 0.904316115051, 0.841074514443, 0.488374697394, 0.478399118357, 0.412840029424, 0.396944223786, 0.905871714209, 0.489032669691, 0.694879688657, 0.595314954401, 0.0191422330957, 0.303358968248, 0.204649630044, 0.620811748929, 0.700154176767, 2.00592174438, 1.52012903759, 2.35159367393, 3.32093240377, 18.76651402, 127.883017002, 33.6721441843, 210.938391383
0.171929810173, 0.988977013931, 0.979640492179, 0.882234885019, 0.0010753916437, 0.209945112057, 0.511641995255, 0.188407785888, 0.693441372494, 0.902393345901, 0.295571382999, 0.137285460997, 0.517412055529, 0.57915198844, 0.200814892134, 0.675290388407, 0.617192273499, 0.0354441554033, 0.036764802524, 0.017479559546, 9.11785141126e-05, 0.288453580062, 9.17305750082, 529.997356875, 146.741144169
0.0240525046868, 0.992078491957, 0.496110131026, 0.934952531526, 0.553495965805, 0.0134591103008, 0.264590619037, 0.0723412206227, 0.892174725164, 0.492112384297, 0.239743538975, 0.953527026992, 0.583599031815, 0.305843633769, 0.324563609528, 0.219452019111, 0.55475129032, 0.537635943506, 0.237273180448, 0.0124259980393, 0.695924418872, 8.88434947103, 8.82245047654, 1008.84389672, 38.1368212184
0.352521542938, 0.766456447138, 0.733681909608, 0.737334312289, 0.958665436297, 0.999729528259, 0.536691735667, 0.590021982078, 0.746477524348, 0.268047391109, 0.474181450313, 0.172392286059, 0.370825823735, 0.115922779179, 0.411236029934, 0.199623319385, 0.367088704957, 0.000889345793039, 0.00099825897724, 3.14684963834, 48.3985014388, 110.803254609, 272.066170067, 774.876829665, 513.226147554
0.987721362707, 0.981731654822, 0.0203198346614, 0.540212103105, 0.488374697394, 0.254924438146, 0.1018043153, 0.0400770106355, 0.601477441582, 0.538668124562, 0.82211531017, 0.696123941585, 0.680758130135, 0.210653614805, 0.204146948375, 0.351263863448, 0.649756394139, 0.237827585385, 0.0383594639895, 0.101974780012, 0.252211938905, 0.412447675453, 0.0175510591069, 19.160141425, 993.696226712
0.723186706617, 0.992078491957, 0.390116161534, 0.694723464085, 0.685099885207, 0.374259522064, 0.951431879753, 0.592472074414, 0.318445870066, 0.360648753885, 0.839475704166, 0.71291602939, 0.2004462316, 0.090997592629, 0.324563609528, 0.719221005443, 0.57797257005, 0.0461931925648, 0.604314606859, 0.403949152126, 1.35039052442, 2.95050879322, 2.33817179707, 326.694419454, 703.433085395
0.992320042603, 0.992078491957, 0.939592027902, 0.230677782782, 0.82236125608, 0.205495795876, 0.405390534242, 0.176909197383, 0.905871714209, 0.232744061053, 0.521833791414, 0.606463001299, 0.918755876925, 0.222356468061, 0.525518166318, 0.778664205114, 0.649756394139, 0.00258914045783, 0.00191482473238, 0.00107715443205, 0.0118518198896, 0.00467362213435, 0.138532952619, 11.1830697507, 927.032369915
0.0904359097615, 0.0330402877981, 0.4774937684, 0.250513360944, 0.36207390386, 0.201964761533, 0.49400287878, 0.550235168969, 0.745703634406, 0.632018395767, 0.97451350914, 0.30121260894, 0.621994338837, 0.10501664545, 0.584359682958, 0.17252831028, 0.584965772819, 379.662310451, 372.575825032, 174.653405291, 357.871247217, 275.864031711, 670.314038671, 51.0806863563, 140.826371608
0.0240525046868, 0.653369686581, 0.275653096181, 0.694723464085, 0.417306576875, 0.275257112499, 0.297993582194, 0.590021982078, 0.773554302337, 0.489032669691, 0.513965746899, 0.683207050052, 0.583599031815, 0.793701572604, 0.324563609528, 0.875976120695, 0.367088704957, 93.818334088, 47.430975428, 48.5154626066, 89.0272215261, 280.863675694, 146.33401884, 575.935213001, 25.4503882574
0.0310321276099, 0.0330402877981, 0.421651141194, 0.185550483011, 0.488374697394, 0.201964761533, 0.471433109362, 0.0400770106355, 0.745703634406, 0.360117952883, 0.583228737974, 0.696123941585, 0.710914824135, 0.368496474968, 0.584359682958, 0.0724805053589, 0.606505981531, 381.647510363, 348.84621683, 169.768190131, 524.693313057, 226.791766666, 615.486242123, 51.9911418056, 48.8918235244
0.297317906295, 0.992078491957, 0.00462608943306, 0.694723464085, 0.327569471108, 0.254924438146, 0.0329549201421, 0.550235168969, 0.908748788648, 0.625688094577, 0.78214316563, 0.643792124443, 0.680758130135, 0.420836833184, 0.152092362675, 0.394670635364, 0.837146698095, 4.67285632763, 0.242108887839, 1.98069819727, 2.87254208747, 11.2245009817, 0.0919349470529, 1016.7177173, 512.699258362
0.314062190455, 0.992078491957, 0.908432525431, 0.694723464085, 0.488374697394, 0.254924438146, 0.722358516797, 0.0400770106355, 0.598897148119, 0.492112384297, 0.78214316563, 0.643792124443, 0.680758130135, 0.419782375164, 0.204146948375, 0.394670635364, 0.772889127025, 0.152523325453, 0.327270237053, 0.152841464866, 0.378019371009, 1.04735645836, 8.15072013894, 661.841169493, 355.879856222
0.987721362707, 0.840559847272, 0.228546529515, 0.288728498211, 0.906967224493, 0.666943677101, 0.954449682958, 0.489690636718, 0.693441372494, 0.402799391608, 0.799800050404, 0.534310787875, 0.598286479697, 0.490546607451, 0.237894826108, 0.826107547818, 0.736584562997, 0.014392629915, 0.200810711797, 0.349057239698, 2.73775182524, 1.34881380603, 1.15523049039, 12.8531667031, 687.783003832
0.681202055722, 0.0508037769122, 0.904316115051, 0.888004974565, 0.488374697394, 0.478399118357, 0.722358516797, 0.396944223786, 0.31045930584, 0.489032669691, 0.694879688657, 0.595314954401, 0.0191422330957, 0.303358968248, 0.207503646509, 0.374164400096, 0.700154176767, 0.804879003106, 1.72703382491, 1.7802762951, 2.51411513035, 20.3772673812, 136.664265121, 11.0539652027, 253.360634618
0.974848570108, 0.63428863977, 0.996825424373, 0.694723464085, 0.199361968653, 0.317970961846, 0.0267774705706, 0.773765539105, 0.31045930584, 0.489032669691, 0.694879688657, 0.595314954401, 0.0101459451369, 0.386397843931, 0.207503646509, 0.675290388407, 0.700154176767, 0.0157232588435, 0.000661741263904, 0.00858638405216, 0.0058050454276, 0.0362370915286, 8.19060950026, 12.6541203487, 381.337431435
0.371677710456, 0.992078491957, 0.633088142213, 0.620557546488, 0.546598375477, 0.254924438146, 0.267689136259, 0.393845767479, 0.905871714209, 0.891999666774, 0.879992374223, 0.995357250105, 0.680758130135, 0.303358968248, 0.723376110337, 0.411670154368, 0.766003328502, 0.922446031118, 0.412475920398, 0.427735963128, 1.27092370374, 2.47532469172, 4.60195765922, 441.072241747, 291.419685154
0.414086889483, 0.609005354006, 0.246172076135, 0.436628428515, 0.50617245736, 0.359990819899, 0.399819339317, 0.465077982717, 0.796384247547, 0.494254634944, 0.797836605189, 0.398291710377, 0.521142635565, 0.615473334949, 0.297144064938, 0.394670635364, 0.513665509914, 56.1077172065, 40.7403205862, 44.0022486134, 83.7302511828, 95.9815168655, 61.7089059257, 232.05244659, 216.054622013
0.190128465018, 0.992078491957, 0.275653096181, 0.694723464085, 0.329256947223, 0.22668483527, 0.0965532386087, 0.313649943567, 0.905871714209, 0.116610176518, 0.78214316563, 0.643792124443, 0.680758130135, 0.419782375164, 0.723376110337, 0.077790751869, 0.649756394139, 3.6878330387, 0.563645316999, 1.3875404429, 2.26419056558, 8.80610067998, 4.58810524224, 878.732882118, 270.548593014
0.153388624531, 0.763399510216, 0.496110131026, 0.668258435379, 0.182660978331, 0.782975541183, 0.10445070384, 0.269742774447, 0.693441372494, 0.571352716472, 0.492780944834, 0.689223569664, 0.913670757286, 0.600528322125, 0.324563609528, 0.219452019111, 0.69566004419, 21.506041972, 3.56051940913, 61.448102026, 19.2382785502, 118.426222724, 134.891548504, 492.456598658, 129.870698673
0.120139066548, 0.63428863977, 0.602138539603, 0.540212103105, 0.665016147781, 0.207929793611, 0.788278901515, 0.396944223786, 0.31045930584, 0.489032669691, 0.694879688657, 0.689008945181, 0.0191422330957, 0.383823834093, 0.207503646509, 0.374164400096, 0.700154176767, 11.307645653, 32.7378527306, 11.7327473574, 62.961714043, 82.643536866, 152.674343869, 290.84563645, 66.1685378138
0.371677710456, 0.992078491957, 0.275653096181, 0.458282121975, 0.0191621087062, 0.421835444611, 0.297993582194, 0.0400770106355, 0.905871714209, 0.602007009564, 0.78214316563, 0.683207050052, 0.680758130135, 0.544538115999, 0.419828925051, 0.675290388407, 0.649756394139, 4.89045570349, 2.47242808731, 4.27601904545, 0.209281068333, 6.09747192762, 4.27517678176, 818.799529797, 540.986891926
0.0590500658786, 0.966505460537, 0.998604710441, 0.259362266973, 0.417306576875, 0.312458000154, 0.678705127672, 0.0239063156745, 0.57224754138, 0.437053385045, 0.78214316563, 0.375485044302, 0.884792621456, 0.491472852777, 0.493299622336, 0.355970629103, 0.794213516529, 0.030523400711, 0.0552553418456, 0.0337359371259, 0.0550356274884, 0.0389636304187, 44.8672004664, 851.991259357, 79.3642250446
0.640458935734, 0.162135979498, 0.572164628239, 0.841074514443, 0.488374697394, 0.374259522064, 0.412840029424, 0.396944223786, 0.905871714209, 0.489032669691, 0.694879688657, 0.595314954401, 0.0191422330957, 0.303358968248, 0.204649630044, 0.374164400096, 0.700154176767, 10.6919706322, 8.10259676008, 8.9412648781, 15.543618667, 87.8366380794, 113.937162523, 37.904103938, 237.449408263
0.222374728429, 0.448991448488, 0.996211140968, 0.694723464085, 0.0010753916437, 0.209945112057, 0.511641995255, 0.188407785888, 0.905871714209, 0.902393345901, 0.295571382999, 0.539570361717, 0.583599031815, 0.98921879082, 0.200814892134, 0.675290388407, 0.617192273499, 0.675869400709, 0.701052254353, 0.333310225638, 0.00173864398769, 1.97930415342, 374.844485681, 319.127455985, 179.314786061
0.585734708688, 0.992078491957, 0.633088142213, 0.273044866756, 0.546598375477, 0.254924438146, 0.267689136259, 0.335512893707, 0.693441372494, 0.891999666774, 0.895940747382, 0.66090569983, 0.680758130135, 0.419782375164, 0.813553721171, 0.394670635364, 0.766003328502, 1.54207939188, 0.689547783862, 0.715058433396, 2.12463947598, 1.28357720265, 4.74878176877, 455.144522271, 597.857789452
0.208731236223, 0.992078491957, 0.275653096181, 0.694723464085, 0.00952595078143, 0.628049618156, 0.0333538268512, 0.0423599274251, 0.905871714209, 0.539896114989, 0.78214316563, 0.416506016607, 0.680758130135, 0.388493859767, 0.493299622336, 0.394670635364, 0.795128785082, 1.77096622972, 0.0928695733885, 2.68180190716, 0.0481125131821, 6.18349822287, 3.22169160253, 617.031693415, 209.900475899
0.0904359097615, 0.0330402877981, 0.634698181588, 0.250513360944, 0.111242841411, 0.201964761533, 0.471433109362, 0.550235168969, 0.833662716172, 0.632018395767, 0.97451350914, 0.30121260894, 0.621994338837, 0.10501664545, 0.584359682958, 0.17252831028, 0.837940174049, 375.528832066, 343.25341793, 167.046419617, 94.5355520342, 225.750983447, 910.895301335, 56.3414087709, 155.329866031
0.998090116582, 0.50027821146, 0.022815274532, 0.649529581553, 0.857337280474, 0.374259522064, 0.405390534242, 0.280998363268, 0.651222119797, 0.0199247057897, 0.583228737974, 0.269947204208, 0.355847201913, 0.222356468061, 0.324563609528, 0.933357374201, 0.606505981531, 0.183871774152, 0.135984210384, 0.152423381765, 1.20582136962, 2.01484126026, 0.0847624365682, 2.36772037607, 1115.64920896
0.0722728694878, 0.0330402877981, 0.421651141194, 0.185550483011, 0.258765403307, 0.824650691784, 0.612744632866, 0.0400770106355, 0.745703634406, 0.602902548124, 0.466350985162, 0.696123941585, 0.710914824135, 0.368496474968, 0.584359682958, 0.0724805053589, 0.794213516529, 99.5077886288, 142.890809051, 616.107180912, 275.583825575, 209.113670783, 567.509964313, 47.9385061946, 105.361595506
0.297317906295, 0.992078491957, 0.00462608943306, 0.777838991898, 0.327569471108, 0.201964761533, 0.0329549201421, 0.550235168969, 0.964809967015, 0.625688094577, 0.688050693559, 0.643792124443, 0.680758130135, 0.0505464143371, 0.0436870557312, 0.394670635364, 0.830188018353, 4.28024779542, 0.221767150703, 1.40724104124, 2.55030976428, 14.2419499053, 0.110131102324, 1217.95080704, 614.174873582
