0.291164755832, 0.733615496891, 0.703065863195, 0.700506032011, 0.17779177518, 0.793531559361, 0.71544701692, 0.316001704486, 0.488657183477, 0.601103230595, 0.492214423471, 0.595384217833, 95.2042612401, 214.087590797, 115.315318504
0.947150001016, 0.380416406602, 0.697976917771, 0.496608043771, 0.426492460723, 0.491207067478, 0.384338043684, 0.198865498826, 0.709864297082, 0.279805919218, 0.490214067894, 0.595316103836, 21.2320016331, 14.4495641587, 308.654174474
0.0178461373305, 0.450527955649, 0.485173082974, 0.677266755007, 0.306274211962, 0.797177401242, 0.571915190415, 0.209170303991, 0.305168533449, 0.279805919218, 0.305836344154, 0.407015267908, 304.961993458, 260.899851716, 11.2534571067
0.291164755832, 0.775975780282, 0.703065863195, 0.700506032011, 0.17779177518, 0.793531559361, 0.71544701692, 0.316001704486, 0.488657183477, 0.601103230595, 0.492214423471, 0.595384217833, 80.7588355153, 219.943989183, 115.315318504
0.999827040359, 0.907927163727, 0.768752798023, 0.496608043771, 0.426492460723, 0.491207067478, 0.601872308664, 0.198865498826, 0.709864297082, 0.065824886516, 0.490214067894, 0.595316103836, 0.019753333679, 0.135626971815, 504.474747375
0.0178461373305, 0.965424296458, 0.485173082974, 0.677266755007, 0.741829343319, 0.797177401242, 0.571915190415, 0.209170303991, 0.488657183477, 0.279805919218, 0.756802611671, 0.407015267908, 42.6258752192, 784.070466345, 22.0177950463
0.997962851254, 0.056319065623, 0.392098165643, 0.382319286297, 0.276207444982, 0.79439138297, 0.216931813934, 0.997107380378, 0.497006690223, 0.119475890364, 0.309501951302, 0.696067860994, 1.20910888475, 0.107244680954, 379.335047689
0.0305757997878, 0.021372486547, 0.697976917771, 0.532140358432, 0.306274211962, 0.189772535981, 0.484466040822, 0.332516012142, 0.516612013143, 0.550709931488, 0.559779367426, 0.28631281764, 852.295058516, 28.6238536354, 40.9889290357
0.999769320152, 0.988037583186, 0.642586003726, 0.700506032011, 0.17779177518, 0.103651579635, 0.530028109778, 0.0128758781022, 0.962826634405, 0.253353857972, 0.488959063632, 0.592338062702, 0.00628722974242, 0.334556447683, 923.456681808
0.997962851254, 0.733615496891, 0.599233828152, 0.700506032011, 0.276207444982, 0.605184951476, 0.216931813934, 0.915296493084, 0.725066788548, 0.601103230595, 0.309501951302, 0.696067860994, 0.473248548112, 1.06420280137, 363.969074774
0.907796170823, 0.056319065623, 0.599233828152, 0.382319286297, 0.493994195779, 0.480328158136, 0.216931813934, 0.314559625367, 0.497006690223, 0.477616474539, 0.309501951302, 0.696067860994, 50.0996460262, 4.44370281432, 344.838571538
0.0178461373305, 0.450527955649, 0.485173082974, 0.677266755007, 0.306274211962, 0.797177401242, 0.571915190415, 0.209170303991, 0.305168533449, 0.279805919218, 0.305836344154, 0.407015267908, 304.961993458, 260.899851716, 11.2534571067
0.0691872709492, 0.990994905038, 0.90602298326, 0.389027909195, 0.276207444982, 0.605184951476, 0.259463299295, 0.59477669825, 0.497006690223, 0.601103230595, 0.286691368592, 0.787933986354, 5.95508264893, 420.969520366, 45.936166201
0.999827040359, 0.907927163727, 0.768752798023, 0.496608043771, 0.426492460723, 0.491207067478, 0.601872308664, 0.198865498826, 0.709864297082, 0.065824886516, 0.490214067894, 0.595316103836, 0.019753333679, 0.135626971815, 504.474747375
0.0178461373305, 0.965424296458, 0.485173082974, 0.677266755007, 0.741829343319, 0.797177401242, 0.571915190415, 0.209170303991, 0.488657183477, 0.279805919218, 0.756802611671, 0.407015267908, 42.6258752192, 784.070466345, 22.0177950463
0.0415184926716, 0.801322508226, 0.703065863195, 0.700506032011, 0.17779177518, 0.793531559361, 0.242559758075, 0.316001704486, 0.497006690223, 0.601103230595, 0.492214423471, 0.473622067464, 150.106758623, 465.267648031, 31.9287718574
0.0740747150261, 0.0441691544813, 0.591298407441, 0.00526010643859, 0.172489923622, 0.682760531989, 0.0948253771111, 0.389377164774, 0.307112752245, 0.474811791989, 0.613866341329, 0.615398345168, 465.553611683, 32.3523847972, 54.5471218968
0.176805253934, 0.954623597138, 0.485173082974, 0.499543955147, 0.717590653725, 0.79439138297, 0.71544701692, 0.387521941115, 0.497006690223, 0.600580368048, 0.219496312905, 0.695763553922, 19.0977337946, 267.482610911, 76.4515045944
0.0141963247723, 0.885045553604, 0.993378270297, 0.0872649326134, 0.220234522139, 0.602672720541, 0.601872308664, 0.116462670689, 0.615281680237, 0.982146112632, 0.654047826494, 0.378976884084, 112.592624656, 616.74823361, 13.982818745
0.947150001016, 0.380416406602, 0.697976917771, 0.496608043771, 0.426492460723, 0.491207067478, 0.384338043684, 0.198865498826, 0.709864297082, 0.279805919218, 0.490214067894, 0.595316103836, 21.2320016331, 14.4495641587, 308.654174474
0.0178461373305, 0.132885384858, 0.591298407441, 0.700506032011, 0.206879582884, 0.793531559361, 0.422626905992, 0.420408243259, 0.307112752245, 0.991380964393, 0.305836344154, 0.615398345168, 312.900786575, 66.2790342466, 8.96840698216
0.999827040359, 0.907927163727, 0.768752798023, 0.496608043771, 0.426492460723, 0.491207067478, 0.601872308664, 0.198865498826, 0.709864297082, 0.065824886516, 0.490214067894, 0.595316103836, 0.019753333679, 0.135626971815, 504.474747375
0.997962851254, 0.056319065623, 0.392098165643, 0.382319286297, 0.276207444982, 0.79439138297, 0.216931813934, 0.997107380378, 0.497006690223, 0.119475890364, 0.309501951302, 0.696067860994, 1.20910888475, 0.107244680954, 379.335047689
0.997962851254, 0.0145368241359, 0.108990202296, 0.382319286297, 0.276207444982, 0.79439138297, 0.216931813934, 0.314559625367, 0.497006690223, 0.279805919218, 0.309501951302, 0.696067860994, 1.30412567541, 0.0297840909716, 407.651061485
0.999827040359, 0.907927163727, 0.768752798023, 0.496608043771, 0.426492460723, 0.491207067478, 0.601872308664, 0.198865498826, 0.709864297082, 0.065824886516, 0.490214067894, 0.595316103836, 0.019753333679, 0.135626971815, 504.474747375
0.502933774393, 0.0205351531948, 0.599233828152, 0.487294176853, 0.219049183767, 0.114514657216, 0.610037040669, 0.202306049838, 0.411499093682, 0.806954996062, 0.480158275983, 0.799755000874, 217.705150587, 7.02485218246, 219.835340571
0.999769320152, 0.199828950672, 0.599233828152, 0.868633337801, 0.28003448291, 0.79439138297, 0.71544701692, 0.387521941115, 0.497006690223, 0.720945546453, 0.219496312905, 0.592338062702, 0.16868001459, 0.054757357186, 489.429176747
0.0415184926716, 0.0441691544813, 0.703065863195, 0.700506032011, 0.17779177518, 0.793531559361, 0.242559758075, 0.316001704486, 0.497006690223, 0.601103230595, 0.492214423471, 0.473622067464, 487.706231004, 33.8918209579, 31.9287718574
0.00534188682617, 0.230949299044, 0.282894145906, 0.791782107669, 0.312018658953, 0.79439138297, 0.468863236694, 0.387521941115, 0.305168533449, 0.207073582293, 0.82271711301, 0.695763553922, 396.538593175, 150.515558852, 3.55907931126
0.999953034775, 0.0539256785719, 0.452704766307, 0.532140358432, 0.426492460723, 0.793531559361, 0.71544701692, 0.650941931394, 0.214823667361, 0.065824886516, 0.559779367426, 0.695763553922, 0.0831694229192, 0.00706186865456, 1131.42907796
0.0141963247723, 0.0441691544813, 0.993378270297, 0.628021714485, 0.310511438833, 0.602672720541, 0.601872308664, 0.116462670689, 0.599546425607, 0.9927027758, 0.533230926138, 0.378976884084, 507.371294568, 35.258391182, 11.3433102354
0.477617090591, 0.26298700514, 0.392098165643, 0.499543955147, 0.306274211962, 0.793531559361, 0.484466040822, 0.124718621774, 0.305168533449, 0.601103230595, 0.613866341329, 0.407015267908, 171.77893989, 75.2942524571, 174.810252556
0.00861155353696, 0.380416406602, 0.889453076971, 0.496608043771, 0.426492460723, 0.605184951476, 0.71544701692, 0.374959040019, 0.0209830882031, 0.00987934956876, 0.507893353842, 0.595316103836, 383.360727914, 260.898408433, 6.27308051105
0.999827040359, 0.056319065623, 0.768752798023, 0.496608043771, 0.426492460723, 0.491207067478, 0.384338043684, 0.314019659249, 0.709864297082, 0.065824886516, 0.490214067894, 0.696067860994, 0.157199457929, 0.0139431658508, 580.882162216
0.641016992152, 0.056319065623, 0.599233828152, 0.503383648422, 0.276207444982, 0.39410494812, 0.316651047847, 0.314559625367, 0.497006690223, 0.588927285996, 0.309501951302, 0.696067860994, 137.89406053, 12.2308294261, 218.911516379
0.211221297304, 0.0140142560621, 0.703065863195, 0.496608043771, 0.495161885239, 0.604905967724, 0.384338043684, 0.374959040019, 0.514600578631, 0.282916132774, 0.492214423471, 0.615398345168, 302.469217181, 6.6594945558, 104.232319653
0.288087406448, 0.26298700514, 0.282894145906, 0.499543955147, 0.696726650371, 0.405350460109, 0.484466040822, 0.124718621774, 0.497006690223, 0.600580368048, 0.613866341329, 0.407015267908, 228.259558554, 100.050872584, 121.166502055
0.0305757997878, 0.021372486547, 0.697976917771, 0.366677202735, 0.306274211962, 0.189772535981, 0.484466040822, 0.332516012142, 0.516612013143, 0.550709931488, 0.559779367426, 0.28631281764, 860.523540787, 28.9002026178, 41.3846566332
0.0415184926716, 0.801322508226, 0.703065863195, 0.700506032011, 0.17779177518, 0.793531559361, 0.242559758075, 0.316001704486, 0.488657183477, 0.601103230595, 0.492214423471, 0.473622067464, 157.027449546, 486.718871267, 33.4008518863
0.0305757997878, 0.021372486547, 0.697976917771, 0.366677202735, 0.306274211962, 0.189772535981, 0.116657525334, 0.332516012142, 0.516612013143, 0.550709931488, 0.559779367426, 0.28631281764, 881.141116623, 29.5926323898, 42.37620568
0.291164755832, 0.775975780282, 0.703065863195, 0.809500536065, 0.17779177518, 0.797177401242, 0.71544701692, 0.316001704486, 0.488657183477, 0.601103230595, 0.492214423471, 0.595384217833, 85.842954356, 233.790416911, 122.574917775
0.00861155353696, 0.380416406602, 0.599233828152, 0.496608043771, 0.426492460723, 0.491207067478, 0.610037040669, 0.374959040019, 0.0209830882031, 0.00987934956876, 0.507893353842, 0.718633551095, 388.48836375, 264.388051298, 6.35698600812
0.0141963247723, 0.0441691544813, 0.993378270297, 0.468707498768, 0.310511438833, 0.602672720541, 0.601872308664, 0.116462670689, 0.599546425607, 0.982146112632, 0.533230926138, 0.548776675576, 693.420171237, 48.1873529558, 15.5028087123
0.211221297304, 0.733615496891, 0.703065863195, 0.496608043771, 0.493994195779, 0.491207067478, 0.384338043684, 0.374959040019, 0.514600578631, 0.572698749271, 0.492214423471, 0.595316103836, 134.485625, 302.420323189, 114.027904597
0.00861155353696, 0.25938861539, 0.987945610213, 0.496608043771, 0.426492460723, 0.491207067478, 0.855359291458, 0.467948983595, 0.497006690223, 0.00987934956876, 0.812892919217, 0.595316103836, 568.895693427, 245.534764078, 8.38211641906
0.0415184926716, 0.801322508226, 0.703065863195, 0.700506032011, 0.17779177518, 0.682760531989, 0.242559758075, 0.316001704486, 0.488657183477, 0.279805919218, 0.492214423471, 0.473622067464, 191.824894979, 594.576277172, 40.8025152533
0.0178461373305, 0.965424296458, 0.920067680169, 0.677266755007, 0.741829343319, 0.797177401242, 0.571915190415, 0.209170303991, 0.488657183477, 0.279805919218, 0.756802611671, 0.681354266935, 48.0942615776, 884.657262983, 24.8424129445
0.0740747150261, 0.733615496891, 0.591298407441, 0.00526010643859, 0.172489923622, 0.682760531989, 0.0948253771111, 0.389377164774, 0.307112752245, 0.474811791989, 0.613866341329, 0.615398345168, 189.625406262, 426.414173607, 54.5471218968
0.0305757997878, 0.021372486547, 0.697976917771, 0.532140358432, 0.34028142615, 0.189772535981, 0.484466040822, 0.332516012142, 0.516612013143, 0.550709931488, 0.559779367426, 0.28631281764, 1025.05411367, 34.4258700373, 49.2973294905
0.0691872709492, 0.990994905038, 0.90602298326, 0.389027909195, 0.276207444982, 0.605184951476, 0.259463299295, 0.59477669825, 0.497006690223, 0.520858846482, 0.305836344154, 0.407015267908, 6.24608857681, 441.540960446, 48.180920381
0.0178461373305, 0.0441691544813, 0.687787052521, 0.675482164683, 0.67055129898, 0.793531559361, 0.71544701692, 0.314559625367, 0.860286035467, 0.332760447154, 0.309501951302, 0.40861537838, 746.890740012, 51.9031450213, 20.9933179236
0.997962851254, 0.733615496891, 0.599233828152, 0.700506032011, 0.0289917232363, 0.605184951476, 0.216931813934, 0.2856806746, 0.725066788548, 0.601103230595, 0.309501951302, 0.696067860994, 0.514853819004, 1.15776134689, 395.96712741
0.0178461373305, 0.0441691544813, 0.687787052521, 0.675482164683, 0.67055129898, 0.793531559361, 0.71544701692, 0.314559625367, 0.652956289046, 0.332760447154, 0.309501951302, 0.40861537838, 754.67536119, 52.4441161437, 21.2121250644
0.0178461373305, 0.95497093599, 0.52939662024, 0.00341021064667, 0.220234522139, 0.544878552961, 0.2125198118, 0.461995627229, 0.48254254136, 0.370045638371, 0.488959063632, 0.522799367785, 66.0891394452, 932.80787387, 26.221490514
0.0178461373305, 0.95497093599, 0.52939662024, 0.0340121389509, 0.220234522139, 0.544878552961, 0.2125198118, 0.328620919262, 0.456584713213, 0.370045638371, 0.420798101127, 0.522799367785, 86.5486453949, 1221.5813154, 34.3389928099
0.0178461373305, 0.95497093599, 0.52939662024, 0.0340121389509, 0.220234522139, 0.544878552961, 0.2125198118, 0.328620919262, 0.456584713213, 0.370045638371, 0.420798101127, 0.522799367785, 86.5486453949, 1221.5813154, 34.3389928099
0.999827040359, 0.0539256785719, 0.452704766307, 0.532140358432, 0.426492460723, 0.793531559361, 0.71544701692, 0.650941931394, 0.305168533449, 0.065824886516, 0.559779367426, 0.362244614846, 0.340653739582, 0.0289247163341, 1258.37021448
0.0178461373305, 0.95497093599, 0.52939662024, 0.0340121389509, 0.220234522139, 0.544878552961, 0.2125198118, 0.328620919262, 0.456584713213, 0.15084975386, 0.420798101127, 0.522799367785, 92.1811819375, 1301.08113157, 36.5737549019
0.997962851254, 0.0145368241359, 0.485173082974, 0.382319286297, 0.276207444982, 0.79439138297, 0.216931813934, 0.314559625367, 0.497006690223, 0.279805919218, 0.309501951302, 0.696067860994, 1.33465804614, 0.0304814002301, 417.195044534
0.0178461373305, 0.132885384858, 0.591298407441, 0.700506032011, 0.206879582884, 0.797177401242, 0.422626905992, 0.420408243259, 0.307112752245, 0.474811791989, 0.305836344154, 0.615398345168, 368.08364803, 77.9679366753, 10.5500660294
0.288087406448, 0.230949299044, 0.599233828152, 0.868633337801, 0.308537814479, 0.79439138297, 0.71544701692, 0.387521941115, 0.497006690223, 0.600580368048, 0.219496312905, 0.695763553922, 294.236735763, 111.684480352, 153.009025992
0.288087406448, 0.230949299044, 0.599233828152, 0.868633337801, 0.308537814479, 0.79439138297, 0.71544701692, 0.387521941115, 0.497006690223, 0.600580368048, 0.219496312905, 0.695763553922, 294.236735763, 111.684480352, 153.009025992
0.0178461373305, 0.230949299044, 0.282894145906, 0.791782107669, 0.312018658953, 0.79439138297, 0.468863236694, 0.387521941115, 0.305168533449, 0.600580368048, 0.219496312905, 0.695763553922, 359.608337615, 136.497810895, 10.7853711109
0.0691872709492, 0.874903991154, 0.90602298326, 0.389027909195, 0.276207444982, 0.605184951476, 0.259463299295, 0.328620919262, 0.497006690223, 0.209829322713, 0.286691368592, 0.787933986354, 110.318139668, 554.169945449, 61.6513664684
0.0740747150261, 0.801322508226, 0.591298407441, 0.00526010643859, 0.172489923622, 0.682760531989, 0.0948253771111, 0.389377164774, 0.307112752245, 0.474811791989, 0.613866341329, 0.615398345168, 143.288601155, 444.134235263, 54.5471218968
0.00861155353696, 0.380416406602, 0.889453076971, 0.496608043771, 0.426492460723, 0.491207067478, 0.855359291458, 0.467948983595, 0.497006690223, 0.00987934956876, 0.507893353842, 0.595316103836, 476.202247671, 324.082253249, 7.79228236402
0.997962851254, 0.733615496891, 0.599233828152, 0.700506032011, 0.232635511085, 0.605184951476, 0.216931813934, 0.314559625367, 0.725066788548, 0.601103230595, 0.309501951302, 0.696067860994, 0.523092029861, 1.17628676468, 402.303024256
0.907796170823, 0.056319065623, 0.599233828152, 0.382319286297, 0.493994195779, 0.480328158136, 0.216931813934, 0.314559625367, 0.488657183477, 0.477616474539, 0.309501951302, 0.696067860994, 53.3469701508, 4.73173166275, 367.190079009
0.502933774393, 0.0205351531948, 0.599233828152, 0.677266755007, 0.219049183767, 0.687585424563, 0.610037040669, 0.202306049838, 0.411499093682, 0.180326781215, 0.480158275983, 0.799755000874, 285.282168424, 9.20540950946, 288.073582482
0.270837163006, 0.0127702600745, 0.703065863195, 0.700506032011, 0.280644543792, 0.317182998674, 0.211121606139, 0.0974376308845, 0.962826634405, 0.601103230595, 0.488959063632, 0.615398345168, 406.37872039, 8.15283839533, 184.167800952
0.160887733788, 0.056319065623, 0.599233828152, 0.525103557869, 0.219049183767, 0.687585424563, 0.610037040669, 0.202306049838, 0.411499093682, 0.12935740105, 0.480158275983, 0.799755000874, 463.613189865, 41.1212333812, 120.195014319
0.160887733788, 0.0268457228426, 0.599233828152, 0.525103557869, 0.219049183767, 0.759380541923, 0.610037040669, 0.975092696527, 0.411499093682, 0.00987934956876, 0.507893353842, 0.799755000874, 576.526508014, 24.3260610804, 149.016564568
0.0691872709492, 0.874903991154, 0.90602298326, 0.389027909195, 0.431084755507, 0.491207067478, 0.259463299295, 0.328620919262, 0.497006690223, 0.209829322713, 0.286691368592, 0.787933986354, 119.803476858, 601.818399354, 66.9522535293
0.160887733788, 0.056319065623, 0.599233828152, 0.525103557869, 0.219049183767, 0.687585424563, 0.610037040669, 0.202306049838, 0.411499093682, 0.12935740105, 0.480158275983, 0.799755000874, 463.613189865, 41.1212333812, 120.195014319
0.00861155353696, 0.380416406602, 0.889453076971, 0.496608043771, 0.426492460723, 0.605184951476, 0.855359291458, 0.374959040019, 0.0209830882031, 0.00987934956876, 0.507893353842, 0.595316103836, 514.674940302, 350.265071531, 8.42182597863
0.176805253934, 0.954623597138, 0.348299064931, 0.499543955147, 0.717590653725, 0.79439138297, 0.71544701692, 0.387521941115, 0.497006690223, 0.922448467358, 0.219496312905, 0.362244614846, 48.4480806386, 678.56318672, 193.94597806
0.00861155353696, 0.380416406602, 0.889453076971, 0.496608043771, 0.426492460723, 0.491207067478, 0.855359291458, 0.374959040019, 0.0209830882031, 0.00987934956876, 0.507893353842, 0.595316103836, 521.716828363, 355.057470058, 8.53705512847
0.160887733788, 0.0268457228426, 0.599233828152, 0.525103557869, 0.219049183767, 0.759380541923, 0.610037040669, 0.202306049838, 0.411499093682, 0.12935740105, 0.480158275983, 0.799755000874, 617.309254748, 26.0468554833, 159.557805477
0.291164755832, 0.733615496891, 0.703065863195, 0.700506032011, 0.17779177518, 0.793531559361, 0.71544701692, 0.316001704486, 0.563401424484, 0.601103230595, 0.492214423471, 0.595384217833, 147.207963164, 331.029281352, 178.304342027
0.997962851254, 0.733615496891, 0.599233828152, 0.700506032011, 0.276207444982, 0.605184951476, 0.216931813934, 0.915296493084, 0.725066788548, 0.601103230595, 0.309501951302, 0.17220443826, 0.631018098359, 1.41898211979, 485.307507739
0.999827040359, 0.907927163727, 0.768752798023, 0.496608043771, 0.426492460723, 0.491207067478, 0.384338043684, 0.198865498826, 0.709864297082, 0.065824886516, 0.490214067894, 0.595316103836, 0.0214858014124, 0.147522146385, 548.719746036
0.0740747150261, 0.733615496891, 0.591298407441, 0.00526010643859, 0.172489923622, 0.682760531989, 0.0948253771111, 0.389377164774, 0.307112752245, 0.474811791989, 0.613866341329, 0.760813894676, 246.126211025, 553.468582857, 70.7999877202
0.997962851254, 0.0145368241359, 0.485173082974, 0.382319286297, 0.276207444982, 0.79439138297, 0.199703111381, 0.915296493084, 0.497006690223, 0.279805919218, 0.21654369012, 0.696067860994, 1.34602573393, 0.03074101957, 420.74842139
0.0691872709492, 0.874903991154, 0.90602298326, 0.389027909195, 0.431084755507, 0.491207067478, 0.259463299295, 0.374959040019, 0.0209830882031, 0.209829322713, 0.286691368592, 0.787933986354, 133.882148535, 672.540918233, 74.8201286546
0.125464906213, 0.26298700514, 0.392098165643, 0.499543955147, 0.306274211962, 0.789085912592, 0.484466040822, 0.0354381428152, 0.305168533449, 0.279805919218, 0.613866341329, 0.407015267908, 372.451486612, 163.253168747, 81.1983118604
0.999087807115, 0.0441691544813, 0.681459614757, 0.168090244814, 0.280644543792, 0.79439138297, 0.71544701692, 0.623163193958, 0.488657183477, 0.14264451258, 0.29951108214, 0.548776675576, 1.24586858567, 0.0865782562501, 871.588515755
0.999087807115, 0.0441691544813, 0.681459614757, 0.168090244814, 0.280644543792, 0.79439138297, 0.71544701692, 0.623163193958, 0.488657183477, 0.14264451258, 0.29951108214, 0.548776675576, 1.24586858567, 0.0865782562501, 871.588515755
0.999769320152, 0.223658462914, 0.642586003726, 0.700506032011, 0.390158261866, 0.103651579635, 0.687319710144, 0.0128758781022, 0.962826634405, 0.253353857972, 0.488959063632, 0.592338062702, 0.256080367366, 0.0938604321782, 752.694567141
0.0178461373305, 0.132885384858, 0.591298407441, 0.767692808146, 0.206879582884, 0.797177401242, 0.422626905992, 0.420408243259, 0.307112752245, 0.474811791989, 0.305836344154, 0.615398345168, 512.238695482, 108.503038333, 14.6818585641
0.999769320152, 0.907927163727, 0.642586003726, 0.700506032011, 0.17779177518, 0.317182998674, 0.530028109778, 0.0974376308845, 0.962826634405, 0.601103230595, 0.488959063632, 0.592338062702, 0.0376785467897, 0.258702013874, 721.486626971
0.999769320152, 0.199828950672, 0.642586003726, 0.700506032011, 0.17779177518, 0.103651579635, 0.530028109778, 0.0128758781022, 0.962826634405, 0.253353857972, 0.925473823994, 0.592338062702, 0.352025675526, 0.114275515688, 1021.41108409
0.998543018232, 0.056319065623, 0.392098165643, 0.382319286297, 0.276207444982, 0.79439138297, 0.216931813934, 0.0837981219234, 0.497006690223, 0.25093489641, 0.309501951302, 0.696067860994, 1.23868277363, 0.109867804741, 543.359172846
