0.157328721571, 0.874819371292, 2.01338597668, 0.705714129928, 87.6335091082, 7.33505328153, 0.758714860534, 1.97409485418, 19.8246962755, 82.668099571, 0.0955972979862, 0.5
0.145408674871, 1.05193608899, 2.23503073375, 0.81611743151, 88.2468171631, 4.57011409903, 0.502341976214, 1.71901324251, 10.5657403633, 139.630543635, 0.0174731627025, 0.3
0.138491030032, 0.840812537969, 2.01310382914, 0.62390196373, 97.9342302099, 1.19334055572, 1.11278988349, 3.18452171618, 15.6079388929, 156.48767425, 0.010966419916, 0.101694915254
0.130388066833, 0.830514563181, 2.68912486884, 0.739324111485, 95.1469216154, 3.74778138253, 0.291609795969, 2.45420083791, 18.1467889521, 122.213754479, 0.0214832722889, 0.0
0.127679520214, 1.01045325866, 3.16953625802, 0.820549702914, 85.1013058892, 7.61343196081, 0.401626553127, 0.549722216345, 11.4872148435, 225.809654973, 0.00163804466785, 0.0
0.145349822446, 0.950550161043, 2.23503073375, 0.786487020532, 88.2468171631, 4.57011409903, 0.470401104328, 1.71901324251, 10.5536738518, 93.3768108788, 0.0532603250628, 0.625
0.112331836896, 1.00559497758, 6.63909173682, 0.910148349057, 91.0394930047, 4.28019135758, 0.71699866057, 2.24813344354, 18.1846085279, 366.62016222, 0.0, 0.0
0.139838670242, 0.959560347671, 3.81943078856, 0.923914963836, 92.1034417414, 2.00182952763, 0.762299255642, 1.44795168597, 14.850245029, 140.27844094, 0.0147697725329, 0.0833333333333
0.162252851354, 0.871668509906, 2.04503313596, 0.896658746251, 88.2449445539, 7.01008563166, 0.491591525783, 1.7096390958, 10.7079912291, 93.7797250054, 0.0357231152633, 0.0
0.145408674871, 0.871668509906, 2.04503313596, 0.896086774404, 88.2468171631, 4.57011409903, 0.502341976214, 1.71901324251, 10.5657403633, 93.4494660233, 0.0352935026006, 0.266666666667
0.138491030032, 0.839764082261, 3.3094495697, 0.703782670795, 97.927222349, 1.26592464071, 1.18054285064, 3.28353685257, 15.6079388929, 223.844961758, 0.00765787641219, 0.0
0.133230393039, 0.872121029627, 3.26938970888, 0.868603551022, 94.9337021667, 5.98457207459, 0.772109650921, 3.4024839619, 16.5347880658, 87.8442815393, 0.0671127423807, 0.4
0.124956295504, 1.03151695106, 3.78784640162, 0.816897039424, 94.6853769203, 1.04925376108, 0.178495374987, 3.51397527565, 18.1352749452, 199.222408444, 0.00961214377944, 0.181818181818
0.151870192569, 1.09498280771, 2.04678074212, 0.628593777355, 91.0899896735, 1.45842705573, 1.82246263945, 0.325545771955, 14.146337978, 160.683214488, 0.0117591703529, 0.0
0.143933594723, 1.05206538794, 2.03018763683, 0.751775793388, 88.0998516814, 1.07769741113, 1.8315666454, 4.09752514045, 18.4486303295, 187.164268981, 0.0105289633988, 0.0681818181818
0.145408674871, 1.05193608899, 2.23503073375, 0.813277223553, 96.0711739623, 4.52342465709, 0.502263361611, 1.70511599982, 10.5657403633, 136.261442046, 0.0257239601972, 0.0
0.143253116005, 0.933963776194, 6.12012200402, 0.845586095933, 92.9260264995, 1.82423253699, 0.864638562869, 3.42480903137, 14.7080761573, 324.915385479, 0.00580124040825, 0.0
0.101221078855, 1.13617312061, 4.08449967135, 0.879580698337, 84.1510889578, 1.07626663723, 1.28198702154, 4.08462689526, 11.8090878457, 431.381050848, 0.00341748435232, 0.0
0.112805468139, 0.959560347671, 3.81943078856, 0.92035080334, 92.1786129079, 2.18528184183, 0.762299255642, 1.44296394186, 14.8618814844, 156.08556444, 0.0214349062805, 0.5625
0.145349822446, 1.05193608899, 2.23503073375, 0.786516332004, 88.2468171631, 4.57011409903, 0.502341976214, 1.71901324251, 10.5839521766, 117.872081775, 0.0378403672482, 0.0
0.162252851354, 0.871668509906, 2.04503313596, 0.895314265321, 88.2468171631, 7.01008563166, 0.491591525783, 1.7096390958, 10.7079912291, 103.414482904, 0.119216709985, 0.25
0.18992310191, 1.05898180149, 2.71146875222, 0.663861164974, 87.0659894014, 4.42102328979, 0.706311539642, 1.04582340674, 13.4435855307, 117.068067631, 0.0656929333916, 0.533333333333
0.151517853783, 1.20068220999, 2.60963413606, 0.879357717628, 94.695138586, 2.52294448464, 1.28198702154, 4.1205646334, 11.8083268301, 310.864347309, 0.0116651853319, 0.0
0.151517853783, 1.16669455893, 2.59429514933, 0.879357717628, 94.6944224591, 1.07647294338, 1.26444540525, 3.50993799315, 11.8083268301, 287.762977016, 0.0094809207007, 0.111111111111
0.199752624106, 0.945279537705, 2.32587447892, 0.845847484689, 92.9752301014, 4.3615102088, 0.860575192588, 2.70837425867, 12.2351412475, 105.8743168, 0.0858479026503, 0.454545454545
0.112805468139, 0.958959658477, 3.80741584441, 0.83715534615, 93.2226573884, 5.59707305113, 0.765774311946, 3.07157423084, 14.8607087923, 250.575079993, 0.0132701908264, 0.0
0.101401334512, 1.00347773512, 3.3252269712, 0.903038966918, 96.7130738777, 6.66898364503, 0.954385495876, 3.76137327433, 12.2866044182, 164.36521911, 0.0252402869193, 0.0
0.113536052749, 0.872333538292, 4.76695951586, 0.879742323764, 94.5293893093, 4.70205353766, 0.758714860534, 1.97512695368, 13.5483503569, 198.351245049, 0.019044606565, 0.0
0.135953960983, 0.994974405449, 3.11774656986, 0.821637822282, 85.2782118234, 7.57719913741, 0.412642129071, 0.989749296246, 13.1358293588, 196.370563782, 0.0220800415246, 0.0
0.145682671159, 1.04463853301, 2.23503073375, 0.670390012994, 88.2444497093, 4.57011409903, 1.8107040896, 1.71901324251, 10.5856323969, 237.193451884, 0.0179550466748, 0.0
0.124956295504, 1.03151695106, 3.78444460611, 0.60653911491, 94.6853769203, 1.02275000021, 0.178495374987, 3.51397527565, 18.1352749452, 224.886926071, 0.0114881563125, 0.363636363636
0.138491030032, 0.840812537969, 2.01310382914, 0.62390196373, 97.9342302099, 1.20207874784, 1.16973734606, 3.34031744147, 15.6079388929, 191.429298335, 0.0167114588896, 0.315789473684
0.101401334512, 1.21514053824, 3.3252269712, 0.903038966918, 96.7130738777, 6.66331030051, 0.954385495876, 3.76137327433, 12.157995295, 225.747767742, 0.0147490669459, 0.125
0.165943413376, 0.981869907546, 2.77586665997, 0.726558120251, 87.6105034756, 2.58187648391, 0.740844617245, 1.96781656709, 13.1090307515, 140.772645922, 0.0343116228537, 0.142857142857
0.157735388995, 0.997977066126, 3.81076898323, 0.720287240096, 87.7809311824, 1.07769741113, 1.60842800061, 4.09752514045, 18.4462189281, 393.364669912, 0.00918216612502, 0.0
0.101406070532, 1.00347773512, 6.66549576638, 0.903038966918, 95.5088357583, 3.38213875232, 0.954385495876, 3.76282075715, 16.4376974865, 343.235879044, 0.00749658280873, 0.3
0.190587182417, 1.03372916288, 6.04681446692, 0.816453765368, 94.6833436449, 1.0327519988, 0.740430152617, 1.11389546349, 17.0622595071, 367.592051195, 0.0071372300361, 0.214285714286
0.157650828573, 1.17020981269, 3.7702158615, 0.752457697836, 88.9396259727, 1.07769741113, 1.20397633731, 4.29445147311, 18.1899017603, 383.19592541, 0.00995279854744, 0.0
0.141064935017, 1.19315319578, 7.84202687478, 0.693269028055, 95.8826503787, 2.00171688352, 0.17282282208, 2.04968742559, 10.6710723668, 795.944007313, 0.00770056948089, 0.0
0.189553565267, 1.20065917695, 6.82142240879, 0.764716347295, 89.3232173883, 1.12492241643, 1.59757581733, 2.01057038939, 16.5628918518, 1186.14813495, 0.0052506778463, 0.0
0.150242443682, 0.827959087728, 2.56224126046, 0.645560965428, 88.6792181092, 3.65665429848, 0.760413242659, 2.16585372595, 10.1253113431, 121.475098169, 0.0617704942094, 0.166666666667
0.156290434865, 0.823920745579, 2.77699725682, 0.765425171576, 94.7140465599, 2.83417793339, 0.291609795969, 2.45420083791, 18.1104164908, 136.676142077, 0.0392833027837, 0.181818181818
0.194860553181, 0.927695874546, 4.29807363666, 0.859668821399, 90.5844924749, 3.71829114779, 0.312677126262, 4.52042265655, 18.3077234164, 136.363281692, 0.0452801308655, 0.0
0.196538154632, 0.885314188558, 3.53666543993, 0.648821780371, 80.5235573415, 7.07364154545, 0.924220353768, 2.93456768441, 16.4510736154, 122.728824287, 0.0835362468851, 0.0
0.145408674871, 0.946652997453, 3.50396459244, 0.844618203851, 97.750213569, 6.87031847447, 0.502263361611, 4.58639911653, 19.3565607339, 136.163093373, 0.0576619060883, 0.0
0.190587182417, 1.03372916288, 6.27958025687, 0.816453765368, 94.6833436449, 1.0327519988, 0.741610729751, 1.36910869078, 17.0622595071, 294.591259545, 0.00954345532871, 0.461538461538
0.190587182417, 1.01513263134, 2.68895828435, 0.816453765368, 97.034555867, 4.4213420989, 0.762913105811, 1.36910869078, 17.0684064673, 119.892920187, 0.0941566246295, 0.631578947368
0.143933594723, 1.05206538794, 2.61980334571, 0.751775793388, 88.1315243953, 1.07769741113, 1.8315666454, 4.09757824985, 18.4540711137, 266.331374705, 0.0140613544597, 0.358024691358
0.101140199137, 1.13586685956, 3.32090081758, 0.628692111388, 84.1592106386, 1.9882035125, 1.89706667682, 4.6702435423, 12.3179033235, 340.140525519, 0.0154795167914, 0.116279069767
0.165943413376, 0.981869907546, 2.99327667233, 0.726558120251, 95.9689161231, 2.58187648391, 0.740844617245, 1.9666884681, 13.1089763674, 189.96067331, 0.0259057381602, 0.133333333333
0.146941948108, 1.00358176958, 2.92043422847, 0.835092023392, 97.0501832384, 5.91038828697, 0.954543510603, 3.80652672034, 17.9347370144, 166.138089358, 0.0347410469087, 0.0
0.101649914341, 1.05173223526, 2.14876195973, 0.783282704152, 85.1349332785, 5.36489238216, 1.33148612688, 4.21985391544, 12.0425408705, 213.934660777, 0.0196234059187, 0.0
0.135976073227, 1.05375934129, 3.12396543971, 0.813277223553, 85.3389161655, 7.5222311602, 0.502226261554, 1.01436571959, 10.5657403633, 206.804868821, 0.0242733885018, 0.0
0.198795645103, 0.945279537705, 6.05339658625, 0.845847484689, 93.0063579424, 4.3615102088, 0.860575192588, 3.42480903137, 12.2238163635, 326.314095985, 0.0192128455561, 0.0
0.150041795748, 1.08357010318, 4.303093221, 0.604299774558, 88.3544791328, 1.95034883186, 1.76200259098, 0.43159651183, 13.1028472512, 426.690657869, 0.0130833248141, 0.0
0.106054634128, 0.885314188558, 6.65896775202, 0.910139391318, 91.2103525288, 4.29156860668, 1.80315778607, 2.21176876416, 10.6895290801, 404.470556133, 0.0159157545906, 0.0
0.175455817803, 1.05193608899, 2.23503073375, 0.659450801627, 96.0711739623, 4.69048845064, 0.502263361611, 1.69850278567, 10.5657403633, 126.3845032, 0.0656926125761, 0.566666666667
0.106054634128, 0.885314188558, 2.07053053835, 0.936914085881, 80.5997672563, 3.40388063225, 1.94444570658, 1.10592491231, 10.0571421494, 142.217957336, 0.0401562413469, 0.427083333333
0.189702594792, 1.07249210815, 2.91216194928, 0.648906102977, 83.0745329675, 7.10089876578, 0.707790863005, 0.106716880414, 14.5697003538, 153.714309759, 0.0535935995541, 0.0
0.135953960983, 0.997098150092, 3.11774656986, 0.82554387403, 85.2782118234, 7.57719913741, 0.412642129071, 0.989749296246, 13.1358293588, 132.255475221, 0.116975098621, 0.416666666667
0.16765151036, 0.872066613195, 3.18838341121, 0.912299959209, 99.4819371797, 6.03299015653, 0.345822116819, 3.25373714477, 16.5440620139, 133.680803348, 0.102209633377, 0.166666666667
0.156667222547, 1.003478938, 2.90174581334, 0.835092023392, 97.0501832384, 5.37549007711, 0.957690580845, 3.58910029272, 17.9347370144, 133.617383541, 0.122552821458, 0.272727272727
0.19538133464, 0.927938678198, 3.12656563512, 0.859455338448, 85.2782118234, 7.57719913741, 0.585069915807, 0.972205697677, 13.1855644893, 123.943322314, 0.0918302690508, 0.466666666667
0.133230393039, 0.872121029627, 3.26938970888, 0.900183651637, 94.9337021667, 5.86008339171, 0.853850807937, 3.40252035344, 16.5347880658, 149.055519758, 0.0620206676787, 0.0
0.10940671779, 1.02773682228, 5.79946968692, 0.920562363898, 92.2011180247, 2.23830876161, 0.665902111997, 1.4266154401, 15.2169729708, 309.969408589, 0.0134079104881, 0.571428571429
0.190587182417, 1.03372916288, 6.23320300281, 0.816453765368, 97.2035038019, 1.00363339465, 0.762913105811, 1.36910869078, 10.751292498, 399.970475903, 0.0127124744065, 0.5
0.190587182417, 1.03372916288, 6.23320300281, 0.816453765368, 97.1551187771, 1.00363339465, 0.741388526207, 1.36910869078, 17.0623248306, 394.150717281, 0.0146528416501, 0.466666666667
0.165940898707, 0.993015105467, 3.77410892039, 0.791946262106, 88.0196080173, 2.8331315109, 0.740844617245, 1.98427516754, 14.7939877498, 192.468242275, 0.0264500630022, 0.2
0.112806815321, 0.871061843824, 2.03135227068, 0.836932470021, 88.177014271, 3.28265623414, 1.09591286588, 1.74371090061, 10.486773915, 174.488344622, 0.0374611748433, 0.6
0.133104665252, 0.872121029627, 3.26112992819, 0.896739728696, 94.9189879942, 5.86004515968, 0.843536068647, 3.40252035344, 15.2420549308, 186.019519211, 0.049598003517, 0.0
0.16413241095, 0.988649039437, 3.81943078856, 0.92035080334, 92.207618932, 2.18528184183, 0.762299255642, 2.08272842726, 16.9079307339, 223.746781525, 0.0219046387859, 0.230769230769
0.190587182417, 1.00577034111, 6.27741787355, 0.809268695646, 94.6833436449, 1.0327519988, 0.957499228088, 2.26040205729, 17.0381624074, 310.148220957, 0.0222621466766, 0.176470588235
0.144515926502, 1.22967342374, 2.04263957839, 0.704315332854, 91.0940447917, 4.55663624742, 1.83017729664, 1.32166493304, 18.1804494207, 242.036649549, 0.0373902781392, 0.0
0.163352015795, 0.885314188558, 3.1288706848, 0.907283804063, 91.2103525288, 2.58850283182, 1.09118065122, 2.21176876416, 10.6895290801, 257.101856002, 0.0348600445103, 0.105263157895
0.140602957524, 0.919020490465, 7.75376914725, 0.603105862943, 87.2112634445, 3.06960163556, 0.746857424783, 0.728946342184, 16.1871846976, 303.465393372, 0.0257847194259, 0.0
0.175864726601, 1.05898180149, 2.70987291529, 0.6638286472, 87.0340463778, 4.42102328979, 1.85616121686, 1.04582340674, 13.4435855307, 265.395193573, 0.0314927970748, 0.0
0.135953960983, 0.997098150092, 3.11774656986, 0.825448023893, 96.9600363663, 7.59554915165, 0.956899318549, 1.22434621291, 13.1358293588, 227.260700315, 0.0375692115417, 0.0
0.170494574618, 1.092810333, 3.44457261402, 0.684652543852, 92.5556698338, 4.21070687087, 0.28426140291, 3.96861677593, 11.511950033, 218.121141452, 0.0457331716299, 0.0666666666667
0.145408674871, 1.09329958069, 2.27720413263, 0.813277223553, 96.0711739623, 4.52342465709, 1.6478572794, 0.323735611027, 10.5657403633, 216.292302534, 0.039851872724, 0.0769230769231
0.157735388995, 1.06755007023, 3.76359928506, 0.751775793388, 89.3726603149, 1.07769741113, 1.97502780536, 4.09752514045, 18.4486303295, 365.752438552, 0.0210969145216, 0.376811594203
0.114473122475, 0.885314188558, 6.65896775202, 0.626831113608, 91.2103525288, 4.29156860668, 1.80315778607, 2.17800723843, 10.6895290801, 419.706476158, 0.0213864306663, 0.0232558139535
0.152426351566, 1.06789827439, 6.77203459869, 0.7517331595, 89.3703359757, 1.54977498322, 1.97504959556, 4.10189085924, 19.101896743, 764.340430465, 0.0141967857285, 0.135135135135
0.19053515515, 1.19634400779, 7.75112009937, 0.81952188973, 91.9757954311, 1.08821929538, 0.203721193001, 4.07953637481, 10.9582474272, 447.445152118, 0.0190279451839, 0.333333333333
0.15790416724, 1.0773011243, 6.52513070569, 0.720321249389, 86.1988519871, 1.08882500093, 1.16501079706, 0.297043265713, 13.1521387729, 627.442841557, 0.0149733686485, 0.274193548387
0.100828773502, 0.863391368006, 2.31781582628, 0.889807033447, 87.357093763, 4.19777422262, 1.59790379378, 2.0164799963, 16.9040086649, 201.601232487, 0.0494189965055, 0.412698412698
0.157509174321, 1.19929569376, 2.62200757641, 0.720287240096, 87.8012959842, 2.54441184648, 1.61529724984, 4.09751652958, 11.7600661293, 278.625654471, 0.0316077593988, 0.0408163265306
0.10643952034, 0.857506118209, 7.5049441758, 0.893925092853, 86.7949010686, 3.69764528224, 1.48055571547, 4.11269423627, 15.6580109237, 649.354278331, 0.0168702743474, 0.04
0.166613449571, 0.993027182165, 6.40000786241, 0.791307258051, 97.7802053976, 1.46462174535, 1.99486837811, 4.34757204832, 15.4706096142, 587.496109796, 0.0186695170092, 0.047619047619
0.139557568419, 1.21910392854, 6.72475411858, 0.706172061289, 91.9634687777, 2.38114422881, 0.335326431342, 4.07936863743, 11.7507360059, 510.528786934, 0.0161929979999, 0.1875
0.19053515515, 1.18952734831, 7.81479664967, 0.819438190832, 91.9759477159, 2.38114422881, 0.208494011412, 4.07936863743, 11.2100063568, 746.921667297, 0.0177533323319, 0.0
0.105171402029, 0.822938824436, 4.19755311927, 0.631437911598, 95.0915525431, 3.11587318645, 1.71193181729, 4.61751028119, 19.7879395827, 279.150234177, 0.0255266488075, 0.272727272727
0.165940898707, 0.993015105467, 2.77586665997, 0.791946262106, 88.0196080173, 2.8331315109, 0.740844617245, 1.98930802992, 13.1090307515, 172.875460014, 0.0425658622587, 0.4375
