0.999981229712, 6.98858098681e-05, 0.886206748278, 0.151607905605, 0.567347714826, 0.000252644811916, 0.00345946272533, 0.944800247272, 0.0591748273467, 0.988526765936, 0.706880132436, 0.010467937529, 0.45918953274, 0.985992655198, 0.255974552896, 0.543417352063, 0.903132693702, 7.60409535875e-06, 4.1321907572e-08, 3.01775689578e-09, 9.41098266428e-06, 2.9371001682e-06, 6.8911771952e-05, 7.68736399664e-09, 2.37507733137
0.999818082415, 0.99732416225, 0.000878668918683, 1.15504038196e-05, 0.393433647514, 0.969287354539, 0.136749225963, 0.23897768395, 0.712277411517, 0.552722697921, 0.723189358687, 0.388446186529, 0.388345447231, 0.602804087727, 0.489832330082, 0.543417352063, 0.692922040333, 5.72148285639e-08, 1.24826228394e-08, 1.21291913683e-06, 8.63268843466e-07, 2.70319527695e-11, 2.05639146168e-09, 0.00035446925918, 1.2404745055
0.00990138869356, 0.00203890885636, 0.000940025225924, 0.118020936569, 0.18318894841, 0.969287354539, 0.623868092664, 0.970004703669, 0.0510007981241, 0.709368998015, 0.92635282576, 0.0440741166872, 0.242255841559, 0.985992655198, 0.07980005926, 0.543417352063, 0.0760638155896, 0.0637105319106, 0.0949835244968, 2.3688885461, 0.701929074108, 0.463851140406, 0.00371577930313, 0.00805953263528, 0.0391420816319
0.000177790207442, 0.0223587086992, 0.0178611144737, 0.0445940537801, 0.0171295515995, 0.0149005834499, 0.765611129984, 0.718535706365, 0.692374229604, 0.827496183757, 0.0824633865318, 0.582412641533, 0.933220070786, 0.498703477864, 0.765518655732, 0.0195992572893, 0.962466045966, 0.744121866154, 1.92893823958, 0.0484000877257, 0.0556587372555, 0.145153613547, 0.0582007585845, 0.0728957825758, 0.000579766101712
0.999915903229, 0.992162448427, 0.999595230715, 1.15504038196e-05, 0.16079498433, 0.00742422736706, 0.537069669225, 0.833037064069, 0.712277411517, 0.534082017005, 0.195366763863, 0.64094828292, 0.62074517094, 0.637870998161, 0.762957204312, 0.0195992572893, 0.431621591585, 1.07012105375e-09, 1.20260942238e-09, 1.87741569522e-11, 4.15495897494e-10, 3.01660805033e-14, 2.61501602932e-06, 0.000212398875107, 1.60799956243
4.2245475504e-05, 0.138110442357, 0.932288193126, 0.241479965549, 0.23761627884, 0.564097415288, 0.00796213199595, 0.990736707013, 0.562730718153, 0.315681869942, 0.0463070491974, 0.614807643389, 0.933220070786, 0.985992655198, 0.07980005926, 0.11364771581, 0.962466045966, 0.139580026855, 0.00174580274842, 0.170965046402, 0.0864322947809, 0.0944864938425, 2.39005157388, 0.529790230995, 0.000163331379585
0.0340860022585, 6.98858098681e-05, 0.000940025225924, 0.907438758118, 0.995668612509, 0.000252644811916, 0.34881425309, 0.944800247272, 0.240127997581, 0.00837884032521, 0.967012226811, 0.622847231277, 0.00520159728877, 0.641483929208, 0.255974552896, 0.1158906683, 0.980650826142, 0.00205286895489, 0.0012527462391, 9.54401391695e-07, 0.353465635657, 2.41397481229, 0.00360245960901, 0.000267823557121, 0.130752838354
0.999811653597, 0.992162448427, 0.999595230715, 0.999105196858, 0.96399702675, 0.00742422736706, 0.368614706807, 0.724521750122, 0.520404602607, 0.534082017005, 0.195366763863, 0.64094828292, 0.62074517094, 0.637870998161, 0.762957204312, 0.0195992572893, 0.431621591585, 2.31408669582e-13, 1.51287288531e-13, 3.22437068845e-15, 4.88384732364e-12, 3.480240715e-09, 5.47371557895e-06, 0.000444590403497, 1.50285048929
5.38825848051e-07, 0.2275821593, 0.00103570192272, 0.0445940537801, 0.0504081076166, 0.0149005834499, 0.077702276149, 0.936769742349, 0.753712143265, 0.0458383200811, 0.301640825254, 0.740272608996, 0.951271118012, 0.939610632491, 0.778464395212, 0.0207183101332, 0.953035955359, 2.28123001302, 0.279825202071, 0.0538039937625, 0.182414869391, 0.161808689013, 0.00376110338871, 0.86355799782, 2.08877473257e-06
0.999936688882, 0.00191900212947, 0.000940025225924, 0.118020936569, 0.418712278158, 0.66441643923, 0.0072261429174, 0.982509546751, 0.0510007981241, 0.020382449589, 0.967012226811, 0.622847231277, 0.219229271112, 0.985992655198, 0.07980005926, 0.0336086027006, 0.848562664618, 0.000106159103351, 1.20504237103e-06, 0.000182392896658, 0.000163017653116, 5.00114494882e-05, 4.00627470194e-07, 8.17858452261e-07, 2.72824650933
0.0340860022585, 0.00209578767245, 0.000940025225924, 0.118020936569, 0.995668612509, 0.468322221784, 0.34881425309, 0.936769742349, 0.0510007981241, 0.020382449589, 0.967012226811, 0.622847231277, 0.219229271112, 0.985992655198, 0.07980005926, 0.1158906683, 0.779839473388, 0.010873549588, 0.00663549337605, 0.0115297253252, 2.5252442872, 0.473595961115, 0.00379384228487, 0.00845841078056, 0.137699901154
5.38825848051e-07, 0.854248349707, 0.000940025225924, 0.0445940537801, 0.0504081076166, 0.0149005834499, 0.077702276149, 0.936769742349, 0.753712143265, 0.0458383200811, 0.301640825254, 0.740272608996, 0.951271118012, 0.939610632491, 0.778464395212, 0.0207183101332, 0.990519096707, 0.560588408593, 0.0687641157701, 0.013221768549, 0.0448265456582, 0.0397627924203, 0.000838870586388, 2.43792388985, 2.11870919911e-06
0.323748261231, 0.0560302700306, 0.322026539101, 0.375140941865, 0.240593278579, 0.0945239324772, 0.00018767142157, 0.444194542004, 0.618246692311, 0.926443196454, 0.301640825254, 0.864516124175, 0.933220070786, 0.997883748388, 0.47852740959, 0.07521062555, 0.00313876819577, 1.29965515957, 0.000383130007896, 0.194400675351, 0.52171164065, 0.945182378088, 0.942041144567, 0.171555856678, 1.08799588352
4.2245475504e-05, 0.138110442357, 0.0178611144737, 0.241479965549, 0.00827703908087, 0.564097415288, 0.00796213199595, 0.990736707013, 0.323614145149, 0.237447897638, 0.0463070491974, 0.443246373783, 0.989133413682, 0.985992655198, 0.07980005926, 0.11364771581, 0.962466045966, 1.47083034222, 0.0183964691207, 1.80155129192, 0.03024047298, 0.927181209738, 0.070270148321, 0.552121818389, 0.000170216083689
0.00813242598647, 0.0415254141539, 0.181112563437, 0.153563063239, 0.387097620556, 0.660452123813, 0.56918493359, 0.657353947247, 0.767566361612, 0.00358827715478, 0.301640825254, 0.607312017027, 0.933220070786, 0.99784555385, 0.0855247804758, 0.00039983241961, 0.962466045966, 0.598923329738, 0.74562015256, 1.61977096031, 1.30924712647, 0.563802283847, 0.690162595314, 0.160622920766, 0.0314807665145
0.0205426756849, 0.00950955504088, 0.182341582802, 0.118020936569, 0.753590145967, 0.0170936789912, 0.857510906968, 0.743061756245, 0.479168711006, 0.616951646745, 0.939825812454, 0.0391002922079, 0.570164584593, 0.365290835791, 0.834648372068, 0.303913114885, 0.0176648296968, 0.14876841454, 0.653538405386, 0.0180011888015, 1.64490342498, 0.333129585648, 0.532278847085, 0.0281449424893, 0.0608224769401
0.00813242598647, 0.441954909888, 0.181112563437, 0.308097612018, 0.387097620556, 0.660452123813, 0.56918493359, 0.657353947247, 0.767566361612, 0.00132306434902, 0.301640825254, 0.607312017027, 0.933220070786, 0.999457008677, 0.0855247804758, 0.705612094372, 0.962466045966, 0.38576960875, 0.480257789682, 1.04330283794, 0.843292833416, 0.775954907893, 0.487671289945, 1.44642177713, 0.0288817251091
0.0205426756849, 0.00950955504088, 0.182341582802, 0.118020936569, 0.753590145967, 0.426631993442, 0.56918493359, 0.743061756245, 0.319167170705, 0.616951646745, 0.939825812454, 0.0391002922079, 0.960516462141, 0.365290835791, 0.834648372068, 0.303913114885, 0.0176648296968, 0.370875101339, 0.461715107611, 0.469338386001, 1.85380238244, 0.375436277995, 0.599877038289, 0.0317192855507, 0.0685467918329
2.74078418948e-05, 0.118024234703, 0.182341582802, 0.253396076706, 0.18318894841, 0.426631993442, 0.150137060369, 0.936769742349, 0.00597431535427, 0.00292298191176, 0.66655919179, 0.614807643389, 0.219229271112, 0.99096949085, 0.0855247804758, 0.000177666933063, 0.962466045966, 1.70083864824, 0.408722538142, 1.38629029529, 0.660590168036, 0.978735827316, 0.743684829568, 0.493679011058, 0.000115302564283
0.000474730101583, 0.0415254141539, 0.863234509009, 0.151607905605, 0.567347714826, 0.166387310743, 0.861908291128, 0.350705335986, 0.541772396374, 0.462586331909, 0.462630937018, 0.0763198509369, 0.927574316317, 0.997883748388, 0.0106866443616, 0.175362262715, 0.98913464456, 0.0599973343709, 0.272243339994, 0.074566734411, 0.357142652622, 0.111461659479, 2.16543960604, 0.144775925383, 0.00165629326531
0.0340860022585, 0.282853449654, 0.444416176841, 0.345623456656, 0.18318894841, 0.423120512505, 0.56918493359, 0.936769742349, 0.00451802640815, 0.211277120615, 0.873227300147, 0.0311704829756, 0.960516462141, 0.412054355616, 0.47852740959, 0.543417352063, 0.906233680071, 0.633397835475, 0.788538644712, 0.792514772176, 0.380299005299, 0.808555564164, 1.31313419145, 0.972562873293, 0.121263913596
0.0220154236342, 0.203749925623, 0.487352661295, 0.153563063239, 0.342246184998, 0.426631993442, 0.000488377599073, 0.0557058513436, 0.133010674811, 0.317222084115, 0.81774890349, 0.907688242178, 0.933220070786, 0.985992655198, 0.38733567538, 0.610226602535, 0.208071948214, 0.968717186768, 0.000743143532759, 0.76771010575, 0.736890168916, 0.354009661024, 1.42419018948, 0.681232531672, 0.0749096691651
0.271216758017, 0.124410559284, 0.182341582802, 0.033425571385, 0.784520787133, 0.394837056603, 0.56918493359, 0.370083848498, 0.618246692311, 0.421736388957, 0.723189358687, 0.541931367691, 0.129638416586, 0.412054355616, 0.292753555178, 0.543417352063, 0.581744942549, 0.186062834502, 0.231635991051, 0.212203393754, 1.0371813756, 0.0577856765674, 0.32429142503, 0.227216462691, 0.531024267222
0.000151914653978, 0.0533348122409, 0.239970698028, 0.0445940537801, 0.240593278579, 0.0945239324772, 0.000488377599073, 0.241083742536, 0.146556593063, 0.974910802601, 0.301640825254, 0.80878250673, 0.933220070786, 0.985992655198, 0.425791486296, 0.0752022559313, 0.00313876819577, 2.04656145228, 0.00157000301887, 0.306121993456, 0.82153730771, 0.156213887116, 0.88355960039, 0.201576519992, 0.000574826795466
0.34791997061, 0.0415254141539, 0.362790506208, 0.332216895397, 0.0101495256272, 0.468322221784, 0.293249571037, 0.521524516278, 0.618246692311, 0.00641877416604, 0.991307235863, 0.186094647675, 0.831239016474, 0.997883748388, 0.0106866443616, 0.648979905174, 0.420226470657, 0.918803391777, 0.455947294856, 0.928397627152, 0.0220584246666, 0.795620505726, 1.02275178132, 0.123825759398, 1.15561731156
0.182684434023, 0.237146962618, 0.0371544621392, 0.246826072842, 0.342246184998, 0.426631993442, 0.603915407303, 0.957822705233, 0.146556593063, 0.471111043709, 0.540709898584, 0.423209504649, 0.736103592889, 0.652539064539, 0.941034410766, 0.993833479141, 0.844303032352, 0.640970216474, 0.893727684995, 0.871604726075, 0.83661391066, 0.667207103899, 0.103112136338, 0.690761186461, 0.560090371934
0.2699755901, 0.000388628079206, 0.000940025225924, 0.710133645546, 0.567347714826, 0.166387310743, 0.861908291128, 0.145860764193, 0.214704556821, 0.0983475590502, 0.339798432216, 0.0883283668219, 0.589708153527, 0.972329429734, 0.0106866443616, 0.0714903750185, 0.98913464456, 0.128661117396, 0.583811475867, 0.15990442693, 0.765873571517, 2.01097429708, 0.00330622111632, 0.00136686862538, 1.01088733584
0.999863147598, 0.111951354465, 0.0025974111319, 0.144605119392, 0.18318894841, 0.0341832884614, 0.168062083937, 0.969507822114, 0.588596526706, 0.463174848052, 0.183517568085, 0.0440741166872, 0.529373111714, 0.985992655198, 0.0680250208744, 0.0185827029486, 0.358347968287, 0.000421848371078, 0.000114025558019, 2.34866007158e-05, 0.000129520398565, 0.000105485545085, 1.91114395194e-06, 8.32324316096e-05, 2.21315445621
0.199237108472, 0.0415254141539, 0.196126426283, 0.375140941865, 0.0101495256272, 0.468322221784, 0.785673589362, 0.370083848498, 0.703675327769, 0.514526931665, 0.808802519725, 0.146732382046, 0.516877049178, 0.288792616547, 0.975567957867, 0.55423055083, 0.525774847895, 0.286107493911, 0.817480606989, 0.783929354643, 0.0186259056546, 0.781035698643, 0.447194355467, 0.0963346209704, 0.47825423611
0.000177790207442, 0.00203890885636, 0.0178611144737, 0.577884941712, 0.0171295515995, 0.0149005834499, 0.765611129984, 0.718535706365, 0.577591165396, 0.827496183757, 0.780970633316, 0.582412641533, 0.933220070786, 0.985992655198, 0.765518655732, 0.0195992572893, 0.962466045966, 0.483736821462, 1.25395919036, 0.031463804062, 0.0361824882068, 1.72197095856, 0.0613167284682, 0.00700046189037, 0.000610432255418
5.37350321514e-05, 0.000388628079206, 0.0053290112885, 0.151607905605, 0.900946763726, 0.166387310743, 0.861908291128, 0.412375672437, 0.541772396374, 0.449578627448, 0.339798432216, 0.0333726369667, 0.927574316317, 0.627376672787, 0.0106866443616, 0.141395480958, 0.98913464456, 0.0645477985858, 0.292891483605, 0.0802222066102, 1.97923396238, 0.486337322951, 0.0172577969846, 0.00125857186057, 0.000174020888794
0.000177790207442, 0.435770002224, 0.0764097488711, 0.0445940537801, 0.494101799061, 0.426631993442, 0.600521097837, 0.818244041679, 0.319167170705, 0.827496183757, 0.0585747432586, 0.582412641533, 0.608428186048, 0.288792616547, 0.834648372068, 0.303913114885, 0.0176648296968, 0.47425436609, 0.653880006327, 0.640151082506, 1.01174150223, 0.101333659443, 0.174611666426, 1.19018129648, 0.000525683470041
5.37350321514e-05, 0.0224641277964, 0.00103570192272, 0.0445940537801, 0.0504081076166, 0.0149005834499, 0.077702276149, 0.936769742349, 0.753712143265, 0.0458383200811, 0.301640825254, 0.740272608996, 0.951271118012, 0.679168902463, 0.783632505745, 0.0127874886199, 0.79231732157, 2.16703673674, 0.265817777819, 0.0511106860778, 0.173283588696, 0.153708907657, 0.00357283095852, 0.0775260655829, 0.000185483732804
0.304729944429, 0.271225454888, 0.224606414431, 0.594254647611, 0.74417463889, 0.315675271159, 0.874101860866, 0.597528718851, 0.541772396374, 0.0140236634602, 0.808802519725, 0.840744788412, 0.930267576864, 0.234661688325, 0.689471912518, 0.0950456385179, 0.933518219207, 0.0641317961036, 0.320051852821, 0.176570706896, 0.873253295513, 1.28148252492, 0.587129544086, 0.771150319625, 0.968294717526
0.0282062706686, 0.000388628079206, 0.0053290112885, 0.0146849673027, 0.900946763726, 0.118677357266, 0.365741656016, 0.412375672437, 0.541772396374, 0.449578627448, 0.339798432216, 0.206462201743, 0.927574316317, 0.972329429734, 0.0106866443616, 0.141395480958, 0.98913464456, 0.272828394915, 0.176613759111, 0.0612983490861, 2.10846438978, 0.0492395911578, 0.0178705020304, 0.00130325504523, 0.0946510084562
0.000151914653978, 0.0560302700306, 0.0452775420677, 0.0445940537801, 0.240593278579, 0.0945239324772, 0.688336424658, 0.957822705233, 0.146556593063, 0.926443196454, 0.301640825254, 0.80878250673, 0.933220070786, 0.412054355616, 0.425791486296, 0.993833479141, 0.00313876819577, 1.00369950896, 1.8837387389, 0.319268418009, 0.856818269106, 0.162922500431, 0.165834661025, 0.205922960816, 0.000559039589579
0.000809802548281, 0.237146962618, 0.0371544621392, 0.246826072842, 0.342246184998, 0.426631993442, 0.603915407303, 0.957822705233, 0.146556593063, 0.471111043709, 0.540709898584, 0.423209504649, 0.736103592889, 0.652539064539, 0.941034410766, 0.993833479141, 0.844303032352, 0.668297219721, 0.931830702456, 0.90876455748, 0.872281950244, 0.695652685653, 0.107508199699, 0.720210968526, 0.00251716937021
0.000809802548281, 0.0223587086992, 0.0380997289146, 0.000260202290622, 0.360259955852, 0.214859265086, 0.782112808993, 0.238826122047, 0.986148104891, 0.604759342945, 0.993128740047, 0.317292177246, 0.312591199962, 0.847800664504, 0.975567957867, 0.806875720324, 0.226351745314, 0.57157654998, 1.60430087657, 0.597656191618, 1.14646022506, 0.000873949354675, 0.128119719581, 0.0752625116828, 0.0027264695349
2.74078418948e-05, 0.118024234703, 0.000940025225924, 0.033425571385, 0.105732783728, 0.426631993442, 0.176347486065, 0.908355998011, 0.00597431535427, 0.651082312491, 0.66655919179, 0.876036052879, 0.677224183776, 0.99096949085, 0.102298575975, 0.000177666933063, 0.0679263994194, 1.8023748087, 0.51244313118, 1.48499501789, 0.400782324802, 0.127401785639, 0.00358456167811, 0.45528546931, 0.000106335454651
0.131191223012, 0.148074730146, 0.207843170398, 0.750754674119, 0.314513516297, 0.739502584928, 0.000260647587711, 0.756243453429, 0.937112511508, 0.133087395131, 0.668499675373, 0.864590553018, 0.236087809042, 0.498703477864, 0.508969150556, 0.466875138161, 0.0679263994194, 0.218290659958, 8.93734998297e-05, 0.503360585108, 0.29549726219, 1.50952524813, 0.552960019104, 0.408426508304, 0.370399265316
0.0885491827674, 0.988926342101, 0.0294081243792, 0.345558475247, 0.105418557074, 0.273191943133, 0.906332745564, 0.514800015769, 0.319167170705, 0.227068050429, 0.121758532177, 0.745513286911, 0.996347189777, 0.354968910706, 0.420919852292, 0.0198170369701, 0.61472999809, 0.00354166493275, 0.0238973654993, 0.0110540818195, 0.00443996032458, 0.016248838418, 0.00145417589161, 1.81021192217, 0.253462087304
0.37521571383, 0.655186065175, 0.436425398777, 0.144754443033, 0.101879851031, 0.186336644438, 0.350741347796, 0.743061756245, 0.397576353709, 0.645137421017, 0.939825812454, 0.173116278857, 0.312591199962, 0.47421968915, 0.689471912518, 0.376980008158, 0.633191465776, 0.389266943466, 0.239167065994, 0.137678612397, 0.0770203036502, 0.111835670721, 0.405746835399, 1.06523847512, 0.831273448498
0.000151914653978, 0.0560302700306, 0.322026539101, 0.0445940537801, 0.240593278579, 0.0945239324772, 0.688336424658, 0.241083742536, 0.146556593063, 0.926443196454, 0.301640825254, 0.80878250673, 0.933220070786, 0.997359604054, 0.425791486296, 0.000321552791978, 0.00313876819577, 0.918883259448, 1.72455598204, 0.292289078514, 0.784414017186, 0.149154958129, 1.18041079065, 0.214965541144, 0.000583588383823
0.271216758017, 0.124410559284, 0.341293562822, 0.033425571385, 0.484252528751, 0.394837056603, 0.56918493359, 0.180928924821, 0.618246692311, 0.00358827715478, 0.723189358687, 0.858323914564, 0.163121238209, 0.412054355616, 0.292753555178, 0.543417352063, 0.581744942549, 0.48499931389, 0.60379224595, 0.553138409674, 0.905754054077, 0.0690456470486, 0.781680076003, 0.302930343565, 0.707974069333
0.000177790207442, 0.0223587086992, 0.0178611144737, 0.0445940537801, 0.0171295515995, 0.0149005834499, 0.623868092664, 0.718535706365, 0.692374229604, 0.827496183757, 0.0824633865318, 0.582412641533, 0.933220070786, 0.734558826553, 0.765518655732, 0.0195992572893, 0.962466045966, 1.18221243016, 1.76251398243, 0.0496827470692, 0.0571337593627, 0.149000355308, 0.0597431472517, 0.0748276066905, 0.000595130586414
0.000142934141226, 0.00950955504088, 0.182341582802, 0.375140941865, 0.387097620556, 0.516591079437, 0.421725572917, 0.657353947247, 0.767566361612, 0.827496183757, 0.939825812454, 0.19164812279, 0.933220070786, 0.920105224793, 0.0855247804758, 0.00039983241961, 0.962466045966, 0.885163867853, 0.690454421979, 1.1826977577, 1.13496846279, 1.32813925452, 0.703842039253, 0.0372165713982, 0.000559407518951
0.06639134737, 0.127027282089, 0.0371544621392, 0.377948307434, 0.342246184998, 0.426631993442, 0.941958298314, 0.957822705233, 0.146556593063, 0.471111043709, 0.540709898584, 0.423209504649, 0.736103592889, 0.412054355616, 0.941034410766, 0.993833479141, 0.770657529899, 0.0948261272646, 1.03719958812, 0.825410434241, 0.792274101587, 1.0441912969, 0.109061215289, 0.378112227819, 0.199663784858
0.140892961511, 0.000343741937037, 0.0294081243792, 0.345558475247, 0.0934408960231, 0.273191943133, 0.874101860866, 0.514800015769, 0.541772396374, 0.732435648015, 0.00146909230278, 0.745513286911, 0.996347189777, 0.354968910706, 0.0106866443616, 0.94616102267, 0.586204560178, 0.306492829325, 1.52956261732, 0.713789996912, 0.253621571552, 1.04612457278, 0.09362202357, 0.00109470657723, 0.456170576652
4.2245475504e-05, 0.138110442357, 0.932288193126, 0.241479965549, 0.289706018928, 0.564097415288, 0.00796213199595, 0.990736707013, 0.562730718153, 0.315681869942, 0.0463070491974, 0.614807643389, 0.944999497012, 0.985992655198, 0.07980005926, 0.13809830049, 0.962466045966, 0.134210712255, 0.00167864583209, 0.164388424085, 0.10384581011, 0.0941812934742, 2.38233147981, 0.528078958124, 0.000162803803683
0.0349512727223, 0.0441713122091, 0.072574548447, 0.285833896708, 0.279269769459, 0.426631993442, 0.242116878396, 0.808506859921, 0.397576353709, 0.903802605363, 0.0169354199446, 0.286985386416, 0.909051867914, 0.993781815854, 0.941034410766, 0.543417352063, 0.328074827035, 1.28313285831, 0.51297025239, 1.09513519333, 0.827231999525, 0.9383725468, 0.247527710729, 0.151223252878, 0.119874397297
0.304729944429, 0.237146962618, 0.224606414431, 0.246826072842, 0.486704626765, 0.426631993442, 0.603915407303, 0.743061756245, 0.319167170705, 0.471111043709, 0.540709898584, 0.423209504649, 0.736103592889, 0.652539064539, 0.941034410766, 0.0178040825243, 0.844303032352, 0.40835671, 0.5693863579, 0.555292007666, 0.857454651424, 0.505891681734, 0.492704417643, 0.557178528907, 0.7944162492
0.271216758017, 0.124410559284, 0.182341582802, 0.033425571385, 0.484252528751, 0.394837056603, 0.56918493359, 0.370083848498, 0.618246692311, 0.00358827715478, 0.723189358687, 0.858323914564, 0.163121238209, 0.412054355616, 0.292753555178, 0.543417352063, 0.581744942549, 0.514335339513, 0.640313668333, 0.586595946818, 0.960540160733, 0.0732219928969, 0.410919553609, 0.287912908623, 0.672877042069
0.000809802548281, 0.237146962618, 0.046598436087, 0.246826072842, 0.486704626765, 0.426631993442, 0.603915407303, 0.743061756245, 0.319167170705, 0.471111043709, 0.540709898584, 0.423209504649, 0.736103592889, 0.652539064539, 0.941034410766, 0.0178040825243, 0.844303032352, 0.488948198801, 0.681757951564, 0.664882002201, 1.02667813973, 0.605732244666, 0.117482527954, 0.627729250566, 0.00219394165233
0.000110109118306, 0.0224641277964, 0.072574548447, 0.139023253485, 0.360259955852, 0.192376889931, 0.0520620967883, 0.718535706365, 0.319167170705, 0.926443196454, 0.843024876083, 0.901782647924, 0.927574316317, 0.679168902463, 0.0165457199055, 0.136173130866, 0.962466045966, 1.81885424107, 0.149076470074, 0.568896079935, 1.2142139999, 0.502551201728, 0.26559605185, 0.082422963551, 0.000404084399638
0.0340860022585, 0.379746488723, 0.437347324505, 0.0924091571033, 0.18318894841, 0.00202833596594, 2.32367124975e-06, 0.42267463591, 0.0510007981241, 0.988293242587, 0.291097110095, 0.582412641533, 0.988540592869, 0.985992655198, 0.0636747642141, 0.193942191167, 0.903132693702, 1.46527338329, 5.34826874937e-06, 0.00466852725764, 0.433674493571, 0.223385479518, 1.26679708155, 1.35630160042, 0.129396147925
0.000142934141226, 0.00950955504088, 0.176628158965, 0.375140941865, 0.387097620556, 0.516591079437, 0.0415590950939, 0.657353947247, 0.767566361612, 0.00358827715478, 0.901643140694, 0.19164812279, 0.933220070786, 0.920105224793, 0.0855247804758, 0.00039983241961, 0.962466045966, 1.17138107499, 0.0765775920152, 1.23671886991, 1.18680948328, 1.3888035783, 0.711681917745, 0.0388154494795, 0.000583440480262
0.000177790207442, 0.644126780717, 0.643476736592, 0.241479965549, 0.387097620556, 0.426631993442, 0.00713894170317, 0.936769742349, 0.146556593063, 0.00641877416604, 0.780970633316, 0.614807643389, 0.933220070786, 0.847800664504, 0.07980005926, 0.00039983241961, 0.10667041931, 0.42771168568, 0.00479648436533, 0.338983490645, 0.379871528051, 0.265066316273, 1.14172434405, 2.154183355, 0.000709619262323
0.0340860022585, 0.00209578767245, 0.000940025225924, 0.907438758118, 0.995668612509, 0.128911964485, 0.34881425309, 0.00315145243706, 0.240127997581, 0.00837884032521, 0.967012226811, 0.622847231277, 0.00520159728877, 0.641483929208, 0.385310315639, 0.1158906683, 0.804161098613, 0.00189906460627, 0.00115888841207, 0.00045675760666, 0.333803667679, 2.27969444477, 0.00340206828853, 0.00758494658638, 0.123480216591
0.0885491827674, 0.138110442357, 0.0294081243792, 0.569139875666, 0.105418557074, 0.273191943133, 0.906332745564, 0.514800015769, 0.319167170705, 0.227068050429, 0.121758532177, 0.745513286911, 0.996347189777, 0.669992352013, 0.420919852292, 0.0198170369701, 0.205459476136, 0.15192209211, 1.02509351718, 0.474172251827, 0.190455075283, 1.43822101147, 0.0852822124195, 0.407062612909, 0.264755323421
0.0340860022585, 0.282853449654, 0.0025974111319, 0.118020936569, 0.18318894841, 0.423120512505, 0.421725572917, 0.936769742349, 0.00451802640815, 0.651082312491, 0.873227300147, 0.0311704829756, 0.219229271112, 0.412054355616, 0.07980005926, 0.543417352063, 0.803568084553, 1.14725534233, 0.894893649662, 1.14008168676, 0.547083722165, 0.36152571219, 0.00800228024367, 0.933700256564, 0.116418331756
0.000177790207442, 0.431422816246, 0.0178611144737, 0.00525012118701, 0.0171295515995, 0.0149005834499, 0.201413803826, 0.718535706365, 0.692374229604, 0.570125544661, 0.0824633865318, 0.582412641533, 0.933220070786, 0.498703477864, 0.139180452502, 0.0195992572893, 0.962466045966, 1.50381843986, 0.492315158758, 0.037042996566, 0.0425984023976, 0.0130580671138, 0.0444362106933, 1.27487662043, 0.000567856379775
2.74078418948e-05, 0.118024234703, 0.182341582802, 0.033425571385, 0.387097620556, 0.426631993442, 0.150137060369, 0.936769742349, 0.00597431535427, 0.0106462010056, 0.66655919179, 0.614807643389, 0.933220070786, 0.99096949085, 0.0855247804758, 0.000177666933063, 0.962466045966, 1.6367402666, 0.393319282071, 1.33404608947, 1.4949581336, 0.137526437861, 0.77179410474, 0.512338742462, 0.000119660689364
0.06639134737, 0.127027282089, 0.0371544621392, 0.377948307434, 0.342246184998, 0.0636480373961, 0.941958298314, 0.241083742536, 0.146556593063, 0.471111043709, 0.540709898584, 0.423209504649, 0.736103592889, 0.997359604054, 0.941034410766, 0.000321552791978, 0.770657529899, 0.12684677762, 1.38743856042, 0.139757958187, 0.834768397611, 1.10019738619, 0.114910806432, 0.398392599103, 0.210372921963
0.000151914653978, 0.0560302700306, 0.322026539101, 0.0445940537801, 0.240593278579, 0.0945239324772, 0.000488377599073, 0.241083742536, 0.146556593063, 0.926443196454, 0.301640825254, 0.80878250673, 0.933220070786, 0.985992655198, 0.425791486296, 0.000321552791978, 0.00313876819577, 1.94515109514, 0.00149220688591, 0.290953164466, 0.780828834631, 0.148473241915, 1.17501569561, 0.213983036126, 0.000580921079508
0.000177790207442, 0.644126780717, 0.721307748881, 0.241479965549, 0.387097620556, 0.426631993442, 0.765611129984, 0.936769742349, 0.0453574729823, 0.00641877416604, 0.780970633316, 0.614807643389, 0.933220070786, 0.847800664504, 0.07980005926, 0.00039983241961, 0.10667041931, 0.126810442118, 0.328722380171, 0.279225293335, 0.312905323642, 0.218338715475, 1.25978162036, 2.22351304555, 0.000732457468621
0.00240445536912, 0.0223587086992, 0.000940025225924, 0.118020936569, 0.18318894841, 0.969287354539, 0.386389796197, 0.936769742349, 0.0510007981241, 0.709368998015, 0.873227300147, 0.0440741166872, 0.219229271112, 0.498703477864, 0.07980005926, 0.000177666933063, 0.803568084553, 0.0888226929552, 0.061676107427, 2.23973393379, 0.663659068715, 0.438561426246, 0.00351319060975, 0.0835964234198, 0.00899184994267
3.64561575499e-05, 0.000388628079206, 0.0053290112885, 0.0146849673027, 0.900946763726, 0.118677357266, 0.861908291128, 0.412375672437, 0.541772396374, 0.449578627448, 0.339798432216, 0.0333726369667, 0.927574316317, 0.972329429734, 0.0106866443616, 0.141395480958, 0.98913464456, 0.0743260298645, 0.337261093863, 0.0651364795308, 2.24048362825, 0.0523226753961, 0.0189894443662, 0.00138485696341, 0.000129909724835
2.74078418948e-05, 0.118024234703, 0.182341582802, 0.033425571385, 0.387097620556, 0.426631993442, 0.220628591539, 0.936769742349, 0.00597431535427, 0.0106462010056, 0.66655919179, 0.614807643389, 0.933220070786, 0.99096949085, 0.000816852178077, 0.000177666933063, 0.962466045966, 1.62734041845, 0.587694335113, 1.37119293562, 1.53658561576, 0.14135589583, 0.793284904117, 0.526604942553, 0.000122992671109
0.37521571383, 0.655186065175, 0.436425398777, 0.144754443033, 0.323417652969, 0.519089530415, 0.350741347796, 0.145860764193, 0.892608934882, 0.645137421017, 0.648910871973, 0.173116278857, 0.312591199962, 0.47421968915, 0.162210028672, 0.376980008158, 0.98913464456, 0.302506295754, 0.18586099954, 0.376998726902, 0.288328868076, 0.137144028516, 0.497567146556, 1.30630142302, 1.01939022487
0.0340860022585, 0.00092236200585, 0.0639093255727, 0.573122128571, 0.740671763357, 0.969287354539, 0.000488377599073, 0.412375672437, 0.0510007981241, 0.521415176078, 0.873227300147, 0.0440741166872, 0.397043196887, 0.985992655198, 0.07980005926, 0.141395480958, 0.803568084553, 0.0259623444117, 1.99168019401e-05, 0.537736876287, 1.2476945747, 1.7133220506, 0.220269056205, 0.00318434907758, 0.117790636875
0.0220154236342, 0.203749925623, 0.487352661295, 0.445667991836, 0.342246184998, 0.426631993442, 0.000488377599073, 0.0557058513436, 0.133010674811, 0.317222084115, 0.834187803865, 0.907688242178, 0.933220070786, 0.985992655198, 0.38733567538, 0.0752022559313, 0.208071948214, 0.826014228565, 0.000633670115808, 0.654617755754, 0.628337942929, 1.03363602652, 1.54186753189, 0.737521104982, 0.0810992714057
0.0214986628627, 0.0223587086992, 0.000940025225924, 0.118020936569, 0.18318894841, 0.969287354539, 0.386389796197, 0.936769742349, 0.0510007981241, 0.709368998015, 0.873227300147, 0.0440741166872, 0.219229271112, 0.498703477864, 0.07980005926, 0.543417352063, 0.803568084553, 0.0795276663288, 0.0552218890097, 2.00535254028, 0.594209151027, 0.392667297182, 0.00314554582017, 0.07484831012, 0.072011383206
0.262295480183, 0.0415254141539, 0.362790506208, 0.332216895397, 0.0101495256272, 0.468322221784, 0.293249571037, 0.521524516278, 0.618246692311, 0.00641877416604, 0.991307235863, 0.146732382046, 0.831239016474, 0.997883748388, 0.975567957867, 0.648979905174, 0.420226470657, 0.991214066729, 0.491880391816, 1.00156442149, 0.0237968438244, 0.858323166971, 1.10335460392, 0.133584437799, 0.89564849629
0.0214986628627, 0.0223587086992, 0.000940025225924, 0.118020936569, 0.18318894841, 0.969287354539, 0.386389796197, 0.936769742349, 0.0510007981241, 0.709368998015, 0.873227300147, 0.0440741166872, 0.219229271112, 0.498703477864, 0.07980005926, 0.543417352063, 0.803568084553, 0.0795276663288, 0.0552218890097, 2.00535254028, 0.594209151027, 0.392667297182, 0.00314554582017, 0.07484831012, 0.072011383206
0.999499702996, 0.00318294783225, 0.0642090929629, 0.935515499604, 0.994425611448, 0.87083629767, 0.314755877678, 0.756243453429, 0.108019895842, 0.827496183757, 0.476736414351, 0.971416962925, 0.724666575714, 0.846699642061, 0.945677176802, 0.401884915396, 0.559495941817, 2.37201754714e-07, 1.27869706122e-07, 1.30989582179e-06, 0.000152724694434, 0.00150266383378, 0.000152857289999, 7.59030677288e-06, 1.93180760557
0.00813242598647, 0.148074730146, 0.181112563437, 0.153563063239, 0.387097620556, 0.660452123813, 0.56918493359, 0.657353947247, 0.767566361612, 0.00358827715478, 0.301640825254, 0.607312017027, 0.933220070786, 0.998684752364, 0.32789824194, 0.00039983241961, 0.962466045966, 0.55054287605, 0.685389669845, 1.4889274115, 1.20348739593, 0.518258874652, 0.634411921026, 0.535439149897, 0.0296753555244
0.0340860022585, 0.282853449654, 0.444416176841, 0.118020936569, 0.18318894841, 0.423120512505, 0.857510906968, 0.936769742349, 0.00451802640815, 0.211277120615, 0.873227300147, 0.0311704829756, 0.219229271112, 0.412054355616, 0.47852740959, 0.543417352063, 0.906233680071, 0.242547698928, 1.06551002024, 0.856249481127, 0.41088297328, 0.27152107351, 1.23591752695, 0.915372936742, 0.114133191547
2.74078418948e-05, 0.4441203057, 0.000940025225924, 0.033425571385, 0.105732783728, 0.426631993442, 0.176347486065, 0.936769742349, 0.00597431535427, 0.133087395131, 0.228074491598, 0.614807643389, 0.677224183776, 0.99096949085, 0.102298575975, 0.000177666933063, 0.0679263994194, 1.43597823592, 0.408270899022, 1.18311713848, 0.319309109837, 0.101502856405, 0.00285587244687, 1.62122763952, 0.000108651288568
0.000474730101583, 0.00925075029234, 0.009912709609, 0.779822165826, 0.567347714826, 0.354311505139, 0.861908291128, 0.145860764193, 0.541772396374, 0.449578627448, 0.339798432216, 0.0883283668219, 0.927574316317, 0.972329429734, 0.643024459355, 0.819727661, 0.98913464456, 0.0814573464271, 0.369620088807, 0.23547932737, 0.551677379202, 1.96832597263, 0.0325801806616, 0.0304078826556, 0.00156052725106
0.0306524839952, 0.0223587086992, 0.0380997289146, 0.000260202290622, 0.0171295515995, 0.426631993442, 0.765611129984, 0.756243453429, 0.703482014697, 0.00216060162526, 0.993128740047, 0.173116278857, 0.312591199962, 0.462169817861, 0.975567957867, 0.296221993956, 0.226351745314, 0.585557751897, 1.51790290071, 1.28934599002, 0.0558695378491, 0.000848775097673, 0.124429209678, 0.0730945624744, 0.100306506437
0.0885491827674, 0.138110442357, 0.0294081243792, 0.345558475247, 0.105418557074, 0.273191943133, 0.906332745564, 0.514800015769, 0.319167170705, 0.227068050429, 0.121758532177, 0.745513286911, 0.996347189777, 0.354968910706, 0.420919852292, 0.0198170369701, 0.205459476136, 0.206850677958, 1.39572386118, 0.645612829556, 0.259315553753, 0.949012203755, 0.0849310351943, 0.405386400311, 0.263665107335
0.000809802548281, 0.271225454888, 0.046598436087, 0.594254647611, 0.74417463889, 0.315675271159, 0.874101860866, 0.854035553749, 0.541772396374, 0.0140236634602, 0.808802519725, 0.840744788412, 0.930267576864, 0.234661688325, 0.689471912518, 0.0950456385179, 0.933518219207, 0.0810194338269, 0.404330168283, 0.223066553135, 1.10320452394, 1.6189315587, 0.147711193616, 0.916662960251, 0.00282148121806
0.140892961511, 0.271225454888, 0.0294081243792, 0.345558475247, 0.74417463889, 0.273191943133, 0.874101860866, 0.514800015769, 0.541772396374, 0.732435648015, 0.00146909230278, 0.745513286911, 0.996347189777, 0.354968910706, 0.0106866443616, 0.304042275267, 0.586204560178, 0.101815617933, 0.508114213938, 0.237118009482, 1.34098970513, 0.87896410114, 0.0786621401844, 0.77309460106, 0.420903743661
0.000177790207442, 0.735509997846, 0.643476736592, 0.241479965549, 0.387097620556, 0.426631993442, 0.00713894170317, 0.936769742349, 0.146556593063, 0.00641877416604, 0.75726855498, 0.614807643389, 0.953598334034, 0.847800664504, 0.07980005926, 0.196225972122, 0.10667041931, 0.306032303551, 0.00343193606444, 0.242546327306, 0.271802157096, 0.189657795377, 0.816916027145, 2.1857255941, 0.000667167866952
0.000177790207442, 0.655186065175, 0.072574548447, 0.00603389857644, 0.481989493797, 0.533059075091, 0.00796213199595, 0.805272507215, 0.284960899333, 0.87939108174, 0.301640825254, 0.614807643389, 0.933220070786, 0.985992655198, 0.07980005926, 0.950649643837, 0.954044963645, 0.584487720456, 0.00731050345658, 0.648627991003, 0.825096095439, 0.0113865279266, 0.137553371191, 2.0098497199, 0.000655054250679
0.000177790207442, 0.0415254141539, 0.22463647471, 0.0445940537801, 0.494101799061, 0.00290899808549, 0.600521097837, 0.818244041679, 0.319167170705, 0.827496183757, 0.0585747432586, 0.582412641533, 0.608428186048, 0.288792616547, 0.643035440668, 0.0198170369701, 0.205459476136, 0.718961441754, 0.991270815193, 0.00559555226277, 1.20207988201, 0.120397505803, 0.633495085934, 0.119741155319, 0.00051303303125
0.000177790207442, 0.0223587086992, 0.22463647471, 0.0445940537801, 0.494101799061, 0.00290899808549, 0.600521097837, 0.993803558983, 0.319167170705, 0.827496183757, 0.0824633865318, 0.582412641533, 0.933220070786, 0.288792616547, 0.643035440668, 0.0198170369701, 0.205459476136, 0.83684093281, 1.15379761066, 0.00651298790619, 1.39917051367, 0.140137641899, 0.737361682916, 0.0749679404055, 0.000596246710393
0.191653675496, 0.237146962618, 0.863762949336, 0.00581167365869, 0.0416528509312, 0.765122107881, 0.365741656016, 0.611219260724, 0.0480025773265, 0.133087395131, 0.873227300147, 0.784538017243, 0.403046477504, 0.691703321328, 0.97408613139, 0.881711725845, 0.844303032352, 0.120219873392, 0.0778235849179, 0.370388367725, 0.0260193523748, 0.00363307979584, 1.83123172007, 0.732263029397, 0.624686929029
0.261677077902, 0.0224641277964, 0.444416176841, 0.580111537991, 0.240593278579, 0.0945239324772, 0.00018767142157, 0.813118375764, 0.58584549886, 0.211277120615, 0.301640825254, 0.80878250673, 0.935365933838, 0.997883748388, 0.47852740959, 0.0562052307676, 0.00313876819577, 0.871734052324, 0.000256981609229, 0.130392810162, 0.349934210855, 1.22305386784, 1.29851999844, 0.0713171323124, 0.881112626155
0.00813242598647, 0.237146962618, 0.181112563437, 0.308097612018, 0.387097620556, 0.660452123813, 0.56918493359, 0.657353947247, 0.767566361612, 0.00358827715478, 0.301640825254, 0.607312017027, 0.933220070786, 0.999457008677, 0.0855247804758, 0.705612094372, 0.962466045966, 0.467052338497, 0.581449442012, 1.26312964829, 1.0209769794, 0.939450765639, 0.590424987404, 0.822001980887, 0.02885293131
0.37521571383, 0.0214579473871, 0.436425398777, 0.144754443033, 0.101879851031, 0.186336644438, 0.965424393326, 0.0543442632981, 0.397576353709, 0.00358827715478, 0.939825812454, 0.173116278857, 0.312591199962, 0.652539064539, 0.941034410766, 0.376980008158, 0.633191465776, 0.0656369899321, 1.20734576144, 0.36437361217, 0.203838241559, 0.29597892222, 1.07383011396, 0.0571931960574, 1.13482698993
0.015101579723, 0.610130047872, 0.967309595716, 0.0445940537801, 0.23761627884, 0.0149005834499, 0.00713894170317, 0.718535706365, 0.692374229604, 0.827496183757, 0.0824633865318, 0.40416217478, 0.946293792558, 0.498703477864, 0.765518655732, 0.167981907282, 0.962466045966, 0.0539383705524, 0.000604880716866, 0.00126277971584, 0.0211295487414, 0.00406567998535, 1.13023684133, 1.61098634593, 0.0467111398278
