1.91590485089, 1.08528519155, 0.732344976149, 0.919276926228, 2.0564848762, 0.846842598196, 2.80837552788, 0.879790377999, 0.991819010457, 2.57722782978, 1.60607884084, 0.853304865285, 1.65506304227, 0.859592482618, 0.886820987345, 1.2463541008, 1.00054988316, 0.902899560851, 4.84840995525, 0.978394288891, 0.833523703654, 156.341766639, 0.865815931657, 1.45616817815, 1.05472003326, 1.11977015295, 0.948872275078, 12.559557275, 7.81042658719, 31.2186044812
2.79274190588, 1.05908331842, 1.09274542651, 0.953224074513, 3.53259811415, 0.882409505745, 2.69505416368, 0.9675959804, 0.942491771015, 2.10041852362, 3.53663356307, 0.892976331893, 1.02637232318, 0.877223118318, 0.879674620512, 1.05144117828, 1.03814877147, 0.939439823562, 3.8414462695, 0.912687809637, 0.792975358301, 133.574601283, 0.863760565248, 1.20770876242, 1.00180020049, 1.07103624067, 0.882439927098, 42.1320610212, 11.5762288162, 27.3867947057
2.48343567484, 1.14410190757, 0.744750553163, 0.804113500426, 1.42413438586, 0.718089488647, 2.81664326788, 0.847249847479, 0.907184791295, 2.58558063186, 1.87119843821, 0.935929945293, 1.98327956087, 0.892747445549, 0.848888104529, 1.13741815711, 1.0246513806, 0.948428263814, 3.86323441998, 0.995228600261, 0.844770698899, 153.035152631, 0.975465470523, 2.55523308257, 0.963965165804, 1.6797245576, 1.014491203, 9.73047245159, 10.4294280061, 59.3915969609
1.71427493948, 1.0842651207, 0.891572567556, 0.956977413611, 2.91370903458, 0.864676057731, 2.91895824378, 0.979165890997, 0.920503874394, 2.63453177668, 2.7932519596, 0.843522821269, 2.09962542415, 0.897276269636, 0.790287132572, 1.0110051653, 1.05770167011, 0.899838005284, 5.528110049, 0.921358336889, 0.821659866339, 133.697537092, 0.949427832077, 2.1330841946, 0.95844257977, 1.92279896466, 0.969567866846, 20.1421727439, 6.54402104937, 113.995275857
1.15862712782, 1.0962811472, 0.753853241839, 0.843445397099, 2.52877029729, 0.862073296906, 2.91889197485, 0.983684292628, 0.97030401941, 1.62791947272, 2.43102781386, 0.89938000718, 2.03140610556, 0.870334553189, 0.895908353691, 1.12556126176, 1.05670509339, 0.898469804732, 3.79413187519, 0.983015988781, 0.856947320941, 106.998049254, 0.907603174677, 2.31308472585, 0.975611050057, 1.54457998473, 1.01266673259, 17.9375141359, 7.31044950358, 132.162650131
2.79259559935, 1.02663194721, 0.885992382134, 0.933082859754, 2.42914682672, 0.851246790219, 2.75155107253, 0.877967167591, 0.97647199819, 2.53248708703, 2.81621350332, 0.889908341816, 2.16114368784, 0.815325268392, 0.881912758036, 1.01144278847, 1.03830325579, 0.879542385404, 3.98701899505, 0.913326809352, 0.764610488961, 124.960536998, 0.899634738717, 1.23931587962, 1.04282301479, 2.48563187599, 0.927686572012, 25.3897723613, 6.84320275754, 28.404560528
2.21443325962, 1.0004366121, 0.947696357967, 0.955732236451, 2.01901954483, 0.8424307737, 3.40286791542, 0.869198234466, 0.991823215355, 1.66416564567, 1.8274883328, 0.963655640684, 1.64976217568, 0.919981756981, 0.800455460868, 1.07145080897, 1.0002111141, 0.828308688306, 4.44554058461, 0.955382464836, 0.823768016137, 79.1005768241, 0.908878984276, 2.58014360541, 0.975644773668, 1.95516005558, 0.980260994504, 16.0368800185, 8.73346422527, 31.7486244524
2.79982871895, 1.05917429214, 1.09400773062, 0.835722798044, 2.96247730351, 0.840937663933, 2.7514358793, 0.877800524668, 0.950725937855, 2.00052384555, 3.44567778582, 0.849572673508, 1.44506469144, 0.891574457017, 0.81436072893, 1.05509080444, 1.0142855924, 0.880271815025, 3.63560201218, 0.912090176221, 0.784600553311, 132.11334793, 0.863958020337, 1.23345457888, 1.00162066475, 2.48403092396, 0.976342569595, 15.5547539548, 11.6801248763, 42.2333933724
2.9577375416, 1.05908331842, 1.09274542651, 0.836301690293, 2.96206213823, 0.743456024021, 2.69627913692, 0.967461676523, 0.950636862974, 2.09709248476, 3.56132143173, 0.892976331893, 1.02637232318, 0.877223118318, 0.841439678924, 1.22069322903, 1.04745039582, 0.880462280179, 3.63560201218, 0.912705682378, 0.815049580753, 50.1787008544, 0.863760565248, 2.843975069, 1.00180020049, 2.49991440179, 0.883649884752, 11.9474180147, 10.7253364541, 126.707057353
2.67913301257, 1.15933920461, 1.09277772604, 0.836917981933, 2.97666018741, 0.74358763549, 2.69722870108, 0.927616019785, 0.919047516607, 2.11400209072, 2.33565681799, 0.811705400472, 1.02618056218, 0.876336345034, 0.847471130771, 1.14086131694, 1.04765674238, 0.880818650205, 4.03428885398, 0.912517405788, 0.767300150056, 49.4395222115, 0.865315384766, 2.04462859345, 1.06731354879, 1.78550183393, 1.0130511542, 11.1708928963, 10.8349756463, 89.1623324621
2.36555562877, 1.09258674169, 0.795242840819, 0.974154401093, 3.12977898108, 0.787117019563, 1.25018366645, 0.971689449787, 0.971114474906, 2.50731123697, 2.79050351144, 0.828091809018, 2.01933589064, 0.95161810743, 0.785161254517, 1.1411324129, 1.03146072411, 0.962967879888, 3.60939478655, 0.929608175042, 0.818563957603, 107.510179708, 0.978140236548, 1.50582267927, 1.00172584986, 1.36675598751, 0.945083867595, 30.9645830352, 8.55577663024, 61.7713704149
2.96181231104, 1.07118913499, 1.09235269997, 0.918181935074, 2.91338912355, 0.810199521417, 1.05362459951, 0.940118608364, 0.998508762989, 2.94271499431, 2.07624121046, 0.873756107928, 2.57059045496, 0.873213120377, 0.903383253699, 1.04149211311, 1.05757243089, 0.901394859302, 3.88285561748, 0.969899142274, 0.850390952662, 62.5990159065, 0.947717603212, 2.58963759481, 0.999465832648, 1.38283010389, 0.889759503898, 25.9409060384, 8.42066723931, 83.0612274531
2.85125403251, 1.02644782263, 0.873209716799, 0.927786407903, 3.13254690089, 0.84932786072, 1.24101312616, 0.878243446483, 0.972868680033, 1.68218524958, 2.81551316471, 0.85223952948, 2.04133408644, 0.95588434341, 0.7892811963, 1.01285102773, 1.03145934822, 0.878520226157, 3.60936448749, 0.928596445617, 0.76508354426, 107.509279966, 0.900054784391, 1.23931587962, 0.986840119876, 1.28362992974, 0.945439205732, 31.6772078133, 7.4174222356, 95.9109884031
2.35506084067, 1.02625691361, 0.873183040022, 0.927786407903, 3.13254690089, 0.851001484558, 1.25217381498, 0.878243446483, 0.971480320336, 1.67546634392, 2.81628139469, 0.85223952948, 2.04134183682, 0.810774094451, 0.790551490394, 1.01285102773, 1.03145934379, 0.877932046952, 3.60905622147, 0.929836762799, 0.764610488961, 107.416685417, 0.899634738717, 1.23931587962, 0.986840119876, 2.47694551588, 0.945439205732, 19.7696809598, 9.39753305728, 117.980628934
2.48868985351, 1.14117014854, 1.09229149763, 0.803632052463, 2.90657636556, 0.802783839094, 2.80293428715, 0.847249847479, 0.907184791295, 2.01637579128, 1.86019240061, 0.950484271131, 1.91424071587, 0.827289389863, 0.848888104529, 1.13576795355, 1.0246513806, 0.961238371885, 3.8627613226, 0.995228600261, 0.844628133251, 153.035152631, 0.984697922524, 2.67875116967, 0.961794381504, 2.64515206814, 1.01447068325, 26.727220119, 13.8339079516, 40.3966698776
2.85241339448, 1.00172175134, 0.874939137905, 0.87549542631, 1.8283534723, 0.81246354771, 1.44195628143, 0.967529275083, 0.907101042485, 1.84355658409, 3.66452837799, 0.936141600011, 1.7482180434, 0.896493469922, 0.887615786147, 1.11516982222, 1.0244001564, 0.956127562156, 3.85657730088, 0.912535895212, 0.811733534124, 13.5415988743, 0.900223877597, 2.27157771217, 0.964034052076, 1.87266982317, 0.916657579553, 19.8990813527, 9.3036067938, 51.6953952183
2.87373132754, 1.09544819621, 1.10460012703, 0.895551095383, 2.86649216768, 0.721562435786, 1.1972576235, 0.968076068926, 0.993390486033, 1.66416564567, 1.66270559738, 0.95734888395, 2.31989763234, 0.852553733102, 0.79882285651, 1.19307203529, 1.00039035438, 0.828090295863, 4.80767502597, 0.955254262616, 0.823768016137, 79.0944026872, 0.939739081369, 2.24788852203, 0.97591402627, 1.93426938646, 0.979833328607, 17.8960927802, 12.0921670363, 56.6067904213
2.85117977303, 1.15525430294, 1.08717013909, 0.836826203794, 1.81984981154, 0.74866513633, 1.02518186001, 0.906584036406, 0.914188978733, 2.97096747935, 3.66452837799, 0.813124070864, 1.37688335855, 0.852679102126, 0.852003726697, 1.04197897996, 1.03601152154, 0.879541832773, 4.83335885158, 0.957625336375, 0.785846918781, 76.0089851577, 0.844886652694, 2.29461367155, 0.974652238149, 2.04700733198, 0.9161381949, 17.0138273404, 11.7241553956, 177.081292162
2.87201025261, 1.14410190757, 0.744750553163, 0.89477061482, 1.42182572538, 0.718089488647, 2.81664326788, 0.847249847479, 0.993741709709, 2.34708717026, 1.87134115049, 0.935987405807, 1.98327956087, 0.891419712996, 0.849003743159, 1.13798382318, 1.0246513806, 0.948428263814, 3.86323441998, 0.995228600261, 0.844770698899, 153.035152631, 0.975465470523, 2.55523308257, 0.975925693191, 2.47450119632, 1.014491203, 29.228370515, 8.65265376727, 152.305879099
2.36555562877, 1.09258674169, 0.796049048587, 0.801293978794, 3.12977898108, 0.787062618945, 1.24744265267, 0.926132768603, 0.971428966763, 1.67546644633, 2.79079008363, 0.851835176579, 2.04133404935, 0.95161810743, 0.7897616846, 1.1411324129, 1.03146072411, 0.962967879888, 3.60939478655, 0.929608175042, 0.818563957603, 107.510179708, 0.840361057901, 1.53259677785, 0.987908172707, 1.36675598751, 0.945512591037, 35.2288684057, 9.23308754288, 152.005666801
2.83423656334, 1.09258674169, 0.888713325662, 0.801293978794, 3.12977898108, 0.747724460942, 1.24097859808, 0.926132768603, 0.912923107475, 1.68214481409, 3.665335076, 0.812556918869, 2.04133404935, 0.952324454096, 0.789269355312, 1.1417329395, 1.03145988193, 0.96153145999, 3.60939478655, 0.998379790356, 0.818563957603, 107.510179708, 0.900056556415, 2.27727544982, 0.987908172707, 1.37127914941, 0.945512591037, 36.8258933448, 7.88236724768, 301.950920829
2.79259559935, 1.02708962039, 0.889313715511, 0.941568915564, 3.52692419951, 0.842533836651, 2.75155107253, 0.877967167591, 0.942215216878, 2.53248708703, 2.8259557917, 0.891573919574, 2.28055957695, 0.888998469263, 0.881912758036, 1.01059967646, 1.03830325579, 0.975017374135, 3.84357730778, 0.913033098092, 0.793885300968, 133.610996466, 0.899634738717, 1.23931587962, 1.04282301479, 2.48563187599, 0.931473369735, 41.6340684376, 7.87341318663, 409.359702314
2.86827547517, 1.02203528412, 0.802241928285, 0.895145195285, 1.71054925779, 0.783546778583, 2.69272422243, 0.936374189999, 0.928074360465, 2.73776050277, 2.3496584603, 0.818035521834, 2.31898203997, 0.821063239324, 0.902380015142, 1.04379550555, 1.03581235836, 0.937607483472, 4.8255960045, 0.960174875662, 0.801875415888, 73.1732411105, 0.845156836013, 1.55284349566, 0.988410183834, 2.56211567115, 0.888016502262, 64.1415308432, 9.17152320035, 119.809648051
2.46602470565, 1.05861125219, 0.868885794311, 0.969252595356, 3.11422465971, 0.746919404813, 2.30142353612, 0.971891120326, 0.950689160009, 1.37123846938, 2.76782861353, 0.852284818049, 1.86401926792, 0.859881232403, 0.849107089287, 1.11729396159, 1.06290424336, 0.854943658311, 4.93302087412, 0.980624975631, 0.773666023692, 43.2130487564, 0.971175250688, 1.00190858189, 1.04801656547, 1.20020385036, 1.03138009346, 79.1512919733, 9.97326826707, 114.674571663
1.22169961706, 1.02106520043, 0.948002352992, 0.966036967403, 1.9667866233, 0.899977578635, 2.49611948303, 0.966482666113, 0.903812951278, 1.84312916501, 4.01890486118, 0.905695605732, 1.40174992655, 0.821862274901, 0.874964348876, 1.21745194532, 1.03930520609, 0.867318404292, 3.80051016739, 0.912068077465, 0.811848299133, 71.3997502534, 0.960145553508, 1.05922250624, 0.963658765278, 1.8739442714, 0.896441856898, 226.464484711, 24.8936760679, 54.490774715
2.46491706645, 1.09582430514, 1.04202916059, 0.803685119344, 1.80280313301, 0.837620794353, 2.68930135258, 0.979074556596, 0.973255357189, 2.58679351975, 3.27094525717, 0.837644602448, 1.37998212391, 1.03609710743, 0.859865215982, 1.18920609102, 1.05743032336, 0.865237666395, 4.59449769598, 0.925090921076, 0.811206604749, 37.0544886249, 0.907356547144, 2.03853488999, 0.966588755109, 1.55274293685, 0.954229809535, 72.8324041274, 11.133745781, 105.676351319
2.862213125, 1.02178911188, 0.744818329135, 0.895522230151, 1.42182572538, 0.718274830926, 2.80779559439, 0.847249847479, 0.96965016954, 2.34708717026, 1.87134115049, 0.935987405807, 1.39768899493, 0.891419712996, 0.849003743159, 1.21945706203, 1.03908554182, 0.948428263814, 3.88054699312, 0.995200905816, 0.844770698899, 153.258712793, 0.888541404065, 2.4217388556, 0.975925693191, 1.96614842061, 1.01453241228, 46.7577240194, 9.89334898382, 147.715291234
2.96181231104, 1.07144444018, 1.09235269997, 0.918144983049, 2.91611263977, 0.810199521417, 1.05362459951, 0.939003555981, 0.998508762989, 2.99080728546, 2.07624121046, 0.873756107928, 2.57059045496, 0.873842401031, 0.912939409766, 1.04149211311, 1.03581775876, 0.901394859302, 3.88285561748, 0.970106810601, 0.850390952662, 63.9480702391, 0.947717603212, 2.84533328212, 0.999465832648, 2.03172058759, 0.889431095808, 62.3477276704, 11.2342815982, 104.805604885
2.80731079552, 1.05908331842, 1.09274542651, 0.836301690293, 2.96206213823, 0.882409505745, 2.69627913692, 0.967461676523, 0.950636862974, 2.09732224089, 3.56132446939, 0.892976331893, 1.02637232318, 0.877223118318, 0.879674620512, 1.05144117828, 1.03814751597, 0.880271815025, 3.63560201218, 0.912687809637, 0.815049580753, 132.11334793, 0.863760565248, 2.74310722609, 1.00180020049, 1.07103624067, 0.883229262132, 105.820016155, 12.4506610921, 80.9144484464
2.79259559935, 1.02708962039, 0.889313715511, 0.953604760821, 3.52738836143, 0.842533836651, 2.74544257776, 0.899831258127, 0.942448841778, 2.53248708703, 2.8259557917, 0.892269618146, 2.28055957695, 0.888998469263, 0.881912758036, 1.01059967646, 1.03830325579, 0.975017374135, 3.84357730778, 0.913033098092, 0.793885300968, 133.610996466, 0.899634738717, 1.23931587962, 1.04282301479, 2.28754190331, 0.931473369735, 22.8053739822, 13.1537277816, 65.0419095955
2.96181231104, 1.07144457945, 1.09235269997, 0.907496415523, 2.85812219784, 0.810199521417, 1.05362459951, 0.959271092426, 0.902732058958, 2.9909183804, 2.06184651097, 0.957975271002, 2.57059045496, 0.94599298536, 0.903130375932, 1.041858072, 1.03601178534, 0.811639948329, 3.90351705821, 0.959828614188, 0.850354673865, 63.9549971632, 0.845106793649, 2.83087373103, 0.999465832648, 2.04813567532, 0.889428638557, 21.7674444712, 12.8306412159, 73.7601232519
2.85068884967, 1.00172175134, 0.874939137905, 0.940521111362, 1.8207368141, 0.81246354771, 1.44195628143, 0.967529275083, 0.913542080709, 2.76313365969, 3.66452837799, 0.914920744774, 1.7482180434, 0.936963974312, 0.888752726539, 1.1145388768, 1.06934270839, 0.956482955969, 5.48849140994, 0.912535895212, 0.811733534124, 151.49398804, 0.900223877597, 2.27157771217, 0.97559317442, 1.87266982317, 0.916657579553, 51.6687619807, 8.67085141021, 211.819088422
2.76470629115, 1.09610379385, 0.837121510744, 0.968933189422, 1.98299240186, 0.841237055654, 2.77855065689, 0.971299353248, 0.967992622232, 2.48943901902, 3.39591443218, 0.854505961985, 1.43503469436, 0.94939770594, 0.849107089287, 1.10737808978, 1.00661132138, 0.854725915837, 5.08792914202, 0.936198343503, 0.773666023692, 41.8046230755, 0.877771558385, 1.15742172361, 0.956120166218, 1.39269758083, 0.97494307799, 63.5721734457, 9.20600498629, 210.21379006
2.96181231104, 1.07118913499, 1.04148592541, 0.951046394768, 3.5970048118, 0.810199521417, 1.05362459951, 0.930637913171, 0.942542344104, 2.58565767325, 2.07624121046, 0.892160520183, 2.57059045496, 0.894196575722, 0.903480580218, 1.04297912135, 1.05757072593, 0.865477670405, 3.88285561748, 0.913055547731, 0.850155478844, 37.9533344144, 0.899685228074, 1.24433402982, 0.999465832648, 1.38280708112, 0.911505316218, 34.1764136324, 11.2807872641, 162.662330155
2.37397072337, 1.09544668216, 0.947696357967, 0.955732236451, 2.87004768737, 0.721562435786, 1.19235308987, 0.968076068926, 0.992916128077, 1.66416564567, 1.66978297978, 0.95734888395, 2.45916834846, 0.919904993652, 0.79882285651, 1.19307203529, 1.00056762664, 0.828090295863, 5.15705063598, 0.954484403379, 0.823768016137, 79.1005768241, 0.909750192193, 2.57958723278, 0.975644773668, 1.93426938646, 0.980260994504, 48.3927665251, 9.63064344742, 241.36383995
2.76787578856, 1.0594493565, 0.837121510744, 0.969014517202, 2.85961338014, 0.81049266976, 2.27546494657, 0.971362753674, 0.951302817036, 2.48647834323, 3.39826651451, 0.827922416522, 2.57072985958, 0.873302172252, 0.901995202184, 1.10737808978, 1.0360466608, 0.882590774775, 4.12898869242, 0.935039737254, 0.773666023692, 43.2130487564, 0.982138202176, 2.80152414493, 1.00184772908, 1.19223624014, 0.888639190336, 49.0910363675, 9.7644121488, 158.891201483
2.99608090663, 1.14667851135, 0.730880604533, 0.938556347305, 2.43831241017, 0.836901810523, 2.87624747712, 0.881418613131, 0.976414406482, 1.25920470807, 2.79753162742, 0.889901068, 2.1609416248, 0.814991944474, 0.838644143615, 1.23323752866, 1.0427655167, 0.91940851554, 5.55999998166, 0.956177572172, 0.852953204976, 125.36383917, 0.973214532743, 2.13462361353, 1.05685700011, 1.35860109466, 1.02955265156, 40.6417925448, 11.2345034284, 202.068520685
3.00014264185, 1.09556241385, 0.837121510744, 0.9657546545, 2.75851749571, 0.836181854255, 2.6894258765, 0.971299353248, 0.9730221485, 2.57660632992, 3.27507419924, 0.827810671349, 2.65428312154, 0.89752903103, 0.859905251605, 1.10737808978, 1.05679001991, 0.975461982019, 4.48642720922, 0.925141967631, 0.810962376008, 95.3943661367, 0.907121474309, 1.15396883257, 0.955982298272, 1.43658225242, 0.913015223932, 44.9414464827, 8.23765285882, 316.66579222
2.3920004531, 1.16136471168, 0.87345522017, 0.879459419576, 1.99395128817, 0.841158224611, 1.18387856614, 0.907327994583, 0.967999960703, 2.29633486219, 1.79652416453, 0.851854550073, 1.44543287785, 0.937540162547, 0.781429240665, 1.16891618744, 1.03698682102, 0.854621315163, 5.09127472059, 0.93233692242, 0.81130613878, 76.0241369317, 0.878841110091, 1.53298655343, 0.973986608456, 1.36751097633, 0.945548048601, 73.6412144155, 9.54971137183, 150.526763039
2.36555562877, 1.09304529757, 0.796049048587, 0.801293978794, 3.12977898108, 0.787062618945, 1.24744265267, 0.926132768603, 0.97079445189, 1.64441334592, 2.79079008363, 0.851835176579, 2.04133404935, 0.95161810743, 0.7897616846, 1.1411324129, 1.03147567175, 0.962864218961, 3.60939478655, 0.929608175042, 0.818563957603, 136.148090765, 0.937106456014, 1.53259677785, 0.987977454448, 1.36583696423, 0.945512591037, 80.8106701026, 10.165569923, 142.138818735
2.54530558609, 1.12230690596, 0.948279311782, 0.906374178448, 2.43250508098, 0.869843793369, 1.96441968189, 0.857974250819, 0.979599025998, 1.3096808273, 3.40823921412, 0.905800191074, 2.47405864791, 0.828338571268, 0.891426310698, 1.01481264197, 1.06244269227, 0.920016889542, 5.53137152685, 0.981328902544, 0.844317799822, 102.80889088, 0.971192139386, 2.92498658794, 1.0656212566, 2.42202322875, 0.871964096319, 32.1277570451, 15.5770584334, 67.9191962238
3.00014264185, 1.09555977441, 0.837121510744, 0.966811141665, 2.75851749571, 0.836181854255, 2.7602991378, 0.971299353248, 0.98078079521, 1.24229803595, 2.80049470026, 0.827706702623, 2.65428312154, 0.89752903103, 0.87560333947, 1.10788130939, 1.04285774106, 1.0134956621, 4.48510851109, 0.956235167992, 0.772288050797, 36.1133397943, 0.973377327125, 1.15396883257, 1.05187596104, 1.39350778978, 1.03033301397, 31.0723824836, 14.7483789991, 198.656650956
2.80731079552, 1.15970357091, 1.09274542651, 0.880067986285, 2.95273102175, 0.882409505745, 2.6941229646, 0.967461676523, 0.949988282813, 2.29802743882, 1.81325005442, 0.892976331893, 1.02637232318, 0.939495545951, 0.879875316448, 1.05017483912, 1.03815703774, 0.880271815025, 5.10264164938, 0.912687809637, 0.815049580753, 132.11334793, 0.863669298856, 2.74310722609, 1.00180020049, 1.07103624067, 0.881644447963, 118.60598093, 15.1657382314, 115.358837697
2.46283203699, 1.07141104979, 1.09359393162, 0.855516697176, 2.0053841626, 0.851410081151, 2.77343222559, 0.877800524668, 0.915955453942, 1.36186066421, 3.2748602512, 0.852628934417, 1.41330119154, 0.897241250317, 0.85910374057, 1.05470706937, 1.00639055043, 0.854701299467, 3.63560201218, 0.979500104297, 0.779724761948, 37.4497215607, 0.923907644979, 2.04728819365, 1.04703207031, 2.4793396716, 0.953797276819, 59.9148426765, 9.07564570424, 269.154405875
1.43750193718, 1.02668024533, 0.793785723682, 0.933103649024, 2.42914682672, 0.785796246313, 1.242003311, 0.877967167591, 0.97647199819, 2.53248708703, 2.80235838587, 0.88984529731, 2.16968418603, 0.815325268392, 0.881912758036, 1.01144278847, 1.03840982568, 0.879542385404, 3.99084689263, 0.932176616425, 0.765000947538, 124.960536998, 0.899634738717, 1.23931587962, 1.04282301479, 2.48563187599, 0.928467347445, 57.3712987881, 9.24886987257, 291.315134457
2.85068884967, 1.15525430294, 0.888728345538, 0.836339073298, 1.81984981154, 0.748512495212, 1.44195628143, 0.906584036406, 0.914188978733, 2.29761870025, 3.66452837799, 0.812346588885, 1.45034164893, 0.852679102126, 0.851814516541, 1.03336484154, 1.03696309887, 0.879541832773, 4.81685526905, 0.998288272002, 0.788524000762, 76.0810703825, 0.900223877597, 2.28942325038, 0.974652238149, 1.87935908875, 0.916388508785, 67.8371421647, 11.5483759434, 192.99222531
2.94199900626, 1.15962611029, 0.946841885836, 0.965939427238, 2.40446306671, 0.773911052221, 1.97018774666, 0.930044441591, 0.919047516607, 2.11400209072, 2.32842065508, 0.811705400472, 1.17355347019, 0.945682509121, 0.847467576743, 1.11976861638, 1.06613456623, 0.920893324708, 4.03428885398, 0.921854628502, 0.767280346402, 49.4395222115, 0.86860446351, 2.04462859345, 1.06565051242, 1.77786109176, 1.01217902231, 52.4995920758, 12.4469496038, 186.758713634
2.45751585548, 1.09260738758, 0.754308830503, 0.974154401093, 3.12713090565, 0.858280734505, 2.91178842412, 0.983606848251, 0.971114474906, 2.50731123697, 2.79050351144, 0.826087044016, 2.03145584576, 0.95161810743, 0.785161254517, 1.1411324129, 1.05698119728, 0.963813894087, 3.60951741155, 0.938289859267, 0.818563957603, 106.993697289, 0.975179769031, 2.3037087718, 1.00172584986, 1.36665219565, 1.01071474626, 54.3266061313, 8.6327623755, 816.648510854
2.48217990411, 1.02603795801, 0.743634413182, 0.948322178499, 2.44055230662, 0.868978742469, 1.06053357979, 0.857966842247, 0.979599025998, 3.12979758325, 1.89045416152, 0.937462016178, 1.16304772636, 0.828328367127, 0.790201074701, 1.01481264197, 1.0161976476, 0.873615495413, 5.530400172, 0.981328902544, 0.844418688937, 102.683971356, 0.970893887178, 2.71575330911, 1.0656212566, 2.42223697099, 1.02877616263, 52.2424082483, 8.80001353866, 499.323846191
1.05997607889, 1.14132007045, 1.03249345339, 0.805127638483, 1.42413438586, 0.802783839094, 1.07224584963, 0.847249847479, 0.907101450603, 2.00274595256, 3.48008286612, 0.935929945293, 1.98327956087, 0.897570952923, 0.849336995282, 1.13741815711, 1.01864833519, 0.873932257291, 3.86323441998, 0.995228600261, 0.833943149822, 152.928770093, 0.984697922524, 2.87110232594, 0.961794381504, 2.65778106383, 1.01617769141, 51.1091944396, 8.84752075197, 465.529566483
2.79982871895, 1.15338278992, 0.741395431617, 0.90906715019, 3.0493143777, 0.840775119037, 2.12883061805, 0.877800524668, 0.950725937855, 1.84062238918, 3.44671356067, 0.849572673508, 1.44977521348, 0.891574457017, 0.81436072893, 1.08898315582, 1.01447865394, 0.906124767568, 3.86780096896, 0.912452223003, 0.783121622006, 132.11334793, 0.928119324314, 1.2347534175, 1.00296745198, 2.48403092396, 0.974923540293, 75.7794442843, 11.017189741, 159.013622219
2.80658748493, 1.02625691361, 0.872727873369, 0.927093054374, 3.13254690089, 0.851001484558, 2.83578283566, 0.878243446483, 0.971480320336, 1.77341058475, 2.81628139469, 0.849549270148, 2.04702838814, 0.888282956306, 0.815406843566, 1.01285102773, 1.03143652029, 0.877932046952, 3.60905622147, 0.92979598557, 0.764610488961, 107.610048878, 0.864302262927, 1.37738075186, 0.986881880641, 2.47694551588, 0.976938641138, 84.4417725094, 10.0788209839, 155.23684561
2.96931754837, 1.12263575914, 1.03655471688, 0.948285887359, 3.01304815602, 0.737100145873, 1.06394905527, 0.887802672969, 0.954113810879, 1.26143080612, 3.47382966469, 0.93724514895, 2.4918013818, 0.828909598406, 0.892454372126, 1.08466097484, 1.01862414893, 0.873237872576, 5.49601914432, 0.971047854743, 0.834605486144, 150.814442715, 0.888414065447, 2.89534450644, 0.995381618324, 2.29818481404, 0.871732634669, 154.50714695, 16.7464108074, 89.776135481
2.53018994933, 1.14410190757, 0.744750553163, 0.907552185309, 3.05109455449, 0.754674087108, 2.138377902, 0.943630531749, 0.948888506761, 1.84254699551, 1.59116613541, 0.871758712523, 2.15105821833, 0.896578118227, 0.884203754931, 1.0892438323, 1.03631206954, 0.905862984681, 3.86323441998, 0.949640578783, 0.844769624051, 14.4692033604, 0.92640365942, 2.55523308257, 0.964252342998, 1.6644485937, 0.910111059228, 56.2572115816, 17.6368779456, 127.859481591
2.76712959949, 1.09555977441, 0.837121510744, 0.969014517202, 3.06954880502, 0.839208785473, 2.30354794295, 0.971299353248, 0.970083371876, 2.48943901902, 3.39591443218, 0.827706702623, 1.88972003249, 0.949435272639, 0.849107089287, 1.10737808978, 1.00661132138, 0.978252826108, 4.47898275882, 0.93499842104, 0.773666023692, 43.2130487564, 0.973537796387, 1.15742172361, 0.955982298272, 1.39269758083, 0.912663773857, 56.3360981033, 16.9790799763, 75.8137307825
2.2186295474, 1.02202520478, 0.802661172888, 0.895145195285, 2.42925483819, 0.783546778583, 1.06237969025, 0.874642563448, 0.992806990541, 2.53341690349, 2.81513394085, 0.939329189698, 2.17211183659, 0.921016315694, 0.879847185299, 1.07011410948, 1.03880065298, 0.937607483472, 3.86489142226, 0.932181259485, 0.801875415888, 124.950765675, 0.844436161235, 1.55284349566, 0.988410183834, 2.41442078394, 0.917374852538, 44.7468932703, 15.6284166098, 302.970063084
2.45967283646, 1.04767827489, 0.874671298404, 0.879434638734, 1.9951669895, 0.788813876489, 2.72093904919, 0.838297831447, 0.917564941645, 2.11310560164, 2.14326419231, 0.854051059357, 1.81686518547, 0.810461842373, 0.844378376296, 1.12581768752, 1.03712885199, 0.854635755241, 5.4983894577, 0.948480202874, 0.818100137391, 60.5096549647, 0.860232095841, 2.35199019703, 1.02102541145, 2.77223397092, 0.953847791644, 129.227877573, 16.2520080766, 139.885628525
2.39644387334, 1.15804781566, 0.90739154434, 0.87934493073, 1.56116019572, 0.880493749134, 1.18747456299, 0.930100454111, 0.958709695617, 2.09917765925, 1.90112734183, 0.841974590559, 1.02594779213, 0.87651299197, 0.798181764825, 1.16964821779, 1.06679123803, 0.8545555792, 5.94344998605, 0.973930076781, 0.814763287279, 111.93252793, 0.917512510671, 2.74550134823, 0.974676859383, 1.10911497096, 0.884361032007, 62.900657583, 9.08795113502, 337.03289424
2.3925944993, 1.15961908828, 0.834438095189, 0.882913718289, 1.99356102872, 0.842339824885, 1.96986780735, 0.907327994583, 0.969416816893, 2.3000505664, 2.33229756668, 0.811295051113, 1.16875993873, 0.938682173621, 0.851459531076, 1.11999980387, 1.03695171001, 0.898253297525, 5.09579944502, 0.998703831744, 0.810786264204, 75.8958134415, 0.953222341621, 1.57839156283, 0.975079795073, 1.54522956794, 1.01244463462, 59.182499295, 10.4974315272, 391.769908157
1.04860058342, 1.12263575914, 1.08747746416, 0.946483444932, 3.01293558961, 0.807425754181, 1.06394905527, 0.887802672969, 0.954113810879, 1.32374829372, 3.47382966469, 0.93724514895, 2.4918013818, 0.90161302589, 0.892358174645, 1.08466097484, 1.01862414893, 0.873237872576, 5.49601914432, 0.971047854743, 0.833885749863, 146.081573638, 0.974192926741, 2.87387891929, 0.995558384704, 2.29685510125, 0.871732634669, 62.7566267405, 9.50676955022, 352.555713591
2.14136418239, 1.14667851135, 0.730880604533, 0.938556347305, 2.43831241017, 0.851185573389, 2.87624747712, 0.881418613131, 0.976414406482, 1.25920470807, 3.55045397939, 0.889957001634, 2.1609416248, 0.815310692975, 0.859055210452, 1.23323752866, 1.0084696997, 0.878941884996, 5.5552646414, 0.956177572172, 0.797666947298, 125.36383917, 0.973214532743, 2.13462361353, 1.05685700011, 2.4929400468, 1.02955265156, 58.0171073805, 12.7620874462, 221.097121956
2.54816421802, 1.00172175134, 0.874939137905, 0.946683940463, 1.6965708248, 0.81246354771, 1.02185133927, 0.967529275083, 0.978285920688, 2.76313365969, 3.66452837799, 0.914543479441, 1.7482180434, 0.936963974312, 0.791309115728, 1.1145388768, 1.06934270839, 0.837271888712, 5.4889167627, 0.982593712912, 0.811733534124, 152.245154611, 0.900932065777, 2.27157771217, 0.97559317442, 1.87544020607, 0.916657579553, 52.988036289, 12.433039268, 514.725334448
2.76681153512, 1.15962611029, 0.834491101348, 0.965972903352, 2.40446306671, 0.773956677463, 1.97018774666, 0.930044441591, 0.919047516607, 2.11400209072, 2.33565681799, 0.811705400472, 1.17227174254, 0.946193454667, 0.847471130771, 1.11949331932, 1.06613456623, 0.920893324708, 4.03428885398, 0.921948603458, 0.767280346402, 49.4395222115, 0.865315384766, 2.04462859345, 1.06680641476, 1.78550183393, 1.01217902231, 53.3658023107, 8.88488764522, 1478.46856665
2.99963899942, 1.02556969288, 1.03730851585, 0.855813150576, 2.91431197559, 0.736405437581, 2.20824318329, 0.821197812659, 0.980792076538, 3.09939190913, 3.42630501264, 0.824132964148, 1.23651909502, 0.829293590961, 0.876481241099, 1.11704911939, 1.03751570494, 0.919093264141, 5.48306621487, 0.982054777402, 0.834602348872, 150.873596544, 0.888223576733, 2.40427898565, 0.962505068544, 2.6682091291, 0.911672472941, 89.9779973699, 11.9592207717, 241.227725747
2.3925944993, 1.16043743122, 0.874255938874, 0.880081559913, 1.99395128817, 0.841347899092, 1.18387856614, 0.907327994583, 0.969416816893, 2.29633486219, 1.79652416453, 0.853913421141, 1.44543287785, 0.938682173621, 0.851459531076, 1.16891618744, 1.03695171001, 0.898253297525, 5.09579944502, 0.998703831744, 0.81133350028, 75.8958134415, 0.953222341621, 1.57395688233, 0.974660019696, 1.54904299372, 0.953766096345, 124.970165294, 11.6138180768, 285.889921754
1.22595795071, 1.01944479189, 1.11576129607, 0.895551095383, 1.96845671763, 0.783200462393, 1.16306947533, 0.968266555249, 0.906077702273, 1.66416564567, 1.63950239958, 0.95734888395, 1.29557255766, 0.852553733102, 0.79882285651, 1.19307203529, 1.03924608187, 0.816901488942, 3.85323960595, 0.955254262616, 0.8232239923, 79.0944026872, 0.939659218429, 2.24788852203, 0.963862412874, 1.93426938646, 0.894541983881, 106.17033769, 15.0332306961, 200.072749833
2.54761431621, 1.15970357091, 1.09274542651, 0.880067986285, 2.95273102175, 0.882015722198, 1.01387757692, 0.967529567124, 0.97799248028, 2.29802743882, 1.81135689716, 0.914831700251, 1.02637232318, 0.939495545951, 0.879875316448, 1.05017483912, 1.03815703774, 0.837668649689, 5.48769990997, 0.912687809637, 0.811743325295, 152.429791806, 0.863669298856, 2.27454012865, 0.975571172647, 1.07103624067, 0.881644447963, 76.6335150159, 19.0985564976, 110.182476076
2.54530558609, 1.04779370058, 0.948828870795, 0.906374178448, 2.44055230662, 0.870356772545, 1.95429646506, 0.857966842247, 0.979599025998, 3.12979758325, 3.40971799192, 0.906267154631, 1.84087593329, 0.810627341058, 0.791346290255, 1.12242033571, 1.06281818698, 0.921279862615, 5.530400172, 0.981328902544, 0.818118107464, 102.683971356, 0.971206363282, 2.14852204762, 1.02052469864, 2.42240953792, 1.02913336693, 70.7048875913, 18.2789617884, 115.052958794
2.36350951815, 1.09258674169, 0.795242840819, 0.974611144203, 2.50913077493, 0.787117019563, 1.28976270863, 0.971689449787, 0.971114474906, 2.50731123697, 2.79050351144, 0.828090995537, 2.16079345992, 0.95161810743, 0.842543651023, 1.18576104182, 1.03146072411, 0.963035793258, 3.60939478655, 0.929608175042, 0.818563957603, 106.875240317, 0.978140236548, 2.29058809946, 1.00172584986, 1.34246678568, 0.945083867595, 45.6463576259, 15.8887610298, 314.493743417
1.43750193718, 1.07026735223, 0.946988933478, 0.934630726512, 2.42914682672, 0.785796246313, 1.242003311, 0.877967167591, 0.982533488235, 2.53248708703, 2.80235838587, 0.88984529731, 2.16526581736, 0.828477037279, 0.881912758036, 1.01135057681, 1.0384788663, 0.879542385404, 5.50941767949, 0.98121818092, 0.871089027074, 102.943583194, 0.972154274502, 2.881421177, 1.04282301479, 2.48563187599, 0.927847677349, 521.637291095, 17.180916211, 193.903712904
2.54816421802, 1.02162423921, 0.874939137905, 0.946683940463, 2.29071071601, 0.81246354771, 1.02185133927, 0.967534058107, 0.978296814367, 2.76313365969, 3.66452837799, 0.914543479441, 1.74937004248, 0.936963974312, 0.791309115728, 1.0412212955, 1.03616785209, 0.811773637743, 3.89285816277, 0.982593712912, 0.812120520452, 62.8455572434, 0.845595061264, 1.17136382436, 0.97559317442, 2.13549838797, 0.916657579553, 76.3518373397, 9.55287306731, 345.642992022
1.44059039053, 1.07142404976, 1.08854582761, 0.8339171174, 3.46004047724, 0.851195280241, 1.05312844975, 0.970664492775, 0.984456105581, 2.35560539965, 2.02271436852, 0.892969443936, 1.43457926725, 0.877236239282, 0.87967697667, 1.01377953068, 1.03814889769, 0.969137475925, 3.60944918106, 0.976456995673, 0.814899479748, 37.0658421955, 0.92421562701, 2.0405535142, 1.04545558369, 2.29005649868, 0.931415116288, 69.8568835386, 9.56777537841, 436.606415619
2.96181231104, 1.07118913499, 1.04144250338, 0.801621092828, 1.74007781646, 0.810199521417, 1.05362459951, 0.940118608364, 0.973282017843, 2.58565767325, 2.07624121046, 0.873756107928, 2.57059045496, 1.03589816056, 0.903480580218, 1.04297912135, 1.05757072593, 0.865477670405, 3.88285561748, 0.925305272485, 0.850155478844, 36.9114100999, 0.949389026702, 2.04319019675, 0.999465832648, 1.38280708112, 0.912284183712, 140.205930483, 13.3561526908, 232.833691798
2.76712959949, 1.09555977441, 0.837121510744, 0.969414466024, 3.06954880502, 0.839095260842, 2.76370249528, 0.971299353248, 0.970083371876, 2.57651706603, 3.27507419924, 0.827706702623, 1.88972003249, 0.89752903103, 0.858962921865, 1.10737808978, 1.00638700377, 0.978252826108, 4.48642720922, 0.934952985895, 0.773666023692, 37.4705048052, 0.924431733666, 1.15396883257, 0.955982298272, 1.39350778978, 0.912663773857, 67.8787995592, 14.0488348332, 357.045900012
2.80731079552, 1.05974074891, 1.09275172176, 0.880016076345, 2.96227323221, 0.880630457478, 2.6941229646, 0.914722845776, 0.949981249927, 2.31485470494, 3.50009817044, 0.897189816981, 1.0168927065, 0.939495545951, 0.879875316448, 1.05490205293, 1.01408898711, 0.854607217777, 5.10264164938, 0.912687809637, 0.815049580753, 132.11334793, 0.863669298856, 2.76650426893, 1.00250887774, 1.07103624067, 0.881644447963, 80.1320432226, 14.4508911052, 236.161172127
2.78965435822, 1.07150053522, 1.09402204204, 0.835722798044, 2.96011849338, 0.852810106021, 2.76267323557, 0.877800524668, 0.951233189526, 1.36186066421, 3.54813039885, 0.888188906911, 1.41329419989, 0.897241250317, 0.85910374057, 1.05507934929, 1.00737756533, 0.949331728575, 3.63560201218, 0.931934425098, 0.784597925273, 37.4497215607, 0.923341361354, 2.84245447067, 1.05124394231, 2.4793396716, 0.975863579842, 58.2765753483, 18.3447030998, 279.242570274
2.21957194281, 1.02202520478, 0.802241928285, 0.895145195285, 2.01955163682, 0.783546778583, 2.69151135983, 0.967865877562, 0.992806990541, 2.73776050277, 1.83361010243, 0.937155364562, 2.39013128153, 0.921016315694, 0.79961151971, 1.07011410948, 1.0005476856, 0.937607483472, 3.86489142226, 0.930496568517, 0.801875415888, 74.9800069473, 0.844440986402, 1.55284349566, 0.988410183834, 2.41442078394, 0.917374852538, 91.8209439412, 14.4388334859, 323.182628361
2.54875083969, 1.0712324015, 0.948279311782, 0.907491544677, 2.86972895199, 0.869356809278, 1.96441968189, 0.959170913187, 0.980789681084, 1.3096808273, 3.40823921412, 0.905800191074, 2.47464609519, 0.828338571268, 0.870616618366, 1.0150388118, 1.03585070739, 0.810812155723, 3.91810258779, 0.981328902544, 0.844317799822, 102.80889088, 0.846303922498, 2.83185509701, 1.0656212566, 2.42202322875, 0.871964096319, 115.211991465, 12.8517346978, 307.350519735
2.46283203699, 1.07141104979, 0.907203171775, 0.85555814463, 2.00785654132, 0.851410081151, 2.76995193362, 0.848070252335, 0.915955453942, 1.36186066421, 3.2840131036, 0.852904967027, 1.41463981712, 0.897779228573, 0.85910374057, 1.05470706937, 1.01244943849, 0.854830990511, 4.26809413977, 1.02047600152, 0.81052651344, 37.4497215607, 0.923907644979, 2.02324226941, 1.04703207031, 1.76732341482, 0.953797276819, 153.561552055, 12.0347964228, 342.939015492
2.48280842645, 1.12263575914, 0.744097823595, 0.948285887359, 3.01304815602, 0.737100145873, 1.06394905527, 0.887802672969, 0.907171364142, 1.26404342071, 1.88231833608, 0.937241070726, 2.4918013818, 0.828909598406, 0.892454372126, 1.08466097484, 1.01862414893, 0.873237872576, 3.87923967246, 0.995907037436, 0.834605486144, 150.838674607, 0.888414065447, 2.89534450644, 0.995381618324, 2.28543317987, 0.87265892962, 76.232783594, 18.8572739106, 255.314617962
2.806592599, 1.02653262661, 1.09274542651, 0.836301690293, 2.96206213823, 0.881542403617, 2.69627913692, 0.967461676523, 0.97121564013, 2.09732224089, 3.56038461213, 0.892618876223, 1.0374390501, 0.877223118318, 0.879674620512, 1.05144117828, 1.03814751597, 0.880271815025, 3.60868558094, 0.912687809637, 0.814208102209, 107.846755553, 0.863760565248, 2.74310722609, 1.00180020049, 1.07103624067, 0.883229262132, 50.0732699413, 16.7902523764, 476.776240723
2.13667792649, 1.01302422671, 0.774083427301, 0.936233329038, 2.51125567415, 0.775734809915, 1.2211588715, 0.979668030489, 0.976384852378, 1.24227215973, 2.05688203526, 0.862678159742, 2.16159248009, 0.816052432405, 0.84246518343, 1.18614779502, 1.05904309073, 0.853520199085, 5.55284405137, 1.01268118581, 0.796196158941, 49.2413228717, 0.873360973529, 2.75198228546, 0.994352368363, 2.50697336156, 1.01125988523, 227.240100343, 13.5734593004, 310.155259925
1.44059039053, 1.07142404976, 0.838336281919, 0.966287272096, 3.46004047724, 0.851195280241, 1.05312844975, 0.970664492775, 0.984456105581, 3.03186029296, 2.0612992883, 0.890236781325, 1.42685610412, 0.897151046733, 0.880350752992, 1.01377953068, 1.0384825745, 0.969137475925, 3.60944918106, 0.975844300263, 0.84281378861, 37.0658421955, 0.92421562701, 2.0405535142, 1.04545558369, 2.29005649868, 0.931415116288, 112.592469746, 12.6212650822, 365.601261815
1.44459699571, 1.08575506333, 1.00356410371, 0.945872373677, 2.30481289151, 0.836439563317, 2.9237180175, 0.859556759472, 0.920430406995, 2.61499294429, 2.80545661683, 0.89629921072, 2.45131044084, 0.85983635041, 0.853516426839, 1.22163929526, 1.05804319494, 0.961629564296, 4.2574908201, 0.921074912391, 0.852622938701, 107.502937861, 0.952017452791, 2.18296316499, 1.05563066285, 1.35851458268, 1.02877616263, 75.8306699607, 9.82913375127, 1223.41005322
2.85068884967, 1.00172175134, 0.888728345538, 0.836339073298, 1.81984981154, 0.748512495212, 1.44195628143, 0.967461094179, 0.913610733716, 2.73732499235, 3.66452837799, 0.812346588885, 2.31858978856, 0.852679102126, 0.887654403665, 1.0440255403, 1.03826908101, 0.879541832773, 4.81685526905, 0.967996962825, 0.788293070961, 152.333495486, 0.900223877597, 2.27251258162, 0.97559317442, 1.88021026905, 0.916388508785, 243.872705811, 15.9072018589, 238.702404251
1.2383239637, 1.02084046927, 0.948002352992, 0.966036967403, 1.90611558018, 0.893057906816, 1.95550407926, 0.876503015822, 0.969526096531, 1.9504324056, 4.02404610065, 0.905778847549, 1.40174992655, 0.821862274901, 0.874964348876, 1.21745194532, 1.03930520609, 0.816962702049, 3.84783648846, 0.93681581192, 0.848785074499, 71.3997502534, 0.960145553508, 1.57357712004, 0.989141222696, 1.96855345071, 0.896441856898, 114.073928268, 10.6466814372, 353.463967898
1.44459699571, 1.08575506333, 1.00356410371, 0.945872373677, 2.44055230662, 0.836439563317, 2.91849869233, 0.859556759472, 0.920117189264, 2.61499294429, 2.80545661683, 0.87967601396, 1.12131566022, 0.85983635041, 0.792412841091, 1.22184187541, 1.06244269227, 0.961629564296, 4.91958304121, 0.921074912391, 0.852622938701, 107.502937861, 0.971206363282, 2.12899285163, 1.05700218138, 1.35851458268, 1.02877616263, 73.8783946651, 18.7778574302, 327.756063602
2.21465547281, 1.00146752122, 1.07743865137, 0.955732236451, 2.01817531184, 0.8424307737, 2.75645022425, 0.966822921407, 0.991823215355, 1.66416564567, 1.82899357708, 0.849214308214, 2.03279117288, 0.91990412846, 0.798700791137, 1.07145080897, 1.0002111141, 0.828308688306, 4.45601158899, 0.957763494514, 0.823768016137, 79.1005768241, 0.908878984276, 2.58014360541, 0.97545712346, 2.19075936198, 0.980260994504, 84.7088737891, 20.4248901004, 134.4135268
3.01173580792, 1.01283583279, 1.09359393162, 0.81901705489, 2.96642539882, 0.756859023013, 2.7514358793, 0.82316338326, 0.981074905999, 2.01025698277, 3.54499182936, 0.849572673508, 1.41371648555, 0.891235574244, 0.814041899175, 1.11730609981, 1.01072296373, 0.957083406636, 3.63560201218, 0.980529594426, 0.784753648645, 132.11334793, 0.988777190984, 2.84289277858, 1.00180020049, 2.48177977693, 0.975685103938, 85.8835962095, 19.0111924368, 150.699329542
2.3925944993, 1.16043743122, 0.874255938874, 0.879459419576, 1.99395128817, 0.841158224611, 1.18387856614, 0.907327994583, 0.967990445241, 2.29633486219, 1.79652416453, 0.853913421141, 1.44543287785, 0.937540162547, 0.781429240665, 1.16891618744, 1.03695171001, 0.854621315163, 5.09127472059, 0.946915219909, 0.81133350028, 75.9629661862, 0.878841110091, 1.57395688233, 0.973986608456, 1.54904299372, 0.953766096345, 46.0251060201, 16.8930157346, 396.898442446
2.96181231104, 1.02189042257, 1.09235269997, 0.907496415523, 2.85812219784, 0.810199521417, 1.57672579176, 0.959281039589, 0.902469452997, 2.9909183804, 3.32259135569, 0.957975271002, 2.57059045496, 0.890987006326, 0.902575356532, 1.041858072, 1.03601178534, 0.811639948329, 3.90261356233, 0.959828614188, 0.849856033948, 63.9549971632, 0.845106793649, 1.15941843432, 1.06291838569, 2.04813567532, 0.891340454095, 133.964454372, 13.7193438123, 321.749119689
2.79233826822, 1.15829201986, 0.889313715511, 0.883555157628, 3.49798235499, 0.842533836651, 2.77584651144, 0.899831258127, 0.969334702838, 2.5342869269, 2.8259557917, 0.892269618146, 2.2779273328, 0.889226543049, 0.881912758036, 1.01059967646, 1.03830325579, 0.975017374135, 3.84357730778, 0.998285567089, 0.793885300968, 135.286424622, 0.899634738717, 1.57229693592, 1.04282301479, 1.24673548055, 1.01369935898, 79.3398085572, 10.1139961053, 411.028218002
