4.59625500993e-08, 0.00312088159354, 0.995670594172, 0.193483680163, 0.0282423741928, 0.350516923062, 0.681020757817, 0.549843789746, 0.44369078231, 0.453179785881, 0.40434325575, 0.658756815523, 0.511807637353, 0.09752163508, 0.251205108434, 0.596500904236, 0.574314261214, 0.00339949025895, 0.00620720439628, 0.00434478579042, 0.00036865018529, 0.00260716076858, 1.2810183731, 0.0062800926275, 9.24899646201e-08
0.00114305854358, 0.00102496916521, 0.166533165438, 0.00230633437455, 0.363426479032, 0.0293068067965, 0.23553856511, 0.560288181744, 4.08942685937e-06, 0.989918460721, 0.961020434399, 0.873230249786, 0.999402708911, 0.0904521104906, 0.953625508018, 0.0743396580604, 0.999564259622, 2.19464723188, 0.851180177702, 0.10843981643, 1.51328550778, 0.0101456287219, 0.749766090095, 0.00466767541696, 0.00520545835301
0.999982628058, 1.36763293968e-07, 0.0376610474883, 2.77714412577e-05, 0.0282423741928, 0.975430879211, 0.0523544447165, 0.507586127128, 0.0538521343776, 0.790271047215, 0.540040041198, 0.068852231204, 0.983633876534, 0.310749379088, 0.0797854439909, 0.617454816694, 0.997416362943, 2.27952104873e-06, 1.87887397495e-07, 5.92364022068e-05, 2.6315904248e-06, 2.58855845951e-09, 3.51446315016e-06, 1.27699587333e-11, 2.17837082002
0.999707759472, 0.999248791412, 0.999968522802, 0.323032986563, 0.000510325955489, 0.42383009463, 0.429193917673, 0.325734534765, 0.130175090119, 0.277256983002, 0.809739517678, 0.0226904968862, 0.247584616785, 0.812768991148, 0.646212657713, 0.254582348287, 0.330888979171, 2.60637224507e-11, 2.08268504865e-11, 2.62018286159e-11, 3.40061107842e-14, 2.35854846528e-11, 9.8166049698e-07, 0.000831918328653, 1.81226057751
0.00114305854358, 0.00102496916521, 0.0030940611497, 0.157902056623, 0.0177005129547, 0.0824770858287, 0.790613146641, 0.976376845818, 0.387916537887, 0.989918460721, 0.457279393402, 0.279162560995, 0.973518615832, 0.768309639008, 0.0797854439909, 0.836760137102, 0.998015565921, 0.733822883817, 2.15007633111, 0.295987323486, 0.0637166839155, 0.580426274336, 0.011490891192, 0.00380660404779, 0.00424517925243
0.999874182249, 0.994268468466, 0.999364743797, 0.845901805121, 0.999112334788, 0.999349808851, 0.867406956909, 0.325734534765, 0.514736129906, 0.551086292465, 0.16681900918, 0.604028030401, 0.803306169711, 0.812768991148, 0.646212657713, 0.893274681711, 0.941354715018, 2.1500389915e-16, 1.0173293979e-15, 1.01809682159e-12, 7.30163214397e-10, 2.95735216752e-09, 3.05269431696e-06, 0.000339063653275, 1.71568296085
0.00114305854358, 0.00102496916521, 0.0030940611497, 0.157902056623, 0.0177005129547, 0.985677996463, 0.833283622642, 0.976376845818, 0.387916537887, 0.989918460721, 0.457279393402, 0.279162560995, 0.973518615832, 0.09752163508, 0.0797854439909, 0.836760137102, 0.998015565921, 0.0138506434062, 0.0516751642742, 2.37766270834, 0.066142075313, 0.602520344619, 0.011928294819, 0.00395150337625, 0.00440677305497
0.999715526352, 0.994268468466, 0.999364743797, 0.845901805121, 0.999112334788, 0.999349808851, 0.999996156696, 0.449380882302, 0.514736129906, 0.435339974347, 0.16681900918, 0.33709203212, 0.803306169711, 0.347330590664, 0.646212657713, 0.893274681711, 0.941354715018, 1.34895756392e-20, 2.23446531597e-15, 2.18782477895e-12, 1.56907392229e-09, 6.35516015267e-09, 6.56004431753e-06, 0.000728626046699, 1.63064846551
0.079654154704, 1.36763293968e-07, 0.00380820311828, 0.0824975425367, 0.994605758717, 0.955237364709, 0.0565168163116, 0.00646237246034, 0.863290608206, 0.585533205092, 0.994072108426, 0.972513880102, 0.942468971018, 0.959708024603, 0.905281456959, 0.946051520229, 0.600459283942, 0.00153462540812, 0.000136597572456, 0.0218758014694, 2.58808048197, 0.337283291022, 0.0156133206993, 5.60721641463e-07, 0.32829239803
0.999955788207, 0.999248791412, 0.999988361701, 0.19010319673, 0.998490080502, 0.00177093663045, 0.422887765466, 0.480716335184, 0.588445123115, 0.694915653386, 0.358452415357, 0.658756815523, 0.524442266953, 0.615595879401, 0.707194792596, 0.375198705893, 0.874922671434, 3.48793639671e-15, 2.73095156969e-15, 1.23229741444e-17, 1.86774986916e-12, 5.74927938795e-13, 1.06897703711e-07, 9.05915631601e-05, 1.30445783991
0.079654154704, 0.00201829842212, 0.00380820311828, 0.754366447272, 0.940456070348, 0.948576386966, 0.885363385977, 0.00646237246034, 0.863290608206, 0.585533205092, 0.994072108426, 0.972513880102, 0.947700631005, 0.959708024603, 0.863848314572, 0.946051520229, 0.934796361988, 0.0014021970943, 0.00770257479541, 0.0967134667785, 1.03437722134, 2.55764800274, 0.0165138639146, 0.00875221591147, 0.3472293521
0.00114305854358, 0.999248791412, 5.03133529269e-05, 0.19010319673, 0.157769833443, 0.377164859582, 0.42069998237, 0.675635898261, 0.0143517720072, 0.487141104414, 0.939963731666, 0.137925708864, 0.884217133215, 0.251359041897, 0.0389355194273, 0.86301869053, 0.997416362943, 0.00171334140591, 0.00133202375504, 0.00146078935149, 0.000661928357484, 0.000830644623817, 2.23142724113e-07, 2.39275907053, 0.00429623561867
0.999982628058, 1.35304476456e-07, 5.03133529269e-05, 2.74615013282e-05, 0.0282423741928, 0.340186916934, 0.336832684677, 0.873797180397, 0.0538521343776, 0.418046486034, 0.942580221626, 0.068852231204, 0.983633876534, 0.310749379088, 0.0797854439909, 0.0292830778544, 0.997672719986, 5.35238058069e-05, 3.129551382e-05, 3.66922603408e-05, 3.19824645852e-06, 3.11083849991e-09, 5.69949595432e-09, 1.53272893199e-11, 2.64280463279
0.00157084127583, 0.0482223750075, 0.999968522802, 0.0204242070736, 0.102966275154, 0.292541317495, 0.809620753321, 0.953873298212, 0.115949927566, 0.836194979959, 0.583508948773, 0.426763136971, 0.99217433484, 0.0635788947104, 0.0797854439909, 0.592651033066, 0.941354715018, 2.94269158493e-05, 9.545132124e-05, 4.9428267056e-05, 1.81838921068e-05, 3.62394192845e-06, 2.28493948277, 0.173410306183, 0.00565424837558
0.999707759472, 0.999248791412, 0.999968522802, 3.61631984319e-05, 0.141438113825, 0.240163621481, 0.842779301135, 0.513293558558, 0.144134867631, 0.277256983002, 0.60857034223, 0.0168752735241, 0.247584616785, 0.696916576698, 0.15317853827, 0.254582348287, 0.330888979171, 1.02907198392e-11, 4.08186927842e-11, 1.66794615382e-11, 1.02287076767e-11, 2.63693739054e-15, 9.38852047638e-07, 0.00079563986605, 1.733231152
0.999677503549, 0.999998302125, 4.72569921939e-06, 0.244863552149, 0.273045850277, 0.382002226948, 0.867406956909, 0.566854286054, 0.191998495064, 0.551086292465, 0.287075003398, 0.604028030401, 0.498254907701, 0.466273228449, 0.319107021151, 0.254582348287, 0.528329886372, 2.43528705442e-10, 1.15229961995e-09, 8.05826214065e-10, 6.5257272837e-10, 6.35189522436e-10, 1.25662842419e-14, 0.00063473915817, 1.2529981729
0.00114305854358, 0.518765356, 0.391737390999, 0.789477803431, 0.435697539411, 0.583145277778, 0.809620753321, 0.953873298212, 4.08942685937e-06, 0.205441567062, 0.266316293901, 0.137925708864, 0.88946040327, 0.09752163508, 0.67231110243, 0.0743396580604, 0.970600542038, 0.0625611995038, 0.202928134963, 0.276574417323, 0.284516980411, 1.31095275503, 0.979794092256, 1.80052570927, 0.00444295362223
0.00114305854358, 0.00102496916521, 0.166533165438, 0.00230633437455, 0.363426479032, 0.283963710265, 0.23553856511, 0.560288181744, 4.08942685937e-06, 0.989918460721, 0.91612237308, 0.873230249786, 0.999402708911, 0.0904521104906, 0.953625508018, 0.0743396580604, 0.999564259622, 1.95509585595, 0.758271677525, 1.00276394272, 1.49272906755, 0.0100078107032, 0.739581282445, 0.00460426980697, 0.00513474751031
0.079654154704, 0.00201829842212, 0.00380820311828, 0.0824975425367, 0.994605758717, 0.992917454873, 0.994932294795, 0.00646237246034, 0.863290608206, 0.585533205092, 0.994072108426, 0.972513880102, 0.942468971018, 0.303118153433, 0.707194792596, 0.946051520229, 0.600459283942, 1.72509944198e-06, 0.000216707399563, 0.0194787173309, 2.29893447557, 0.299601264784, 0.0138689663957, 0.00735044136199, 0.291616319523
0.248019873249, 0.0871024287912, 0.140658850097, 0.0251729773104, 0.199504299405, 0.771323301553, 0.810039846057, 0.734939120329, 0.892783179315, 0.317861429661, 0.0326953306242, 0.836211717163, 0.0498998900174, 0.0627776729934, 0.00394867648545, 0.885768607615, 0.474287673298, 0.207583894931, 0.674912301017, 1.88049006448, 0.650934611789, 0.0835368363319, 0.474648738673, 0.298192474478, 0.897623115358
5.72683556564e-05, 0.0482223750075, 0.999968522802, 0.0204242070736, 0.000402699006247, 0.292541317495, 0.0497945493238, 0.99137347785, 0.115949927566, 0.836194979959, 0.615629177293, 0.426763136971, 0.99217433484, 0.305670319361, 0.707194792596, 0.592651033066, 0.941354715018, 9.01304468705e-05, 7.06415358115e-06, 4.47382493155e-05, 6.38066282042e-08, 3.23727437533e-06, 2.04114088548, 0.154907763896, 0.000184142777971
0.00122812886797, 0.401150706929, 0.391737390999, 0.596745599993, 0.0337770927989, 0.306777018296, 0.785274084876, 0.953873298212, 4.08942685937e-06, 0.989918460721, 0.356053725867, 0.494046300943, 0.88946040327, 0.768064784698, 0.67231110243, 0.00104615838867, 0.970600542038, 0.27907867675, 0.795795494155, 0.441059084354, 0.0505410372173, 1.29772798532, 1.13816097678, 1.43800772391, 0.00470791356926
0.128104137077, 0.00160468360367, 0.531701330973, 0.389421671441, 0.176647562023, 0.959613610537, 0.238089362872, 0.99137347785, 0.0293267761644, 0.500331012724, 0.377757887907, 0.873230249786, 0.80306599557, 0.599575123171, 0.912178187292, 0.13989299168, 0.408709921057, 0.0619224759144, 0.0243021214329, 1.04717170734, 0.298861913187, 0.765297902464, 1.472464515, 0.00500595139471, 0.405115280187
0.000335895514681, 0.326044511347, 0.999968522802, 0.102151915431, 0.102966275154, 0.671493983392, 0.809620753321, 0.990885471144, 0.482465984782, 0.269631200204, 0.953723519085, 0.984032311122, 0.959263730336, 0.289719536158, 0.464184228587, 0.591342534879, 0.231296689536, 1.26444424063e-05, 4.101444882e-05, 7.56575534572e-05, 1.41926048282e-05, 1.4264568361e-05, 1.80568317899, 1.01512652712, 0.00109295440324
0.00114305854358, 0.999248791412, 5.03133529269e-05, 0.19010319673, 0.157769833443, 0.583145277778, 0.42069998237, 0.675635898261, 0.0143517720072, 0.487141104414, 0.91612237308, 0.137925708864, 0.884217133215, 0.251359041897, 0.41248294507, 0.86301869053, 0.997416362943, 0.00113932586863, 0.000885759905471, 0.00187957820271, 0.000599593226686, 0.00075242114134, 2.02128922941e-07, 2.16742811448, 0.00389165043026
0.29486935188, 0.0871024287912, 0.140658850097, 0.0251729773104, 0.199504299405, 0.771323301553, 0.810039846057, 0.549843789746, 0.18070425369, 0.317861429661, 0.0326953306242, 0.836211717163, 0.60541155653, 0.0627776729934, 0.00394867648545, 0.885768607615, 0.15847339684, 0.185419677221, 0.602850336962, 1.67970574446, 0.581432801663, 0.074617413041, 0.423969383305, 0.266353766923, 0.975273274687
1.76690483805e-05, 0.326044511347, 0.204390049298, 0.370162684221, 0.0354915695804, 0.342372871943, 0.809620753321, 0.953873298212, 0.999950591186, 0.404751415848, 0.953723519085, 0.344857923312, 0.912844270722, 0.679594157246, 0.464184228587, 0.00101252362045, 0.267974647769, 0.384478365205, 1.24712246893, 0.778380582682, 0.0848025025553, 1.00026392958, 0.605656525314, 1.07897683773, 6.11086802109e-05
0.303498788406, 0.117269312537, 0.166533165438, 0.890368576282, 0.280388521437, 0.519846005266, 0.23553856511, 0.128304890813, 0.177553581225, 0.342399157757, 0.377757887907, 0.873230249786, 0.145208806778, 0.905909950193, 0.419845729501, 0.509740300091, 0.999564259622, 0.164307910346, 0.0637257935102, 0.187578122957, 0.121304972597, 1.63588684099, 0.444542255393, 0.320267243495, 0.903046803932
0.000767172333474, 0.178689411847, 0.000105161162375, 0.235472017493, 0.0145689174589, 0.00689577854411, 0.994932294795, 0.986266736765, 0.0143517720072, 0.964536934675, 0.526189135879, 0.238231886517, 0.884217133215, 0.567755193823, 0.707194792596, 0.464996661967, 0.927472871695, 0.0152308530331, 1.91330335724, 0.0207261082502, 0.0437971707392, 0.742093981609, 0.000339096410142, 0.591815302556, 0.00257453104213
0.0791725535003, 0.00589488688038, 0.204390049298, 0.0146092060395, 0.744893120256, 0.0493133329033, 0.462865710449, 0.99137347785, 0.514736129906, 0.836194979959, 0.91612237308, 0.229297449269, 0.985404847091, 0.305670319361, 0.0418543939565, 0.893274681711, 0.666183063462, 0.619954962156, 0.551543382254, 0.0644050623191, 1.96458049447, 0.0489707419913, 0.709740199879, 0.0208264029545, 0.281168558877
0.00114305854358, 0.00102496916521, 0.391737390999, 0.789477803431, 0.514863978255, 0.583145277778, 0.85214567515, 0.953873298212, 4.08942685937e-06, 0.322748368267, 0.266316293901, 0.137925708864, 0.88946040327, 0.09752163508, 0.67231110243, 0.0743396580604, 0.970600542038, 0.0620712284832, 0.26243882168, 0.351238143281, 0.464003143569, 1.86837410699, 1.3964057096, 0.00389483736476, 0.00434357830888
0.169379695803, 0.277094416651, 0.00967522022633, 0.189797339491, 0.569558021972, 0.73404928405, 0.991891913706, 0.814489711008, 0.995221481422, 0.33980879031, 0.588789829067, 0.519871565296, 0.779236174141, 0.960794712483, 0.0190306726739, 0.370196271809, 0.600459283942, 0.00520912350227, 0.408980811015, 0.921447936887, 1.25658330586, 0.495050740709, 0.0256157246821, 0.783785034193, 0.506583979192
0.155341635428, 0.178689411847, 0.0427669082635, 0.160253106736, 0.0519392972804, 0.342372871943, 0.498603567232, 0.247630865978, 0.195603932011, 0.865258699734, 0.690869147263, 0.31039926765, 0.778545001605, 0.800078124007, 0.394243363342, 0.110461565897, 0.0560858515904, 1.03281315197, 1.02829208675, 0.86926717419, 0.138757238644, 0.437884048095, 0.118279857296, 0.507981638581, 0.456557948649
0.348878614276, 0.518765356, 0.204390049298, 0.370162684221, 0.0354915695804, 0.342372871943, 0.809620753321, 0.953873298212, 0.999995859739, 0.404751415848, 0.953723519085, 0.344857923312, 0.912844270722, 0.679594157246, 0.464184228587, 0.946051520229, 0.231296689536, 0.254541793334, 0.825650591756, 0.515322596386, 0.0561430317883, 0.662219249469, 0.400971581366, 1.34784062392, 1.13063596303
0.173656391645, 0.0359180057606, 0.290659116613, 0.274150757373, 0.176647562023, 0.0546780863677, 0.23553856511, 0.99137347785, 0.19659251471, 0.500331012724, 0.906804945067, 0.873230249786, 0.632667728075, 0.579358348966, 0.479208933774, 0.111171143335, 0.408709921057, 1.27658418406, 0.495115176987, 0.117891125884, 0.391435484065, 0.656449600569, 0.772394635675, 0.0989516948688, 0.49090216927
0.00114305854358, 0.00102496916521, 0.0030940611497, 0.157902056623, 0.0177005129547, 0.661879350884, 0.790613146641, 0.976376845818, 0.387916537887, 0.989918460721, 0.457279393402, 0.279162560995, 0.973518615832, 0.09752163508, 0.0797854439909, 0.836760137102, 0.998015565921, 0.389088829323, 1.14001716365, 2.05063718562, 0.066142075313, 0.602520344619, 0.011928294819, 0.00395150337625, 0.00440677305497
0.000158318449084, 0.117269312537, 5.03133529269e-05, 0.0827653720177, 0.611766479528, 0.288371358151, 0.23553856511, 0.953873298212, 0.262622104389, 0.342399157757, 0.452351983478, 0.873230249786, 0.0168750648789, 0.905909950193, 0.30432945513, 0.230676314475, 0.999796264361, 1.02381755918, 0.39708122531, 0.534486141554, 1.74801128547, 0.278799542874, 0.000169961572895, 0.400685177818, 0.000544013018235
0.286966872489, 0.0311911867743, 0.572477632184, 0.657267459887, 0.0507448540692, 0.494541740013, 0.399443921048, 0.128304890813, 0.185591773291, 0.205441567062, 0.356053725867, 0.550944075795, 0.145208806778, 0.515185078142, 0.998461393177, 0.367692176856, 0.698741201615, 0.293574810773, 0.212903037712, 0.356482568209, 0.0406201948609, 0.854211654851, 1.25185146086, 0.0784096243254, 0.774885315128
0.00968685856558, 0.630390443868, 0.423473992392, 0.00690093190598, 0.173003444018, 0.652167968848, 0.0169108667042, 0.596060659741, 0.00568573939867, 0.658480373586, 0.91612237308, 0.278320092223, 0.984375235468, 0.251902461032, 0.450738206001, 0.0743396580604, 0.519484043536, 0.427722813499, 0.0113644997696, 0.703593628753, 0.229459938948, 0.00926692236207, 0.670633984596, 1.65633888095, 0.0301442521044
0.00114305854358, 0.00102496916521, 0.391737390999, 0.789477803431, 0.435697539411, 0.583145277778, 0.785274084876, 0.953873298212, 4.08942685937e-06, 0.205441567062, 0.266316293901, 0.137925708864, 0.88946040327, 0.09752163508, 0.67231110243, 0.0743396580604, 0.970600542038, 0.102446543728, 0.292127291272, 0.403192950011, 0.414771697869, 1.91112002962, 1.428353621, 0.00398394608022, 0.00444295362223
0.079654154704, 0.178689411847, 0.00380820311828, 0.754366447272, 0.589213981564, 0.948576386966, 0.182016764349, 0.00646237246034, 0.863290608206, 0.585533205092, 0.841390304013, 0.972513880102, 0.947700631005, 0.0904521104906, 0.863848314572, 0.946051520229, 0.305248227538, 0.0410926138905, 0.0120798046431, 0.52909457452, 0.705178023573, 2.17291402203, 0.0140297673563, 0.676162886839, 0.30701047194
1.76690483805e-05, 0.0899178650369, 0.28647606221, 0.00230633437455, 0.0828416038644, 0.0480541501748, 0.0497945493238, 0.99137347785, 0.811593083577, 0.317861429661, 0.258344699992, 0.793955194715, 0.779236174141, 0.371214976074, 0.366006830546, 0.986108651647, 0.927472871695, 1.79969240283, 0.141054482407, 0.136522689484, 0.236916864631, 0.0066145149433, 0.881959220881, 0.28831353471, 5.68430218259e-05
0.000767172333474, 0.178689411847, 0.00656835469981, 0.0824975425367, 0.00466089733641, 0.167230682059, 0.994932294795, 0.986266736765, 0.0143517720072, 0.964536934675, 0.678096264151, 0.238231886517, 0.827761152794, 0.959708024603, 0.707194792596, 0.464996661967, 0.927472871695, 0.0170937540761, 2.1473214265, 0.577430836312, 0.0162804908101, 0.289790015466, 0.0231382545765, 0.64654696492, 0.00281262620989
0.348878614276, 0.00102496916521, 0.204390049298, 0.370162684221, 0.0354915695804, 0.342372871943, 0.785274084876, 0.953873298212, 0.999995859739, 0.380089149791, 0.953723519085, 0.344857923312, 0.912844270722, 0.679594157246, 0.464184228587, 0.946051520229, 0.231296689536, 0.417841874353, 1.19148006846, 0.753079329443, 0.0820459980379, 0.96775036032, 0.585969665872, 0.0029896013727, 1.13340053335
0.00114305854358, 0.117269312537, 5.03133529269e-05, 0.0827653720177, 0.426876474944, 0.288371358151, 0.23553856511, 0.737309467617, 0.0609052700294, 0.257887183641, 0.377757887907, 0.137925708864, 0.0168750648789, 0.905909950193, 0.0190306726739, 0.0292830778544, 0.139710007945, 1.55877770606, 0.604562166334, 0.813763227816, 1.47476707639, 0.310293749557, 0.00018916104808, 0.445948027516, 0.00437147166334
0.00114305854358, 0.00102496916521, 0.443187535204, 0.00230633437455, 0.363426479032, 0.0480541501748, 0.785274084876, 0.560288181744, 4.08942685937e-06, 0.989918460721, 0.91612237308, 0.145379085417, 0.999402708911, 0.0904521104906, 0.953625508018, 0.0743396580604, 0.331231560151, 0.559293236253, 1.59482996875, 0.127813867045, 1.08844568549, 0.00729734458709, 1.68343062026, 0.00422651775468, 0.00471347302135
0.0791725535003, 0.00589488688038, 0.204390049298, 0.0204242070736, 0.744893120256, 0.0493133329033, 0.103440235583, 0.99137347785, 0.514736129906, 0.836194979959, 0.961020434399, 0.14474201063, 0.985404847091, 0.143497418778, 0.0418543939565, 0.591342534879, 0.666183063462, 0.831406348526, 0.136291369784, 0.0653921623131, 1.99469050949, 0.0695238417375, 0.720799168541, 0.0211509140047, 0.285549646889
0.184562088498, 0.0899178650369, 0.0322604716057, 0.00230633437455, 0.0828416038644, 0.0310936160169, 0.0497945493238, 0.99137347785, 0.865487875061, 0.317861429661, 0.258344699992, 0.0226904968862, 0.247584616785, 0.802715188463, 0.394243363342, 0.99234209692, 0.927472871695, 2.13864736629, 0.167620753874, 0.104858988809, 0.281071406189, 0.00784727173926, 0.109860114903, 0.308391724006, 0.653515205595
0.24685412058, 0.398859087641, 0.0907029230593, 0.00690093190598, 0.450198949686, 0.147973063401, 0.498603567232, 0.170050168613, 0.195603932011, 0.882336037057, 0.690869147263, 0.278320092223, 0.984375235468, 0.679594157246, 0.98252149176, 0.0806513088776, 0.999052309716, 0.917530484456, 0.913514060815, 0.306484645003, 1.13709699409, 0.01897312495, 0.251080823988, 1.27987052876, 0.891547776451
0.29486935188, 0.0899178650369, 0.140658850097, 0.0251729773104, 0.0145689174589, 0.771323301553, 0.577161500415, 0.549843789746, 0.18070425369, 0.317861429661, 0.253387432402, 0.697915654103, 0.60541155653, 0.0627776729934, 0.00159002952181, 0.885768607615, 0.798176938488, 0.360295757426, 0.460238501465, 1.55659456515, 0.0380575336948, 0.06579793723, 0.373857920468, 0.242563972125, 0.860532307767
0.29486935188, 0.178689411847, 0.140658850097, 0.000654717885343, 0.656435183424, 0.771323301553, 0.577161500415, 0.549843789746, 0.18070425369, 0.276619118234, 0.253387432402, 0.697915654103, 0.60541155653, 0.0627776729934, 0.736095609738, 0.371907951425, 0.798176938488, 0.151073262463, 0.192979602158, 0.652685507506, 1.163945439, 0.00139534392929, 0.304749394763, 0.400897590589, 0.722760089583
0.389406454651, 0.14589855915, 0.0626208253962, 0.185163299293, 0.312190632079, 0.355304220306, 0.462865710449, 0.213033337982, 0.71385757887, 0.658480373586, 0.288056068431, 0.84837007431, 0.53144155178, 0.804518924822, 0.551857956677, 0.0292830778544, 0.800261893592, 0.734150670072, 0.653137676723, 0.613477460664, 0.618461056988, 0.393088015334, 0.135268961218, 0.321313419828, 0.992074689925
0.079654154704, 0.00390344490054, 0.000130197088296, 0.000654717885343, 0.297056754282, 0.46740725016, 0.0497945493238, 0.990256936672, 0.67183855061, 0.585533205092, 0.379135566991, 0.549729767813, 0.0364348231617, 0.768309639008, 0.736095609738, 0.95768936585, 0.554751590079, 1.21281721457, 0.0950569687279, 1.09793975776, 0.825453401203, 0.00188704957848, 0.000375258432406, 0.0112507814166, 0.230791821747
0.047122929112, 0.630390443868, 0.423473992392, 0.0436528067526, 0.173003444018, 0.652167968848, 0.0169108667042, 0.904176112385, 0.0597593558342, 0.658480373586, 0.91612237308, 0.571146069629, 0.242032024197, 0.251902461032, 0.450738206001, 0.0743396580604, 0.519484043536, 0.4023016977, 0.0106890663919, 0.66177651134, 0.21582230379, 0.0552196688153, 0.63222443298, 1.56147456569, 0.138484197533
0.286966872489, 0.0311911867743, 0.572477632184, 0.657267459887, 0.199504299405, 0.381210957565, 0.415568276578, 0.128304890813, 0.743496712694, 0.205441567062, 0.354256774483, 0.550944075795, 0.84131643821, 0.515185078142, 0.771235902617, 0.367692176856, 0.568320832205, 0.272225990796, 0.208141105365, 0.233839337059, 0.134439817899, 0.730235714725, 1.07016409933, 0.0670296497776, 0.662422396966
0.00114305854358, 0.00102496916521, 0.443187535204, 0.246053380646, 0.363426479032, 0.00689577854411, 0.785274084876, 0.560288181744, 4.08942685937e-06, 0.989918460721, 0.91612237308, 0.145379085417, 0.999402708911, 0.567755193823, 0.953625508018, 0.0743396580604, 0.927472871695, 0.517729822061, 1.4763114989, 0.0169466964617, 1.00474865323, 0.756715990067, 1.67773071352, 0.00421220724092, 0.00469751373182
0.128104137077, 0.0434888936642, 5.03133529269e-05, 0.27949821829, 0.443106934236, 0.288371358151, 0.23553856511, 0.987505487154, 0.0609052700294, 0.342399157757, 0.0326953306242, 0.354321560097, 0.0168750648789, 0.905909950193, 0.454638553638, 0.230676314475, 0.999796264361, 1.37607058921, 0.533700355867, 0.718380587574, 1.37150394115, 1.00449814171, 0.000186765188461, 0.161684102443, 0.483178655079
0.24685412058, 0.398859087641, 0.117382982145, 0.00690093190598, 0.540553105943, 0.32330695797, 0.498603567232, 0.170050168613, 0.195603932011, 0.882336037057, 0.690869147263, 0.278320092223, 0.984375235468, 0.679594157246, 0.98252149176, 0.110461565897, 0.999052309716, 0.703801157734, 0.700720318834, 0.552725777505, 1.29147549069, 0.0186497434109, 0.320877939047, 1.26678181037, 0.882430277834
0.4045374928, 2.67126465114e-07, 0.0267593778573, 0.0798514708911, 0.617622831093, 0.946154135702, 0.462865710449, 0.968157763794, 0.0215371250318, 0.317861429661, 0.238699297374, 0.73588362118, 0.985404847091, 0.515185078142, 0.0159387994557, 0.591342534879, 0.997416362943, 0.0663397198705, 0.0590191799545, 1.04729691603, 1.53422485432, 0.234496554796, 0.0788360418644, 7.8721545287e-07, 1.38360617138
0.999982628058, 0.277094416651, 0.00967522022633, 0.189797339491, 0.569558021972, 0.73404928405, 0.991891913706, 0.507586127128, 0.995221481422, 0.33980879031, 0.588789829067, 0.519871565296, 0.779236174141, 0.960794712483, 0.0190306726739, 0.370196271809, 0.600459283942, 1.39770720576e-07, 1.09737353381e-05, 2.47242059159e-05, 3.37165271753e-05, 1.32831557402e-05, 6.87318758198e-07, 2.10304476287e-05, 1.82781877823
0.000767172333474, 0.178689411847, 0.00656835469981, 0.384119440173, 0.00466089733641, 0.167230682059, 0.994932294795, 0.986266736765, 0.0143517720072, 0.846038407091, 0.678096264151, 0.238231886517, 0.827761152794, 0.959708024603, 0.707194792596, 0.464996661967, 0.927472871695, 0.0136103074594, 1.70973003933, 0.459759230405, 0.012962774855, 1.22009898084, 0.0221860338681, 0.619939279066, 0.00269687673046
0.0256947136673, 0.0625919784592, 0.28647606221, 0.016260155111, 0.0828416038644, 0.0493133329033, 0.301466746596, 0.53923922146, 0.0247004297226, 0.471206501625, 0.91612237308, 0.662292985469, 0.475829381997, 0.679594157246, 0.0418543939565, 0.973653631463, 0.956352766733, 1.65616063222, 0.848668000924, 0.144439817229, 0.244267969317, 0.0480909673689, 0.909615547324, 0.206275737859, 0.0848611846622
0.999982628058, 0.00201829842212, 0.0376610474883, 2.77714412577e-05, 0.0282423741928, 0.975430879211, 0.0523544447165, 0.507586127128, 0.0538521343776, 0.790271047215, 0.540040041198, 0.068852231204, 0.983633876534, 0.310749379088, 0.0797854439909, 0.552236203856, 0.997416362943, 2.26792875376e-06, 1.86931913388e-07, 5.89351609228e-05, 2.61820771334e-06, 2.57539458316e-09, 3.49659067053e-06, 1.87496246374e-07, 2.16730380705
0.000540553421892, 0.326044511347, 0.204390049298, 0.370162684221, 0.0790386546277, 0.32330695797, 0.809620753321, 0.953873298212, 0.999950591186, 0.404751415848, 0.953723519085, 0.345944512228, 0.912844270722, 0.679594157246, 0.464184228587, 0.317021713673, 0.267974647769, 0.350654077384, 1.13740750665, 0.66241049116, 0.16998968345, 0.902205487007, 0.546282460277, 0.973201966564, 0.00168623976047
0.203846798912, 0.326044511347, 0.204390049298, 0.370162684221, 0.0790386546277, 0.32330695797, 0.809620753321, 0.953873298212, 0.999950591186, 0.404751415848, 0.972304434162, 0.345944512228, 0.753442472452, 0.679594157246, 0.464184228587, 0.317021713673, 0.267974647769, 0.317914955969, 1.0312124704, 0.600563962359, 0.154118449535, 0.817970290884, 0.495278325584, 0.882338122683, 0.597069437045
0.00114305854358, 0.470685243243, 0.00078339522231, 0.17910765315, 0.199504299405, 0.689103813684, 0.335383760811, 0.263196334361, 0.163259821634, 0.999542401557, 0.582907130192, 0.812259491754, 0.343343102174, 0.251902461032, 0.0667788889918, 0.0103063738497, 0.997416362943, 0.625616828107, 0.363891710867, 1.36228447685, 0.499895386976, 0.468649290573, 0.0020771097537, 1.53923787005, 0.00410164657731
9.13918784273e-06, 0.0434888936642, 5.03133529269e-05, 0.39391456569, 0.51616282859, 0.288371358151, 0.23553856511, 0.987505487154, 0.0184515966852, 0.342399157757, 0.452351983478, 0.354321560097, 0.0168750648789, 0.0656451002318, 0.30432945513, 0.0215128235962, 0.999796264361, 1.15321471313, 0.447267100696, 0.602038201902, 1.44733267264, 1.42179100167, 0.000193727860095, 0.167711742406, 3.5272037235e-05
0.0356222249697, 0.00390344490054, 0.000130197088296, 0.000654717885343, 0.297056754282, 0.46740725016, 0.0497945493238, 0.992010879907, 0.67183855061, 0.585533205092, 0.379135566991, 0.549729767813, 0.0364348231617, 0.09752163508, 0.833039386656, 0.95768936585, 0.554751590079, 1.3174006534, 0.103253904387, 1.19261710411, 0.896633752413, 0.00204977330286, 0.000407617650957, 0.0122209568031, 0.111643773697
0.000767172333474, 0.0353594314315, 0.00110769966844, 0.165151418749, 0.525070423861, 0.0122380617368, 0.606078027041, 0.0370012961193, 0.995221481422, 0.800138491652, 0.0960892285729, 0.549729767813, 0.779236174141, 0.960794712483, 0.563212165469, 0.370196271809, 0.600459283942, 0.773585069583, 1.08641114391, 0.0256413084311, 1.44336220068, 0.521608478067, 0.00353807461605, 0.113056977427, 0.00245419213671
0.079654154704, 4.13944418484e-05, 0.00380820311828, 0.0513277689085, 0.290055873774, 0.0493133329033, 0.809620753321, 0.0370012961193, 0.284426175399, 0.585533205092, 0.775659185416, 0.972513880102, 0.778308296695, 0.959708024603, 0.464184228587, 0.908278216, 0.895948512941, 0.568892299872, 1.84530115029, 0.149877745247, 0.949044871544, 0.17427337902, 0.0129441808152, 0.000140701616932, 0.272169915111
0.999991749885, 0.716994172679, 0.000597302086873, 1.65837949169e-05, 0.000193726550191, 0.989658486027, 0.320423972771, 0.105191865479, 0.680624921512, 0.123670356549, 0.654167521934, 0.068852231204, 0.983633876534, 0.310749379088, 0.0513526336998, 0.897477874358, 0.997416362943, 1.91605835618e-07, 1.05502431058e-07, 1.34638584482e-05, 4.09765957993e-09, 3.5077663392e-10, 1.2634000723e-08, 2.82687215216e-05, 2.41619253111
0.079654154704, 0.00201829842212, 0.00380820311828, 0.0824975425367, 0.994605758717, 0.955237364709, 0.0565168163116, 0.00646237246034, 0.863290608206, 0.585533205092, 0.994072108426, 0.972513880102, 0.942468971018, 0.959708024603, 0.905281456959, 0.946051520229, 0.600459283942, 0.00153461769585, 0.000136596885983, 0.0218756915323, 2.58806747555, 0.337281596001, 0.0156132422344, 0.00827489361793, 0.32829239803
0.389406454651, 2.67126465114e-07, 0.0626208253962, 0.0958626429222, 0.450198949686, 0.946154135702, 0.462865710449, 0.968157763794, 0.0247004297226, 0.317861429661, 0.238699297374, 0.73588362118, 0.985404847091, 0.515185078142, 0.130625462305, 0.591342534879, 0.859587368019, 0.0816327259018, 0.072624613875, 1.28872570235, 1.10532378155, 0.258140097191, 0.169813101727, 7.25554253571e-07, 1.2128612816
0.184562088498, 0.178689411847, 0.0122897224766, 0.389421671441, 0.0145689174589, 0.482319247414, 0.335383760811, 0.888944047957, 0.0730515997215, 0.00500369233607, 0.138781505342, 0.029832704506, 0.123419521555, 0.804518924822, 0.660634179317, 0.641436246533, 0.997416362943, 1.16296535007, 0.67644192404, 1.2726562667, 0.0423888922912, 1.29940020445, 0.0436866684476, 0.652457458433, 0.702627291719
9.13918784273e-06, 0.0434888936642, 5.03133529269e-05, 0.39391456569, 0.611766479528, 0.288371358151, 0.23553856511, 0.987505487154, 0.0184515966852, 0.342399157757, 0.452351983478, 0.354321560097, 0.0168750648789, 0.905909950193, 0.30432945513, 0.0215128235962, 0.999796264361, 0.949385752681, 0.368213315533, 0.495628858136, 1.62093040412, 1.40795998634, 0.000191843298301, 0.166080262339, 3.49289150132e-05
0.0256947136673, 0.0625919784592, 0.28647606221, 0.016260155111, 0.0828416038644, 0.0493133329033, 0.362741166705, 0.53923922146, 0.0247004297226, 0.471206501625, 0.91612237308, 0.662292985469, 0.475829381997, 0.113201915381, 0.0418543939565, 0.973653631463, 0.956352766733, 1.6543759712, 1.05991869889, 0.152499888076, 0.257898678467, 0.0507745529032, 0.960374167043, 0.217786393944, 0.089596632087
2.19338531823e-05, 0.398859087641, 0.0427669082635, 0.101482772531, 0.193709819756, 0.342372871943, 0.498603567232, 0.186744809685, 0.195603932011, 0.882336037057, 0.690869147263, 0.571146069629, 0.343343102174, 0.800078124007, 0.98252149176, 0.110461565897, 0.999052309716, 0.985425799213, 0.981112168719, 0.82938360944, 0.508450554675, 0.272842732156, 0.115643918758, 1.24693872638, 7.32714051879e-05
1.76690483805e-05, 0.159193073905, 0.754132620177, 0.0473453566774, 0.102966275154, 0.948576386966, 0.0185945220266, 0.953873298212, 0.729236162136, 0.404751415848, 0.997313099055, 0.984032311122, 0.529911346842, 0.679594157246, 0.639707391852, 0.591342534879, 0.267974647769, 0.0540043969221, 0.0015778203139, 0.667399594024, 0.109252016274, 0.0505485504955, 1.67306937365, 0.461288012108, 5.1736458875e-05
0.000315552092581, 0.398859087641, 0.0427669082635, 0.00690093190598, 0.193709819756, 0.342372871943, 0.498603567232, 0.186744809685, 0.195603932011, 0.882336037057, 0.690869147263, 0.278320092223, 0.984375235468, 0.800078124007, 0.98252149176, 0.110461565897, 0.999052309716, 1.11729497632, 1.11240409799, 0.940371300414, 0.576491148189, 0.0208587426907, 0.129464513202, 1.39596026265, 0.00118009951265
0.184562088498, 0.0871024287912, 0.0658174663993, 0.389421671441, 0.199504299405, 0.482319247414, 0.31331084275, 0.888944047957, 0.743496712694, 0.00500369233607, 0.138781505342, 0.029832704506, 0.123419521555, 0.804518924822, 0.00492960794635, 0.733112991405, 0.554027614445, 1.10363249819, 0.591712355503, 1.18455482984, 0.558595336839, 1.27103406435, 0.229646338169, 0.306368730347, 0.670075925515
0.169379695803, 0.973050937085, 0.00967522022633, 0.189797339491, 0.0825179197479, 0.00602200839046, 0.997804304473, 0.953873298212, 0.892783179315, 0.500495688488, 0.987935067408, 0.145379085417, 0.0498998900174, 0.459116686054, 0.0176675282012, 0.0558469618385, 0.474287673298, 0.000314823095334, 0.0912794192778, 0.000863474742508, 0.0118988450893, 0.0282881357118, 0.00146373096043, 2.27391473245, 0.620247499877
0.169379695803, 0.178689411847, 0.00413236947337, 0.0824975425367, 0.420807395394, 0.167230682059, 0.0565168163116, 0.986266736765, 0.0143517720072, 0.964536934675, 0.249070168191, 0.238231886517, 0.827761152794, 0.959708024603, 0.905281456959, 0.464996661967, 0.955054934373, 1.7525971941, 0.155999321359, 0.473134820753, 1.4170152752, 0.300796112129, 0.0151095883282, 0.671080950861, 0.660199887836
0.333650908756, 0.337299213865, 0.612804556744, 0.370162684221, 0.101109041721, 0.183966497376, 0.809620753321, 0.99137347785, 0.999950591186, 0.461130802838, 0.863818258042, 0.345944512228, 0.912844270722, 0.113201915381, 0.464184228587, 0.317021713673, 0.267974647769, 0.204673409023, 0.663893811165, 0.206539443185, 0.11608838593, 0.482427734665, 1.26155840112, 0.900329360209, 1.02971823751
0.079654154704, 0.0899178650369, 0.00380820311828, 0.754366447272, 0.940456070348, 0.948576386966, 0.182016764349, 0.00646237246034, 0.863290608206, 0.585533205092, 0.994072108426, 0.972513880102, 0.947700631005, 0.0904521104906, 0.863848314572, 0.946051520229, 0.305248227538, 0.00691614425213, 0.00203310676883, 0.0890499302418, 0.95241358285, 2.35498099503, 0.015205311924, 0.361430925076, 0.322929214596
0.00114305854358, 0.000301618418311, 0.00078339522231, 0.50821182225, 0.199504299405, 0.689103813684, 0.335383760811, 0.926138789083, 0.0437641303922, 0.998515121489, 0.582907130192, 0.537325987137, 0.343343102174, 0.251902461032, 0.0667788889918, 0.0103063738497, 0.998448552608, 0.648537454146, 0.377223554655, 1.4121942805, 0.518209976209, 1.72492730981, 0.00296385156889, 0.0011411258192, 0.0043245869226
0.000335895514681, 0.326044511347, 0.0029249300623, 0.0513277689085, 0.102966275154, 0.212967586447, 0.809620753321, 0.00646237246034, 0.999950591186, 0.287002248924, 0.953723519085, 0.984032311122, 0.943751244862, 0.679594157246, 0.464184228587, 0.591342534879, 0.231296689536, 0.546466862735, 1.77256034336, 0.644744446664, 0.320412962714, 0.160770023141, 0.00917153126381, 1.1222423135, 0.00120828255915
0.333650908756, 0.337299213865, 0.204390049298, 0.370162684221, 0.0790386546277, 0.32330695797, 0.809620753321, 0.99137347785, 0.999950591186, 0.461130802838, 0.863818258042, 0.345944512228, 0.912844270722, 0.679594157246, 0.464184228587, 0.317021713673, 0.267974647769, 0.293620449224, 0.952409011024, 0.554669911258, 0.14234098628, 0.75546242714, 0.457430019312, 0.848979020901, 0.970988195794
0.184562088498, 0.178689411847, 0.0122897224766, 0.389421671441, 0.0145689174589, 0.638914829281, 0.335383760811, 0.888944047957, 0.119555825609, 0.00500369233607, 0.138781505342, 0.029832704506, 0.123419521555, 0.804518924822, 0.660634179317, 0.641436246533, 0.997416362943, 0.846939379469, 0.492624568185, 1.5380979956, 0.0417413533346, 1.27955037571, 0.0430193044714, 0.642490422282, 0.691893853811
0.128104137077, 0.0434888936642, 5.03133529269e-05, 0.197588031847, 0.443106934236, 0.288371358151, 0.23553856511, 0.987505487154, 0.0609052700294, 0.342399157757, 0.0326953306242, 0.354321560097, 0.0168750648789, 0.905909950193, 0.305101987595, 0.230676314475, 0.999796264361, 1.46912447275, 0.56979072154, 0.766959566046, 1.4642490147, 0.732461916879, 0.000189540835676, 0.164087002214, 0.490359508745
0.29486935188, 0.178689411847, 0.140658850097, 0.000654717885343, 0.312190632079, 0.771323301553, 0.577161500415, 0.213033337982, 0.18070425369, 0.276619118234, 0.253387432402, 0.697915654103, 0.60541155653, 0.0627776729934, 0.736095609738, 0.371907951425, 0.798176938488, 0.272157430885, 0.347651410185, 1.1758083992, 0.670544568039, 0.00146423365347, 0.319795220604, 0.420690362721, 0.758443581066
0.079654154704, 4.13944418484e-05, 0.00380820311828, 0.0513277689085, 0.290055873774, 0.265045586693, 0.809620753321, 0.0370012961193, 0.284426175399, 0.585533205092, 0.775659185416, 0.972513880102, 0.778308296695, 0.657247023131, 0.368390627922, 0.908278216, 0.895948512941, 0.481047889229, 1.56036252123, 0.722006975058, 0.874822445839, 0.16064389393, 0.0119318488089, 0.000129697695387, 0.250884186787
0.184562088498, 0.0899178650369, 0.0658174663993, 0.890726273475, 0.0133145304528, 0.0493133329033, 0.0131921627271, 0.777687580961, 0.975438929507, 0.317861429661, 0.258344699992, 0.793955194715, 0.940310176867, 0.289719536158, 0.394243363342, 0.99234209692, 0.927472871695, 0.346243296172, 0.00717595026312, 0.0268799650536, 0.00726587506937, 2.00421130712, 0.211049896586, 0.290780592946, 0.616195326237
