0.349564192612, 0.00447153516531, 0.550264339699, 0.000103937250505, 0.536816730179, 0.41436853069, 0.68833920538, 0.619334582994, 0.362903968579, 0.912759890757, 0.465514946663, 0.634108177433, 0.466265984662, 0.338973824706, 0.716374697135, 0.000116958379624, 0.839472592271, 0.00775158876485, 0.675257643749
0.333427755497, 0.384945229565, 0.230076347053, 0.631657982778, 0.348231756229, 0.696448625897, 0.744919174066, 0.581190263327, 0.629083399382, 0.424707580888, 0.540493677019, 0.626882757007, 0.606702423533, 0.868656449085, 0.479406437528, 0.733985170838, 0.331389261154, 0.647634302505, 0.657952149523
0.402343787375, 0.00496337708311, 0.534440110789, 0.986993237306, 0.637265391317, 0.673083092093, 0.672532051868, 0.473950272062, 0.60917242398, 0.569734857905, 0.439638690565, 0.401192464938, 0.443599424443, 0.468008431188, 0.0122589150674, 0.599932663865, 0.668766298643, 0.00700532395659, 0.657892453797
0.0316495834151, 0.578096891635, 0.997678396404, 0.994952821437, 0.557952904152, 0.380425932807, 0.647686654599, 0.644660912615, 0.437886295302, 0.445681705366, 0.512203928292, 0.334030355551, 0.394897049237, 0.255530577348, 2.07103662727e-05, 0.00261222230573, 0.716331274065, 0.917816248701, 0.0579294604441
0.905903746096, 0.00155320359137, 0.841133894966, 2.44426709023e-05, 0.412002364386, 0.637162723183, 0.601754704946, 0.473950272062, 0.60917242398, 0.569734857905, 0.489269693575, 0.510303108297, 0.443599424443, 0.468008431188, 0.0385083981499, 1.47850906345e-06, 0.151097057647, 0.000380426133185, 1.04725261872
0.00093151170281, 7.18550267509e-06, 0.340674209832, 0.999940866423, 0.905580532162, 0.855943606317, 0.304091091853, 0.528351027954, 0.455025652494, 0.69047619809, 0.470296358297, 0.403018621199, 0.575440772676, 0.461453217596, 0.000110754825542, 1.19236337785, 0.706867231521, 1.56453394357e-05, 0.00202822653319
0.000104253025906, 0.313901000989, 0.999769752191, 0.145471807818, 0.514925821869, 0.426730837778, 0.40249592007, 0.0449379856092, 0.761985647739, 0.69047619809, 0.439638690565, 0.830385322541, 0.27191695059, 0.399719101613, 0.000466075999736, 0.000108394651766, 1.32306080896, 0.7109387028, 0.000245963565291
0.285853328872, 0.672627080146, 0.534440110789, 0.986993237306, 0.637265391317, 0.673083092093, 0.672532051868, 0.473950272062, 0.60917242398, 0.569734857905, 0.439638690565, 0.401192464938, 0.443599424443, 0.468008431188, 0.00673268287632, 0.329487263002, 0.367291182161, 0.873496201183, 0.483408510707
0.000145632728222, 9.02022942095e-05, 0.481081777261, 0.379206757641, 0.593861166683, 0.740768043864, 0.26740689424, 0.814106171131, 0.99878994012, 0.142231437531, 0.465514946663, 0.859275913081, 0.466925354582, 0.577795444022, 1.04451600736, 0.707951364241, 1.18897638303, 0.000245653425838, 0.00039661052592
0.472862639952, 0.953879602242, 0.0011292030653, 0.573967309762, 0.239853360377, 0.743954890301, 0.411435317279, 0.527477572213, 0.550623467061, 0.208702477805, 0.439638690565, 0.425274849851, 0.600906881661, 0.686087817565, 0.0422459489771, 0.0534103001141, 0.000120789376704, 0.938346865746, 0.863840521564
0.00336484687822, 2.69986083223e-06, 0.0171096539173, 0.447747798385, 0.409593485855, 0.517317279311, 0.893286148503, 0.412171872253, 0.60917242398, 0.301805500813, 0.623544077902, 0.634108177433, 0.466265984662, 0.469473675618, 0.958641462978, 0.812909474101, 0.0337884942032, 5.33238225857e-06, 0.00664583028438
0.000147154612117, 0.228792244668, 0.324236349197, 0.947981705827, 0.536816730179, 0.593624917681, 0.463975622284, 0.459114315889, 0.500973541182, 0.356233531598, 0.661512081422, 0.553017061059, 0.475485411653, 0.473366177937, 0.0709747717709, 0.866682412263, 0.485620945791, 0.374196881509, 0.000245936010256
0.562768649608, 0.483359870074, 0.000444030468888, 0.588113092577, 0.368935125049, 0.62236900196, 0.239729275493, 0.318525165461, 0.468318540664, 0.891815229282, 0.646314438448, 0.30639342875, 0.657908446957, 0.868656449085, 0.417812806551, 0.553052791199, 0.000483448266762, 0.657814808815, 1.16539435014
0.636516482861, 0.237880730225, 0.00114739352397, 0.0647169287531, 0.460063828552, 0.595725584521, 0.2873245218, 0.345841620518, 0.784047310727, 0.612710132732, 0.672519968851, 0.515413909759, 0.319406810985, 0.472090951782, 0.618945133007, 0.0631378182038, 0.00112132835908, 0.243937172403, 1.040399023
0.286590284746, 0.237880730225, 0.000319539751238, 0.0814709017782, 0.416513613341, 0.68584520968, 0.2873245218, 0.522863131933, 0.618895179463, 0.612710132732, 0.538201179653, 0.515413909759, 0.319406810985, 0.906711661821, 1.09229939832, 0.140554277631, 0.000552780298947, 0.431802368956, 0.571676372285
0.402343787375, 0.00496337708311, 0.106943574232, 0.986993237306, 0.412002364386, 0.495915112208, 0.577321464446, 0.473950272062, 0.60917242398, 0.526614307668, 0.439638690565, 0.510303108297, 0.443599424443, 0.468008431188, 0.0168197702337, 0.823133980973, 0.139620135605, 0.00651064403012, 0.611435474407
0.133895653368, 0.166217785874, 0.569953034489, 0.678823614463, 0.43498207404, 0.517317279311, 0.612398173163, 0.490160058387, 0.72524992885, 0.639978803265, 0.701572521864, 0.587749319926, 0.28739031087, 0.272023450301, 0.352140276305, 0.637746450456, 0.909188648679, 0.311294582038, 0.257440479912
0.00968020949261, 7.18550267509e-06, 9.76639232365e-05, 2.56802220193e-05, 0.891175044615, 0.876462866272, 0.226020897478, 0.526100110166, 0.604085387084, 0.712893230403, 0.627655114322, 0.135912531259, 0.46267604418, 0.576165811359, 1.58251210147, 6.38360036871e-05, 0.000242773392291, 1.78617529263e-05, 0.0240649604066
0.00336484687822, 0.624764005874, 3.72888113467e-05, 0.644463749152, 0.409593485855, 0.552816702864, 0.933935360853, 0.412171872253, 0.826220930147, 0.415735013277, 0.164367218119, 0.00776228750758, 0.434267534307, 0.523316049592, 0.494938843546, 0.792121169687, 5.47093210068e-05, 1.3967602311, 0.0088812137265
0.25520119139, 0.390031522383, 0.932328885007, 0.999977071909, 0.507262421229, 0.186827307953, 0.207114625094, 0.463804050925, 0.441621986201, 0.582031369477, 0.470296358297, 0.515413909759, 0.0405503035268, 0.345182308646, 4.1204346531e-06, 0.114407699344, 1.07223997665, 0.757940212762, 0.558614217049
0.0005268757605, 0.281956013553, 0.724158550488, 0.997490614572, 0.43498207404, 0.550949422746, 0.758101912041, 0.625425248283, 0.60917242398, 0.608478741579, 0.521101658681, 0.515413909759, 0.486742385228, 0.438902173249, 0.0016709101051, 0.423900166771, 0.916330192925, 0.478890868332, 0.000924816980647
0.562768649608, 0.140163727703, 0.000111037113875, 0.588113092577, 0.00130447682539, 0.586429587056, 0.612398173163, 0.16352961127, 0.826220930147, 0.443614760842, 0.164367218119, 0.153504381143, 0.704698508785, 0.836649019859, 0.701039435526, 0.927955798577, 0.000202845807462, 0.260274335852, 1.45341869424
0.468297344188, 0.462299991286, 0.526545515743, 0.994206334408, 0.557952904152, 0.866418198056, 0.321249994736, 0.632520116419, 0.705965368879, 0.301805500813, 0.499157609264, 0.266056187617, 0.365932807062, 0.469473675618, 0.00458541159915, 0.503840453212, 0.547735825119, 0.660928350236, 0.900842310004
0.391901341837, 0.457485829201, 0.0255558838577, 0.375592150493, 0.553624889392, 0.186057339588, 0.49329252493, 0.30959437521, 0.310750689411, 0.301805500813, 0.521101658681, 0.414395909697, 0.329120762312, 0.118914094444, 0.711803181514, 0.476569953306, 0.034405500939, 0.749816840517, 0.80555521462
0.660588318269, 2.13221012718e-05, 0.000469674262637, 0.49846062006, 0.514925821869, 0.86509061429, 0.40249592007, 0.735007351134, 0.526130865821, 0.606757056293, 0.701572521864, 0.675816162834, 0.443599424443, 0.747175836001, 0.484952733345, 0.482613103933, 0.000504758354399, 2.29148381906e-05, 1.15931982378
0.00336484687822, 2.69986083223e-06, 0.324236349197, 0.447747798385, 0.409593485855, 0.517317279311, 0.597817399174, 0.412171872253, 0.934628777382, 0.301805500813, 0.623544077902, 0.634108177433, 0.466265984662, 0.469473675618, 0.858501569482, 0.727992775521, 0.628599533812, 5.46757195665e-06, 0.006814319291
0.402343787375, 0.00496337708311, 0.106943574232, 0.0203525528919, 0.412002364386, 0.495915112208, 0.577321464446, 0.473950272062, 0.60917242398, 0.301805500813, 0.439638690565, 0.510303108297, 0.443599424443, 0.468008431188, 0.853552720309, 0.027297137911, 0.1448235545, 0.00675328530835, 0.634222695515
0.420688760291, 0.464741903421, 0.373028241218, 0.0814709017782, 0.38886204021, 0.561602925478, 0.554530815983, 0.30959437521, 0.281201174982, 0.517993654038, 0.655450900021, 0.634108177433, 0.466265984662, 0.923533452674, 0.644759426041, 0.082965984887, 0.431460167305, 0.698260738735, 0.813994972902
0.0041451726907, 0.644679405586, 0.599524523202, 0.966176223027, 0.0724046408812, 0.487407071388, 0.416894328249, 0.418479822537, 0.826220930147, 0.301805500813, 0.535205974276, 0.942348916309, 0.677431323491, 0.812239027764, 0.0276043768993, 0.519071344648, 0.714327420921, 1.41495634124, 0.0108615318829
0.746153846637, 0.407492755286, 0.0171096539173, 0.999940866423, 0.307430175844, 0.312710177717, 0.883626941798, 0.477366567323, 0.455025652494, 0.270228886838, 0.997069254385, 0.802165014755, 0.504096325697, 0.358164090074, 4.72224234517e-05, 0.508386772873, 0.0136665825481, 0.378722641856, 1.50505421852
0.432223555196, 0.46475997601, 0.000111037113875, 2.56802220193e-05, 0.368935125049, 0.818246461985, 0.933935360853, 0.27774688961, 0.604085387084, 0.442539235096, 0.164367218119, 0.153504381143, 0.436076812391, 0.750940935274, 0.968471648215, 3.90665952246e-05, 0.000168917621684, 0.866777726593, 1.04873667514
0.411550195256, 2.13221012718e-05, 0.720207892248, 0.49846062006, 0.637265391317, 0.70732703471, 0.388168523726, 0.735007351134, 0.526130865821, 0.569734857905, 0.788621239474, 0.675816162834, 0.30515414653, 0.747175836001, 0.324601886331, 0.323035861298, 0.974019584216, 3.6048341078e-05, 0.812218558735
0.00242097800465, 0.483359870074, 0.435677350053, 0.326309476224, 0.505044519469, 0.493360668563, 0.621476841511, 0.0179404001048, 0.366711406587, 0.555448335983, 0.810194068066, 0.47179324983, 0.28739031087, 0.733733102005, 0.717487026464, 0.403752953232, 0.671720095531, 1.0084062414, 0.00557079349621
0.0041451726907, 0.320799111309, 0.367091378271, 0.026302822759, 0.348231756229, 0.372088428223, 0.595829348721, 0.526100110166, 0.498070453873, 0.445681705366, 0.535205974276, 0.228385074223, 0.465708451831, 0.771426869591, 0.881680245776, 0.0364485758811, 0.573896233974, 0.580414137298, 0.00782692996198
0.0041451726907, 0.000406398383709, 0.599524523202, 0.955415514112, 0.755415294467, 0.487407071388, 0.416894328249, 0.418479822537, 0.468318540664, 0.740199891243, 0.535205974276, 0.942348916309, 0.657908446957, 0.468008431188, 0.0560155140547, 0.79853480939, 1.10006098904, 0.000868494109254, 0.0088585716121
5.3768293774e-06, 0.000264596193134, 0.234010645937, 0.026302822759, 0.514925821869, 0.572993503486, 0.239729275493, 0.283778169009, 0.349795226119, 0.396417346433, 0.901554023612, 0.528196708795, 0.27191695059, 0.469473675618, 1.275832739, 0.0527428017378, 0.49172397429, 0.000568714016045, 1.1556773666e-05
0.660588318269, 2.69986083223e-06, 0.720207892248, 0.49846062006, 0.514925821869, 0.70732703471, 0.40249592007, 0.735007351134, 0.526130865821, 0.606757056293, 0.788621239474, 0.675816162834, 0.443599424443, 0.822084152316, 0.205574156408, 0.204582374509, 0.616857950559, 2.89077398435e-06, 1.15501926503
0.00968020949261, 0.112209107263, 0.846064781169, 1.11614624351e-05, 0.891175044615, 0.778467578249, 0.226020897478, 0.980600929173, 0.430817262865, 0.356233531598, 0.20272426192, 0.842759827252, 0.46267604418, 0.576165811359, 0.418419045956, 7.33588346882e-06, 1.69657127504, 0.31122331963, 0.0269906456276
0.261341442466, 0.00496337708311, 0.435677350053, 0.499238252073, 0.77271019192, 0.294724695013, 0.612398173163, 0.342869294409, 0.60917242398, 0.856380098844, 0.701572521864, 0.481966852651, 0.28739031087, 0.352073630072, 0.704529238403, 0.702845242474, 0.811953646551, 0.0100137816172, 0.559032186109
0.286590284746, 0.590686952415, 0.000444030468888, 0.99775896214, 0.461367007266, 0.425322529314, 0.994655621925, 0.322777854283, 0.455025652494, 0.844802326401, 0.131475064327, 0.642104025449, 0.212802362686, 0.0568472935211, 0.00349452684852, 0.992698845856, 0.000692393412395, 1.32513488496, 0.800166720508
0.422193104409, 1.63036829004e-06, 0.000122999734097, 0.326309476224, 0.431501642513, 0.846265578848, 0.993762926394, 0.984671973737, 0.615789167161, 0.593964224782, 0.523052216622, 0.642104025449, 0.269756184611, 0.0549096352633, 1.30305831969, 0.733272694002, 0.000288885633987, 3.82919510755e-06, 1.16807516061
0.343426954833, 0.653704680415, 3.72888113467e-05, 0.644463749152, 0.409593485855, 0.552816702864, 0.933935360853, 0.412171872253, 0.826220930147, 0.415735013277, 0.164367218119, 0.00776228750758, 0.434267534307, 0.523316049592, 0.395360734113, 0.632752129355, 4.37022019956e-05, 1.23360320995, 0.86312002622
0.000147154612117, 0.610839920085, 0.324236349197, 0.947981705827, 0.471593563766, 0.590870231632, 0.463975622284, 0.459114315889, 0.500973541182, 0.555448335983, 0.661512081422, 0.485886127674, 0.475485411653, 0.473366177937, 0.0426446131279, 0.520739063382, 0.291781387151, 0.853878951418, 0.00024102114827
0.0005268757605, 0.281956013553, 0.724158550488, 0.026302822759, 0.43498207404, 0.550949422746, 0.758101912041, 0.377270399297, 0.60917242398, 0.608478741579, 0.521101658681, 0.515413909759, 0.465708451831, 0.438902173249, 0.423667236899, 0.0175143624987, 0.91660178991, 0.47903280987, 0.000925091093086
0.0041451726907, 0.293359204021, 0.000712901349893, 0.997490614572, 0.507262421229, 0.426730837778, 0.2873245218, 0.526100110166, 0.685889986368, 0.0831364722239, 0.612614265355, 0.228385074223, 0.486742385228, 0.658695491093, 0.00484201001673, 1.22838975438, 0.00137559014243, 0.609845310568, 0.00892994860694
0.00132272163386, 0.802978166667, 0.0045027876729, 0.0203525528919, 0.693498538624, 0.372088428223, 0.893470796743, 0.526100110166, 0.498070453873, 0.392122215194, 0.513878211988, 0.382695780417, 0.465708451831, 0.771426869591, 0.398687532263, 0.0127502710643, 0.00282139062065, 1.24751972856, 0.00272129218519
0.000145632728222, 9.02022942095e-05, 0.0255558838577, 0.640598218948, 0.593861166683, 0.740768043864, 0.165519900262, 0.96348081439, 0.99878994012, 0.424707580888, 0.854414495948, 0.859275913081, 0.466925354582, 0.599005534215, 1.02296955749, 1.61529512196, 0.0767938010806, 0.000271124955272, 0.000437734628506
0.391901341837, 0.264195610088, 0.481081777261, 0.375592150493, 0.553624889392, 0.186057339588, 0.49329252493, 0.30959437521, 0.310750689411, 0.301805500813, 0.521101658681, 0.414395909697, 0.329120762312, 0.118914094444, 0.630332514446, 0.422023313155, 0.714770683059, 0.459207836878, 0.80555521462
0.961059611619, 0.456781048034, 0.720207892248, 2.56802220193e-05, 0.461367007266, 0.70732703471, 0.933935360853, 0.800039994488, 0.826220930147, 0.760975647377, 0.788621239474, 0.211083638153, 0.478406398478, 0.685090666669, 0.0332915262779, 1.34292685171e-06, 0.0708081047427, 0.0682812954489, 1.69565195564
0.150112830481, 0.134782030688, 0.230076347053, 0.631657982778, 0.348231756229, 0.696448625897, 0.744919174066, 0.581190263327, 0.629083399382, 0.238189668898, 0.20272426192, 0.626882757007, 0.606702423533, 0.888636648698, 0.719812601348, 1.10205398554, 0.497569801856, 0.302459434287, 0.345825689418
0.00968020949261, 3.52348130161e-06, 0.99998063637, 2.56802220193e-05, 0.913219355408, 0.876462866272, 0.226020897478, 0.16352961127, 0.604085387084, 0.589801619591, 0.745262192394, 0.0064805523472, 0.46267604418, 0.576165811359, 5.56724218921e-05, 2.24573633646e-09, 1.83034717205, 1.01303703076e-05, 0.0278337408281
0.0518061539323, 3.71066579048e-05, 0.0171096539173, 0.999976977293, 0.348231756229, 0.186827307953, 0.239729275493, 0.402139691843, 0.075859422413, 0.396417346433, 0.540493677019, 0.653230571763, 0.580459635754, 0.461453217596, 5.12412427766e-05, 1.41691366843, 0.0380898335196, 8.26174857075e-05, 0.115601010809
0.00328216866506, 9.02022942095e-05, 0.000444030468888, 0.126656906703, 0.39754203223, 0.825686212779, 0.961022772928, 0.402139691843, 0.932118771294, 0.495193072677, 0.783779446999, 0.859275913081, 0.251420691577, 0.0892827673215, 1.92673010083, 0.388466196177, 0.00137090079122, 0.000278490815427, 0.0101334665343
0.552791319974, 7.18550267509e-06, 0.332249405076, 0.358464011966, 0.553624889392, 0.415732099653, 0.501291628228, 0.335147971471, 0.60917242398, 0.505305444421, 0.994208176067, 0.540314533669, 0.668859429328, 0.454106340982, 0.627833658311, 0.396313741215, 0.426972845186, 9.66697419829e-06, 1.01175006125
0.296054784909, 0.00138175091188, 6.11036319218e-05, 0.0203525528919, 0.637265391317, 0.673083092093, 0.994655621925, 0.473950272062, 0.169804637934, 0.301805500813, 0.901554023612, 0.401192464938, 0.699563871453, 0.469473675618, 1.47780405591, 0.0472610773299, 0.000141914160796, 0.0032091435998, 0.741860025984
0.402343787375, 9.02022942095e-05, 0.481081777261, 0.379206757641, 0.593861166683, 0.740768043864, 0.26740689424, 0.724863083293, 0.99878994012, 0.142231437531, 0.465514946663, 0.859275913081, 0.466925354582, 0.577795444022, 0.819384348655, 0.555361778453, 0.932708194332, 0.000192706067603, 0.995812009809
0.286590284746, 0.237880730225, 0.656899184019, 0.0814709017782, 0.416513613341, 0.68584520968, 0.314567779987, 0.522863131933, 0.655309004207, 0.612710132732, 0.538201179653, 0.515413909759, 0.319406810985, 0.906711661821, 0.560231159667, 0.0720891049419, 0.944578723911, 0.431519416424, 0.571301762767
0.25520119139, 0.390031522383, 0.0512948680637, 0.999977071909, 0.553624889392, 0.500225491963, 0.207114625094, 0.280649614362, 0.278298862135, 0.582031369477, 0.465514946663, 0.515413909759, 0.0405503035268, 0.345182308646, 3.86454325014e-05, 1.07302636612, 0.0866453872476, 0.756669812213, 0.557677911261
0.614772669159, 5.01583326912e-05, 0.272408329395, 0.999966420292, 0.507262421229, 0.981037757006, 0.501291628228, 0.459114315889, 0.295989522499, 0.427788978321, 0.572495122228, 0.540314533669, 0.580459635754, 0.592118093447, 3.55391929784e-05, 0.67376860131, 0.307291948428, 5.83456807619e-05, 1.07064772468
0.120498477951, 0.940119614828, 0.99998063637, 0.992694994755, 0.43498207404, 0.507040905279, 0.883626941798, 0.16352961127, 0.735882761569, 0.589888148212, 0.997069254385, 0.0523038151252, 0.27191695059, 0.328819103677, 5.9791140227e-08, 5.210475581e-06, 0.171316547863, 1.81598153979, 0.34943553087
0.0083685034045, 9.02022942095e-05, 0.82550865237, 0.999936759142, 0.348231756229, 0.186827307953, 0.239729275493, 0.402139691843, 0.687828685493, 0.428660186778, 0.540493677019, 0.802165014755, 0.580459635754, 0.528273396406, 3.6000412012e-05, 0.362401378481, 1.28891943483, 0.000189707710351, 0.0176011163321
0.0041451726907, 0.00277787290553, 0.435677350053, 0.000816118630147, 0.787402509975, 0.321612989047, 0.993762926394, 0.227768789024, 0.405475552653, 0.108812125512, 0.984315627334, 0.379008759736, 0.466925354582, 0.385803859783, 1.4392914933, 0.00184510958715, 1.17431705147, 0.00810552787716, 0.0120953677115
0.151295616558, 0.0083082719112, 0.999900938003, 0.733085819802, 0.514925821869, 0.480518453634, 0.441434830248, 0.30959437521, 0.38607351488, 0.142231437531, 0.465514946663, 0.597399066193, 0.466925354582, 0.560421004026, 7.36682499092e-05, 0.000165288619311, 1.16295001226, 0.0151780608127, 0.281728010973
0.0594509410785, 2.13221012718e-05, 0.720207892248, 0.49846062006, 0.0320538789227, 0.425322529314, 0.472522534023, 0.412171872253, 0.526130865821, 0.606757056293, 0.788621239474, 0.632151769248, 0.30515414653, 0.747175836001, 0.433875179961, 0.431781971567, 1.30191148044, 4.81835785038e-05, 0.134738846819
0.296054784909, 0.00138175091188, 0.000444030468888, 0.991866550296, 0.441574319763, 0.70732703471, 0.388168523726, 0.283778169009, 0.455025652494, 0.760975647377, 0.701572521864, 0.642104025449, 0.231248380812, 0.0568472935211, 0.0171879696404, 1.34526017391, 0.000938370723527, 0.00292006255181, 0.675032952935
0.25520119139, 0.84039763373, 0.932328885007, 0.999977071909, 0.507262421229, 0.186827307953, 0.207114625094, 0.463804050925, 0.735882761569, 0.582031369477, 0.650212445791, 0.515413909759, 0.0405503035268, 0.345182308646, 1.31398270225e-06, 0.0364839514758, 0.341931106933, 1.34277436204, 0.587456902201
0.0041451726907, 0.293359204021, 0.000712901349893, 0.026302822759, 0.507262421229, 0.426730837778, 0.2873245218, 0.526100110166, 0.685889986368, 0.0831364722239, 0.535205974276, 0.228385074223, 0.465708451831, 0.21633571462, 1.26747766313, 0.0523974037115, 0.00142056331545, 0.629783428635, 0.00922190193768
0.432223555196, 0.0667680414491, 0.000444030468888, 0.644463749152, 0.368935125049, 0.586429587056, 0.49329252493, 0.318525165461, 0.508863708176, 0.891815229282, 0.901554023612, 0.30639342875, 0.657908446957, 0.881902647017, 0.648291015157, 1.03755250557, 0.000853324255488, 0.128785345083, 0.992647497775
0.13048809797, 0.462299991286, 0.526545515743, 0.994206334408, 0.557952904152, 0.866418198056, 0.321249994736, 0.632520116419, 0.705965368879, 0.301805500813, 0.499157609264, 0.266056187617, 0.365932807062, 0.469473675618, 0.00605510277732, 0.66532865406, 0.723293131751, 0.872765509179, 0.273244292559
0.000145632728222, 9.02022942095e-05, 0.481081777261, 0.830738813148, 0.593861166683, 0.740768043864, 0.26740689424, 0.814106171131, 0.99878994012, 0.424707580888, 0.854414495948, 0.859275913081, 0.466925354582, 0.577795444022, 0.331949457669, 1.21895911775, 1.19041037283, 0.000245949701283, 0.000397088866329
0.432223555196, 2.69986083223e-06, 0.0171096539173, 0.447747798385, 0.409593485855, 0.517317279311, 0.893286148503, 0.412171872253, 0.60917242398, 0.301805500813, 0.623544077902, 0.634108177433, 0.464704739971, 0.469473675618, 0.746129257395, 0.632703221866, 0.0262982408564, 4.15029661076e-06, 0.789657074224
0.562768649608, 0.0750669440812, 6.11036319218e-05, 0.986993237306, 0.0053324601918, 0.425322529314, 0.89193566536, 0.473950272062, 0.60917242398, 0.526614307668, 0.901554023612, 0.850377940507, 0.687246334326, 0.469473675618, 0.0223468563527, 1.09362117177, 0.000104989160119, 0.129582253348, 1.34333497442
0.35646857183, 0.564016108465, 0.0224999820753, 0.815586123201, 0.461367007266, 0.493360668563, 0.467053644139, 0.515900737564, 0.556321666403, 0.256447772968, 0.655450900021, 0.416471303677, 0.701378811965, 0.169948141308, 0.190630899448, 0.639570803749, 0.0235968279502, 0.817671499536, 0.661791173834
0.000566040876424, 0.457485829201, 0.00100269459435, 0.99990699928, 0.318505542488, 0.00385496211815, 0.635092827517, 0.0195049054646, 0.493485421946, 0.424707580888, 0.854414495948, 0.802304986538, 0.00312640596597, 0.469473675618, 0.000219783802602, 1.50449064959, 0.00236961836655, 1.31586542449, 0.0017771584707
0.746153846637, 0.46475997601, 0.0171096539173, 2.56802220193e-05, 0.307430175844, 0.312710177717, 0.883626941798, 0.0704302117424, 0.455025652494, 0.270228886838, 0.997069254385, 0.802165014755, 0.504096325697, 0.358164090074, 0.525540186311, 2.11994494322e-05, 0.0141277049221, 0.470525994751, 1.67463607042
0.432223555196, 0.407492755286, 0.000111037113875, 0.999940866423, 0.368935125049, 0.818246461985, 0.933935360853, 0.477366567323, 0.604085387084, 0.442539235096, 0.799475436487, 0.122010620302, 0.436076812391, 0.750940935274, 9.39844853512e-05, 1.01181738918, 0.000176477843076, 0.753481002709, 1.01794678613
0.694226825546, 0.578096891635, 0.999764323799, 0.561333897509, 0.446648264429, 0.380425932807, 0.647686654599, 0.335147971471, 0.437886295302, 0.445681705366, 0.512203928292, 0.334030355551, 0.394897049237, 0.64340567, 7.5762934951e-05, 9.19733478661e-05, 0.321880802066, 0.412414614288, 1.00413673022
0.776316318777, 1.63036829004e-06, 0.000444030468888, 0.268310170803, 0.152741651689, 0.425322529314, 0.993762926394, 0.984671973737, 0.455025652494, 0.345646567863, 0.523052216622, 0.642104025449, 0.269756184611, 0.519646980602, 0.535420642595, 0.240042786744, 0.000409259325684, 1.50269751256e-06, 1.60068717465
0.000324756290943, 0.274208445766, 0.0512948680637, 0.547806911388, 0.318505542488, 0.358122632236, 0.441427756706, 0.27774688961, 0.278298862135, 0.450382933485, 0.439638690565, 0.153504381143, 0.436076812391, 0.686087817565, 0.779527762665, 0.906368529721, 0.0965331794864, 0.551109543848, 0.000673329229542
0.281576301368, 0.125767890859, 0.0695896190345, 0.644463749152, 0.507262421229, 0.426730837778, 0.898333065104, 0.609554466448, 0.356238226711, 0.69047619809, 0.362039594379, 0.417903320946, 0.27191695059, 0.469473675618, 0.612312456124, 0.979970889907, 0.126818736268, 0.232689036003, 0.561460739553
0.649210363481, 0.483359870074, 0.999962084051, 0.733085819802, 0.635170723222, 0.860506396781, 0.467053644139, 0.885354724391, 0.735882761569, 0.414657820329, 0.806204342566, 0.120054832102, 0.27191695059, 0.0093599511108, 1.74170387668e-05, 3.90784129362e-05, 0.718356723617, 0.681751989729, 1.61163774747
0.00159263424971, 0.437045808558, 8.67306858132e-06, 0.644463749152, 0.409593485855, 0.552816702864, 0.933935360853, 0.114955511112, 0.826220930147, 0.740199891243, 0.164367218119, 0.0233777561252, 0.397244708757, 0.523316049592, 0.763372800219, 1.22173428758, 1.962640279e-05, 1.18056347207, 0.00465956548527
0.00168786271592, 0.483359870074, 0.000121845143378, 0.326309476224, 0.368935125049, 0.713145598261, 0.711308577106, 0.0179404001048, 0.366711406587, 0.396417346433, 0.810194068066, 0.733672647835, 0.475485411653, 0.469473675618, 0.961147224416, 0.540868358639, 0.000211084361274, 1.04668069314, 0.00403126129132
0.000281167142441, 0.464741903421, 0.83074305204, 0.999953769784, 0.969815865848, 0.574602991014, 0.944533100815, 0.251618211327, 0.369168971158, 0.526982838942, 0.701572521864, 0.303358333505, 0.462535900061, 0.469473675618, 2.25364594088e-05, 0.310341525829, 1.13964207643, 1.05705613191, 0.00070005854478
0.422193104409, 1.63036829004e-06, 0.000122999734097, 0.99775896214, 0.431501642513, 0.846265578848, 0.993762926394, 0.984671973737, 0.615789167161, 0.593964224782, 0.523052216622, 0.642104025449, 0.269756184611, 0.0549096352633, 0.00526344469504, 1.49519969383, 0.000288885633987, 3.82919510755e-06, 1.16807516061
0.00336484687822, 0.808083991774, 0.000444030468888, 0.947981705827, 0.422198947586, 0.425322529314, 0.804112523168, 0.473950272062, 0.493485421946, 0.234309036393, 0.901554023612, 0.553017061059, 0.321322052791, 0.523316049592, 0.0332474707917, 0.405989303923, 0.000284117982052, 1.31006450431, 0.00725140762331
0.296054784909, 0.00138175091188, 0.507717270095, 0.991866550296, 0.461367007266, 0.425322529314, 0.994655621925, 0.283778169009, 0.455025652494, 0.760975647377, 0.650212445791, 0.642104025449, 0.231248380812, 0.0568472935211, 0.0133995511678, 1.04874996358, 1.07457738475, 0.00325913006211, 0.753415432302
0.00242097800465, 1.63036829004e-06, 0.0718063850647, 0.268310170803, 0.152741651689, 0.425322529314, 0.993762926394, 0.984671973737, 0.455025652494, 0.345646567863, 0.523052216622, 0.642104025449, 0.269756184611, 0.0549096352633, 1.72503104352, 0.773375596613, 0.214140020166, 4.87238679616e-06, 0.00723517391711
0.649210363481, 0.11827113189, 0.999962084051, 0.777502268959, 0.787402509975, 0.784995397498, 0.437686834305, 0.885354724391, 0.865829014997, 0.775298276673, 0.806204342566, 0.120054832102, 0.27191695059, 0.0093599511108, 2.15825973836e-05, 5.92179473159e-05, 1.05826437376, 0.198897752289, 1.75228458157
0.541140799047, 3.52348130161e-06, 0.00381877367551, 2.56802220193e-05, 0.913219355408, 0.876462866272, 0.226020897478, 0.16352961127, 0.604085387084, 0.589801619591, 0.745262192394, 0.0064805523472, 0.394097076558, 0.576165811359, 1.21456829393, 4.89937397746e-05, 0.00728569432537, 6.7223574521e-06, 1.38266898735
0.469785742645, 0.464741903421, 0.999941909131, 0.904369102706, 0.20848647769, 0.727908024888, 0.40249592007, 0.25181045139, 0.826220930147, 0.40115338568, 0.356305721502, 0.553017061059, 0.470071885516, 0.469473675618, 1.01598172135e-05, 6.71249310544e-05, 0.744002818904, 0.665841097603, 0.907897403662
0.298148747973, 0.83478339213, 0.0224999820753, 0.994206334408, 0.324145980767, 0.493360668563, 0.773113569431, 0.515900737564, 0.556321666403, 0.760975647377, 0.911492064047, 0.802304986538, 0.365932807062, 0.169948141308, 0.00325867389754, 0.358059837794, 0.0126606652446, 1.34947549032, 0.706308696356
