1.66102798183e-10, 0.199268655386, 0.496446475648, 0.499970210261, 0.598798164744, 0.500395305397, 0.500477152535, 7.97784375663e-11, 3.20577741942e-10, 2.41029160148
0.669180560278, 0.00013668177898, 0.496446475648, 0.499970210261, 0.501615407825, 0.500395305397, 0.500477152535, 0.000186332898523, 1.3630743732, 0.673948362756
0.99999998634, 0.999999999996, 0.501037424272, 0.499970210261, 0.59999635462, 0.598551812315, 0.500477152535, 1.82124072635, 7.6299543138e-12, 2.48774951932e-08
0.236369112097, 0.199268655386, 0.501037424272, 0.499970210261, 0.501615407825, 0.500395305397, 0.500477152535, 0.0424707662462, 0.170662434075, 0.688563296444
0.999999983386, 0.882479883257, 0.501037424272, 0.499970210261, 0.59999635462, 0.598551812315, 0.500477152535, 1.60720829883, 0.214032422146, 3.02577225202e-08
0.999999999992, 0.999999921306, 0.599038162483, 0.499970210261, 0.59999635462, 0.598698128152, 0.500477152535, 2.25848926182, 1.77729231922e-07, 1.8850585268e-11
0.405611561998, 0.999999999996, 0.501037424272, 0.499970210261, 0.59999635462, 0.598551812315, 0.500477152535, 0.738716305878, 3.09479772947e-12, 1.08252444535
0.86410062216, 0.00013668177898, 0.496446475648, 0.499970210261, 0.501615407825, 0.500395305397, 0.500477152535, 0.000240608264944, 1.7601130156, 0.276855444987
0.103570384126, 0.199268655386, 0.501037424272, 0.499970210261, 0.501615407825, 0.500395305397, 0.500477152535, 0.0186095109266, 0.0747795416089, 0.80830744423
0.236369112097, 2.84898183933e-08, 0.501037424272, 0.499970210261, 0.501615407825, 0.500395305397, 0.500477152535, 6.07212617073e-09, 0.213133194249, 0.688563296444
0.999999983386, 1.675157426e-06, 0.501037424272, 0.499970210261, 0.59999635462, 0.598551812315, 0.500477152535, 3.05086491826e-06, 1.82123767011, 3.02577225202e-08
0.999999999992, 0.999999921306, 0.599038162483, 0.499970210261, 0.59999635462, 0.598698128152, 0.500477152535, 2.25848926182, 1.77729231922e-07, 1.8850585268e-11
0.405611561998, 0.999999999996, 0.501037424272, 0.499970210261, 0.59999635462, 0.598551812315, 0.500477152535, 0.738716305878, 3.09479772947e-12, 1.08252444535
1.66102798183e-10, 0.00013668177898, 0.496446475648, 0.499970210261, 0.501615407825, 0.500395305397, 0.500477152535, 4.62512177958e-14, 3.38339875602e-10, 2.03720906852
0.841519309068, 0.999999999996, 0.501037424272, 0.499970210261, 0.59999635462, 0.598551812315, 0.500477152535, 1.53260925862, 6.42075397007e-12, 0.288631492608
0.999999983386, 0.999999987995, 0.501037424272, 0.499970210261, 0.59999635462, 0.598551812315, 0.500477152535, 1.82124069911, 2.1864279742e-08, 3.02577225202e-08
0.236369112097, 0.233788047223, 0.501037424272, 0.499970210261, 0.501615407825, 0.500395305397, 0.500477152535, 0.0498279947015, 0.16330520562, 0.688563296444
0.999999998925, 0.548259813563, 0.501037424272, 0.499970210261, 0.59999635462, 0.598551812315, 0.500477152535, 0.998513113649, 0.822727635623, 1.95810572414e-09
1.03862030087e-10, 0.460788872138, 0.496446475648, 0.499970210261, 0.501615407825, 0.500395305397, 0.500477152535, 9.7497704424e-11, 1.1409096518e-10, 2.03720906864
0.999999983386, 0.999999987995, 0.501037424272, 0.499970210261, 0.59999635462, 0.598551812315, 0.500477152535, 1.82124069911, 2.1864279742e-08, 3.02577225202e-08
3.17674256789e-07, 1.675157426e-06, 0.501037424272, 0.499970210261, 0.59999635462, 0.598698128152, 0.500477152535, 9.48842066006e-13, 5.66418691057e-07, 1.78301970606
0.999999983386, 1.675157426e-06, 0.501037424272, 0.499970210261, 0.59999635462, 0.598551812315, 0.500477152535, 3.05086491826e-06, 1.82123767011, 3.02577225202e-08
0.965487744402, 0.546873231623, 0.501037424272, 0.499970210261, 0.501615407825, 0.598551812315, 0.500477152535, 0.83357211532, 0.69067896723, 0.054485769769
0.999999999929, 0.351131647422, 0.501037424272, 0.499970210261, 0.59999635462, 0.598551812315, 0.500477152535, 0.639495265286, 1.18174548581, 1.29968645579e-10
0.999999990661, 0.74155329142, 0.501037424272, 0.499970210261, 0.59999635462, 0.598551812315, 0.500477152535, 1.35054706093, 0.470693673291, 1.70083466075e-08
0.236369112097, 0.199268655386, 0.501037424272, 0.499970210261, 0.501615407825, 0.500395305397, 0.500477152535, 0.0424707662462, 0.170662434075, 0.688563296444
0.999999999992, 0.999999921306, 0.599038162483, 0.499970210261, 0.59999635462, 0.598698128152, 0.500477152535, 2.25848926182, 1.77729231922e-07, 1.8850585268e-11
0.103570384126, 0.199268655386, 0.501037424272, 0.499970210261, 0.501615407825, 0.500395305397, 0.500477152535, 0.0186095109266, 0.0747795416089, 0.80830744423
0.236369112097, 0.111612480091, 0.501037424272, 0.499970210261, 0.501615407825, 0.500395305397, 0.500477152535, 0.0237883250776, 0.189344875243, 0.688563296444
0.999999983386, 1.675157426e-06, 0.501037424272, 0.499970210261, 0.59999635462, 0.598551812315, 0.500477152535, 3.05086491826e-06, 1.82123767011, 3.02577225202e-08
0.999999999997, 2.71750555392e-09, 0.496446475648, 0.499970210261, 0.598798164744, 0.598698128152, 0.500477152535, 8.2859773778e-09, 3.04911147039, 9.44672172976e-12
0.250343589617, 0.351131647422, 0.501037424272, 0.499970210261, 0.501615407825, 0.500395305397, 0.500477152535, 0.0792623294397, 0.146471608306, 0.67596255902
0.236369112097, 0.233788047223, 0.501037424272, 0.499970210261, 0.501615407825, 0.500395305397, 0.500477152535, 0.0498279947015, 0.16330520562, 0.688563296444
0.999999998925, 0.451296199327, 0.501037424272, 0.499970210261, 0.59999635462, 0.598551812315, 0.500477152535, 0.821919028207, 0.999321721066, 1.95810572414e-09
0.250343589617, 0.369995955796, 0.501037424272, 0.499970210261, 0.501615407825, 0.500395305397, 0.500477152535, 0.0835206440519, 0.142213293694, 0.67596255902
0.999999999974, 0.0967822966221, 0.501037424272, 0.499970210261, 0.59999635462, 0.598551812315, 0.500477152535, 0.176263862601, 1.64497688858, 4.77270987355e-11
0.999999999992, 2.38208068826e-08, 0.501037424272, 0.499970210261, 0.598798164744, 0.598698128152, 0.500477152535, 4.55834700042e-08, 1.91359886099, 1.5971940681e-11
0.103570384126, 0.070054596594, 0.501037424272, 0.499970210261, 0.501615407825, 0.500395305397, 0.500477152535, 0.00654233240167, 0.0868467201338, 0.80830744423
1.66102798183e-10, 2.84898183933e-08, 0.496446475648, 0.499970210261, 0.501615407825, 0.598698128152, 0.500477152535, 1.26636073505e-17, 4.44495883227e-10, 2.67602894521
0.236369112097, 0.199268655386, 0.501037424272, 0.499970210261, 0.501615407825, 0.500395305397, 0.500477152535, 0.0424707662462, 0.170662434075, 0.688563296444
0.999999983386, 0.882479883257, 0.501037424272, 0.499970210261, 0.59999635462, 0.598551812315, 0.500477152535, 1.60720829883, 0.214032422146, 3.02577225202e-08
1.66102798183e-10, 0.988979994742, 0.501037424272, 0.499970210261, 0.59999635462, 0.500395305397, 0.500477152535, 1.87960481545e-10, 2.09440585844e-12, 1.14420039549
0.999999983386, 1.675157426e-06, 0.501037424272, 0.499970210261, 0.59999635462, 0.598551812315, 0.500477152535, 3.05086491826e-06, 1.82123767011, 3.02577225202e-08
0.999999983386, 6.3385570126e-09, 0.501037424272, 0.499970210261, 0.59999635462, 0.598551812315, 0.500477152535, 1.15440381435e-08, 1.82124070943, 3.02577225202e-08
1.03862030087e-10, 0.460788872138, 0.496446475648, 0.499970210261, 0.501615407825, 0.500395305397, 0.500477152535, 9.7497704424e-11, 1.1409096518e-10, 2.03720906864
1.66102798183e-10, 5.69599647923e-05, 0.496446475648, 0.499970210261, 0.598798164744, 0.500395305397, 0.500477152535, 2.28042738892e-14, 4.00333375234e-10, 2.41029160148
0.103570384126, 0.070054596594, 0.501037424272, 0.499970210261, 0.501615407825, 0.500395305397, 0.500477152535, 0.00654233240167, 0.0868467201338, 0.80830744423
0.999999999929, 0.999999999996, 0.501037424272, 0.499970210261, 0.501615407825, 0.598698128152, 0.518237185077, 30.9222621555, 1.29546547094e-10, 2.20669591769e-09
0.999999999929, 0.351131647422, 0.501037424272, 0.499970210261, 0.59999635462, 0.598551812315, 0.500477152535, 0.639495265286, 1.18174548581, 1.29968645579e-10
0.828631394849, 0.199268655386, 0.501037424272, 0.499970210261, 0.501615407825, 0.500395305397, 0.500477152535, 0.14888836347, 0.598285662375, 0.154522470921
0.999999999992, 0.999999921306, 0.599038162483, 0.499970210261, 0.59999635462, 0.598698128152, 0.500477152535, 2.25848926182, 1.77729231922e-07, 1.8850585268e-11
0.103570384126, 0.199268655386, 0.501037424272, 0.499970210261, 0.501615407825, 0.500395305397, 0.500477152535, 0.0186095109266, 0.0747795416089, 0.80830744423
0.103570384126, 0.070054596594, 0.501037424272, 0.499970210261, 0.501615407825, 0.500395305397, 0.500477152535, 0.00654233240167, 0.0868467201338, 0.80830744423
1.66102798183e-10, 2.84898183933e-08, 0.496446475648, 0.499970210261, 0.501615407825, 0.598698128152, 0.500477152535, 1.26636073505e-17, 4.44495883227e-10, 2.67602894521
1.66102798183e-10, 0.199268655386, 0.496446475648, 0.499970210261, 0.598798164744, 0.500395305397, 0.500477152535, 7.97784375663e-11, 3.20577741942e-10, 2.41029160148
0.669180560278, 0.00013668177898, 0.496446475648, 0.499970210261, 0.501615407825, 0.500395305397, 0.500477152535, 0.000186332898523, 1.3630743732, 0.673948362756
1.03862030087e-10, 0.999999999996, 0.501037424272, 0.499970210261, 0.501615407825, 0.598551812315, 0.500477152535, 1.63970814455e-10, 6.86943688987e-22, 1.57873685216
0.999999983386, 0.74155329142, 0.501037424272, 0.499970210261, 0.501615407825, 0.598551812315, 0.500477152535, 1.17071748967, 0.408019336417, 2.62288121862e-08
0.86410062216, 0.199268655386, 0.501037424272, 0.499970210261, 0.501615407825, 0.500395305397, 0.500477152535, 0.155261468859, 0.623895034996, 0.122539992911
0.999999999992, 1.675157426e-06, 0.501037424272, 0.499970210261, 0.59999635462, 0.598551812315, 0.500477152535, 3.05086496892e-06, 1.82123770035, 1.52010691186e-11
0.999999999929, 0.351131647422, 0.501037424272, 0.499970210261, 0.59999635462, 0.598551812315, 0.500477152535, 0.639495265286, 1.18174548581, 1.29968645579e-10
0.236369112097, 0.999999987995, 0.501037424272, 0.499970210261, 0.501615407825, 0.500395305397, 0.500477152535, 0.213133197762, 2.55869740911e-09, 0.688563296444
0.999999998925, 0.548259813563, 0.501037424272, 0.499970210261, 0.59999635462, 0.598551812315, 0.500477152535, 0.998513113649, 0.822727635623, 1.95810572414e-09
0.103570384126, 0.14166797429, 0.501037424272, 0.499970210261, 0.501615407825, 0.500395305397, 0.500477152535, 0.0132302378935, 0.0801588146419, 0.80830744423
0.99999998531, 1.675157426e-06, 0.501037424272, 0.499970210261, 0.59999635462, 0.598551812315, 0.500477152535, 3.05086492413e-06, 1.82123767361, 2.67538806378e-08
0.250343589617, 0.199268655386, 0.501037424272, 0.499970210261, 0.501615407825, 0.500395305397, 0.500477152535, 0.0449816982497, 0.180752239496, 0.67596255902
0.965487744402, 0.546873231623, 0.501037424272, 0.499970210261, 0.501615407825, 0.598551812315, 0.500477152535, 0.83357211532, 0.69067896723, 0.054485769769
0.999999999929, 0.351131647422, 0.501037424272, 0.499970210261, 0.59999635462, 0.598551812315, 0.500477152535, 0.639495265286, 1.18174548581, 1.29968645579e-10
0.597871088731, 0.199268655386, 0.501037424272, 0.499970210261, 0.501615407825, 0.500395305397, 0.500477152535, 0.107425386632, 0.431672879594, 0.36259823054
0.324884820635, 0.111612480091, 0.501037424272, 0.499970210261, 0.501615407825, 0.500395305397, 0.500477152535, 0.032696597527, 0.260250907092, 0.608748992147
0.999999999997, 0.999999997329, 0.496446475648, 0.499970210261, 0.607562343141, 0.598698128152, 0.500477152535, 8.53598330401, 2.2797464762e-08, 2.64460842912e-11
0.250343589617, 0.199268655386, 0.501037424272, 0.499970210261, 0.501615407825, 0.500395305397, 0.500477152535, 0.0449816982497, 0.180752239496, 0.67596255902
0.999999999929, 0.999999994562, 0.501037424272, 0.499970210261, 0.59999635462, 0.598551812315, 0.500477152535, 1.8212407412, 9.90402639085e-09, 1.29968645579e-10
0.250343589617, 0.369995955796, 0.501037424272, 0.499970210261, 0.501615407825, 0.500395305397, 0.500477152535, 0.0835206440519, 0.142213293694, 0.67596255902
0.999999999974, 0.0967822966221, 0.501037424272, 0.499970210261, 0.59999635462, 0.598551812315, 0.500477152535, 0.176263862601, 1.64497688858, 4.77270987355e-11
0.999999999992, 2.38208068826e-08, 0.501037424272, 0.499970210261, 0.598798164744, 0.598698128152, 0.500477152535, 4.55834700042e-08, 1.91359886099, 1.5971940681e-11
1.66102798183e-10, 5.69599647923e-05, 0.496446475648, 0.499970210261, 0.598798164744, 0.500395305397, 0.500477152535, 2.28042738892e-14, 4.00333375234e-10, 2.41029160148
0.250343589617, 0.199268655386, 0.501037424272, 0.499970210261, 0.501615407825, 0.500395305397, 0.500477152535, 0.0449816982497, 0.180752239496, 0.67596255902
0.999999983386, 0.199268655386, 0.501037424272, 0.499970210261, 0.501615407825, 0.500395305397, 0.500477152535, 0.179679845492, 0.722016636293, 1.49806017563e-08
0.99999998634, 0.0967822966221, 0.501037424272, 0.499970210261, 0.501615407825, 0.500395305397, 0.500477152535, 0.087268256621, 0.814428227828, 1.23168506134e-08
0.999999999992, 0.649254122267, 0.501037424272, 0.499970210261, 0.501615407825, 0.598698128152, 0.500477152535, 1.00018660595, 0.540329767604, 1.28579902779e-11
0.999999983386, 6.3385570126e-09, 0.501037424272, 0.499970210261, 0.59999635462, 0.598551812315, 0.500477152535, 1.15440381435e-08, 1.82124070943, 3.02577225202e-08
1.03862030087e-10, 0.460788872138, 0.496446475648, 0.499970210261, 0.501615407825, 0.500395305397, 0.500477152535, 9.7497704424e-11, 1.1409096518e-10, 2.03720906864
0.481808027299, 0.199268655386, 0.501037424272, 0.499970210261, 0.501615407825, 0.500395305397, 0.500477152535, 0.0865711933402, 0.347873416989, 0.467251886436
1.66102798183e-10, 5.69599647923e-05, 0.496446475648, 0.499970210261, 0.598798164744, 0.500395305397, 0.500477152535, 2.28042738892e-14, 4.00333375234e-10, 2.41029160148
0.103570384126, 0.070054596594, 0.501037424272, 0.499970210261, 0.501615407825, 0.500395305397, 0.500477152535, 0.00654233240167, 0.0868467201338, 0.80830744423
0.999999999929, 0.999999999996, 0.501037424272, 0.499970210261, 0.501615407825, 0.598698128152, 0.518237185077, 30.9222621555, 1.29546547094e-10, 2.20669591769e-09
0.999999999929, 0.999999997329, 0.496446475648, 0.499970210261, 0.598798164744, 0.500395305397, 0.500477152535, 2.41029159527, 6.43728270691e-09, 1.72004900908e-10
9.50126644028e-11, 0.822375862413, 0.501037424272, 0.499970210261, 0.59999635462, 0.598551812315, 0.500477152535, 1.42304689217e-10, 3.07362470764e-11, 1.82124075106
0.828631394849, 0.199268655386, 0.501037424272, 0.499970210261, 0.501615407825, 0.500395305397, 0.500477152535, 0.14888836347, 0.598285662375, 0.154522470921
1.66102798183e-10, 0.0106329511373, 0.496446475648, 0.499970210261, 0.501615407825, 0.500395305397, 0.500477152535, 3.59804315203e-12, 3.34788083668e-10, 2.03720906852
0.250343589617, 0.199268655386, 0.501037424272, 0.499970210261, 0.501615407825, 0.500395305397, 0.500477152535, 0.0449816982497, 0.180752239496, 0.67596255902
