0.191365451706, 0.821606370178, 81.6557011947, 0.443763891414, 74.5306771445, 49.6337110909, 0.16360911815, 0.283069625052, 5.84107293179, 646.626195231, 0.398844553624, 0.2
0.149010839599, 0.837804928036, 80.0546473627, 0.623938668519, 39.6423055038, 12.9997460227, 0.0700918099105, 1.13932878212, 18.4804840211, 2045.40880522, 0.00142976743847, 0.0
0.110627067257, 0.837804928036, 81.1725404682, 0.686644512335, 37.4115678661, 1.25524184672, 0.826585755668, 1.30663283729, 4.45120077904, 1375.74367339, 0.0018032717471, 0.0
0.149010839599, 0.832927572807, 85.796142356, 0.556973963188, 95.1352212339, 5.17755056897, 0.0700918099105, 2.82313070695, 6.91589427291, 793.825935208, 0.0490553503279, 0.333333333333
0.127594512607, 0.851691392423, 84.7983495911, 0.67780132656, 98.3144409084, 1.25524184672, 0.916146313437, 4.03662242928, 4.45120077904, 623.620037009, 0.00922495529732, 0.4
0.112194721721, 0.820230548363, 93.660412768, 0.676190435965, 68.3625861888, 4.08115505292, 0.904419158242, 2.49820028241, 1.09541126284, 2019.43852755, 0.0, 0.588235294118
0.103276126854, 0.820230548363, 90.5058585422, 0.491703774443, 95.1352212339, 41.8222432037, 0.904419158242, 1.98656869404, 1.53464296083, 2070.13404344, 0.0, 0.0
0.27436425974, 0.820230548363, 84.7983495911, 0.67780132656, 69.2535422686, 1.25524184672, 0.904419158242, 2.34059714264, 4.45120077904, 1096.10693158, 0.00253360090817, 0.0
0.378740075268, 0.82717361566, 80.3413023694, 0.52538749077, 81.6100538248, 35.39779181, 0.832109870108, 0.371150432471, 1.53763574274, 383.275714968, 0.490663817735, 0.0
0.103276126854, 0.820230548363, 84.7983495911, 0.676190435965, 58.107752591, 1.25524184672, 0.130743587723, 1.98656869404, 1.64392054007, 797.638295891, 0.00491483092521, 0.0
0.114098814024, 0.820230548363, 90.5058585422, 0.67780132656, 69.2535422686, 1.25524184672, 0.904419158242, 2.61907183006, 4.45120077904, 1193.59445679, 0.00118954069703, 0.538461538462
0.756690343802, 0.856733655544, 90.2666887283, 0.693114634162, 38.7415730398, 36.8516931877, 0.761742618709, 0.893697217468, 19.9134192577, 666.484954087, 0.635821732019, 0.0
0.103276126854, 0.820230548363, 90.5058585422, 0.676190435965, 58.107752591, 1.25524184672, 0.904419158242, 1.98656869404, 1.53464296083, 655.884053367, 0.00982805894157, 0.4
0.127594512607, 0.851691392423, 84.7983495911, 0.469794519876, 86.4069745251, 1.25524184672, 0.130743587723, 4.89298374359, 5.84107293179, 2791.30662167, 0.000581576217386, 0.272727272727
0.110627067257, 0.914646804808, 84.5064900041, 0.623938668519, 84.1965463519, 1.25524184672, 0.904419158242, 1.30663283729, 4.89038646278, 2376.58606743, 0.00111010080923, 0.142857142857
0.127594512607, 0.820230548363, 90.5058585422, 0.698502646585, 69.2535422686, 1.25524184672, 0.904419158242, 2.61907183006, 4.45120077904, 2330.68740083, 0.0013163160898, 0.142857142857
0.104170143936, 0.820230548363, 91.2613770447, 0.676190435965, 58.107752591, 1.25524184672, 0.904419158242, 1.98656869404, 1.53763574274, 3178.14825414, 0.000372654493048, 0.0
0.104518401496, 0.820230548363, 90.5058585422, 0.636344516765, 68.3625861888, 1.25524184672, 0.904419158242, 2.65198333298, 1.53464296083, 2641.75521495, 0.000613792812646, 0.0
0.363729395329, 0.847279878354, 82.9477769405, 0.52538749077, 67.0819361388, 1.25524184672, 0.832109870108, 0.371150432471, 5.84107293179, 758.53140846, 0.0356534390274, 0.583333333333
0.127594512607, 0.837804928036, 84.7983495911, 0.601215168327, 84.1965463519, 1.25524184672, 0.130743587723, 4.78196507714, 5.84107293179, 1543.76127138, 0.00201564188926, 0.0
0.127594512607, 0.851691392423, 84.7983495911, 0.601215168327, 84.1965463519, 6.45594284273, 0.0884411011703, 1.90219535013, 16.8617213116, 946.997839637, 0.0855475479811, 0.0
0.124175407648, 0.824071806116, 80.9613473012, 0.485169301172, 98.2007813265, 10.1006593865, 0.832109870108, 4.47966721628, 5.66739258072, 914.308055952, 0.0707737409568, 0.210526315789
0.127594512607, 0.829545055317, 84.7983495911, 0.601215168327, 84.1965463519, 10.1006593865, 0.0884411011703, 2.62853297477, 12.4230759949, 1007.42499175, 0.0744600738481, 0.0
0.378740075268, 0.82717361566, 80.3413023694, 0.52538749077, 81.6100538248, 35.39779181, 0.832109870108, 0.371150432471, 1.53763574274, 919.861715923, 0.468406994729, 0.0
0.125539825203, 0.820148261013, 84.7983495911, 0.67780132656, 69.2535422686, 1.09927153976, 0.904419158242, 0.545145626375, 4.45120077904, 1032.60299445, 0.00612370430472, 0.125
0.114098814024, 0.820230548363, 90.5058585422, 0.636344516765, 69.2535422686, 1.25524184672, 0.904419158242, 2.61907183006, 4.45120077904, 1356.03630594, 0.00394579034682, 0.0
0.139473139971, 0.820179034905, 89.3626804767, 0.67780132656, 95.1352212339, 1.25524184672, 0.582809640418, 0.644984558416, 4.45120077904, 1320.69731492, 0.00464015512792, 0.0
0.103167904677, 0.820230548363, 84.7983495911, 0.676190435965, 57.0617705733, 1.25524184672, 0.904419158242, 1.35670126932, 1.39937715861, 1202.77606861, 0.00284826283631, 0.8
0.363729395329, 0.851691392423, 82.9477769405, 0.52538749077, 67.0819361388, 35.39779181, 0.832109870108, 0.371150432471, 5.84107293179, 1028.21200144, 0.0768484723025, 0.0
0.125539825203, 0.914646804808, 90.5058585422, 0.636344516765, 58.107752591, 1.25524184672, 0.904419158242, 2.49820028241, 4.45120077904, 3517.73540534, 0.00147505904733, 0.0
0.22076873625, 0.820230548363, 86.0127042279, 0.678885037357, 58.107752591, 1.25524184672, 0.904419158242, 1.98656869404, 1.53763574274, 2235.46825875, 0.00153072436425, 0.708333333333
0.127594512607, 0.820230548363, 90.5058585422, 0.698502646585, 69.2535422686, 1.25524184672, 0.904419158242, 0.50228807159, 4.45120077904, 2062.30521528, 0.00192910928915, 0.142857142857
0.104518401496, 0.820230548363, 90.5058585422, 0.636344516765, 68.3625861888, 1.25524184672, 0.904419158242, 2.65198333298, 1.53464296083, 1692.41510199, 0.00211074869672, 0.0
0.127594512607, 0.851691392423, 90.5058585422, 0.67780132656, 94.7965518544, 1.25524184672, 0.916146313437, 4.03662242928, 4.45120077904, 1017.27600783, 0.0339385379146, 0.4
0.103276126854, 0.820230548363, 90.5058585422, 0.676190435965, 63.0407368009, 1.25524184672, 0.904419158242, 1.98656869404, 1.53464296083, 933.723825973, 0.0122190349529, 0.666666666667
0.512975014501, 0.821606370178, 81.6557011947, 0.52538749077, 46.977854153, 9.49913022797, 0.0700918099105, 3.9021916124, 6.8183811343, 1092.67065986, 0.316406717474, 0.0
0.149010839599, 0.82717361566, 80.4847772918, 0.469566825911, 82.6694584165, 1.25524184672, 0.832109870108, 0.371150432471, 14.3498605171, 1422.97216459, 0.00342632613928, 0.0
0.103276126854, 0.820230548363, 90.5058585422, 0.676190435965, 58.107752591, 4.08115505292, 0.836776208892, 1.98656869404, 1.53464296083, 1254.37825206, 0.00840120065224, 0.0
0.127594512607, 0.851691392423, 88.4931460059, 0.469794519876, 84.1965463519, 1.25524184672, 0.904419158242, 4.89298374359, 12.4230759949, 2877.20192581, 0.00201138224661, 0.0
0.139473139971, 0.820230548363, 89.3626804767, 0.67780132656, 95.1352212339, 1.25524184672, 0.582809640418, 2.82313070695, 4.45120077904, 1866.17884896, 0.00217132488644, 0.0909090909091
0.149010839599, 0.82278714336, 83.1506990997, 0.528761095743, 81.6100538248, 42.1087518325, 0.0497276002309, 0.563637390871, 6.8183811343, 971.24927318, 0.411606382683, 0.7
0.149010839599, 0.851691392423, 84.7983495911, 0.67780132656, 98.3144409084, 1.25524184672, 0.916146313437, 4.03662242928, 4.45120077904, 1565.46593653, 0.00319966958765, 0.307692307692
0.453600419171, 0.820230548363, 90.5058585422, 0.676190435965, 78.6767716532, 1.25524184672, 0.904419158242, 1.98656869404, 1.53464296083, 1086.30796339, 0.0459371314389, 0.5
0.512975014501, 0.837804928036, 87.3749550569, 0.443763891414, 58.9416970251, 49.6337110909, 0.0426985156763, 0.563637390871, 6.8183811343, 1115.43950694, 0.0940109584112, 0.0
0.27436425974, 0.820230548363, 85.796142356, 0.67780132656, 69.2535422686, 1.25524184672, 0.904419158242, 2.61907183006, 4.45120077904, 1095.08650901, 0.0612637517757, 0.5
0.363729395329, 0.847279878354, 82.9477769405, 0.52538749077, 67.0819361388, 35.39779181, 0.832109870108, 0.371150432471, 5.84107293179, 1025.5654247, 0.179162475196, 0.461538461538
0.104170143936, 0.820230548363, 86.4032046992, 0.67780132656, 58.107752591, 1.25524184672, 0.904419158242, 4.08659145452, 1.53763574274, 1642.67375964, 0.00325012587227, 0.333333333333
0.125539825203, 0.914646804808, 90.5058585422, 0.623938668519, 58.107752591, 1.24160546686, 0.904419158242, 2.49820028241, 4.45120077904, 3898.6883179, 0.00209070389646, 0.0
0.363729395329, 0.820230548363, 92.9638737869, 0.52538749077, 67.0819361388, 35.39779181, 0.832109870108, 1.98656869404, 5.84107293179, 1165.78093908, 0.305027501323, 0.0
0.127594512607, 0.851691392423, 84.7983495911, 0.574681064932, 99.3969574995, 1.25524184672, 0.0884411011703, 4.73429374466, 4.45120077904, 2012.00867908, 0.00278579997344, 0.0
0.103276126854, 0.820230548363, 90.5058585422, 0.676190435965, 58.107752591, 1.25524184672, 0.904419158242, 1.98656869404, 1.53464296083, 1739.26396295, 0.00322481096172, 0.222222222222
0.136142891847, 0.820230548363, 81.6557011947, 0.685798640072, 71.7916197909, 1.14393389763, 0.904419158242, 2.61907183006, 4.34973158803, 1800.10008953, 0.00286810860373, 0.0
0.149010839599, 0.856733655544, 80.0546473627, 0.687761209303, 50.7466636107, 9.49913022797, 0.0700918099105, 1.13932878212, 4.75365599084, 1353.56680161, 0.0713772622451, 0.0
0.114098814024, 0.820230548363, 90.5058585422, 0.636344516765, 69.2535422686, 1.25524184672, 0.904419158242, 2.61907183006, 1.34635218629, 1160.63520325, 0.0164803876038, 0.555555555556
0.118847230031, 0.851691392423, 84.7983495911, 0.624002322949, 84.1965463519, 1.25524184672, 0.0884411011703, 4.73429374466, 12.4230759949, 2675.13240447, 0.0025241841334, 0.0
0.112194721721, 0.820230548363, 90.5058585422, 0.636344516765, 58.107752591, 4.08115505292, 0.904419158242, 2.49820028241, 1.09541126284, 1712.9455152, 0.00292534604643, 0.708333333333
0.127594512607, 0.851691392423, 88.4931460059, 0.601215168327, 84.1965463519, 1.25524184672, 0.867951993066, 4.73429374466, 12.4230759949, 1207.53034192, 0.0157929144204, 0.5625
0.340420168748, 0.851691392423, 82.122459237, 0.601215168327, 84.1965463519, 1.25524184672, 0.867951993066, 4.73429374466, 5.66739258072, 1148.15042654, 0.0404039589952, 0.615384615385
0.103276126854, 0.914646804808, 86.7518219735, 0.676190435965, 58.107752591, 1.25524184672, 0.904419158242, 2.49820028241, 4.45120077904, 2076.3165045, 0.00236953182334, 0.125
0.127594512607, 0.851691392423, 84.7983495911, 0.601215168327, 84.1965463519, 6.45594284273, 0.0884411011703, 1.07285854368, 16.8617213116, 1104.83081291, 0.0683014229216, 0.466666666667
0.103276126854, 0.820230548363, 90.5058585422, 0.676190435965, 58.107752591, 1.25524184672, 0.904419158242, 1.98656869404, 1.53464296083, 2646.30996532, 0.00225441544962, 0.1
0.103276126854, 0.820230548363, 90.5058585422, 0.676190435965, 58.107752591, 1.25524184672, 0.904419158242, 1.98656869404, 1.53464296083, 1424.49817841, 0.00486756132923, 0.428571428571
0.103276126854, 0.820230548363, 90.5058585422, 0.676190435965, 58.107752591, 1.25524184672, 0.904419158242, 1.35670126932, 1.53464296083, 1234.90669423, 0.0186127358272, 0.703703703704
0.512975014501, 0.820230548363, 80.3413023694, 0.52538749077, 81.6100538248, 35.39779181, 0.0497276002309, 0.0923098452423, 5.41465465372, 1103.21740244, 0.460811569448, 0.375
0.512975014501, 0.821606370178, 81.6557011947, 0.52538749077, 46.977854153, 49.6337110909, 0.832109870108, 3.9021916124, 6.8183811343, 1260.25818437, 0.40171771157, 0.0
0.27436425974, 0.820230548363, 84.7983495911, 0.443763891414, 69.2535422686, 1.25524184672, 0.904419158242, 0.801096539078, 4.45120077904, 1337.13568093, 0.0239422319931, 0.125
0.127594512607, 0.820230548363, 90.5058585422, 0.698502646585, 69.2535422686, 1.25524184672, 0.904419158242, 2.61907183006, 4.45120077904, 1371.9273564, 0.00715182929805, 0.272727272727
0.103276126854, 0.820230548363, 90.5058585422, 0.491703774443, 95.1352212339, 1.25524184672, 0.85237701103, 1.98656869404, 1.53464296083, 1365.05868607, 0.00960276354313, 0.0909090909091
0.125539825203, 0.820230548363, 86.0127042279, 0.629504924155, 58.107752591, 1.25524184672, 0.904419158242, 0.84478340544, 1.53763574274, 1283.17307772, 0.0122682264723, 0.5
0.512975014501, 0.821835330817, 80.3413023694, 0.52538749077, 81.6100538248, 35.39779181, 0.0497276002309, 0.0923098452423, 5.41465465372, 1146.51937877, 0.505856181621, 0.277777777778
0.103276126854, 0.820230548363, 90.5058585422, 0.676190435965, 58.107752591, 4.08115505292, 0.836776208892, 1.98656869404, 1.53464296083, 1250.27897673, 0.0383850960932, 0.692307692308
0.104170143936, 0.820230548363, 91.2613770447, 0.676190435965, 58.107752591, 1.25524184672, 0.904419158242, 1.98656869404, 1.53763574274, 1403.33819014, 0.00587703955187, 0.384615384615
0.103276126854, 0.820230548363, 90.5058585422, 0.676190435965, 58.107752591, 1.25524184672, 0.904419158242, 1.35670126932, 1.53464296083, 2090.63042011, 0.00236912956436, 0.538461538462
0.125539825203, 0.820148261013, 84.7983495911, 0.67780132656, 69.2535422686, 1.25524184672, 0.904419158242, 0.545145626375, 4.45120077904, 1740.12726842, 0.00366325839414, 0.25
0.512975014501, 0.82278714336, 87.3749550569, 0.443763891414, 58.9416970251, 49.6337110909, 0.0497276002309, 0.563637390871, 6.8183811343, 1204.02725751, 0.463475826284, 0.333333333333
0.345653087618, 0.871427067733, 82.8426787928, 0.601215168327, 69.2535422686, 8.90300246215, 0.283104084229, 1.50277901967, 4.23589204917, 1281.56124508, 0.121390031909, 0.125
0.363729395329, 0.820230548363, 90.5058585422, 0.491703774443, 97.4638444201, 41.8222432037, 0.904419158242, 1.98656869404, 1.53464296083, 1254.37825206, 0.246845948614, 0.166666666667
0.127594512607, 0.851691392423, 81.3464386749, 0.469794519876, 84.1965463519, 1.25524184672, 0.867951993066, 3.99901978994, 12.4230759949, 2606.38409019, 0.00221458802858, 0.25
0.149010839599, 0.837804928036, 80.1092417021, 0.469566825911, 39.6423055038, 11.7285816277, 0.130743587723, 1.13932878212, 5.41465465372, 1335.23920678, 0.104091088874, 0.0
0.215417746981, 0.82717361566, 80.3413023694, 0.52538749077, 58.107752591, 35.39779181, 0.130743587723, 0.801096539078, 5.41465465372, 1321.54763697, 0.219667414301, 0.0
0.110627067257, 0.851691392423, 84.7983495911, 0.469794519876, 86.4069745251, 1.25524184672, 0.130743587723, 4.89298374359, 5.84107293179, 1836.29775351, 0.00358959250866, 0.125
0.149010839599, 0.82717361566, 80.3413023694, 0.52538749077, 81.6100538248, 35.39779181, 0.832109870108, 0.371150432471, 5.41465465372, 1334.896603, 0.27733939887, 0.0
0.127594512607, 0.851691392423, 84.7983495911, 0.601215168327, 84.1965463519, 1.25524184672, 0.867951993066, 4.73429374466, 12.4230759949, 2062.95476959, 0.00340525011763, 0.0
0.127594512607, 0.833089838269, 84.7983495911, 0.67780132656, 98.3144409084, 1.18350892299, 0.0700918099105, 4.03662242928, 8.62979138756, 1313.37615472, 0.0191903034768, 0.647058823529
0.127594512607, 0.993494368887, 82.122459237, 0.67780132656, 84.1965463519, 1.25524184672, 0.867951993066, 3.99901978994, 6.67947006984, 4372.85599583, 0.00276072953229, 0.0
0.512975014501, 0.82278714336, 83.1506990997, 0.443763891414, 58.9416970251, 49.6337110909, 0.0497276002309, 0.563637390871, 6.8183811343, 1255.78427152, 0.582863169692, 0.166666666667
0.127594512607, 0.820220157147, 84.7983495911, 0.558927453914, 81.2382570512, 1.25524184672, 0.16360911815, 4.93263593444, 1.53763574274, 1290.13878521, 0.0212857889026, 0.827586206897
0.118847230031, 0.851691392423, 84.7983495911, 0.601215168327, 84.1965463519, 1.25524184672, 0.904419158242, 2.26252271984, 12.4230759949, 1447.98180305, 0.00817757786872, 0.0
0.22076873625, 0.820230548363, 86.0127042279, 0.678885037357, 58.107752591, 1.09109457611, 0.904419158242, 2.61907183006, 4.45120077904, 1451.52545094, 0.0073753725665, 0.0
0.127594512607, 0.824850770047, 81.7267526573, 0.67780132656, 69.2535422686, 1.25524184672, 0.832109870108, 2.82313070695, 4.34973158803, 1420.34214962, 0.010692491995, 0.0
0.139473139971, 0.820230548363, 89.3626804767, 0.67780132656, 92.2625342929, 1.25524184672, 0.808606398699, 2.82313070695, 4.45120077904, 3212.34381641, 0.00235104786933, 0.285714285714
0.254990542906, 0.820230548363, 90.5058585422, 0.698502646585, 69.2535422686, 1.25524184672, 0.904419158242, 2.61907183006, 4.45120077904, 1303.06613774, 0.0459589938963, 0.578947368421
