0.0317493060954, 0.125188578049, 5.95305364173e-05, 7.94942825887e-05, 0.230471135139, 0.722782756752, 0.580930422015, 0.00454205104258, 0.851501456655, 0.0396399081659, 0.817874754151, 0.0684934112684, 0.661925942771, 0.996379516265, 0.155911580055, 0.028288721969, 0.975352196616, 316.429401949, 409.171735033, 1111.80409022, 464.393736769, 0.16373216292, 0.122613390847, 261.223275883, 66.7335581277
0.252216423332, 0.000974670840105, 0.408203200732, 0.0148602926547, 0.385234665603, 0.20741738142, 2.74555412234e-05, 0.839639221566, 0.102688497606, 0.377138555843, 0.510247979234, 0.999314225506, 0.284493112655, 0.468493216037, 0.207503646509, 0.594018669944, 0.446934162344, 435.682493024, 0.0187897064687, 147.195538828, 318.090286101, 13.0547116699, 417.48516578, 1.06856584358, 291.950866078
0.0317493060954, 0.000476619248036, 7.0477831335e-05, 7.94942825887e-05, 0.00514585977727, 0.00338963930956, 0.751842173676, 0.582149468196, 0.898191571097, 0.47225733616, 0.986545969563, 0.310652780668, 0.973270914005, 0.985577945324, 0.700660380302, 0.0154828862714, 0.405871351589, 208.16895866, 506.706541054, 2.91675677873, 4.42808742406, 0.0684067353692, 0.0606478633777, 0.41014236605, 27.3437201082
0.00212827983671, 0.000138605713514, 9.94790018745e-05, 0.524776888636, 0.401600929561, 0.000982004906628, 0.048879474682, 0.0795999772595, 0.415087040463, 0.562767273762, 0.650876115781, 0.0337619108762, 0.24641560378, 0.995978514739, 0.389244782558, 0.587032586551, 0.483107449076, 556.007518539, 42.7741761251, 0.860193017287, 407.303745599, 746.516959527, 0.158907678336, 0.221408660735, 3.39972527535
1.43828889021e-07, 0.356402010996, 0.000476269783578, 0.0213470275172, 0.42663044869, 0.398066376365, 0.373627739539, 0.234670610218, 0.75310421906, 0.30375368645, 0.344229091483, 0.23998309251, 0.478070211232, 0.348620697204, 0.457447515929, 0.00440784158996, 0.491481903143, 571.032039837, 379.773541603, 495.078845091, 670.308979068, 36.2019009001, 0.807845786222, 676.751017835, 0.000287913797399
1.04074835094e-06, 0.00160979974293, 0.496508882789, 0.000138631907053, 0.0325385196397, 0.579101852576, 0.625362301749, 0.588754183618, 0.591339973606, 0.30375368645, 0.455752122938, 0.838572022426, 0.661266053385, 0.919767143338, 0.540082443729, 0.0972680090416, 0.990263180368, 225.862168736, 338.443421625, 523.031239803, 33.899037232, 0.144491361795, 656.289596393, 2.35992326218, 0.00152571080453
0.112735528529, 0.300758900909, 5.00981123253e-06, 0.257271853333, 4.19673568675e-08, 0.444704229736, 0.999819504083, 0.111283893202, 0.408110401447, 0.705531820284, 0.436424667064, 0.942491690855, 0.988497337982, 0.272745940194, 0.982013580454, 0.321592735079, 0.925502961673, 0.15585951954, 549.725726361, 461.65707582, 4.732301177e-05, 307.000931607, 0.00614405215208, 398.986578332, 156.910069118
5.59750493515e-05, 0.52341801722, 0.44577350028, 3.5513728246e-06, 0.763778677939, 0.00424321200391, 0.441122187419, 0.582149468196, 0.851501456655, 0.464537941145, 0.943419987678, 0.0684934112684, 0.952481399927, 0.985577945324, 0.972217596093, 0.684250361521, 0.045556246316, 215.927573242, 179.272871541, 1.8706110078, 721.332282225, 0.00431778664712, 652.227639193, 1089.51525824, 0.130755793624
0.252216423332, 0.00062737597314, 0.800680931275, 0.524776888636, 0.0798562100093, 0.20741738142, 2.74555412234e-05, 0.839639221566, 0.495902057405, 0.424457440221, 0.344229091483, 0.999473252968, 0.284493112655, 0.272745940194, 0.155911580055, 0.805379027896, 0.446934162344, 199.436280179, 0.0086011010857, 67.3796427279, 26.5454088674, 229.371548703, 965.162264715, 0.999749625342, 424.355388732
0.00659924719396, 0.000397750723154, 0.539601979699, 0.0757730216275, 0.609382039883, 0.742696872729, 0.987039015257, 0.618266969677, 0.586275312076, 0.634671649047, 0.817874754151, 0.12642661377, 0.977146861055, 0.0279115823224, 0.233094530371, 0.00511563075758, 0.990263180368, 2.79583445736, 137.307280943, 321.08924496, 495.875709038, 72.5318520577, 691.977743516, 0.576682795834, 9.5683267624
4.03781275082e-09, 0.493057770247, 5.95305364173e-05, 0.524776888636, 0.172390913464, 0.722782756752, 0.580930422015, 0.00454205104258, 0.851501456655, 0.0396399081659, 0.0177524887259, 0.0684934112684, 0.554626643844, 0.715773080458, 0.810150431004, 0.9592307426, 0.975352196616, 154.510942473, 199.796573972, 542.888545654, 166.223279975, 671.765142103, 0.0855718740166, 895.362303316, 8.12021983027e-06
4.47766562717e-08, 0.265551399108, 0.000476269783578, 0.0125490718469, 0.00133432343552, 1.36175245302e-07, 0.0212306271052, 0.115158125363, 0.75310421906, 0.0106689949696, 0.54531182162, 0.23998309251, 0.482062092582, 0.348620697204, 0.457447515929, 0.585693830995, 0.744394366665, 1259.07980365, 42.0046141697, 0.000269471504545, 2.640440775, 24.8361055088, 0.942655760995, 558.357793265, 9.6935686954e-05
0.175506046549, 0.0741956322611, 9.94790018745e-05, 0.326095558301, 0.00679462207312, 0.39417026413, 2.74555412234e-05, 0.548848540109, 0.325644657452, 0.846793203596, 0.823871871568, 0.670657324803, 0.909602537365, 0.985577945324, 0.614987327448, 0.272460535002, 0.208455477435, 701.094423131, 0.0302361435871, 499.630356563, 9.1887999788, 484.107712116, 0.154343771593, 115.640145982, 281.324634803
0.453558995734, 0.000627847707769, 0.00013987032181, 0.387584680311, 2.6547562465e-07, 0.0492541751227, 0.911361993977, 0.0875663075499, 0.804669372315, 0.925105690306, 0.114119792406, 0.0337619108762, 0.762872229371, 0.985577945324, 0.193166436194, 0.284737584444, 0.918091583525, 67.3470462763, 480.573233991, 37.6195385692, 0.000202968397226, 339.324818784, 0.130359655424, 0.585156572016, 512.517808178
0.0486724975416, 0.230166844173, 0.208815401589, 0.000138631907053, 0.0261446375136, 0.947449252866, 0.871097179801, 0.254399653843, 0.727526809914, 0.838146024474, 0.0428883198819, 0.927450667435, 0.375382069745, 0.900814647322, 0.391422903147, 0.697922275645, 0.918216552182, 15.5849603094, 75.9155722929, 936.71668782, 38.6221388488, 0.204851423137, 320.122750039, 375.780789441, 81.3815258186
5.22413057258e-09, 0.000638543767157, 0.159699066201, 0.319535771777, 0.0798562100093, 0.0127937455393, 0.462179271142, 0.487929272287, 0.494283136675, 0.996688749455, 0.837770583225, 0.570992331508, 0.740081405989, 0.47786152031, 0.0853399818721, 0.593187241456, 0.044269146501, 579.848174186, 514.743345168, 15.5840375493, 97.7926982809, 428.978742726, 228.483842852, 0.923226820965, 7.55321485794e-06
0.0317493060954, 0.0326183556461, 5.95305364173e-05, 0.29913731892, 0.230471135139, 0.722782756752, 0.580930422015, 0.00454205104258, 0.851501456655, 0.336960839693, 0.817874754151, 0.0684934112684, 0.0443442931498, 0.996379516265, 0.113181078018, 0.028288721969, 0.883356108544, 243.385951729, 314.719970832, 855.159144403, 357.19471991, 512.160956561, 0.105773367921, 58.0067952312, 56.5329109169
1.71136271032e-06, 0.0275103660877, 0.297676957121, 0.23816289604, 2.29748238767e-08, 0.160787389312, 0.000270673902542, 0.560975232407, 0.812238304721, 0.705531820284, 0.367193663927, 0.785270915631, 0.426870718103, 0.854209250932, 0.450977271156, 0.953909429031, 0.178409702713, 1005.99215934, 0.427721305437, 259.621595384, 3.74945424859e-05, 407.886518504, 563.587074476, 54.0661322621, 0.00336438874405
1.14096400106e-08, 0.230166844173, 0.508929365412, 0.387584680311, 0.000670155572111, 0.968043559691, 0.0102350874672, 0.132347385802, 0.11074527979, 0.925105690306, 0.0428883198819, 0.0337619108762, 0.666040279855, 0.484862576887, 0.118609983725, 0.387095767621, 0.939699449939, 32.3378141087, 0.519947526321, 643.759323348, 0.678526146897, 449.368773324, 808.108403635, 426.248230812, 2.15970683656e-05
0.248495036041, 8.51829060279e-05, 0.192601275042, 0.0757730216275, 0.609382039883, 0.742696872729, 0.999926353459, 0.558569965542, 0.0115645366587, 0.066664105107, 0.87170499516, 0.1561711571, 0.977146861055, 0.0057290535841, 0.174269969136, 0.197441650588, 0.925502961673, 0.025967188888, 224.467104322, 524.801281617, 810.479365817, 118.549000053, 311.608277934, 0.139941876845, 430.317419025
0.474136603844, 0.42627467119, 0.271168931615, 0.320484719983, 4.19673568675e-08, 0.393305909241, 0.00356567139793, 0.804547075751, 0.842944675836, 0.705531820284, 0.112614381743, 0.0438474236348, 0.25223387012, 0.882558822787, 0.931209103913, 0.351844552306, 0.8582520411, 493.574616754, 2.76451246663, 350.738724635, 3.99164698938e-05, 333.482033617, 313.648783451, 600.891560457, 892.508736146
0.453558995734, 0.874309936093, 0.00013987032181, 0.387584680311, 2.6547562465e-07, 0.0492541751227, 0.911361993977, 0.0875663075499, 0.804669372315, 0.925105690306, 0.114119792406, 0.0337619108762, 0.948104668131, 0.985577945324, 0.193166436194, 0.284737584444, 0.918091583525, 13.9420026389, 99.4869659018, 7.78789471854, 4.2017966432e-05, 70.2461025464, 0.0269867018735, 614.028763174, 540.90335203
0.0486724975416, 0.230166844173, 0.208815401589, 0.000138631907053, 0.518828801797, 0.947449252866, 0.871097179801, 0.254399653843, 0.727526809914, 0.838146024474, 0.0428883198819, 0.927450667435, 0.375382069745, 0.900814647322, 0.391422903147, 0.697922275645, 0.918216552182, 10.6985429674, 52.1134475768, 643.024013791, 684.562440836, 0.204851423137, 320.122750039, 375.780789441, 81.3815258186
0.000805938582273, 8.55956903543e-05, 0.00013987032181, 0.00245072240971, 0.42663044869, 0.406158685373, 0.208190380813, 0.962808046795, 0.321192589338, 0.000319196238171, 0.344229091483, 0.776480864234, 0.00917062511974, 0.863038984195, 0.0259863584696, 0.0780066456738, 0.614880602273, 644.983717159, 218.780962639, 504.971474482, 671.926421256, 4.16460772453, 0.237687658313, 0.145456442975, 1.36956687805
0.44554381162, 2.26024471033e-05, 0.184702771185, 0.0140508207684, 0.933432239582, 0.0125195370373, 0.208190380813, 0.898366919836, 0.156654028484, 0.208968492577, 0.344229091483, 0.776480864234, 0.482062092582, 0.272745940194, 0.0259863584696, 0.234673723229, 0.503924592979, 73.2126561759, 24.8340151378, 1.52054498824, 736.797986945, 16.3538154804, 221.236562117, 0.0274567403748, 651.193111829
0.343145972759, 0.000332177244549, 4.56434109819e-06, 0.320484719983, 0.52929628498, 0.00121910067832, 0.89702613788, 0.582149468196, 5.38551425766e-05, 0.336960839693, 0.344229091483, 0.441199257444, 0.482062092582, 0.985577945324, 0.976758855786, 0.351844552306, 0.483107449076, 91.2883841388, 559.445533963, 1.08548554511, 621.573613141, 463.304512378, 0.00688554813754, 0.501106855496, 574.388450963
0.474136603844, 0.227409688297, 7.73377137612e-05, 0.320484719983, 1.10737069514e-09, 0.444704229736, 0.902424711734, 0.73261150322, 0.842944675836, 0.705531820284, 0.112614381743, 0.0468156225666, 0.25223387012, 0.882558822787, 0.931209103913, 0.697922275645, 0.8582520411, 89.1109575153, 576.835279036, 490.169795619, 1.32580861003e-06, 419.778065039, 0.105707297392, 324.76216264, 856.221321434
5.61235041485e-06, 0.000375727591844, 0.539601979699, 3.5513728246e-06, 0.0751630508626, 0.0144538452818, 1.88921498203e-05, 0.62200623904, 0.232754204565, 0.0218996918228, 0.538766072364, 0.537324690694, 0.907911284673, 0.272745940194, 0.248177741627, 0.0776438385284, 0.979583788791, 812.831274749, 0.0241213529523, 18.4577311365, 96.4408813411, 0.00456733098314, 927.509310673, 0.730172129464, 0.0109067904
3.51731572934e-06, 0.0741956322611, 9.94790018745e-05, 0.00245072240971, 0.00256400897784, 0.254289731098, 0.0263245800507, 0.548848540109, 0.325644657452, 0.846793203596, 0.8580626747, 0.670657324803, 0.977146861055, 0.0279115823224, 0.440116066592, 0.272460535002, 0.197650237804, 1289.95778033, 53.370890932, 544.995979942, 5.64413047948, 5.39479498431, 0.21898447091, 164.071383784, 0.00779559866654
0.0839459860373, 0.29089911998, 0.849782494869, 0.599122964081, 0.933432239582, 4.63597037933e-05, 0.982307091822, 0.732957146384, 0.458795896958, 0.285319383247, 0.33877611314, 0.927450667435, 0.952481399927, 0.184815059811, 0.0259863584696, 0.571268183451, 0.925502961673, 0.476443596336, 17.1388058091, 0.00124855831957, 163.37199531, 225.443392601, 1160.13418069, 586.632536301, 176.348144385
5.59750493515e-05, 0.000458907178876, 0.496508882789, 0.000138631907053, 0.307355178806, 0.00424321200391, 0.783106080999, 0.582149468196, 0.380746984089, 0.111803469421, 0.943419987678, 0.986881012879, 0.965287930832, 0.985577945324, 0.540082443729, 0.0473717321973, 0.51286184607, 232.499645536, 655.814660078, 4.63778421452, 364.726538699, 0.171078172107, 777.048697784, 0.79653111586, 0.097156624583
0.418028118803, 0.265551399108, 0.000476269783578, 0.0125490718469, 0.552752045007, 1.36175245302e-07, 0.00517810873583, 0.234670610218, 0.215355669043, 0.0219314147153, 0.436424667064, 0.23998309251, 0.482062092582, 0.348620697204, 0.457447515929, 0.00440784158996, 0.387184692906, 553.19369593, 4.49964076717, 0.000118334023641, 653.426840909, 16.8788452729, 0.640637507753, 379.465081436, 721.894660832
0.204001057239, 5.43176779255e-06, 0.000476269783578, 0.00255138968351, 4.19673568675e-08, 0.765959765057, 0.994514827151, 0.341209119012, 0.660970997343, 0.111591803491, 0.987236450084, 0.670657324803, 0.952496804705, 0.251382927462, 0.445187376323, 0.0473717321973, 0.501907451222, 4.21329198013, 488.990717384, 1269.69582712, 8.96943054752e-05, 5.45296077636, 1.0179111025, 0.0116090868007, 451.565918742
0.351258977062, 0.000627847707769, 0.542436834641, 0.000898596210462, 0.191534141054, 0.000107213746724, 0.947771072304, 0.254399653843, 0.878122209161, 0.470208980751, 0.837770583225, 0.592924618204, 0.998307099808, 0.66649890497, 0.994349014663, 0.387095767621, 0.4991551842, 37.9162356595, 461.124632004, 0.0779205263183, 143.560627884, 0.683794768769, 553.749767629, 0.725608514485, 452.869915781
5.61235041485e-06, 0.000375727591844, 0.539601979699, 0.380749478057, 0.0751630508626, 0.0144538452818, 0.787517150446, 0.62200623904, 0.232754204565, 0.277006163146, 0.538766072364, 0.980663080402, 0.947787815474, 0.489370920889, 0.248177741627, 0.0776438385284, 0.673503331271, 223.17159898, 643.628826946, 15.4691580332, 80.8257105546, 467.505704021, 940.603796056, 0.740480627898, 0.011060771396
1.899416327e-06, 0.350910446609, 9.94790018745e-05, 0.524776888636, 1.33963790061e-09, 0.0031494584932, 0.00356567139793, 0.807485970575, 0.380746984089, 0.336960839693, 0.837770583225, 0.0130268365637, 0.0366610523394, 0.995653473812, 0.506940018204, 0.000645970526218, 0.834273844553, 528.860752823, 2.96215018898, 2.61641999959, 1.11291185463e-06, 571.732203549, 0.121702040304, 478.805368733, 0.00272773415241
0.204001057239, 0.00109068754669, 0.101282959508, 6.00431767575e-05, 1.10294096634e-08, 0.0778673494911, 0.994514827151, 0.968043012449, 0.660970997343, 0.111591803491, 0.630876751487, 0.131906037065, 0.952496804705, 0.985577945324, 0.844295290271, 0.00642330725778, 0.0454752041491, 11.3358291504, 1315.62570421, 161.732428676, 2.29655797189e-05, 0.125022681048, 212.690207557, 2.30009367903, 445.563571504
3.51731572934e-06, 0.493057770247, 0.103896726008, 0.00245072240971, 0.441556076099, 6.48193543579e-05, 1.12636299403e-05, 0.665013433354, 0.721903891206, 0.272655320653, 0.148549819546, 0.885501530385, 0.994566108087, 0.70685170623, 0.207503646509, 0.321592735079, 0.309780361024, 434.032954501, 0.00767928800535, 0.0441923691402, 360.853866363, 2.17289685952, 92.945377913, 559.710007784, 0.00442178103087
0.44554381162, 0.107203514609, 0.184702771185, 0.0455118617441, 0.0524353760062, 0.745820058728, 0.911361993977, 0.968043012449, 0.156654028484, 0.208968492577, 0.344229091483, 0.776480864234, 0.972647342887, 0.533807190604, 0.959016796223, 0.234673723229, 0.795143308526, 52.6765657616, 375.888015337, 899.589462664, 80.6025990053, 70.1586404796, 293.245124467, 174.264486532, 875.529189296
1.43828889021e-07, 0.265551399108, 0.000476269783578, 0.976012010909, 0.42663044869, 1.36175245302e-07, 0.0212306271052, 0.234670610218, 0.75310421906, 0.053239282442, 0.359520735053, 0.23998309251, 0.482062092582, 0.27668939856, 0.457447515929, 0.00440784158996, 0.744394366665, 41.2453870636, 1.37600219212, 8.82744403915e-06, 32.7050554364, 1396.79220237, 1.04571459099, 619.402029426, 0.0003454126199
3.15579296761e-06, 0.000799916609177, 0.201777818168, 0.599122964081, 7.83872939336e-08, 0.286966901355, 0.99990126507, 0.252147954726, 0.000341314542808, 0.630466108302, 0.0531293133419, 0.961526429803, 0.761354079032, 0.84762868542, 0.00237055646944, 0.640552644982, 0.446934162344, 0.123691374148, 797.533092641, 386.006691485, 0.000109098061414, 1215.9978803, 493.511724438, 1.98959613634, 0.0078492621301
9.34948101361e-06, 1.84911129741e-05, 7.24902655329e-05, 1.48783191901e-05, 0.00419084060198, 0.420199892413, 0.738073709898, 0.998023214544, 0.85728738387, 0.352949417219, 0.615632982648, 0.23998309251, 0.436395209065, 0.0973557291016, 0.129363118499, 0.188155320642, 0.934791303529, 379.141587005, 868.921578718, 735.849321049, 7.90034077473, 0.0280479865288, 0.136655624479, 0.0348586748632, 0.0176252516178
1.22682780116e-05, 5.43176779255e-06, 0.297676957121, 0.479680555677, 0.753543552653, 0.00104305238544, 0.169830032216, 0.522350515615, 0.851501456655, 0.464537941145, 0.943419987678, 0.0684934112684, 0.952481399927, 0.907248414802, 0.972217596093, 0.684250361521, 0.177679743064, 321.277043969, 87.7992646528, 0.545690373247, 816.905865712, 827.601013991, 610.783861758, 0.0115618201394, 0.0261137127408
5.59750493515e-05, 0.447143789616, 9.94790018745e-05, 0.0697230225596, 0.55470153915, 0.00424321200391, 0.441122187419, 0.582149468196, 0.851501456655, 0.464537941145, 0.943419987678, 0.25613019779, 0.764969680137, 0.985577945324, 0.972217596093, 0.684250361521, 0.045556246316, 553.993954514, 459.950924983, 4.7993277283, 855.800603043, 122.983126181, 0.175820416065, 952.288475396, 0.129607532946
2.94273672097e-09, 0.230166844173, 0.208815401589, 0.000138631907053, 0.0325385196397, 0.53992258021, 0.0102350874672, 0.211859828453, 0.417460078552, 0.224233108342, 0.496702208926, 0.982395299012, 0.666040279855, 0.613750733726, 0.391422903147, 0.387095767621, 0.939699449939, 417.314448593, 6.70984175105, 473.295465384, 32.281181037, 0.137595406515, 215.02130301, 252.405912987, 3.29845987148e-06
2.42160267394e-08, 0.265551399108, 0.528479253579, 0.435650179657, 2.6547562465e-07, 2.33720769405e-08, 0.625362301749, 0.269700502855, 0.433254711155, 0.996925652939, 0.0425427627424, 0.838572022426, 0.860108385936, 0.181840038244, 0.540082443729, 0.351844552306, 0.446934162344, 412.808724031, 618.573698375, 2.73021726483e-05, 0.00031011627065, 606.706202577, 1049.71269556, 630.280501714, 5.91774450094e-05
1.43828889021e-07, 0.265551399108, 0.000476269783578, 0.0125490718469, 0.42663044869, 1.36175245302e-07, 0.0212306271052, 0.234670610218, 0.75310421906, 0.0219314147153, 0.344229091483, 0.23998309251, 0.482062092582, 0.348620697204, 0.457447515929, 0.00440784158996, 0.744394366665, 1097.98337965, 36.6302184288, 0.000234993232695, 870.633296384, 27.6349859367, 1.04888742275, 621.281374372, 0.000346460645949
0.00034056937611, 0.772582518683, 0.542436834641, 3.03464857827e-05, 0.00419084060198, 0.0883099860243, 0.953107932522, 0.992204179787, 0.0155121904526, 0.260524168865, 0.504434082319, 0.0182847808133, 0.724124173926, 0.0536118494015, 0.129363118499, 0.0473717321973, 0.943324438038, 21.1919304829, 287.187046471, 40.204247235, 1.91409391041, 0.0138603322653, 332.366663591, 1183.16155906, 0.675600744653
0.474136603844, 0.481484771074, 6.62758486014e-06, 0.320484719983, 0.672132861402, 5.39088933837e-06, 0.968662632597, 0.819190274884, 0.983925142495, 0.285319383247, 0.139705287966, 0.0337619108762, 0.251084576132, 0.882558822787, 0.931209103913, 0.321592735079, 0.785054174501, 12.7072718917, 257.940159016, 0.00218688341695, 456.311131752, 288.769016054, 0.00623160312978, 564.740084816, 758.652464229
3.51731572934e-06, 0.29274532055, 0.103896726008, 0.00245072240971, 0.441556076099, 0.0596818371861, 0.850718414807, 0.234670610218, 0.324117965459, 0.0749631291425, 0.871611860174, 0.895486691136, 0.200802023394, 0.727290413018, 0.473964051374, 0.321592735079, 0.309780361024, 137.554229424, 575.816437759, 55.6637092808, 494.373372449, 2.97689022776, 127.336088693, 388.138725401, 0.00483196084066
0.394851247721, 0.448527363354, 0.00127327953441, 6.00431767575e-05, 0.131172586208, 0.951124030335, 0.906200528071, 0.999303249009, 0.84314420557, 0.00743859108191, 0.998506295544, 0.999786073275, 0.0937014238456, 0.246030724723, 0.457447515929, 0.0479231971717, 0.91282962529, 6.82220213475, 45.9669396549, 604.097558539, 126.636468865, 0.058379007751, 1.23799071018, 526.184331163, 580.266364526
0.112735528529, 0.52341801722, 5.00981123253e-06, 0.257271853333, 0.763778677939, 0.444704229736, 0.999819504083, 0.111283893202, 0.408110401447, 0.705531820284, 0.436424667064, 0.942491690855, 0.988497337982, 0.272745940194, 0.922241383641, 0.321592735079, 0.925502961673, 0.0441668170302, 155.77897099, 130.822446127, 522.837736969, 239.924944967, 0.004801651144, 656.794058409, 160.433974616
5.59750493515e-05, 0.300758900909, 0.44577350028, 1.58779173542e-06, 4.19673568675e-08, 0.00424321200391, 0.441122187419, 0.582149468196, 0.851501456655, 0.464537941145, 0.943419987678, 0.0684934112684, 0.968662543764, 0.985577945324, 0.972217596093, 0.780074926295, 0.191011887762, 662.675149011, 550.182985333, 5.74084823777, 5.67801020509e-05, 0.00214821669751, 725.803131763, 575.59596053, 0.111216893776
0.658082914434, 0.493057770247, 5.95305364173e-05, 0.524776888636, 0.172390913464, 0.722782756752, 0.580930422015, 0.00454205104258, 0.851501456655, 0.0396399081659, 0.0177524887259, 0.0684934112684, 0.554626643844, 0.715773080458, 0.810150431004, 0.9592307426, 0.429990701591, 79.7289177079, 103.096676194, 280.13495671, 85.7725802334, 346.636340937, 0.0441557911198, 462.01431599, 1109.42598792
5.85739639625e-06, 0.00160979974293, 0.496508882789, 0.634608995222, 2.6547562465e-07, 0.579101852576, 0.915508251833, 0.588754183618, 0.591339973606, 0.30375368645, 0.267628990646, 0.838572022426, 0.661266053385, 0.47786152031, 0.540082443729, 0.0972680090416, 0.990263180368, 27.8042350087, 208.265002869, 270.088118378, 0.00014269661273, 529.247330412, 623.361646, 2.24151907516, 0.00815597082994
4.0994730155e-07, 0.230166844173, 0.034759918892, 0.612246443863, 2.6547562465e-07, 0.0013049385697, 0.871097179801, 0.296114067484, 0.417460078552, 0.427348749477, 0.54531182162, 0.927450667435, 0.375382069745, 0.32169320274, 0.391422903147, 0.243260790594, 0.765807780887, 114.3733596, 557.121665806, 1.165801872, 0.00023716993589, 815.338282503, 54.3328562051, 376.499616831, 0.000685413796795
0.44554381162, 0.151284858052, 0.184702771185, 0.0455118617441, 0.0524353760062, 0.047272116781, 0.208190380813, 0.890198524224, 0.156654028484, 0.208968492577, 0.740104791373, 0.776480864234, 0.426870718103, 0.533807190604, 0.450977271156, 0.417665343179, 0.503924592979, 716.459322863, 243.025763562, 56.2813711201, 62.6277527845, 54.5128574745, 227.849763991, 192.914660846, 690.05122679
1.96017272849e-05, 5.53604601966e-05, 0.205980824783, 3.03464857827e-05, 0.00419084060198, 0.00338963930956, 0.521280757378, 0.154272629254, 0.878122209161, 0.260524168865, 0.504434082319, 0.310652780668, 0.907911284673, 0.540062377649, 0.129363118499, 0.028288721969, 0.943324438038, 791.673033303, 846.452257475, 6.17095351035, 7.62971394195, 0.055248266425, 388.663278583, 0.106304227811, 0.0376396164099
1.22682780116e-05, 5.43176779255e-06, 9.94790018745e-05, 0.461470226378, 0.753543552653, 0.00104305238544, 0.32009329896, 0.58701767813, 0.851501456655, 0.464537941145, 0.943419987678, 0.0684934112684, 0.952481399927, 0.907248414802, 0.972217596093, 0.387095767621, 0.177679743064, 318.886920601, 175.370431514, 0.596268637839, 892.622211553, 853.809434475, 0.201219900712, 0.0109870400767, 0.0248155052557
0.0175171370417, 4.52627269074e-05, 5.32070083858e-06, 3.5513728246e-06, 0.861781027973, 0.00424321200391, 0.580930422015, 0.582149468196, 0.215355669043, 0.336960839693, 0.700238417629, 0.0112782491447, 0.981010799009, 0.116753273043, 0.193166436194, 0.755665432378, 0.0107225860937, 98.5676093478, 127.456802328, 1.07394034825, 730.434333808, 0.00417267678463, 0.00625154439264, 0.0531813299898, 20.5869130958
5.59750493515e-05, 0.000476619248036, 9.94790018745e-05, 1.25821015773e-06, 0.307355178806, 0.00424321200391, 0.580930422015, 0.582149468196, 0.921549527788, 0.464537941145, 0.675720605415, 0.0684934112684, 0.977146861055, 0.985577945324, 0.972217596093, 0.920703113141, 0.990263180368, 550.911676306, 712.378448577, 6.00244118146, 472.046454642, 0.0020095645411, 0.158884010871, 0.761237957923, 0.0894012076284
5.23537204367e-07, 0.00178670041163, 4.0528134896e-05, 0.0455118617441, 0.729165521544, 0.99261569056, 0.999926353459, 0.636102921222, 0.760238664222, 0.0217366958872, 0.360147288068, 0.682055063641, 0.752156239302, 0.758396885391, 0.506940018204, 0.028288721969, 0.446934162344, 0.000799932975362, 6.91482776226, 596.117851719, 1315.74235025, 103.443445964, 0.0921944954286, 4.0644450074, 0.00119096125802
0.000805938582273, 8.55956903543e-05, 0.00013987032181, 0.205062592702, 0.42663044869, 0.406158685373, 0.928817983912, 0.487022675414, 0.025349418589, 0.0219314147153, 0.38859876876, 0.776480864234, 0.155966849892, 0.47786152031, 0.450977271156, 0.0769080752758, 0.66690997644, 75.266341461, 670.340553221, 500.132492657, 665.487563014, 357.583354858, 0.248171941168, 0.15187245339, 1.42997778302
4.47766562717e-08, 0.148039130536, 0.000476269783578, 0.154829780834, 0.00133432343552, 1.11796149338e-07, 0.994514827151, 0.115158125363, 0.75310421906, 0.0106689949696, 0.54531182162, 0.23998309251, 0.482062092582, 0.348620697204, 0.457447515929, 0.585693830995, 0.744394366665, 11.2148547642, 1301.58553036, 0.000228578592761, 2.72816390909, 322.958756243, 1.00331084973, 317.605075516, 9.6935686954e-05
5.61235041485e-06, 0.495050021366, 0.539601979699, 3.5513728246e-06, 0.307355178806, 0.745820058728, 4.40160919701e-05, 0.804547075751, 0.800501858289, 0.0568332376635, 0.837770583225, 0.1561711571, 0.972647342887, 0.98674284604, 0.248177741627, 0.19745422743, 0.988454924237, 175.409267599, 0.0121278521379, 415.733681699, 236.515825479, 0.00284197664086, 577.13351733, 757.942654728, 0.00952399618104
2.42160267394e-08, 0.265551399108, 0.496508882789, 0.97555661615, 2.11428818953e-07, 3.56508852439e-08, 0.625362301749, 0.269700502855, 0.433254711155, 0.996925652939, 0.0263604953803, 0.838572022426, 0.918498896209, 0.181840038244, 0.540082443729, 0.640552644982, 0.446934162344, 18.6181005031, 27.8983137091, 1.87826438266e-06, 1.11391124621e-05, 873.11577374, 864.22881534, 544.591388034, 5.11320385611e-05
0.167384179616, 5.59251483656e-05, 0.120744734965, 0.17092795975, 2.75951968498e-08, 0.765959765057, 4.65812939544e-05, 0.898366919836, 0.000341314542808, 0.00105467390566, 0.862909575523, 0.838572022426, 0.825281866335, 0.02581307831, 0.972217596093, 0.356736419884, 0.4991551842, 331.678816807, 0.0242688480037, 861.193401307, 4.00025568521e-05, 253.911528215, 183.746817613, 0.0856181241685, 262.328360164
0.516169797337, 0.0741956322611, 2.76374659257e-05, 0.577643519859, 0.000670155572111, 0.254289731098, 0.0263245800507, 0.582149468196, 0.325644657452, 0.810656139962, 0.8580626747, 0.670657324803, 0.537526331461, 0.985577945324, 0.440116066592, 0.142949681882, 0.208455477435, 452.509736995, 18.7222002046, 191.181441213, 0.51749169108, 628.94017995, 0.0346550768891, 93.4586679331, 845.621800824
4.03781275082e-09, 0.500152215944, 5.95305364173e-05, 0.0455118617441, 0.172390913464, 0.722782756752, 0.580930422015, 0.263118910345, 0.851501456655, 0.336960839693, 0.0177524887259, 0.0684934112684, 0.317600471181, 0.715773080458, 0.00543903229196, 0.988357309752, 0.975352196616, 193.463556086, 250.165813992, 679.75217107, 208.128604572, 55.719014435, 0.0729438390878, 780.434796012, 6.99864329811e-06
0.214696378011, 0.495050021366, 0.659958945633, 0.00255138968351, 0.669798595022, 0.00413578931225, 0.752467494175, 0.620793235017, 0.619191952584, 0.0750905602033, 0.959418040595, 0.993322510823, 0.519608330895, 0.985577945324, 0.402973158685, 0.319546602324, 0.045556246316, 58.8335075478, 143.608485543, 1.00822096453, 271.887633699, 1.2546750698, 529.287614853, 605.454319024, 302.59395046
0.613363566029, 0.227409688297, 0.000476269783578, 0.0148602926547, 0.42663044869, 1.36175245302e-07, 0.318189597594, 0.234670610218, 0.75310421906, 0.0219314147153, 0.344229091483, 0.23998309251, 0.482062092582, 0.348620697204, 0.457447515929, 0.0227346559691, 0.611586887887, 529.617866885, 289.201636313, 0.000129076703954, 478.220053238, 17.9758795157, 0.57617622797, 287.444584755, 1182.9024576
5.61235041485e-06, 0.000375727591844, 9.94790018745e-05, 3.5513728246e-06, 0.273729443284, 0.0144538452818, 0.88818055782, 0.62200623904, 0.232754204565, 0.0218996918228, 0.538766072364, 0.857968774655, 0.907911284673, 0.272745940194, 0.248177741627, 0.0776438385284, 0.979583788791, 201.299284201, 1134.2437826, 26.1588314466, 528.415586659, 0.0070715670068, 0.198084647262, 0.748156646517, 0.0111754302864
0.248495036041, 0.000397750723154, 0.192601275042, 0.75767146349, 4.19673568675e-08, 0.742696872729, 0.999926353459, 0.618266969677, 0.0115645366587, 0.506532684163, 0.301161656715, 0.0182847808133, 0.909602537365, 0.985577945324, 0.595232500488, 0.697922275645, 0.918216552182, 0.00578700699079, 50.0243868334, 116.956390566, 8.38566191752e-06, 317.882445919, 106.866097887, 0.224097617623, 147.577440153
3.15579296761e-06, 0.000799916609177, 0.00127327953441, 0.504312177791, 1.48344884709e-08, 0.951743886649, 0.999949773102, 0.460482965894, 0.000341314542808, 0.630466108302, 0.112614381743, 0.785270915631, 0.0955857809581, 0.84762868542, 0.00237055646944, 0.685856126769, 0.446934162344, 0.00389919012752, 49.4217562895, 650.74833266, 1.52073793727e-05, 661.523902917, 1.85858690801, 1.16762758747, 0.00460647004536
0.418028118803, 0.265551399108, 0.000476269783578, 0.853676336707, 0.843301032597, 1.36175245302e-07, 0.00517810873583, 0.234670610218, 0.215355669043, 0.0219314147153, 0.436424667064, 0.23998309251, 0.482062092582, 0.348620697204, 0.457447515929, 0.00440784158996, 0.387184692906, 47.5357770836, 0.386652852406, 1.01684090231e-05, 189.213489118, 833.806632112, 0.640637507753, 379.465081436, 721.894660832
0.96824294802, 0.813666734338, 0.44577350028, 3.5513728246e-06, 0.763778677939, 0.00424321200391, 0.441122187419, 0.582149468196, 0.851501456655, 0.664733609217, 0.0537852466408, 0.0684934112684, 0.952481399927, 0.985577945324, 0.972217596093, 0.684250361521, 0.353706081333, 4.53399513167, 3.76432854129, 0.0392786390142, 15.1463613786, 9.06638431751e-05, 13.6953187425, 70.5277997821, 1475.41545562
0.272919519756, 0.222436621273, 0.193037249632, 1.21862517771e-06, 8.42809648498e-05, 0.0125195370373, 0.621257521094, 0.998780495664, 0.101511038375, 0.111591803491, 0.648972977546, 0.983610444564, 0.554626643844, 0.0276904247048, 0.844295290271, 0.838196493156, 0.860487769142, 582.587150393, 860.904040263, 20.4451026353, 0.137644391577, 0.00199021121716, 325.292093045, 396.925408028, 529.930622758
5.59750493515e-05, 0.000458907178876, 0.080445973323, 3.5513728246e-06, 0.307355178806, 0.0442495645884, 0.00356567139793, 0.582149468196, 0.924550225596, 0.464537941145, 0.943419987678, 0.983610444564, 0.73713465622, 0.985577945324, 0.972217596093, 0.684250361521, 0.501242513337, 914.090506992, 5.11982285238, 63.6392527019, 480.301745034, 0.00577131080843, 131.432494864, 0.751760980826, 0.0916958018789
0.565810303377, 1.16818498341e-05, 0.539601979699, 2.88541445292e-07, 0.195409855541, 0.932504731887, 1.47895168334e-06, 0.599091232152, 0.000341314542808, 0.6856447168, 0.279835036219, 0.896637049686, 0.972647342887, 0.050243038861, 0.129363118499, 0.44160671262, 0.389334667945, 36.5760862339, 8.49710716722e-05, 343.694447, 109.554882408, 0.000164336763863, 410.750960586, 0.0100536564761, 674.728681219
0.44554381162, 0.124864575625, 0.184702771185, 0.496064024313, 0.933432239582, 0.745820058728, 0.911361993977, 0.962808046795, 0.156654028484, 0.925105690306, 0.312991660591, 0.797419041191, 0.0419169367983, 0.272745940194, 0.994349014663, 0.234673723229, 0.503924592979, 3.12299683581, 22.2849964789, 53.3332992539, 551.57494973, 547.788372696, 232.730698017, 161.640103769, 698.416133436
0.0640956242111, 0.000809269127996, 0.346119146294, 0.00413980684158, 0.401600929561, 0.000982004906628, 0.0059877707352, 0.839639221566, 0.000341314542808, 0.0568332376635, 0.855363817959, 0.956021047559, 0.0305435621173, 0.985577945324, 0.538093835061, 0.0776438385284, 0.516468999072, 955.791146624, 8.99002398922, 1.47440261605, 698.133669966, 7.69709320581, 715.464067573, 1.75819017197, 139.724412207
0.214696378011, 0.000375727591844, 0.399164225571, 0.524776888636, 0.468271914976, 0.00394108546003, 0.812347633025, 0.582149468196, 0.909046828529, 0.336960839693, 0.943482594124, 0.179603647023, 0.216979162711, 0.985577945324, 0.193166436194, 0.337602098772, 0.045556246316, 121.327925845, 399.620235242, 2.58544576562, 377.956280551, 608.915077138, 600.99680849, 0.604550149769, 359.169991105
3.51731572934e-06, 0.493057770247, 0.101282959508, 4.94169032661e-06, 1.10294096634e-08, 0.116122467514, 0.963381374013, 0.968043012449, 0.660970997343, 0.111591803491, 0.630876751487, 0.131906037065, 0.952496804705, 0.985577945324, 0.844295290271, 0.00642330725778, 0.0454752041491, 56.4394469436, 980.125050518, 181.088453036, 1.72956830627e-05, 0.00774927328781, 160.179819069, 989.264914765, 0.00781532002961
3.15579296761e-06, 0.316276947193, 0.201777818168, 0.599122964081, 0.294788479703, 0.286966901355, 0.99990126507, 0.252147954726, 0.000341314542808, 0.630466108302, 0.0531293133419, 0.961526429803, 0.773789653667, 0.84762868542, 0.642462256139, 0.433209658749, 0.701440229731, 0.0892225648157, 575.286260184, 278.439036573, 319.088044774, 980.379041257, 397.88601534, 692.136010213, 0.0071985817212
5.59750493515e-05, 0.265551399108, 0.44577350028, 3.5513728246e-06, 0.763778677939, 0.00424321200391, 0.441122187419, 0.269700502855, 0.851501456655, 0.464537941145, 0.981107577193, 0.0684934112684, 0.945901356363, 0.985577945324, 0.118609983725, 0.566554277586, 0.045556246316, 288.267055162, 239.33239268, 2.49729813787, 962.991107011, 0.00576432005832, 870.735210064, 598.787458448, 0.129953096653
5.59750493515e-05, 0.381941893011, 9.94790018745e-05, 0.0697230225596, 0.0325385196397, 0.00424321200391, 0.441122187419, 0.211859828453, 0.851501456655, 0.464537941145, 0.943419987678, 0.25613019779, 0.666040279855, 0.985577945324, 0.984473410347, 0.684250361521, 0.045556246316, 863.307109119, 716.756744633, 7.47895119266, 57.4017832903, 123.547569069, 0.176627360777, 773.224789709, 0.120413859209
0.175506046549, 0.0741956322611, 9.94790018745e-05, 0.326095558301, 0.718963044197, 0.39417026413, 8.02775542041e-07, 0.648323627101, 0.35403763385, 0.931934807706, 0.854284568362, 0.980663080402, 0.909602537365, 0.272745940194, 0.614987327448, 0.198005470221, 0.979583788791, 336.328459961, 0.000424109136205, 239.682277697, 873.960012431, 543.525228173, 0.173287331668, 129.833372115, 315.853336965
5.61235041485e-06, 0.000209626139154, 0.539601979699, 0.524776888636, 0.0751630508626, 0.0144538452818, 1.88921498203e-05, 0.62200623904, 0.232754204565, 0.261852059488, 0.538766072364, 0.670657324803, 0.939682657871, 0.985577945324, 0.248177741627, 0.0776438385284, 0.208455477435, 585.915019873, 0.0173874498109, 13.3049283924, 69.5177002447, 637.998645023, 984.56773106, 0.432439029309, 0.0115777517978
5.61235041485e-06, 0.360112423048, 0.528479253579, 1.93386983205e-06, 0.307355178806, 0.10624367315, 0.934503566506, 0.92822661609, 0.156654028484, 0.0568332376635, 0.363243357407, 0.994534540013, 0.863023896532, 0.968274832048, 0.55319114147, 0.00870819461718, 0.998040276388, 69.480632099, 672.961402911, 113.96563063, 359.61432616, 0.00235303428437, 847.206938636, 728.791645966, 0.0119873390187
2.91981772094e-10, 0.469020571968, 0.148789302999, 8.81615166468e-05, 0.999973968536, 0.275576446142, 0.922479670567, 0.971922581653, 0.727526809914, 0.169016975661, 0.344229091483, 0.0359830781844, 0.0546513127553, 0.931508362524, 0.125411633605, 0.0600373169226, 0.753270300614, 0.00548140730584, 0.0447922227856, 0.0208531061493, 1215.73546395, 0.168359651663, 289.428081793, 1133.64123203, 7.73862031553e-07
0.219331782794, 0.265551399108, 0.000476269783578, 0.369119444878, 0.341166752169, 5.79206221873e-08, 0.0212306271052, 0.234670610218, 0.818925266351, 0.053239282442, 0.344229091483, 0.23998309251, 0.992998304561, 0.348620697204, 0.457447515929, 0.00440784158996, 0.282762694314, 835.683302816, 27.8795312267, 7.6074020036e-05, 496.567333071, 636.878093831, 0.869670560048, 515.126894534, 456.258445979
0.235594621463, 0.527496385733, 0.358898362017, 0.985792615367, 0.52929628498, 0.00121910067832, 0.0035445421503, 0.582149468196, 0.633283131815, 0.336960839693, 0.344229091483, 0.280741746291, 0.482062092582, 0.985577945324, 0.193166436194, 0.234673723229, 0.395010287516, 7.63845819673, 0.0425294940442, 0.0146275778636, 8.37608245008, 507.875159255, 321.155897231, 655.299923859, 344.949413964
