5.86999336912, 1.0170158952, 0.775981821989, 1.21252690015, 3.75397885432, 1.00089146704, 4.13532797417, 1.14222884129, 1.10192533321, 4.26458486994, 1.64623391838, 1.03777791002, 2.27115009544, 1.273965174, 0.810106989576, 1.36138587569, 1.08232861738, 0.831232452131, 9.26431317845, 1.13023249011, 0.922473995221, 416.293642767, 0.994262968485, 2.60678452081, 1.10373191645, 3.87664843221, 0.967555093712, 11.2126094796, 6.4319017151, 39.0311394361
1.87611379591, 1.17469514747, 0.947423262491, 0.991133922076, 5.12615426321, 1.04888088515, 4.29413960246, 1.00742614787, 0.935116686174, 1.43632266493, 5.05648440182, 1.00897344734, 2.79219444419, 0.909684523467, 0.929150595344, 1.54613114956, 1.16191943972, 0.993830483723, 3.59953869308, 1.04215683659, 0.97978003407, 194.22958506, 1.12062539077, 4.66757404941, 1.12022031446, 4.90190682832, 1.14884528921, 13.833978342, 5.72396406373, 93.5890799536
5.74724810005, 1.04019121334, 1.23608189729, 0.889692113159, 4.51247671566, 1.07994988079, 2.94317619863, 1.14071386171, 0.96929892518, 4.02772690107, 5.59772021371, 1.07081598844, 1.06001891851, 0.94932431521, 1.00887575653, 1.3040278858, 1.08338970249, 0.859262413652, 8.77728586712, 0.915097653837, 0.886493088556, 391.771381465, 1.15853166451, 4.01949994984, 1.10119230908, 1.01032474465, 0.997264880847, 10.0624706473, 6.20859147344, 154.10898041
1.45942862621, 1.1837445754, 1.41151969665, 1.17396728725, 2.83695108654, 0.813521980119, 5.40491917402, 1.18168954593, 1.00423570262, 1.69344367009, 3.01081380472, 1.01512178661, 2.17965045985, 1.08834334024, 0.898210856496, 1.01200614885, 1.04111819314, 0.890103168202, 8.05879196146, 1.15812461526, 0.853026059785, 121.594372329, 1.11999357451, 5.16435445824, 1.19895221072, 4.31267895823, 1.11806523669, 21.220315094, 9.05765172389, 14.9384169493
1.41893040434, 1.42347198056, 1.46002498987, 0.814166718653, 3.78639541238, 1.08032622659, 1.14943150849, 1.01062960394, 1.13176460816, 3.91512574154, 3.11604610155, 1.09536746222, 2.16135737437, 1.06808423292, 0.953817935918, 1.15317998135, 1.15876278995, 0.91351196214, 8.39678023363, 0.989624055872, 0.802722043997, 64.8731278482, 0.850554663468, 3.47934233184, 1.1482861772, 5.19475124111, 1.1631623083, 17.3235098947, 6.34251366799, 131.160097328
5.74724810005, 1.04151298687, 1.55536518391, 0.93330322966, 2.11968442242, 0.915016704481, 5.95654258875, 0.913738733597, 0.946489518394, 1.67211772179, 5.38915295817, 0.934780853521, 2.63189550643, 1.01905845425, 0.83484316098, 1.1881554151, 1.01443254482, 1.05991030695, 9.49955133693, 1.08648194276, 0.965644828042, 271.456265349, 1.09690842731, 5.61791108222, 1.13567116314, 4.56939354049, 1.28663176392, 16.2475196715, 11.7069790061, 48.9484588912
3.16437196386, 1.30917454003, 0.947286673871, 0.83942736384, 3.64640331713, 1.14526719365, 5.97859253067, 0.988262401002, 1.10291194888, 3.37418198749, 5.94604382033, 1.11967839721, 2.44300365833, 1.23812365678, 1.03558668875, 1.4112633836, 1.1038366171, 0.984996460966, 3.8905880355, 1.04383102364, 0.856221859839, 291.427893018, 0.900731013208, 5.99850203071, 0.977507158011, 2.00687164458, 0.925701030059, 78.5866895715, 11.4510038533, 57.2890187188
5.77784866175, 1.39882619014, 1.61614740303, 0.801344162462, 6.89955977594, 1.13369139453, 5.95230254162, 1.25088677067, 1.01949949029, 5.88150279308, 6.61758912586, 0.837650991297, 3.93597216314, 1.00998195497, 0.828134445492, 1.57596208914, 1.03436605449, 0.927497637462, 8.68294770341, 1.09622556392, 0.829876471399, 176.338262352, 0.919526220551, 5.97716070039, 0.996827155689, 4.88049554084, 1.07836265496, 23.1055983703, 9.74556895551, 61.7164188411
1.45653606994, 1.24935241141, 1.50416009189, 1.05720442949, 6.40075295462, 1.12728056391, 2.16807552315, 1.10966496774, 1.00051386, 4.44158418235, 6.55102385961, 0.909689035225, 3.56158485193, 0.971524777213, 0.852509350155, 1.57596208914, 1.08940087652, 0.857232807481, 6.42172154565, 1.15331161191, 0.946977740227, 369.524693993, 0.907603856968, 1.43712337177, 1.19895221072, 4.31267895823, 1.10867114245, 23.5425917504, 9.66820050472, 64.3930781615
5.77784866175, 1.19864545249, 1.61614740303, 0.990274251662, 6.40075295462, 1.13369139453, 5.95230254162, 1.24837258921, 1.01949949029, 5.88150279308, 6.61758912586, 0.837650991297, 3.93597216314, 1.00998195497, 0.828134445492, 1.57596208914, 1.03436605449, 0.927497637462, 8.68294770341, 1.09622556392, 0.829876471399, 176.338262352, 0.919526220551, 5.97716070039, 0.996827155689, 4.88049554084, 1.07836265496, 38.0223396392, 9.46114802506, 117.305302154
5.74724810005, 1.15478400249, 1.55536518391, 0.93330322966, 2.11968442242, 0.915016704481, 5.64356947512, 0.913738733597, 0.946489518394, 1.67211772179, 5.38915295817, 0.934780853521, 2.63189550643, 1.01905845425, 0.83484316098, 1.1881554151, 1.01443254482, 1.05991030695, 6.9621181262, 1.08648194276, 0.965644828042, 271.456265349, 1.09690842731, 5.61791108222, 1.13567116314, 4.56939354049, 1.28663176392, 30.282945106, 10.7842598589, 69.5390793268
2.57492017096, 1.42394509118, 1.41151969665, 1.19477271946, 3.04420804805, 0.759119573984, 2.0080714453, 1.17378030309, 1.0253306841, 5.54663251494, 6.23470222882, 1.07150595823, 1.25435534358, 0.941935456838, 1.05477747559, 1.29008731715, 1.04508738953, 0.812032509096, 6.89361833473, 0.924418625187, 0.76202890954, 366.437487521, 1.16574492986, 2.10248627412, 1.11576877583, 4.86187042405, 0.927331225273, 56.5454655872, 12.9091898911, 86.8091146193
1.45942862621, 1.1837445754, 1.1954520166, 1.17396728725, 1.53518030875, 0.813521980119, 5.40491917402, 1.18168954593, 1.00423570262, 1.69344367009, 3.12472390865, 1.01512178661, 2.17965045985, 1.08834334024, 0.898210856496, 1.01200614885, 1.04111819314, 0.890103168202, 8.97753336856, 1.15812461526, 0.853026059785, 121.594372329, 1.16315026684, 5.16435445824, 1.19895221072, 4.31267895823, 1.11806523669, 70.899212785, 18.8503868495, 101.307947082
4.52993461903, 1.19864545249, 1.61614740303, 0.990274251662, 2.18560345248, 1.13369139453, 5.73435218659, 1.24837258921, 1.01949949029, 5.88150279308, 5.77515242876, 0.837650991297, 3.93597216314, 1.00998195497, 0.828134445492, 1.02879052377, 1.03436605449, 0.927497637462, 8.68294770341, 1.09622556392, 0.829876471399, 176.338262352, 0.919526220551, 5.97716070039, 0.996827155689, 4.88049554084, 1.07836265496, 101.585538287, 10.6610338897, 598.01730696
1.45653606994, 1.24935241141, 1.50416009189, 1.05720442949, 6.40075295462, 1.12728056391, 3.02274033165, 1.10966496774, 1.00051386, 4.44158418235, 6.55102385961, 0.909689035225, 3.56158485193, 0.971524777213, 0.852509350155, 1.57596208914, 1.08940087652, 0.857232807481, 6.42172154565, 1.15331161191, 0.922861211662, 369.524693993, 0.907603856968, 1.43712337177, 1.1019659605, 4.50773367835, 1.10867114245, 31.3065091704, 10.9065227222, 224.766513602
5.14611505768, 1.05406483327, 0.993745553628, 1.11908219626, 6.62033620318, 0.845616226698, 1.39454272097, 0.912627889561, 1.03232400503, 2.17006280645, 6.91784104931, 0.833433963611, 4.90572510047, 1.28007031896, 0.878512755401, 1.38710217973, 1.06741381204, 0.87858953272, 5.30038123369, 1.10979335523, 0.877973187792, 335.710023119, 0.962863833378, 5.56121482155, 1.10641270119, 4.10509959172, 0.880748394641, 105.588178761, 10.7861410679, 372.520910237
4.43616822744, 1.30783217357, 1.41454000375, 0.879662936853, 2.22475528639, 1.0727193678, 5.06599860556, 1.04227327822, 0.913751264768, 2.04027776865, 5.59116110899, 1.12657387608, 4.57585497932, 1.00736408766, 1.08276367661, 1.50396732397, 1.06840958469, 1.13756216254, 8.61991103265, 0.912471362853, 0.980638390867, 410.459251741, 0.890675946366, 5.74753171414, 0.996660538411, 1.19505014549, 0.979439652191, 40.1432214411, 11.7229231664, 224.176958824
4.43616822744, 1.30783217357, 1.41454000375, 0.879662936853, 2.22475528639, 1.0727193678, 5.06599860556, 1.04227327822, 0.913751264768, 2.04027776865, 5.59116110899, 1.12657387608, 3.69110043995, 1.00736408766, 1.08276367661, 1.50396732397, 1.03436605449, 1.13756216254, 8.61991103265, 0.912471362853, 0.980638390867, 410.459251741, 0.890675946366, 5.74753171414, 0.996660538411, 1.19505014549, 0.979439652191, 42.2737853074, 15.6383277568, 210.610439591
1.25537714267, 1.09470569826, 1.55536518391, 0.93330322966, 2.11968442242, 0.915016704481, 5.64356947512, 0.913738733597, 0.946489518394, 1.96723577487, 6.23676734584, 1.07772777119, 4.8001582186, 1.01905845425, 0.83484316098, 1.1881554151, 1.04086762536, 1.05991030695, 6.9621181262, 1.08648194276, 0.965644828042, 271.456265349, 1.09646538599, 5.61791108222, 1.13567116314, 4.56939354049, 1.13955869703, 151.890435889, 23.937215531, 122.067323481
2.47177177716, 1.11567537747, 1.68366201279, 0.936625869571, 3.19588399749, 0.823652739246, 5.27323118183, 0.90437922361, 1.06708032817, 3.52773406256, 7.28719197125, 0.895516955958, 4.06043593859, 1.10050699839, 0.861399239354, 1.42885051478, 1.0292790228, 1.18918286413, 4.83033462698, 1.15866642299, 0.868851405991, 64.8731278482, 1.15853166451, 3.47934233184, 1.10179642537, 3.13613723687, 0.876734456473, 104.214686921, 10.9524006682, 812.531477698
4.43616822744, 1.30783217357, 1.41454000375, 0.907645278835, 2.22475528639, 1.0727193678, 5.06599860556, 1.04227327822, 0.913751264768, 1.60365640112, 5.59116110899, 1.12657387608, 4.57585497932, 1.00736408766, 1.08276367661, 1.50396732397, 1.06840958469, 1.13756216254, 8.61991103265, 0.912471362853, 0.980638390867, 410.459251741, 0.890675946366, 5.74753171414, 0.996660538411, 1.19505014549, 0.979439652191, 207.020240782, 16.0097585399, 180.43911194
4.46331828756, 1.30783217357, 1.32138519147, 0.907645278835, 3.74880737059, 1.0727193678, 5.06599860556, 0.882851012656, 0.940447042443, 1.60365640112, 7.60928485333, 1.20012273194, 4.9819985951, 1.00736408766, 1.08276367661, 1.50396732397, 1.06840958469, 0.921212697649, 7.63918941601, 0.912471362853, 0.980638390867, 225.520779716, 0.890675946366, 5.74753171414, 0.996660538411, 1.19505014549, 0.979439652191, 545.820882159, 23.3983727801, 176.709245336
5.74724810005, 1.01479537573, 1.31341073076, 0.847634895545, 4.31202061118, 0.910715158624, 4.07978122776, 1.07803705063, 0.902126725877, 6.09058729145, 7.59467171457, 1.15422839197, 4.88922066703, 0.911473310464, 1.01706416728, 1.46134447925, 1.14802262407, 1.13756216254, 9.43768336066, 1.15682511788, 0.868851405991, 270.657443478, 1.00185654226, 4.08533763874, 1.12304829842, 3.90079380622, 1.21729584978, 55.2313601413, 17.1473328964, 1328.81049712
2.26408618625, 1.17415074101, 1.58488662113, 1.10792106191, 1.52453620965, 1.16257375191, 2.09884855348, 1.09537322481, 0.956482623306, 2.04027776865, 4.43378430212, 1.15451975114, 4.23146979411, 0.961178341171, 1.01706416728, 1.23879495572, 1.14174633071, 1.05476644264, 5.37308666951, 0.955377161403, 0.84908657882, 74.5602900579, 1.02620733694, 3.13238703745, 1.06855426202, 2.64269270676, 0.897456105774, 57.2166289333, 13.3940293946, 358.896458156
5.71708275621, 1.24830848253, 0.908945811824, 0.814964065492, 3.78283178575, 1.17704117607, 4.54544955493, 1.14222884129, 1.13587098233, 3.10050503507, 5.78296476457, 1.21455294244, 3.67807875252, 1.24515693066, 0.784335159294, 1.18767734891, 1.06544167544, 0.993830483723, 4.59489917985, 1.04830523967, 0.907792963633, 306.268295888, 1.11413163045, 1.64648314526, 1.02552954956, 1.90889690376, 0.927294332322, 90.0530638692, 12.4474389671, 369.710838296
2.80149074068, 1.02195389367, 1.05044131785, 0.951254896376, 5.03014548148, 1.0180094691, 4.44883680189, 0.941895881484, 1.12627463342, 4.56443748911, 5.43464681896, 1.0696844003, 2.57986268774, 0.846442215217, 0.914199107126, 1.25341071862, 1.0664697829, 1.1798104333, 3.58130932887, 0.974385124716, 0.856221859839, 47.963083303, 1.07074255516, 4.06161913723, 0.996660538411, 3.82646217548, 1.01021363553, 119.870801498, 11.4911246833, 1813.84425117
1.21925706308, 1.11567537747, 1.53257060463, 0.917734964721, 3.19588399749, 0.823652739246, 4.04355270637, 1.19144164958, 0.963530573244, 3.52773406256, 7.28719197125, 1.07081598844, 4.11271662716, 1.10050699839, 1.08573611931, 1.41140067318, 1.0292790228, 1.18918286413, 4.83033462698, 1.09493382826, 0.827737182628, 24.8960662154, 1.15853166451, 4.07257766463, 1.04797152104, 3.13613723687, 0.872623058858, 95.7428914518, 20.5197282988, 215.144526237
5.71708275621, 1.24830848253, 0.908945811824, 0.814964065492, 3.78283178575, 1.16850564462, 4.54544955493, 1.14222884129, 1.13587098233, 3.10050503507, 5.78296476457, 1.21455294244, 3.67807875252, 1.24979706239, 0.784335159294, 1.18767734891, 1.06544167544, 0.993830483723, 4.59489917985, 1.04830523967, 0.907792963633, 306.268295888, 1.11413163045, 1.64648314526, 1.02552954956, 1.90889690376, 0.927294332322, 138.892438992, 11.7573980935, 479.870491216
3.29516473106, 1.28140067724, 1.31102507421, 0.81931088287, 4.45135440797, 1.06043945881, 3.71467843497, 1.05848839857, 0.956879084436, 5.88540696691, 6.45735980862, 0.818504707229, 4.33564795681, 0.848134031999, 0.854953466681, 1.57979325022, 1.05702219274, 1.16436918201, 8.98619508137, 1.08979250703, 0.860203067491, 338.64842581, 1.14122208024, 1.79842363628, 1.11873204813, 5.21372433752, 1.17372179413, 145.548660842, 13.6396770943, 290.241703618
2.72653429664, 1.20942789669, 1.08012273461, 0.82801050665, 3.95467006052, 1.14526719365, 1.71984656634, 1.23882188953, 1.13539298348, 1.38033193426, 6.43977760971, 0.848668265443, 2.6941550777, 1.0117449784, 1.01499570381, 1.51735627193, 1.13105941067, 1.08773590106, 6.1566998651, 1.13036355442, 0.777556927818, 291.427893018, 1.03221945264, 5.10308469767, 0.974587042389, 5.03210203674, 0.876840448488, 211.567215314, 13.3398487477, 249.519992883
2.26408618625, 1.17415074101, 1.613456042, 1.10792106191, 4.51247671566, 1.16257375191, 2.09884855348, 1.14071386171, 0.956482623306, 1.24602751535, 4.43378430212, 1.18117484035, 4.06043593859, 0.961178341171, 0.803132427966, 1.60497674922, 1.14174633071, 1.05476644264, 5.37308666951, 0.955377161403, 0.837383787051, 74.5602900579, 1.02620733694, 3.13238703745, 1.06855426202, 2.64269270676, 0.968006036141, 149.51437331, 22.3655957772, 216.607307098
5.25773972282, 1.37945580586, 1.62829633516, 0.877496775509, 5.87622790746, 1.10100772383, 3.88562432295, 1.14966462821, 1.02676918079, 5.30309050684, 4.22970773475, 1.10062506734, 2.58777060445, 1.04845007458, 0.817325543785, 1.33070917358, 1.1514693872, 0.95384532086, 8.33299475213, 1.08761325732, 0.920879249029, 154.978329339, 1.17397063279, 2.41200039828, 1.04453025479, 1.22414944593, 1.27188143526, 62.9344850259, 18.0443914211, 678.116775312
5.71708275621, 1.24830848253, 0.908945811824, 0.810222895894, 3.78283178575, 1.17704117607, 4.54544955493, 1.14222884129, 1.13587098233, 3.10050503507, 7.17018260552, 1.21455294244, 3.67807875252, 1.24515693066, 0.784335159294, 1.18767734891, 1.07828977182, 0.993830483723, 4.59489917985, 1.04830523967, 0.907792963633, 306.268295888, 1.11413163045, 5.86411363566, 1.02552954956, 1.90889690376, 0.927294332322, 60.0349265615, 18.1786083257, 524.152088103
2.72653429664, 1.20942789669, 1.08012273461, 0.82801050665, 3.95467006052, 1.14526719365, 1.71984656634, 1.23882188953, 1.07771024837, 1.38033193426, 6.43977760971, 0.848668265443, 1.85512417495, 1.0117449784, 1.01499570381, 1.51735627193, 1.11841044232, 1.08773590106, 6.1566998651, 1.13036355442, 0.777556927818, 303.922843101, 1.03221945264, 5.10308469767, 0.974587042389, 5.03210203674, 0.876840448488, 59.4047986677, 17.432448864, 703.462776764
5.86999336912, 1.0170158952, 0.775981821989, 1.21252690015, 3.75397885432, 1.00089146704, 4.13532797417, 0.895865120388, 0.960945431434, 4.26458486994, 1.64623391838, 1.03777791002, 4.0087472693, 1.273965174, 0.79996611525, 1.36138587569, 1.08232861738, 0.831232452131, 9.26431317845, 1.13023249011, 0.922473995221, 225.520779716, 0.994262968485, 2.91325392722, 1.10373191645, 3.87664843221, 0.967555093712, 125.973538803, 15.8209683644, 266.101235757
4.46331828756, 1.30783217357, 1.41454000375, 0.907645278835, 3.74880737059, 1.0727193678, 5.06599860556, 0.882851012656, 0.969369920056, 1.60365640112, 7.60928485333, 1.12657387608, 4.9819985951, 1.00736408766, 1.08276367661, 1.50396732397, 1.06840958469, 0.921212697649, 7.63918941601, 0.912471362853, 0.980638390867, 410.459251741, 0.890675946366, 5.74753171414, 0.996660538411, 1.19505014549, 0.979439652191, 81.8144405907, 14.3030716192, 652.753842605
5.10655253414, 1.03807308048, 1.40160558359, 1.02237640544, 4.63414006332, 0.859515485469, 2.55704518638, 1.08616762275, 1.11268796871, 3.29509567474, 5.96251132256, 1.00897344734, 2.6251320641, 1.25545451453, 1.03190254388, 1.00608325038, 1.00146042231, 1.07007296386, 7.48133471842, 0.998220372543, 0.788445362488, 137.076315327, 1.03752084801, 4.66757404941, 0.992044539516, 1.96209189387, 1.24353356178, 137.757295933, 11.9481019494, 989.943236416
5.74724810005, 1.17415074101, 0.767864711877, 0.90125156298, 4.51247671566, 1.07994988079, 2.94317619863, 1.14071386171, 0.994319575924, 1.38777775834, 6.1901060819, 0.924663198728, 1.06001891851, 1.23655449166, 1.00470438093, 1.3040278858, 1.00491008636, 0.859262413652, 9.04040914457, 0.915097653837, 0.768614174844, 366.316922831, 0.845663313061, 4.01949994984, 1.10119230908, 4.00740801523, 1.00096215621, 132.637230691, 22.0909812584, 253.330991543
4.69417550338, 1.2338533746, 0.78203838869, 1.04943705109, 6.21686467109, 0.934121745409, 1.19312746694, 1.23319910166, 1.04148522222, 1.855869293, 3.37224143404, 0.912509562219, 1.75162086716, 1.23275897162, 1.08232543124, 1.49202428847, 1.10487794519, 1.15491235136, 5.12365721796, 1.13068899447, 0.867222098156, 87.9831971114, 0.921328595343, 4.50532582233, 1.06965955308, 1.35677395496, 1.06045643419, 159.362470008, 11.9471769945, 1067.52901508
5.32769419701, 1.30783217357, 1.41454000375, 0.907645278835, 2.22475528639, 1.0727193678, 5.06599860556, 0.882851012656, 0.969369920056, 1.60365640112, 5.59116110899, 1.21431796878, 4.4353370512, 1.00736408766, 1.07943306111, 1.50396732397, 1.06840958469, 0.921212697649, 9.14158412473, 0.961395536269, 0.980638390867, 410.459251741, 0.890675946366, 5.74753171414, 1.12389079844, 1.79467036506, 0.979439652191, 111.302559097, 12.7967865445, 1214.78021545
4.46331828756, 1.30783217357, 1.41454000375, 0.907645278835, 2.22475528639, 0.914287411888, 2.34475981491, 0.882851012656, 0.969369920056, 1.60365640112, 5.59116110899, 1.12657387608, 4.57585497932, 1.00736408766, 1.08276367661, 1.50396732397, 1.06840958469, 0.921212697649, 7.63918941601, 0.912471362853, 0.780146905337, 417.54440934, 0.890675946366, 5.74753171414, 0.990376139041, 1.19505014549, 0.979439652191, 136.662737879, 13.0167522962, 705.60190112
5.30453530203, 1.27741510391, 1.61207789423, 0.82516678072, 2.04883521268, 0.871728045497, 5.0209042233, 1.22343737998, 0.948811359138, 2.90331771326, 5.35217750262, 1.18363184245, 3.2192603309, 0.869371280211, 0.860069385454, 1.39401431591, 1.00231511884, 0.811007386527, 4.83033462698, 1.00889052454, 0.852778108921, 402.626735314, 1.00112450428, 2.31062402006, 1.17628540277, 4.00740801523, 1.06216057678, 113.02371843, 15.1404110204, 595.517934231
2.24096548199, 1.33347172728, 0.962063972723, 0.898173413967, 3.38604451034, 0.987555464622, 3.86117482744, 1.0017838654, 1.06224548479, 5.32861016419, 3.23559651614, 1.09366926706, 2.7856726038, 0.893104230148, 0.984847779277, 1.52588356643, 1.02354465415, 0.975896005413, 5.80611944353, 0.990431969078, 0.94838634963, 157.417437456, 0.906454641247, 5.86411363566, 0.959695697597, 5.06062858141, 1.05022991965, 77.1909560967, 19.2746102938, 933.445841074
1.05663968932, 1.09470569826, 1.48199324665, 0.929315472932, 2.11968442242, 0.915016704481, 5.77362159446, 0.913738733597, 1.02487534159, 1.96723577487, 7.22525382624, 1.07772777119, 1.59716273906, 1.01905845425, 0.83484316098, 1.1881554151, 1.02580147427, 1.05991030695, 9.4121895255, 1.08648194276, 0.954051339143, 386.968342377, 1.09646538599, 5.61791108222, 1.13567116314, 4.56939354049, 1.13955869703, 150.69373046, 14.0085870381, 381.111486571
5.86999336912, 1.01330562211, 0.775981821989, 1.21252690015, 3.75397885432, 1.00089146704, 4.13532797417, 1.14222884129, 0.919072296135, 4.26458486994, 1.64623391838, 0.819026560219, 2.27115009544, 1.273965174, 0.79996611525, 1.36138587569, 1.08278168551, 0.831232452131, 9.26431317845, 1.13023249011, 0.764115669992, 225.520779716, 1.13131969039, 2.91325392722, 1.10373191645, 3.87664843221, 0.967555093712, 260.084548381, 16.5552723145, 344.84199255
4.37544806073, 1.12283164905, 1.52746669333, 0.88707409878, 6.69163605205, 0.912182057754, 5.81681329515, 0.971996529761, 0.965057980858, 3.61967726446, 3.98130204495, 0.981657679722, 1.34800349984, 0.832913376624, 0.911248507463, 1.62542067208, 1.01209925544, 0.863843510757, 9.76141973368, 0.929467620568, 0.978538699139, 416.705070159, 1.18449349468, 5.88244934505, 1.07086651739, 3.48963723073, 1.07451086172, 114.705377663, 20.2380053436, 470.161246479
4.916310246, 1.1033748872, 0.774740347067, 1.21839937574, 6.97718323022, 0.887836907585, 3.75795657729, 0.998397557654, 0.921931308017, 3.53633418404, 4.61205021816, 0.95893510611, 3.38287491951, 1.03979898848, 0.985917075183, 1.13944369711, 1.05480764124, 0.97261242673, 3.87297677923, 1.16504217381, 0.97614217582, 133.66941298, 0.864693779917, 4.4735783326, 1.00884303276, 3.71146736639, 1.15301785486, 180.90672847, 23.6666425185, 325.006225568
2.47177177716, 1.11567537747, 1.53257060463, 0.936625869571, 3.19588399749, 0.823652739246, 5.27323118183, 0.90437922361, 1.06708032817, 3.52773406256, 7.28719197125, 1.07081598844, 4.11271662716, 1.10050699839, 0.861399239354, 1.42885051478, 1.0292790228, 1.18918286413, 4.83033462698, 1.09493382826, 0.877195845297, 64.8731278482, 1.15853166451, 3.47934233184, 1.04797152104, 3.13613723687, 0.876734456473, 166.376652363, 12.8756771298, 1517.89837922
1.87611379591, 1.17469514747, 1.46439886883, 0.991133922076, 3.69169911268, 1.13053601361, 4.29413960246, 1.00742614787, 0.935116686174, 1.35260347856, 4.59364754153, 1.10331917592, 1.75162086716, 0.909684523467, 1.04286775132, 1.54613114956, 1.16191943972, 0.867314548962, 3.84580815227, 1.04215683659, 0.97978003407, 194.22958506, 1.12062539077, 5.7920418488, 1.12022031446, 4.90190682832, 1.14884528921, 227.020293618, 26.4182621169, 259.340170892
5.07129973615, 1.02462030424, 1.0115894198, 0.951041566056, 4.31202061118, 1.06646788155, 4.07978122776, 1.07803705063, 0.92525204492, 5.98179782951, 7.27612486878, 1.15422839197, 4.06043593859, 0.992923400095, 0.803132427966, 1.46134447925, 1.1651295705, 1.13756216254, 9.59869662775, 1.15682511788, 0.868851405991, 270.657443478, 0.981531404844, 2.31062402006, 1.0177028879, 5.04085105928, 1.21729584978, 278.530803069, 14.896590899, 477.399646452
1.45942862621, 1.1837445754, 1.1954520166, 1.17396728725, 1.53739239387, 0.813521980119, 5.40491917402, 1.18168954593, 1.00423570262, 1.69344367009, 3.12472390865, 1.01512178661, 2.17965045985, 1.08834334024, 0.898210856496, 1.01200614885, 1.04111819314, 0.890103168202, 8.97753336856, 1.15812461526, 0.853026059785, 121.594372329, 1.16315026684, 5.16435445824, 1.19895221072, 4.31267895823, 1.11806523669, 146.612436839, 17.2672402606, 413.874513319
5.74724810005, 1.00991734219, 1.31341073076, 1.04867415897, 4.31202061118, 0.910715158624, 4.07978122776, 1.07803705063, 0.902126725877, 6.09058729145, 4.43378430212, 1.15451975114, 4.88922066703, 0.911473310464, 1.01706416728, 1.46134447925, 1.14802262407, 1.05476644264, 9.43768336066, 1.15682511788, 0.969519949194, 270.657443478, 1.0000461265, 4.08533763874, 1.12304829842, 3.90079380622, 1.21729584978, 165.937241619, 14.5576730028, 539.025948527
5.3221253828, 1.19174291411, 1.50825489817, 1.11793347461, 5.60303991561, 0.997112266256, 2.28307744205, 1.08748944199, 1.02151668762, 4.92879228971, 6.27589252191, 1.02207966637, 2.49539551216, 1.26692921377, 0.897666636108, 1.26434327352, 1.11773556308, 0.972177246445, 9.37806890997, 0.919280577356, 0.816400357115, 333.101421193, 0.866685139553, 3.47672783138, 1.20023966572, 2.31597581874, 0.896735554548, 98.6419144734, 20.5355292427, 667.866726186
1.41893040434, 1.42347198056, 1.46002498987, 0.814166718653, 3.78639541238, 1.08032622659, 1.26228594131, 1.01062960394, 1.13102607573, 3.91512574154, 3.11604610155, 1.09536746222, 2.16135737437, 1.05319631722, 0.953817935918, 1.08072885549, 1.15876278995, 0.964474091691, 8.39678023363, 0.989624055872, 0.802722043997, 64.8731278482, 0.850554663468, 3.47934233184, 1.1482861772, 5.19475124111, 1.1631623083, 128.61640212, 23.0851397743, 420.912919444
4.46331828756, 1.30783217357, 1.41454000375, 0.907645278835, 2.22475528639, 0.914287411888, 5.06599860556, 0.882851012656, 0.969369920056, 1.60365640112, 5.59116110899, 1.12657387608, 4.57585497932, 1.00736408766, 1.08276367661, 1.50396732397, 1.06840958469, 0.921212697649, 7.63918941601, 0.912471362853, 0.780146905337, 410.459251741, 0.890675946366, 5.74753171414, 0.990376139041, 1.19505014549, 0.979439652191, 254.474648255, 15.8114864268, 434.552149354
3.47313563371, 1.30388535576, 1.19152322813, 1.04073945225, 1.58845806932, 1.16850564462, 3.10118134292, 1.20941344062, 1.11666801073, 5.32861016419, 5.51025201452, 1.17809398696, 3.04474648105, 1.08775588567, 0.925996371977, 1.46118897928, 1.01113246483, 1.22529325287, 5.24552862362, 1.1244467479, 0.865906498332, 314.607919747, 1.12215268206, 5.22673518128, 1.16271682577, 1.92583221878, 0.896059925683, 89.347139427, 19.6651767837, 1347.35899542
5.74724810005, 1.04019121334, 1.23608189729, 0.889692113159, 4.51247671566, 1.07994988079, 2.94317619863, 1.14071386171, 0.96929892518, 1.38777775834, 5.59772021371, 1.10608988635, 1.06001891851, 0.94932431521, 1.00887575653, 1.3040278858, 1.00491008636, 0.859262413652, 8.77728586712, 0.915097653837, 0.886493088556, 391.771381465, 0.845663313061, 4.01949994984, 1.10119230908, 1.01032474465, 1.00096215621, 318.445096392, 15.3470461848, 514.325100539
1.25537714267, 1.29964429611, 1.55536518391, 0.93330322966, 2.11968442242, 0.915016704481, 5.64356947512, 1.00131690653, 0.946489518394, 1.96723577487, 4.69140821263, 1.07772777119, 4.8001582186, 1.01905845425, 0.83484316098, 1.19732475165, 1.04086762536, 1.05991030695, 6.9621181262, 1.08648194276, 0.965644828042, 271.456265349, 1.09646538599, 5.61791108222, 1.12691203686, 4.56939354049, 1.08615720371, 133.891765772, 22.004354869, 532.903214308
5.07129973615, 1.02462030424, 1.31341073076, 0.877260044099, 4.31202061118, 0.910715158624, 4.07978122776, 1.07803705063, 0.907313354693, 6.09058729145, 7.27612486878, 1.15422839197, 4.88922066703, 0.992923400095, 1.01706416728, 1.46134447925, 1.14802262407, 1.13756216254, 9.43768336066, 1.15682511788, 0.868851405991, 270.657443478, 1.00185654226, 4.08533763874, 1.12304829842, 3.90079380622, 1.21729584978, 114.480721451, 16.1020495364, 1281.2562222
4.52993461903, 1.19864545249, 1.61614740303, 0.990274251662, 2.18560345248, 1.13369139453, 5.85978989752, 1.24837258921, 0.924881018926, 5.88150279308, 5.23436442804, 0.837650991297, 3.93597216314, 1.17280630269, 0.828134445492, 1.12543624954, 1.0539240449, 0.927497637462, 9.99564561981, 0.980720494339, 0.829876471399, 176.338262352, 0.919526220551, 5.99017618361, 1.00080000622, 4.88049554084, 1.23410390456, 122.496249663, 15.6850764727, 1402.37818472
2.47177177716, 1.11567537747, 1.53257060463, 0.936625869571, 3.19588399749, 0.823652739246, 4.04355270637, 1.19144164958, 1.06708032817, 3.52773406256, 7.28719197125, 1.07081598844, 4.11271662716, 1.10050699839, 0.861399239354, 1.41140067318, 1.0292790228, 1.18918286413, 4.83033462698, 1.09493382826, 0.877195845297, 320.138839669, 1.15853166451, 4.07257766463, 1.04797152104, 3.13613723687, 0.876734456473, 312.610343849, 28.971670206, 338.569535552
5.32769419701, 1.30540699168, 1.07309168109, 0.907645278835, 2.22475528639, 1.14748817163, 5.06599860556, 1.19144164958, 0.969369920056, 1.60365640112, 5.59116110899, 0.840185772828, 4.4353370512, 0.851452522583, 1.08276367661, 1.11441076977, 1.10351293127, 0.869426317512, 8.01051518978, 0.926316205591, 0.980638390867, 410.459251741, 0.840857488842, 5.74753171414, 0.996660538411, 1.35677395496, 1.04577814857, 304.925115754, 17.1456159697, 409.167987827
4.69417550338, 1.2338533746, 0.78203838869, 1.04943705109, 6.21686467109, 0.934121745409, 1.19312746694, 1.23319910166, 1.04148522222, 1.855869293, 3.87769690616, 0.912509562219, 1.75162086716, 0.976656350571, 1.08232543124, 1.49202428847, 1.10487794519, 1.15491235136, 5.12365721796, 1.13068899447, 0.867222098156, 298.602528948, 0.921328595343, 4.50532582233, 1.06965955308, 1.35677395496, 1.06045643419, 160.600732535, 14.4178459141, 1131.76486291
2.80482971407, 1.1837445754, 1.1954520166, 1.17396728725, 1.53739239387, 0.813521980119, 5.40491917402, 1.18168954593, 1.00423570262, 1.69344367009, 3.12472390865, 1.01512178661, 2.17965045985, 1.08834334024, 0.898210856496, 1.01200614885, 1.04111819314, 0.890103168202, 8.97753336856, 1.15812461526, 0.853026059785, 121.594372329, 1.16315026684, 5.16435445824, 1.19895221072, 4.31267895823, 1.11806523669, 176.895513392, 17.9275862472, 615.32983792
5.32769419701, 1.30540699168, 1.16252767651, 0.907645278835, 2.22475528639, 1.14748817163, 5.06599860556, 1.19144164958, 0.969369920056, 1.60365640112, 5.59116110899, 0.840185772828, 4.4353370512, 1.00736408766, 1.08276367661, 1.11441076977, 1.06840958469, 0.872919371776, 7.63918941601, 0.926316205591, 0.980638390867, 410.459251741, 0.857486715813, 5.74753171414, 0.996660538411, 1.6781032653, 1.04577814857, 417.405589577, 18.5414686394, 436.501011496
2.80149074068, 1.24830848253, 0.908945811824, 0.814964065492, 3.78283178575, 1.17096480256, 4.54544955493, 1.14222884129, 1.13587098233, 3.10050503507, 5.78296476457, 1.21455294244, 3.67807875252, 1.24979706239, 0.811338216731, 1.18767734891, 1.06544167544, 0.993830483723, 4.59489917985, 1.04830523967, 0.907792963633, 306.268295888, 0.944538370634, 1.64648314526, 0.993382485348, 1.90889690376, 1.21459075626, 118.842017491, 21.2253202948, 766.536319991
4.52993461903, 1.19864545249, 1.61614740303, 1.06166337525, 2.18560345248, 1.17392918208, 5.73435218659, 1.24837258921, 1.01949949029, 5.88150279308, 3.10693494856, 0.837650991297, 3.93597216314, 1.00998195497, 0.828134445492, 1.02879052377, 1.03436605449, 0.927497637462, 8.68294770341, 1.09622556392, 0.829876471399, 176.338262352, 0.919526220551, 5.97716070039, 0.996827155689, 4.88049554084, 1.07836265496, 106.079833347, 22.2434681328, 957.982481356
2.09246357145, 1.36724160788, 1.48382584989, 1.13919365116, 6.69163605205, 0.829911333707, 3.52525112148, 1.25884074811, 0.935701370368, 3.65880373245, 2.01242955092, 0.961792713301, 1.28665474486, 0.965184416952, 0.883202974797, 1.15735629868, 1.06321680513, 1.06211246225, 4.49527833556, 1.17550237543, 0.818397085859, 20.4276004235, 1.0063824863, 3.12333353013, 1.06842531393, 2.71625569213, 1.18248053467, 112.243827465, 20.8177205803, 956.392212104
5.07129973615, 1.02462030424, 0.963205572935, 0.97630354825, 4.31202061118, 0.910715158624, 4.07978122776, 1.07803705063, 0.907313354693, 5.98179782951, 7.27612486878, 1.15422839197, 4.88922066703, 0.992923400095, 1.01706416728, 1.46134447925, 1.14802262407, 1.13756216254, 9.59869662775, 1.15682511788, 0.868851405991, 270.657443478, 0.981531404844, 4.08533763874, 1.0177028879, 3.90079380622, 1.21729584978, 326.207693184, 15.0176432346, 978.474013001
5.74724810005, 1.04019121334, 0.767864711877, 0.884474575234, 4.51247671566, 1.07994988079, 2.94317619863, 1.14071386171, 0.994319575924, 1.38777775834, 5.59772021371, 0.924663198728, 1.06001891851, 1.23655449166, 0.949965749596, 1.3040278858, 1.00491008636, 0.859262413652, 9.04040914457, 0.915097653837, 0.768614174844, 366.316922831, 0.845663313061, 4.01949994984, 1.10119230908, 4.00740801523, 1.00096215621, 226.486821888, 13.694032621, 2742.52170998
4.46331828756, 1.30783217357, 1.41454000375, 0.907645278835, 2.22475528639, 1.0727193678, 5.06599860556, 0.882851012656, 0.969369920056, 1.60365640112, 5.59116110899, 1.12657387608, 4.57585497932, 1.00736408766, 1.08276367661, 1.50396732397, 1.06840958469, 0.921212697649, 7.63918941601, 0.912471362853, 0.980638390867, 410.459251741, 0.890675946366, 5.74753171414, 0.996660538411, 1.19505014549, 0.979439652191, 253.092668262, 16.15550736, 621.705620859
5.30453530203, 1.27741510391, 1.61207789423, 0.82516678072, 2.04883521268, 0.871728045497, 5.0209042233, 1.22343737998, 1.0354569624, 2.90331771326, 5.35217750262, 1.18363184245, 4.23146979411, 0.869371280211, 0.860069385454, 1.39401431591, 1.00231511884, 0.81185272074, 9.88815333048, 0.951386672209, 0.852778108921, 244.539302395, 1.00112450428, 2.31062402006, 1.17628540277, 4.00740801523, 1.06216057678, 208.290230175, 15.7263542141, 864.415222163
2.47177177716, 1.11567537747, 1.68366201279, 0.936625869571, 1.99482842573, 0.814041120084, 5.27323118183, 0.90437922361, 1.06708032817, 3.52773406256, 7.28719197125, 0.895516955958, 4.90572510047, 1.10050699839, 0.861399239354, 1.42885051478, 1.0292790228, 1.18918286413, 4.83033462698, 1.15866642299, 0.919863250761, 52.8344514223, 1.15853166451, 1.87750382034, 1.10179642537, 3.13613723687, 0.876734456473, 328.839323893, 16.8906027923, 525.851360828
3.94893389277, 1.19373826256, 1.17772469457, 1.01444473122, 6.91229186365, 1.04578526385, 5.781656347, 0.82857178082, 0.936298649464, 5.32501009964, 5.05143530129, 1.10246743566, 2.91328164587, 0.823770492651, 0.921333789101, 1.0069911387, 1.14870080376, 0.961491590422, 6.41093841816, 1.16504217381, 0.780146905337, 56.9202185067, 1.17677912279, 3.25190210486, 1.01812354791, 2.63702695692, 1.26855516536, 129.616307618, 20.8919347451, 797.817843753
1.87611379591, 1.17469514747, 1.33856117785, 0.991133922076, 5.12615426321, 1.04888088515, 4.29413960246, 1.00742614787, 0.935116686174, 1.43632266493, 5.05648440182, 1.00897344734, 2.79219444419, 0.909684523467, 0.929150595344, 1.54613114956, 1.16191943972, 0.999807421066, 3.84580815227, 1.04215683659, 0.97978003407, 194.22958506, 1.12062539077, 4.66757404941, 1.12022031446, 4.90190682832, 1.14884528921, 184.422099318, 17.9120396901, 704.724597876
3.16437196386, 1.30917454003, 0.947286673871, 0.826508146226, 3.64640331713, 1.16517068981, 5.97859253067, 0.988262401002, 1.10291194888, 3.37418198749, 5.94604382033, 1.11967839721, 2.44300365833, 1.23812365678, 1.03558668875, 1.4112633836, 1.1038366171, 0.984996460966, 3.8905880355, 1.04383102364, 0.856221859839, 291.427893018, 0.900731013208, 5.99850203071, 0.977507158011, 2.00687164458, 0.925701030059, 204.732837925, 25.1212490231, 518.558730049
1.25537714267, 1.09470569826, 1.48199324665, 0.93330322966, 2.11968442242, 0.915016704481, 4.52256966562, 0.913738733597, 1.02487534159, 1.96723577487, 7.22525382624, 1.07772777119, 4.8001582186, 1.01905845425, 0.83484316098, 1.1881554151, 1.04086762536, 1.05991030695, 6.9621181262, 1.08648194276, 0.954051339143, 378.909253324, 1.09646538599, 5.61791108222, 1.13567116314, 4.56939354049, 1.13955869703, 150.820707447, 17.3791735094, 1126.85041972
5.25773972282, 1.37945580586, 1.62829633516, 0.877496775509, 5.87622790746, 1.10100772383, 5.77362159446, 1.14966462821, 1.02676918079, 5.30309050684, 4.22970773475, 1.10062506734, 1.59716273906, 1.04845007458, 0.817325543785, 1.33070917358, 1.10140245616, 1.03130680863, 8.33299475213, 1.08761325732, 0.920879249029, 138.118639365, 1.17397063279, 2.41200039828, 1.04453025479, 1.22414944593, 1.27188143526, 238.931281926, 14.3636214207, 2690.10963306
2.27279146862, 1.38162478458, 1.50676386246, 1.12375187743, 5.49971199436, 0.909607148512, 1.8509525748, 1.0011306847, 1.13088049037, 3.51259848817, 5.01351131759, 1.01975910854, 2.15648744809, 1.21876237984, 1.05848870107, 1.16457193595, 1.08952379985, 1.0515530681, 3.71131588429, 0.992615196617, 0.818814171762, 268.025485697, 1.11565738097, 1.5629615281, 1.1881221195, 1.51559439296, 1.27864997594, 255.365852867, 14.3152245658, 2610.94051955
3.94893389277, 1.26856244252, 1.70131533611, 1.01444473122, 6.91229186365, 0.84626599214, 4.10659756599, 0.82857178082, 0.936298649464, 5.32501009964, 5.05143530129, 1.10246743566, 4.2268325215, 0.82799029737, 0.921333789101, 1.0069911387, 1.09770023613, 0.961491590422, 6.41093841816, 0.941425538724, 0.780146905337, 30.9976737638, 1.17677912279, 3.25190210486, 1.01812354791, 2.63702695692, 1.22703418168, 430.367424772, 30.7733571617, 387.483443691
2.26408618625, 1.17415074101, 1.58488662113, 1.10792106191, 1.52453620965, 1.16257375191, 2.09884855348, 1.09537322481, 0.956482623306, 1.24602751535, 4.43378430212, 1.18117484035, 4.06043593859, 0.961178341171, 0.803132427966, 1.23879495572, 1.14174633071, 1.05476644264, 5.37308666951, 0.955377161403, 0.84908657882, 74.5602900579, 1.02620733694, 3.13238703745, 1.06855426202, 2.64269270676, 0.968006036141, 209.756367411, 15.3266665173, 1800.49841224
5.07129973615, 1.02462030424, 1.0115894198, 0.97630354825, 4.31202061118, 0.910715158624, 4.07978122776, 1.07803705063, 0.92525204492, 5.98179782951, 7.27612486878, 1.15422839197, 4.23146979411, 0.992923400095, 1.01706416728, 1.46134447925, 1.14802262407, 1.13756216254, 9.59869662775, 1.15682511788, 0.868851405991, 270.657443478, 0.981531404844, 2.31062402006, 1.0177028879, 5.04085105928, 1.21729584978, 329.706474963, 14.989655765, 1330.76472335
5.30453530203, 1.39874526926, 1.61207789423, 0.82516678072, 2.04883521268, 0.871728045497, 5.0209042233, 1.22343737998, 0.948811359138, 2.90331771326, 5.35217750262, 1.07067281585, 3.2192603309, 1.05905041216, 0.860069385454, 1.39401431591, 1.00231511884, 0.811007386527, 4.83033462698, 1.00889052454, 0.852778108921, 402.626735314, 1.00112450428, 2.31062402006, 1.19845586719, 4.00740801523, 1.06216057678, 224.037954788, 15.7307406417, 1204.85033483
5.71708275621, 1.28221105311, 0.908945811824, 0.898173413967, 3.78283178575, 1.17704117607, 4.54544955493, 1.14222884129, 1.13587098233, 5.32861016419, 5.78296476457, 1.21455294244, 3.67807875252, 1.24515693066, 0.784335159294, 1.18767734891, 1.06544167544, 0.993830483723, 3.31823398082, 1.07100742504, 0.907792963633, 306.268295888, 1.11413163045, 1.64648314526, 1.02552954956, 1.90889690376, 0.927294332322, 289.168881232, 14.6125402454, 2628.36758582
1.25537714267, 1.29964429611, 1.55536518391, 0.93330322966, 2.11968442242, 0.915016704481, 5.64356947512, 1.00131690653, 0.946489518394, 1.96723577487, 4.69140821263, 1.07772777119, 4.8001582186, 1.01905845425, 0.83484316098, 1.19732475165, 1.04086762536, 1.05991030695, 6.9621181262, 1.08648194276, 0.965644828042, 271.456265349, 1.09646538599, 5.61791108222, 1.13567116314, 4.56939354049, 1.08615720371, 405.264444609, 19.1677492215, 531.492377524
5.74724810005, 1.15478400249, 1.55536518391, 0.93330322966, 2.11968442242, 0.915016704481, 5.64356947512, 0.913738733597, 0.946489518394, 1.96723577487, 6.23676734584, 1.07772777119, 4.8001582186, 1.01905845425, 0.83484316098, 1.1881554151, 1.04086762536, 1.05991030695, 6.9621181262, 1.08648194276, 0.965644828042, 271.456265349, 1.09646538599, 5.61791108222, 1.13567116314, 4.56939354049, 1.27877217762, 325.877335817, 15.0551557328, 1831.09595546
4.52993461903, 1.19864545249, 1.61614740303, 0.990274251662, 2.18560345248, 1.16209625896, 5.73435218659, 1.24837258921, 1.01949949029, 5.88150279308, 6.91784104931, 0.837650991297, 3.93597216314, 1.00998195497, 0.828134445492, 1.02879052377, 1.03436605449, 0.927497637462, 8.68294770341, 1.09622556392, 0.829876471399, 176.338262352, 0.919526220551, 5.97716070039, 0.996827155689, 4.88049554084, 1.05922777673, 325.331055162, 15.4651085923, 1411.45983846
4.69417550338, 1.2338533746, 0.78203838869, 1.04943705109, 6.21686467109, 0.934121745409, 1.19312746694, 1.23319910166, 1.04148522222, 1.855869293, 3.37224143404, 0.912509562219, 1.75162086716, 0.976656350571, 1.08232543124, 1.49202428847, 1.10487794519, 1.15491235136, 5.12365721796, 1.13068899447, 0.867222098156, 87.9831971114, 0.921328595343, 4.50532582233, 1.06965955308, 1.35677395496, 1.06045643419, 191.975885415, 18.1480241266, 977.692033975
2.47177177716, 1.37945580586, 1.53257060463, 0.936625869571, 3.19588399749, 1.15895032774, 4.04355270637, 1.06229453253, 1.09688993073, 2.40588743544, 7.28719197125, 1.07081598844, 4.11271662716, 1.14293417827, 0.861399239354, 1.62542067208, 1.0292790228, 1.18918286413, 4.83033462698, 1.09493382826, 0.877195845297, 320.138839669, 1.15853166451, 4.07257766463, 1.04797152104, 3.13613723687, 0.876734456473, 322.126482347, 16.8583108044, 679.239462957
3.16437196386, 1.30917454003, 0.91343947516, 0.827753864781, 3.64640331713, 1.14526719365, 5.97859253067, 1.12290922612, 1.10291194888, 3.37418198749, 6.32233533043, 1.11967839721, 2.50150864514, 1.23812365678, 1.03558668875, 1.45245758536, 1.03643781694, 0.984996460966, 6.91111526375, 1.04383102364, 0.871677402503, 291.427893018, 0.900731013208, 5.99850203071, 1.12130201083, 2.00687164458, 1.22462669932, 407.079416508, 30.5971202875, 462.423278877
1.25537714267, 1.29964429611, 1.55536518391, 0.93330322966, 2.11968442242, 0.915016704481, 5.64356947512, 1.00131690653, 0.946489518394, 1.96723577487, 4.69140821263, 1.07772777119, 4.8001582186, 1.01905845425, 0.83484316098, 1.19732475165, 1.04086762536, 1.05991030695, 6.9621181262, 1.01079722891, 0.965644828042, 271.456265349, 1.09646538599, 5.61791108222, 1.12691203686, 1.01032474465, 1.08615720371, 281.842072889, 14.5992792425, 4134.31735537
5.30453530203, 1.27741510391, 1.61207789423, 0.82516678072, 2.04883521268, 0.871728045497, 5.0209042233, 1.22343737998, 0.948811359138, 2.90331771326, 5.35217750262, 1.07067281585, 3.2192603309, 0.869371280211, 0.860069385454, 1.39401431591, 1.00231511884, 0.811007386527, 4.83033462698, 1.00889052454, 0.852778108921, 402.626735314, 1.00112450428, 2.31062402006, 1.17628540277, 4.00740801523, 1.06216057678, 277.224379106, 17.2226878197, 975.754429183
2.47177177716, 1.11567537747, 1.68366201279, 0.936625869571, 1.99482842573, 0.814041120084, 5.27323118183, 0.90437922361, 1.06708032817, 3.52773406256, 7.28719197125, 0.895516955958, 4.90572510047, 1.10050699839, 0.861399239354, 1.42885051478, 1.0292790228, 1.18918286413, 4.83033462698, 1.15866642299, 0.919863250761, 52.8344514223, 1.15853166451, 1.87750382034, 1.10179642537, 3.13613723687, 0.876734456473, 450.738743776, 19.8480301971, 548.956364182
3.24890323792, 1.24935241141, 1.50416009189, 1.05720442949, 4.40960700985, 1.12728056391, 3.02274033165, 1.10966496774, 1.00051386, 4.44158418235, 6.55102385961, 0.909689035225, 2.10968853204, 0.971524777213, 0.852509350155, 1.57596208914, 1.08940087652, 0.857232807481, 6.42172154565, 1.15331161191, 0.922861211662, 369.524693993, 0.907603856968, 1.27398807278, 1.2178158893, 4.50773367835, 1.07867717377, 309.209011916, 14.6202165371, 5260.54221652
5.09533008253, 1.17261641826, 1.26058844988, 0.83687641109, 1.48505846073, 0.75660571241, 5.789768095, 1.17216416133, 0.960997495936, 5.45190672129, 3.27678828306, 0.907211551442, 2.66148288199, 0.982147781393, 0.960069515455, 1.15891609443, 1.00832829585, 1.02531903415, 7.15031530336, 0.924801333198, 0.890396284961, 83.2605779003, 0.998697481484, 1.22467948124, 1.00354464341, 3.62640288684, 1.07473242466, 435.513058758, 16.7611698849, 925.842752082
3.33526300608, 1.17415074101, 1.72374073847, 1.10792106191, 1.52453620965, 1.16257375191, 2.09884855348, 1.09537322481, 0.929700369595, 1.24602751535, 4.43378430212, 1.19545863947, 4.06043593859, 0.893104775241, 0.83484316098, 1.23879495572, 1.14174633071, 1.05476644264, 5.37308666951, 0.923851420247, 0.864987461815, 42.5940549806, 1.02620733694, 2.68839321063, 1.06855426202, 2.64269270676, 0.964114652653, 328.842279035, 29.1910663387, 480.523338836
5.36207556364, 1.24830848253, 0.908945811824, 0.810222895894, 3.78283178575, 1.17704117607, 4.54544955493, 1.14222884129, 1.13587098233, 3.10050503507, 7.17018260552, 1.21455294244, 3.67807875252, 1.27708334779, 0.784335159294, 1.18767734891, 1.11628055214, 0.993830483723, 4.59489917985, 1.04830523967, 0.907792963633, 306.268295888, 1.11413163045, 5.86411363566, 1.02552954956, 3.30375290864, 0.927294332322, 276.818724303, 17.1258696455, 1185.76642959
5.74724810005, 1.04019121334, 1.23608189729, 0.889692113159, 4.51247671566, 1.07994988079, 2.94317619863, 1.14071386171, 0.96929892518, 1.28870906038, 5.59772021371, 1.07081598844, 1.06001891851, 0.94932431521, 1.00887575653, 1.3040278858, 1.08338970249, 0.859262413652, 8.77728586712, 0.915097653837, 0.886493088556, 391.771381465, 1.15853166451, 4.01949994984, 1.10119230908, 1.01032474465, 0.997264880847, 247.319259971, 16.0467158029, 1567.05359902
2.26408618625, 1.17415074101, 1.58488662113, 1.21623821414, 1.52453620965, 1.16257375191, 2.09884855348, 1.09537322481, 0.969259280311, 1.24602751535, 5.69670875751, 1.15451975114, 4.56079701927, 0.961178341171, 1.01706416728, 1.23879495572, 1.1556051364, 1.05476644264, 5.20176329002, 0.955377161403, 0.84908657882, 74.5602900579, 1.02620733694, 3.13238703745, 1.06855426202, 2.64269270676, 0.897456105774, 322.563619389, 15.4507008963, 3100.35591683
2.9012200977, 1.0614598642, 1.12208528402, 1.11136372799, 4.61293467415, 0.923779229078, 3.54874734241, 0.932263887202, 0.995821082223, 4.02772690107, 1.80231684129, 1.00501804792, 1.22265677024, 1.11340994805, 0.934022505343, 1.39359875022, 1.08343990754, 0.849433597795, 3.65411721644, 1.10559966253, 0.883143027326, 125.473922576, 1.07076590859, 1.12193800632, 1.20633707189, 5.36465671483, 0.900124511728, 347.519019389, 23.4236955851, 543.309460283
