0.99990215103, 0.999999999662, 0.0946258268772, 5.98338164528e-05, 0.782041313158, 0.253201668608, 0.30371894212, 0.945780669943, 0.047969850302, 0.463783041416, 0.92188034882, 0.661047076397, 0.383133266925, 0.17065590457, 1.53891064036e-13, 1.44637193283e-17, 2.30440008049e-14, 0.000293474906686, 1.90939083589
0.999944808773, 2.00768717753e-05, 0.623382514357, 0.736890543593, 0.220516754391, 0.879296227954, 0.552817308598, 0.856290760758, 0.329933388543, 0.787437754902, 0.944924021462, 0.115281908263, 0.461359814025, 0.17065590457, 3.72659889838e-05, 8.49754727929e-05, 0.000138105931954, 5.24712235769e-09, 1.91917838762
6.55041465514e-10, 0.0553569561604, 0.588870514565, 0.496206352307, 0.463156061725, 0.12093302684, 0.616912933871, 0.508230959788, 0.532798315595, 0.690032586613, 0.616517083344, 0.786515478272, 0.357508809563, 0.478814510809, 0.559702777049, 0.553071622651, 1.04414148471, 0.113974783017, 1.35037003469e-09
6.56504480112e-07, 0.000368424863194, 0.996604477005, 5.98338164528e-05, 0.494170793171, 0.0100356363775, 0.479509472544, 0.858714557834, 0.968737244859, 0.282613520167, 0.92188034882, 0.661047076397, 0.0210235701522, 0.17065590457, 0.0116165361424, 1.0918003549e-06, 2.17794033819, 0.00126043662036, 2.24600024868e-06
0.289240063619, 0.999999999747, 2.42156646235e-06, 0.961360712585, 0.730283904175, 0.114554719064, 0.0710443699733, 0.56516232857, 0.384880490881, 0.209253186191, 0.549308021265, 0.786515478272, 0.897133292308, 0.54026558548, 3.75150908227e-11, 6.17338369698e-10, 2.35255596197e-15, 1.55583628567, 0.759894741573
0.000300640226129, 0.999999999747, 2.42156646235e-06, 0.952879675209, 0.107672491057, 0.137006851028, 0.0992626376166, 0.56516232857, 0.384880490881, 0.209253186191, 0.549308021265, 0.115281908263, 0.897133292308, 0.1113237209, 5.90137973489e-11, 7.95850161949e-10, 3.03555630993e-15, 2.00753084328, 0.000948045596049
7.35467509116e-09, 0.0177636761247, 0.0488955198512, 0.125568172684, 0.898690394542, 0.34081551488, 0.442223934389, 0.997762744432, 0.212474406831, 0.282613520167, 0.610546172018, 0.00338759848469, 0.541610454269, 0.048910053538, 1.98339800331, 0.396362907633, 0.155652929824, 0.0566188283, 2.34448727616e-08
0.189229178013, 0.0250071741067, 2.87478305316e-06, 0.996997264572, 0.0451096492221, 0.561361761142, 0.552817308598, 0.140252560842, 0.320631007449, 0.0665824156993, 0.549308021265, 0.115281908263, 0.85362271862, 0.0311916073601, 0.00927494535219, 1.96639695848, 8.87975488531e-06, 0.0772830002435, 0.602809115695
0.99990215103, 0.999999998684, 0.0946258268772, 0.999961395782, 0.471739819433, 0.12093302684, 0.479509472544, 0.945780669943, 0.332125950933, 0.282613520167, 0.886445749357, 0.716141182248, 0.897133292308, 0.234913763729, 3.5117516773e-17, 5.79120794347e-13, 8.67188754609e-14, 0.000283287815368, 1.84311212393
0.999944808773, 0.0177636761247, 0.0488955198512, 0.125568172684, 0.898690394542, 0.34081551488, 0.442223934389, 0.997762744432, 0.212474406831, 0.282613520167, 0.610546172018, 0.000768521724689, 0.541610454269, 0.048910053538, 0.000172170046803, 3.44065186332e-05, 1.35115454226e-05, 4.91483116453e-06, 2.03199348996
0.790048997066, 0.999999999946, 0.114935256472, 0.990410970532, 0.692162089634, 0.264324102881, 0.294529677509, 0.998965679806, 0.513670309731, 0.427261237999, 0.900866845347, 0.958911140674, 0.541610454269, 0.713826366816, 7.35012529081e-13, 4.87941061252e-11, 8.90726878083e-12, 0.585471795227, 1.71045274095
0.444220686714, 0.0139093133338, 0.996604477005, 0.990527036592, 0.240265690116, 0.559754388873, 0.968793070065, 0.858714557834, 0.296615057802, 0.282613520167, 0.964941734066, 0.661047076397, 0.0210235701522, 0.696719506901, 0.000122710850007, 0.00824603497728, 1.5461890144, 0.0337880743978, 1.29680877111
0.342921554413, 0.274675001261, 0.909493131198, 0.993364149648, 0.0139024007769, 0.0154352826063, 0.108362277277, 0.386455359367, 0.0413597973446, 0.421134243656, 0.866672602518, 0.0716276290889, 0.64911732839, 0.631049196163, 0.00254646689452, 0.24429008731, 1.7068218745, 0.793807983662, 1.13436547646
0.880671672416, 0.0553569561604, 0.0250868463079, 0.833442204334, 0.463156061725, 0.253201668608, 0.129457158948, 0.508230959788, 0.296615057802, 0.690032586613, 0.982991511876, 0.682915274464, 0.567109308408, 0.478814510809, 0.0743108179796, 0.277521580044, 0.0113272350974, 0.0250644954893, 1.52167748125
0.17385669754, 0.516827920286, 0.959155552805, 0.983967131089, 0.220516754391, 0.675398037844, 0.460686196012, 0.508230959788, 0.256040451664, 0.638154778909, 0.0108342484246, 0.670600076697, 0.300923213753, 0.137587311347, 0.00174225431112, 0.0691653530431, 1.07690395636, 1.13773664375, 0.439212769325
1.84397981329e-08, 0.0863237176766, 0.214999880006, 0.105276767992, 0.125566747418, 0.567339230881, 0.0271041432833, 0.547542259279, 0.212474406831, 0.442414600031, 0.443821296632, 0.410136244568, 0.0210235701522, 0.471262270943, 1.56580413605, 0.261320904596, 0.557476152911, 0.229550711379, 4.91854159481e-08
0.906321991345, 8.31980793325e-06, 0.623382514357, 0.733205325997, 0.337846270716, 0.335353448101, 0.337282326345, 0.714490697309, 0.289129212227, 0.282613520167, 0.797810156851, 0.248287947169, 0.461359814025, 0.17065590457, 0.0492305123856, 0.110513732234, 0.180072004793, 2.83512566568e-06, 1.46362933002
2.54940317079e-07, 0.000368424863194, 0.996604477005, 0.990527036592, 0.240265690116, 0.317031815586, 0.952295189483, 0.858714557834, 0.296615057802, 0.282613520167, 0.964941734066, 0.661047076397, 0.0210235701522, 0.696719506901, 0.000161346101988, 0.0108422816757, 2.03300336031, 0.00117655742892, 8.14146847026e-07
0.121993363146, 0.274675001261, 0.0488955198512, 0.519271067167, 0.551644048961, 0.317031815586, 0.694002957282, 0.288273007643, 0.411371329885, 0.597953612292, 0.254480166073, 0.487521154112, 0.457533377357, 0.514141568911, 0.730333278217, 0.775943599571, 0.0820035982479, 0.492033320918, 0.228261439953
0.425005702163, 0.516827920286, 0.358888440642, 0.380209395904, 0.9062248769, 0.588467343369, 0.392382852602, 0.508230959788, 0.615679905828, 0.333650985416, 0.616517083344, 0.881819809574, 0.482996498897, 0.583994230677, 0.52589502564, 0.357650813518, 0.40205377337, 0.793281309104, 0.861946379704
0.0204051636406, 0.516827920286, 0.27633871137, 0.795587818642, 0.337846270716, 0.567339230881, 0.405154570667, 0.438005542727, 0.300994713534, 0.597953612292, 0.616517083344, 0.716813944604, 0.54550449904, 0.507888963362, 0.227585526189, 0.684263110185, 0.334280413287, 0.838000957929, 0.0370328096388
0.121993363146, 0.46894008707, 0.114935256472, 0.519271067167, 0.551644048961, 0.264324102881, 0.694002957282, 0.288273007643, 0.513670309731, 0.427261237999, 0.996907991429, 0.487521154112, 0.555667700678, 0.514141568911, 0.684720695966, 0.727482448597, 0.182351402838, 0.920985919315, 0.265976826126
0.444220686714, 0.0177636761247, 1.32912207778e-05, 0.719389091412, 0.396052471589, 0.588467343369, 0.191569014356, 0.994999808273, 0.510282804962, 0.721859636996, 0.771840845973, 0.697785353827, 0.000335297990178, 0.0851928260713, 0.634926501371, 1.34593347564, 3.1069847496e-05, 0.0415355368306, 1.24832300315
0.00873227592529, 0.0477872655485, 0.0626458398748, 0.0150229080408, 0.786892244324, 0.627266453409, 0.508037642268, 0.476213732667, 0.338973634021, 0.251943149988, 0.616517083344, 0.487521154112, 0.0543444164557, 0.331447137539, 1.41591424362, 0.0334188469247, 0.139821828086, 0.107031796872, 0.0195777711704
0.342921554413, 0.138753429878, 0.493643509706, 0.574200160061, 0.417307095225, 0.525290632175, 0.392382852602, 0.508230959788, 0.136439722912, 0.357894611135, 0.65242273798, 0.716813944604, 0.541610454269, 0.344142856363, 0.470493437302, 0.595278252597, 0.743759523374, 0.23531259411, 0.650343709698
0.0874933376053, 0.0414706739204, 0.581071381273, 0.142382212376, 0.436571301053, 0.37046182769, 0.406253565454, 0.196087343973, 0.411371329885, 0.108352075487, 0.511032554321, 0.661047076397, 0.476752489306, 0.0851928260713, 0.873510137538, 0.19868750206, 1.15890847674, 0.0955535393324, 0.203017895985
0.342921554413, 0.0612002512824, 0.27633871137, 0.85769971384, 0.417307095225, 0.879615611243, 0.578632001369, 0.508230959788, 0.805342893598, 0.534633688164, 0.616517083344, 0.886839515251, 0.54550449904, 0.488681080753, 0.243499939365, 1.07116099488, 0.509213966442, 0.116755514742, 0.726927233533
7.35467509116e-09, 2.00768717753e-05, 0.675090180024, 0.736890543593, 0.220516754391, 0.879296227954, 0.552817308598, 0.141598090519, 0.329933388543, 0.787437754902, 0.944924021462, 0.115281908263, 0.461359814025, 0.181258514913, 0.37547770724, 0.856180033484, 1.66992910778, 6.03553902193e-05, 2.21097335335e-08
0.342921554413, 0.671937141139, 0.27633871137, 0.85769971384, 0.417307095225, 0.879615611243, 0.578632001369, 0.508230959788, 0.614846236321, 0.90045686991, 0.616517083344, 0.886839515251, 0.54550449904, 0.134324197218, 0.138653292954, 0.609938547056, 0.289955691363, 1.21730444092, 0.836045673934
0.0388745195616, 0.0863237176766, 0.38690383282, 0.846048494566, 0.337846270716, 0.469889240687, 0.0800094195112, 0.508230959788, 0.513670309731, 0.597953612292, 0.616517083344, 0.317720149949, 0.482996498897, 0.014222589863, 0.290962910135, 1.1796427653, 0.845116011639, 0.201924331104, 0.0913262238652
0.000300640226129, 0.00927141849874, 0.49779603924, 0.193052038326, 0.278934231032, 0.64226030416, 0.552817308598, 0.464565075443, 0.332125950933, 0.0407052624516, 0.995136095524, 0.315532974395, 0.541610454269, 0.0851928260713, 1.19527120679, 0.373995364708, 1.24377420275, 0.0257076301592, 0.000833639591667
0.279240924467, 0.185219095994, 0.0488955198512, 0.193052038326, 0.417307095225, 0.37046182769, 0.406253565454, 0.547542259279, 0.387503883743, 0.543562004125, 0.511032554321, 0.661047076397, 0.29761562873, 0.584524120617, 0.927098000982, 0.2900850895, 0.0747570020356, 0.291741006565, 0.47710028638
0.029182641087, 0.516827920286, 0.640249156451, 0.811799883159, 0.337846270716, 0.469889240687, 0.0800094195112, 0.508230959788, 0.256040451664, 0.597953612292, 0.0108342484246, 0.683963403833, 0.300923213753, 0.137587311347, 0.184132137836, 0.604607890572, 0.996773798518, 1.2443654898, 0.0786738134498
0.0388745195616, 0.0863237176766, 0.0946258268772, 0.811799883159, 0.371246688846, 0.469889240687, 0.0800094195112, 0.353567085681, 0.698149468712, 0.597953612292, 0.0108342484246, 0.683963403833, 0.300923213753, 0.0851928260713, 0.49837325229, 1.63643568323, 0.256155524164, 0.235992237374, 0.106734437515
0.000118766727677, 0.0139093133338, 0.0488955198512, 0.536720221608, 0.27125108769, 0.34081551488, 0.694002957282, 0.997762744432, 0.485641050663, 0.846732097911, 0.622982938735, 0.334968466499, 0.482996498897, 0.584524120617, 1.01664773881, 1.1412536877, 0.117620640226, 0.0334978044134, 0.00028604871499
7.35467509116e-09, 0.333468758315, 0.0946258268772, 0.632644921404, 0.281291747436, 0.567339230881, 0.694002957282, 0.573071008003, 0.615679905828, 0.344189157323, 0.549308021265, 0.00677442318178, 0.482996498897, 0.530598484523, 0.644689490912, 0.990388484475, 0.176955472157, 0.690219896475, 1.59419286746e-08
0.556217095368, 0.516827920286, 0.773649819967, 0.375899408348, 0.436571301053, 0.588467343369, 0.392382852602, 0.508230959788, 0.560892197019, 0.333650985416, 0.616517083344, 0.749910674064, 0.730059983086, 0.388755943899, 0.152820377397, 0.102423902097, 0.495432418615, 0.557191183015, 0.917150939947
0.444402749225, 0.000395881553712, 0.0488955198512, 0.990410970532, 0.50790711549, 0.34081551488, 0.405154570667, 0.64853154376, 0.25152922333, 0.597953612292, 0.900866845347, 0.958911140674, 0.54550449904, 0.134324197218, 0.0188086776886, 1.24862172943, 0.0961001897036, 0.000778838777681, 1.0507955269
0.0544930274653, 0.356406339315, 0.00393662617213, 0.846048494566, 0.876748829668, 0.37046182769, 0.462062535466, 0.320061085028, 0.468866525095, 0.543562004125, 0.616517083344, 0.935407439862, 0.971445698708, 0.75479808505, 0.340808154155, 1.38172894001, 0.00880028944256, 0.891939819051, 0.144119155942
7.35467509116e-09, 0.0553569561604, 0.545260121261, 0.719389091412, 0.700958823134, 0.0117829948132, 0.616912933871, 0.508230959788, 0.296615057802, 0.690032586613, 0.675804833347, 0.700023096308, 0.357508809563, 0.866775620931, 0.444301858259, 0.941842470002, 1.20107471524, 0.138578440662, 1.84346283836e-08
0.136405543974, 0.333468758315, 0.0946258268772, 0.632644921404, 0.281291747436, 0.567339230881, 0.694002957282, 0.573071008003, 0.615679905828, 0.597953612292, 0.549308021265, 0.00677442318178, 0.482996498897, 0.530598484523, 0.623244818978, 0.957444630982, 0.171069301991, 0.667260720855, 0.290292425897
6.56504480112e-07, 0.069869095902, 0.809380370778, 0.996411721761, 0.240265690116, 0.730949945443, 0.392382852602, 0.858714557834, 0.754814784413, 0.333650985416, 0.886445749357, 0.661047076397, 0.482996498897, 0.226731605631, 0.00265056832409, 0.470249579671, 1.52331725336, 0.175675176196, 1.65399872819e-06
0.342921554413, 0.254003110214, 0.393405934192, 0.00436772961456, 0.786892244324, 0.422480599537, 0.508037642268, 0.708261357707, 0.686776924021, 0.251943149988, 0.549308021265, 0.487521154112, 0.0973131914184, 0.331447137539, 0.916296505226, 0.00628663819601, 0.651350644498, 0.47397581139, 0.729120201686
0.247520124476, 0.138753429878, 0.4730512331, 0.0706100334039, 0.637885123399, 0.588467343369, 0.392382852602, 0.520346365464, 0.560892197019, 0.488005332944, 0.573450267097, 0.749910674064, 0.049138325925, 0.388755943899, 0.876908707445, 0.0976622420467, 0.81062303515, 0.265360907606, 0.502733461113
0.444402749225, 0.999999999741, 0.0488955198512, 0.990410970532, 0.692162089634, 0.253201668608, 0.215750658652, 0.916878118669, 0.411371329885, 0.597953612292, 0.900866845347, 0.958911140674, 0.541610454269, 0.134324197218, 8.78888490835e-12, 5.83453704492e-10, 4.49055229165e-11, 1.43764916841, 1.20617044158
0.4210203576, 0.516827920286, 0.27633871137, 0.966811719415, 0.237534423514, 0.525290632175, 0.405154570667, 0.508230959788, 0.411371329885, 0.534633688164, 0.616517083344, 0.984182068504, 0.54550449904, 0.507925683676, 0.0343474869429, 0.658258768428, 0.305556596414, 0.765993789401, 0.821632700441
6.56504480112e-07, 0.333468758315, 0.0946258268772, 0.993364149648, 0.302555197418, 0.730949945443, 0.406253565454, 0.858714557834, 0.815189616228, 0.463783041416, 0.400137363999, 0.938873270191, 0.897133292308, 0.833336905433, 0.0160838545879, 1.54297165615, 0.231060665195, 0.901258754344, 1.85813424056e-06
1.84397981329e-08, 0.0234893514224, 1.32912207778e-05, 7.88797081763e-05, 0.64582575988, 0.730949945443, 0.30371894212, 0.998149807204, 0.320631007449, 0.482363230061, 0.866672602518, 0.82029778144, 0.383133266925, 0.0311916073601, 1.86297656224, 0.000230830166922, 3.88948538217e-05, 0.0687694325343, 5.39981800504e-08
0.444402749225, 0.356406339315, 0.0243481006825, 0.632644921404, 0.417307095225, 0.0495653212106, 0.462062535466, 0.573071008003, 0.615679905828, 0.543562004125, 0.823879956067, 0.935407439862, 0.696757656155, 0.530598484523, 0.554136483348, 0.851278638278, 0.038867129407, 0.637064293069, 1.0064724086
0.000300640226129, 0.999999999747, 0.623382514357, 0.952879675209, 0.107672491057, 0.137006851028, 0.0992626376166, 0.56516232857, 0.384880490881, 0.209253186191, 0.549308021265, 0.115281908263, 0.958879801415, 0.434309907944, 3.13715325987e-11, 4.23071220983e-10, 6.31430308722e-10, 1.9136326123, 0.000903702663706
0.247520124476, 0.292326258983, 1.32912207778e-05, 0.239119807577, 0.436571301053, 0.588467343369, 0.992298615918, 0.508230959788, 0.615679905828, 0.257821476179, 0.616517083344, 0.749910674064, 0.632839169406, 0.388755943899, 1.10532266835, 0.435861384137, 2.48060725514e-05, 0.587464610672, 0.542981690353
0.564656023105, 0.0177636761247, 0.243702092634, 0.719389091412, 0.371246688846, 0.441419699966, 0.639627447654, 0.547542259279, 0.581974447395, 0.422488462606, 0.616517083344, 0.115281908263, 0.412676087605, 0.458929878802, 0.306269987792, 0.649238972169, 0.289058070909, 0.0215988530111, 0.949866158328
0.0800368271014, 0.516827920286, 0.0119687688273, 0.320159998829, 0.278385568119, 0.469889240687, 0.973557547004, 0.508230959788, 0.615679905828, 0.543562004125, 0.616517083344, 0.749910674064, 0.482996498897, 0.516173702894, 0.817128686568, 0.449487766779, 0.0175353680891, 0.983425429635, 0.171309409977
0.00902420272193, 0.999999999774, 1.32912207778e-05, 0.848089623171, 0.417307095225, 0.169513925626, 0.221716186746, 0.508230959788, 0.19898564258, 0.0922378024043, 0.616517083344, 0.0489699606556, 0.482996498897, 0.653474596461, 1.41947632742e-10, 5.83534693942e-10, 1.25381904955e-14, 1.69112642415, 0.0239736347971
6.56504480112e-07, 0.000177458845351, 0.982163997988, 0.990527036592, 0.240265690116, 0.730949945443, 0.392382852602, 0.858714557834, 0.754814784413, 0.282613520167, 0.886445749357, 0.661047076397, 0.0210235701522, 0.184686936692, 0.000782525144618, 0.0525848342892, 1.87662522552, 0.000523317862326, 1.9360011326e-06
0.00873227592529, 0.0477872655485, 0.0626458398748, 0.138983344726, 0.786892244324, 0.627266453409, 0.508037642268, 0.476213732667, 0.338973634021, 0.251943149988, 0.616517083344, 0.487521154112, 0.0543444164557, 0.331447137539, 1.38269090384, 0.30675043449, 0.139821828086, 0.107031796872, 0.0195777711704
6.56504480112e-07, 0.0177636761247, 1.32912207778e-05, 0.588856439034, 0.396052471589, 0.34081551488, 0.956725039532, 0.994999808273, 0.510282804962, 0.721859636996, 0.771840845973, 0.697785353827, 0.000107955239062, 0.0851928260713, 1.24780399501, 1.65571623035, 4.32851294735e-05, 0.0578654623165, 2.13885149851e-06
0.425005702163, 0.516827920286, 0.358888440642, 0.591065256542, 0.577441280636, 0.588467343369, 0.392382852602, 0.508230959788, 0.615679905828, 0.333650985416, 0.616517083344, 0.881819809574, 0.63468750623, 0.583994230677, 0.342375093196, 0.457593514354, 0.361286893553, 0.712845293, 0.774547959896
0.0388745195616, 0.516827920286, 0.38690383282, 0.846048494566, 0.337846270716, 0.469889240687, 0.0800094195112, 0.508230959788, 0.513670309731, 0.597953612292, 0.616517083344, 0.317720149949, 0.482996498897, 0.014222589863, 0.202087181316, 0.819316390836, 0.58697210788, 1.08376941498, 0.0913262238652
6.56504480112e-07, 0.000368424863194, 0.809380370778, 0.996411721761, 0.240265690116, 0.730949945443, 0.392382852602, 0.858714557834, 0.754814784413, 0.282613520167, 0.886445749357, 0.661047076397, 0.00983017182322, 0.102935006759, 0.00323612319418, 0.574135576131, 1.85984351012, 0.00112644936273, 2.00724535288e-06
0.215087667213, 0.0250071741067, 4.78216470023e-06, 0.952879675209, 0.704508834518, 0.561361761142, 0.552817308598, 0.140252560842, 0.982310987986, 0.0665824156993, 0.549308021265, 0.115281908263, 0.482996498897, 0.713826366816, 0.125118069264, 1.68732127332, 1.27096298553e-05, 0.066496141439, 0.594892522807
0.0388745195616, 0.0863237176766, 0.38690383282, 0.000151519052176, 0.337846270716, 0.469889240687, 0.0800094195112, 0.508230959788, 0.707961228138, 0.597953612292, 0.840945464066, 0.498393947722, 0.482996498897, 0.014222589863, 1.30633774056, 0.000310915665205, 0.908650339506, 0.21710464538, 0.0981919679406
0.000118766727677, 0.000368424863194, 0.0488955198512, 0.136655587282, 0.328544107775, 0.253201668608, 0.694002957282, 0.997762744432, 0.485641050663, 0.743192308552, 0.982991511876, 0.879108295329, 0.855662079126, 0.584524120617, 1.89544382478, 0.413239032629, 0.149292687799, 0.00112601847411, 0.000362987278684
0.264801082814, 0.179370824954, 0.218575013829, 0.535242377231, 0.870098669889, 0.601537964228, 0.392382852602, 0.196087343973, 0.614846236321, 0.215046692136, 0.657128251858, 0.47035406101, 0.321107983845, 0.713826366816, 0.799479421342, 0.893284288439, 0.4285662446, 0.368506809052, 0.585442424073
5.65803957131e-07, 0.0234893514224, 1.32912207778e-05, 7.88797081763e-05, 0.64582575988, 0.730949945443, 0.30371894212, 0.61752862678, 0.0849635470115, 0.482363230061, 0.811260854217, 0.82029778144, 0.552907687297, 0.0311916073601, 1.72039135685, 0.000213163295835, 3.59179882865e-05, 0.0635060793275, 1.5300611979e-06
6.56504480112e-07, 0.0177636761247, 1.32912207778e-05, 0.719389091412, 0.396052471589, 0.34081551488, 0.191569014356, 0.994999808273, 0.510282804962, 0.721859636996, 0.771840845973, 0.697785353827, 0.000107955239062, 0.0851928260713, 0.836159340755, 1.77251200771, 4.09170874795e-05, 0.0546997597662, 2.02183925368e-06
0.342921554413, 0.0612002512824, 0.227688077977, 0.591065256542, 0.417307095225, 0.879615611243, 0.578632001369, 0.508230959788, 0.805342893598, 0.534633688164, 0.616517083344, 0.377208524427, 0.54550449904, 0.488681080753, 0.614930807507, 0.821871552235, 0.383611486449, 0.105668085433, 0.657896196044
0.213932270658, 0.262352494531, 1.30576058854e-07, 0.964122912022, 0.371246688846, 0.469889240687, 0.215750658652, 0.56516232857, 0.384880490881, 0.992469613678, 0.426405189716, 0.165247223829, 0.482996498897, 0.1113237209, 0.0792799657204, 1.40529106091, 2.8869531218e-07, 0.615275838941, 0.536557745798
0.000118766727677, 0.216932092134, 0.0488955198512, 0.193052038326, 0.278934231032, 0.567339230881, 0.694002957282, 0.998939165878, 0.485641050663, 0.679815521618, 0.982991511876, 0.300251962066, 0.727541066462, 0.141451544549, 1.63767176735, 0.512420650999, 0.132054466212, 0.61026023499, 0.0003406618499
6.56504480112e-07, 0.292326258983, 0.809380370778, 0.996411721761, 0.240265690116, 0.730949945443, 0.392382852602, 0.858714557834, 0.754814784413, 0.333650985416, 0.896551386422, 0.384679936906, 0.482996498897, 0.226731605631, 0.00238334677282, 0.422840568925, 1.369741435, 0.708783266847, 1.64912639218e-06
0.342921554413, 0.138753429878, 0.393405934192, 0.00436772961456, 0.786892244324, 0.422480599537, 0.508037642268, 0.708261357707, 0.615679905828, 0.251943149988, 0.549308021265, 0.487521154112, 0.0973131914184, 0.331447137539, 0.956187573322, 0.00656032767419, 0.679707265708, 0.259824762399, 0.718089061443
0.189229178013, 0.0250071741067, 4.78216470023e-06, 0.99812721653, 0.704508834518, 0.561361761142, 0.552817308598, 0.140252560842, 0.982310987986, 0.0665824156993, 0.549308021265, 0.115281908263, 0.85362271862, 0.713826366816, 0.0053948693537, 1.83388557586, 1.37758536468e-05, 0.0720745704614, 0.562183247894
0.279240924467, 0.648315577364, 0.27633871137, 0.535242377231, 0.870098669889, 0.601537964228, 0.392382852602, 0.547542259279, 0.614846236321, 0.215046692136, 0.657128251858, 0.47035406101, 0.321107983845, 0.713826366816, 0.390582687315, 0.436410705018, 0.271492250487, 1.04719011088, 0.577084634099
7.35467509116e-09, 0.0553569561604, 0.545260121261, 0.496206352307, 0.463156061725, 0.253201668608, 0.616912933871, 0.508230959788, 0.296615057802, 0.690032586613, 0.675804833347, 0.700023096308, 0.357508809563, 0.478814510809, 0.578012734895, 0.571164650793, 0.937218302476, 0.10813503046, 1.43848429255e-08
0.088653388785, 0.226806438389, 0.843238314454, 0.115164503109, 0.384042827832, 0.567339230881, 0.406253565454, 0.552119294459, 0.364464648507, 0.360928611859, 0.732567226502, 0.596066318716, 0.541610454269, 0.524892695377, 0.252118387644, 0.0461123171957, 1.01973149978, 0.391292708769, 0.157249116908
7.35467509116e-09, 0.0553569561604, 0.210772667668, 0.496206352307, 0.463156061725, 0.253201668608, 0.616912933871, 0.483218082107, 0.271794377016, 0.949625343328, 0.675804833347, 0.700023096308, 0.357508809563, 0.478814510809, 0.953019036912, 0.941728014896, 0.460537781993, 0.123504576544, 1.64294024481e-08
0.211149720618, 0.226806438389, 1.04958325979e-05, 0.448203224511, 0.281291747436, 0.246742860828, 0.215750658652, 0.56516232857, 0.411371329885, 0.915247333605, 0.549308021265, 0.115281908263, 0.372925562646, 0.1113237209, 1.1448383782, 0.972209635638, 2.47623320829e-05, 0.558944687861, 0.551921586775
0.0789887638478, 0.516827920286, 0.640249156451, 0.811799883159, 0.337846270716, 0.675398037844, 0.460686196012, 0.508230959788, 0.256040451664, 0.597953612292, 0.0108342484246, 0.432513257177, 0.300923213753, 0.137587311347, 0.164342005248, 0.539625913723, 0.889642659629, 1.11062371979, 0.190907158757
0.189229178013, 0.999999998684, 2.87478305316e-06, 0.996997264572, 0.0451096492221, 0.561361761142, 0.569320317085, 0.140252560842, 0.320631007449, 0.0665824156993, 0.549308021265, 0.115281908263, 0.85362271862, 0.0311916073601, 1.9205611138e-11, 4.07181432274e-09, 1.83872910139e-14, 1.96986416005, 0.60339946154
0.342921554413, 0.0553569561604, 0.0250868463079, 0.574200160061, 0.463156061725, 0.253201668608, 0.616912933871, 0.281294093199, 0.296615057802, 0.690032586613, 0.675804833347, 0.700023096308, 0.567109308408, 0.72946858929, 0.704343984252, 0.891150912916, 0.0447845100977, 0.0990975416045, 0.681923589775
0.425005702163, 0.516827920286, 0.295244753316, 0.591065256542, 0.577441280636, 0.588467343369, 0.392382852602, 0.508230959788, 0.615679905828, 0.333650985416, 0.860970845398, 0.881819809574, 0.63468750623, 0.583994230677, 0.396066226061, 0.529353156529, 0.330661981367, 0.779352328164, 0.846811730045
0.213932270658, 0.226806438389, 1.32912207778e-05, 0.952879675209, 0.281291747436, 0.246742860828, 0.215750658652, 0.56516232857, 0.411371329885, 0.915247333605, 0.549308021265, 0.115281908263, 0.372925562646, 0.1113237209, 0.110899075172, 1.49556630654, 3.13098607301e-05, 0.558097977463, 0.558920884319
0.425005702163, 0.999999999741, 1.32912207778e-05, 0.318778932143, 0.27125108769, 0.569238362385, 0.221716186746, 0.56516232857, 0.19898564258, 0.915247333605, 0.549308021265, 0.115281908263, 0.482996498897, 0.1113237209, 4.77770312033e-10, 2.6146436069e-10, 1.1370796356e-14, 1.33789234728, 1.05472871385
0.880671672416, 0.0553569561604, 0.0250868463079, 0.496206352307, 0.463156061725, 0.253201668608, 0.616912933871, 0.508230959788, 0.296615057802, 0.690032586613, 0.675804833347, 0.700023096308, 0.567109308408, 0.478814510809, 0.162206913964, 0.160285145599, 0.00899088755133, 0.0198947102745, 1.20781735398
0.121993363146, 0.46894008707, 0.227688077977, 0.519271067167, 0.551644048961, 0.408121373013, 0.694002957282, 0.508230959788, 0.513670309731, 0.427261237999, 0.616517083344, 0.345731196312, 0.555667700678, 0.514141568911, 0.511201454877, 0.543126691381, 0.278747451923, 0.722111883087, 0.208542848205
0.0204051636406, 0.0177636761247, 0.71093263607, 0.892411774566, 0.371246688846, 0.567339230881, 0.711113041549, 0.560220197652, 0.110097073632, 0.597953612292, 0.616517083344, 0.938873270191, 0.348596629259, 0.232199574048, 0.112902410982, 0.661692526417, 1.37529903711, 0.0427131707355, 0.0490878674149
0.279240924467, 0.179370824954, 0.27633871137, 0.535242377231, 0.870098669889, 0.601537964228, 0.392382852602, 0.547542259279, 0.614846236321, 0.215046692136, 0.657128251858, 0.47035406101, 0.321107983845, 0.713826366816, 0.714968374693, 0.798857354918, 0.496971267228, 0.342039498756, 0.577084634099
0.556217095368, 0.516827920286, 0.809380370778, 0.375899408348, 0.436571301053, 0.588467343369, 0.392382852602, 0.508230959788, 0.560892197019, 0.964074834579, 0.616517083344, 0.749910674064, 0.730059983086, 0.388755943899, 0.14981194792, 0.100407580115, 0.584205598223, 0.644618027342, 1.06105776205
0.179150091625, 0.185219095994, 0.527093019045, 5.11119590918e-06, 0.417307095225, 0.37046182769, 0.406253565454, 0.547542259279, 0.411371329885, 0.465646898663, 0.511032554321, 0.661047076397, 0.29761562873, 0.0851928260713, 0.798494962058, 6.41083478837e-06, 0.869524791309, 0.353498092493, 0.356240558733
0.548577193457, 0.00192648253329, 0.49779603924, 0.193052038326, 0.281291747436, 0.264324102881, 0.694002957282, 0.0975160580077, 0.561149326789, 0.344189157323, 0.601607176589, 0.300251962066, 0.543935251084, 0.0851928260713, 0.685765135366, 0.214573044552, 0.713592847939, 0.00306450615594, 1.18035475761
0.247520124476, 0.138753429878, 0.0126901545059, 0.0706100334039, 0.436571301053, 0.588467343369, 0.392382852602, 0.508230959788, 0.560892197019, 0.488005332944, 0.616517083344, 0.749910674064, 0.049138325925, 0.388755943899, 1.18415074188, 0.131880109516, 0.0237535282518, 0.263929433254, 0.500021493997
0.899665557251, 0.516827920286, 0.573213644442, 0.795587818642, 0.337846270716, 0.567339230881, 0.405154570667, 0.438005542727, 0.300994713534, 0.597953612292, 0.616517083344, 0.716813944604, 0.12878277946, 0.507888963362, 0.0273485917412, 0.082226812739, 0.109289949841, 0.147051362285, 1.2753098434
