0.998043907468, 0.00214071885326, 0.0346093129984, 0.994241406194, 0.813151490569, 0.0793794362212, 0.230823276691, 0.389126532348, 0.947989184489, 0.137725327718, 0.634832903265, 0.0225686754097, 0.223208044745, 0.606140763311, 0.0298776273433, 3.30291911249, 0.17974495266, 0.0111234355024, 1076.58818591
0.0137977521293, 0.0104488592103, 0.90421099341, 0.990428372616, 0.894815042628, 0.774870040832, 0.509266015323, 0.733157053903, 0.558326988846, 0.388341236605, 0.999692826934, 0.489674759442, 0.669327620639, 0.783891929707, 1.69673180255, 112.843049254, 744.377942819, 12.3582241077, 16.3223631504
0.0480878785722, 0.00481178042454, 0.151548310733, 7.34543642633e-06, 0.38126822328, 0.321606886842, 0.760423952107, 0.208008076413, 0.207880623226, 0.247713716159, 0.70651539343, 0.779553762553, 0.422992484144, 0.303172048368, 741.221037475, 0.00855234512843, 179.859158251, 5.76507696014, 57.725293755
0.999371117254, 0.981162886279, 0.00485596953161, 0.0631105521839, 0.691594503177, 0.490399191512, 0.78094795708, 0.261532118989, 0.122114620802, 0.394840578466, 0.406162057628, 0.716267602683, 0.87784751386, 0.232112819819, 0.0203028651899, 0.00201931995903, 0.000155632074446, 0.689360634579, 698.147082695
0.00027169240512, 0.00214071885326, 0.66429356392, 0.964690740749, 0.672193743087, 0.774870040832, 0.986255528002, 0.996227005649, 0.196427087851, 0.325616115767, 0.991913159585, 0.482913346024, 0.317474873653, 0.112269999845, 17.4315511203, 313.965481104, 539.983087488, 2.10120960169, 0.266678550522
0.0247722963323, 0.00506625622884, 0.0346093129984, 0.866519482115, 0.38126822328, 0.321606886842, 0.838821612774, 0.514231949242, 0.785282192131, 0.21438805487, 0.657969502199, 0.779553762553, 0.108269749013, 0.393951315963, 160.347604604, 753.519496459, 41.9230095699, 6.14001931453, 30.0381175133
0.999371117254, 0.00839686479463, 0.151548310733, 0.425029931597, 0.38126822328, 0.0062828333014, 0.78719752347, 0.744949504203, 0.785282192131, 0.490359581602, 0.70651539343, 0.779553762553, 0.422992484144, 0.575677782031, 0.511218411885, 0.403051074789, 0.157965571665, 0.00883615388975, 678.186481109
0.0973218164757, 0.963967532979, 0.908043621275, 0.999999139837, 0.979548989465, 0.185137892794, 0.986255528002, 0.31331430145, 0.552530680484, 0.0907120700426, 0.416368722244, 0.958809557015, 0.10808133231, 0.30706366213, 8.3760844333e-06, 6.19926724757, 42.6190157764, 760.102045831, 117.300463565
0.973627607988, 0.963967532979, 0.993548081824, 0.00662913512661, 0.61012257031, 0.896395078635, 0.613317827843, 0.31331430145, 0.99826342718, 0.394840578466, 0.633480253249, 0.526297971384, 0.962057671844, 0.308738289163, 0.0146175137665, 0.000152217981135, 1.44235930323, 25.4576191304, 615.171014848
0.00550883960908, 0.927495441435, 0.00484218782551, 0.956499310466, 0.513536178626, 0.966209764979, 0.805610876127, 0.658467620663, 0.547676070428, 0.572873494447, 0.493259767708, 0.132514432542, 0.669327620639, 0.783891929707, 8.43448903999, 123.244090185, 0.939616546897, 1080.0023746, 9.4067209834
0.999371117254, 0.21824277512, 0.0190956406276, 0.0631105521839, 0.305061166802, 0.212575391697, 0.986255528002, 0.466912919517, 0.8058664364, 0.172301972341, 0.493259767708, 0.686353858063, 0.362488092849, 0.232112819819, 0.711378052074, 0.0707535554972, 0.0214497566522, 0.255263504544, 768.739831535
0.150575667169, 0.981162886279, 0.841074006698, 0.414408686519, 0.011285177691, 0.63428084407, 0.538547090668, 0.110864707138, 0.509037644493, 0.0851126993892, 0.592285073457, 0.716267602683, 0.669327620639, 0.636950882373, 4.88995820286, 3.72471585117, 24.1096399701, 840.630885791, 202.71048579
0.00550883960908, 0.927495441435, 0.00484218782551, 0.956499310466, 0.513536178626, 0.966209764979, 0.805610876127, 0.658467620663, 0.547676070428, 0.572873494447, 0.493259767708, 0.132514432542, 0.669327620639, 0.783891929707, 8.43448903999, 123.244090185, 0.939616546897, 1080.0023746, 9.4067209834
0.150575667169, 0.0143807280467, 0.908043621275, 0.00662913512661, 0.813151490569, 0.102532654003, 0.817196377857, 0.576133717932, 0.785282192131, 0.922484756501, 0.773144137729, 0.958809557015, 0.198177400726, 0.285426093379, 104.254429574, 1.08564281502, 716.772144784, 16.36448011, 174.630108502
0.150575667169, 0.046634269771, 0.908043621275, 0.00662913512661, 0.683573474464, 0.102532654003, 0.817196377857, 0.576133717932, 0.785282192131, 0.922484756501, 0.909936296138, 0.958809557015, 0.198177400726, 0.30706366213, 89.5330409916, 0.932343144139, 615.5593588, 45.6477359329, 150.336136016
0.0227063939408, 0.715158676353, 0.994948189073, 0.999989486483, 0.38126822328, 0.865783424046, 0.974214560792, 0.280836974349, 0.846833622137, 0.409399925925, 0.316190167446, 0.200397381499, 0.603088463525, 0.00787468561565, 4.27960846396e-05, 2.59141000773, 326.55779183, 680.511100664, 26.9334138448
0.0832102574244, 0.21824277512, 0.0190956406276, 0.0113287736886, 0.305061166802, 0.212575391697, 0.986255528002, 0.466912919517, 0.8058664364, 0.172301972341, 0.493259767708, 0.686353858063, 0.411855210963, 0.239905205184, 616.167854169, 10.9659853474, 18.4906504999, 220.048568589, 86.0555205544
0.000760900024034, 0.426073100151, 0.00484218782551, 0.865495249326, 0.691594503177, 0.896552139203, 0.613317827843, 0.497850336377, 0.954942863727, 0.572873494447, 0.493259767708, 0.868722915368, 0.470386803669, 0.00782112574464, 119.553646554, 557.410308532, 4.33621806178, 450.993727125, 0.868829627325
0.150575667169, 0.576842274326, 0.941220247119, 0.999998546521, 0.727257935597, 0.490399191512, 0.986255528002, 0.31331430145, 0.734390513706, 0.141494001751, 0.493259767708, 0.966476488793, 0.10808133231, 0.30706366213, 0.00010302385331, 45.1241729755, 487.332122654, 624.53107283, 191.250243708
0.0497135411091, 0.003116004791, 0.171590825836, 0.0159522951346, 0.461798829899, 0.302993842372, 0.841301253489, 0.229653573684, 0.998917895089, 0.790700961929, 0.49907696981, 0.331318599108, 0.609022196153, 0.30706366213, 706.885019759, 17.716696337, 195.343092501, 3.59068130994, 57.4036113373
0.000760900024034, 0.426073100151, 0.00484218782551, 0.425029931597, 0.691594503177, 0.896552139203, 0.613317827843, 0.497850336377, 0.954942863727, 0.572873494447, 0.493259767708, 0.868722915368, 0.951521216752, 0.00782112574464, 503.886963315, 397.270867822, 4.88061042363, 507.613928597, 0.977907216625
0.150575667169, 0.0215817922137, 0.582368447226, 0.00133033546897, 0.598009407669, 0.927619632922, 0.401617843216, 0.994034189445, 0.820543342422, 0.621123342228, 0.992839557358, 0.796828515776, 0.954236010775, 0.707065508699, 359.350703233, 0.75093125115, 466.84919843, 19.9797309781, 142.084324688
0.00550883960908, 0.273869950792, 0.0511949879164, 0.123634441689, 0.312487932598, 0.896552139203, 0.778962919969, 0.88781219235, 0.966497069548, 0.313901123922, 0.0741869473941, 0.958809557015, 0.199256879588, 0.707065508699, 659.84126966, 129.779844899, 54.1958693417, 309.573107328, 6.42345983843
0.150575667169, 0.199402280177, 0.000484488467254, 0.210435003741, 0.513536178626, 0.102532654003, 0.509266015323, 0.984617705817, 0.993181186062, 0.307703811506, 0.592285073457, 0.331318599108, 0.612053006514, 0.599204652602, 321.394813405, 110.283449892, 0.258591152551, 110.051809614, 86.0899602266
0.150575667169, 0.199402280177, 0.66429356392, 0.210435003741, 0.513536178626, 0.135979203976, 0.509266015323, 0.984617705817, 0.993181186062, 0.307703811506, 0.592285073457, 0.716267602683, 0.612053006514, 0.599204652602, 192.919420761, 66.1983902208, 350.249289864, 131.272011355, 102.689835597
0.372652915381, 0.731527471063, 0.00199300888644, 0.210435003741, 0.464201736378, 0.102532654003, 0.645606506761, 0.505417802115, 0.622446040968, 0.480492685606, 0.579277041619, 0.801397770284, 0.628916497886, 0.599204652602, 241.201545265, 82.7659234738, 0.798329192134, 568.412238116, 412.957108474
0.348497343637, 0.1865638519, 0.0482215661402, 0.995995675658, 0.0973331171254, 0.969031932337, 0.802689099608, 0.716259224968, 0.430465417408, 0.394840578466, 0.998399526682, 0.699735904787, 0.612053006514, 0.232112819819, 3.02035749533, 480.179370753, 36.4422328742, 145.309608685, 306.617292138
0.000760900024034, 0.426073100151, 0.00484218782551, 0.185947468963, 0.173426177624, 0.896552139203, 0.613317827843, 0.497850336377, 0.954942863727, 0.512754686444, 0.493259767708, 0.868722915368, 0.470386803669, 0.00782112574464, 560.838214323, 168.635935024, 4.45453884265, 463.299826404, 0.892537060504
0.150575667169, 0.576842274326, 0.941220247119, 0.999988107928, 0.979548989465, 0.490399191512, 0.986255528002, 0.31331430145, 0.788864034896, 0.0907120700426, 0.493259767708, 0.966476488793, 0.10808133231, 0.30706366213, 0.000513055480454, 27.465463967, 296.621566101, 380.129641143, 116.407156781
0.150575667169, 0.155427062, 0.00059229872307, 0.999808623235, 0.312487932598, 0.490399191512, 0.986255528002, 0.619886829783, 0.785282192131, 0.0901020613431, 0.389386113162, 0.253460461745, 0.443369391164, 0.30706366213, 0.197073352889, 655.569600576, 0.609929480264, 163.311400534, 162.844755436
0.0480878785722, 0.0080566393847, 0.151548310733, 7.34543642633e-06, 0.38126822328, 0.321606886842, 0.760423952107, 0.208008076413, 0.207880623226, 0.490359581602, 0.70651539343, 0.779553762553, 0.422992484144, 0.30706366213, 566.793658928, 0.00653976984285, 137.533913965, 7.38151310078, 44.1433990454
0.629811618047, 0.0696447482667, 0.257258710821, 0.999808623235, 0.39303020556, 0.102532654003, 0.210664274345, 0.404387900133, 0.596613308488, 0.697575165412, 0.572374606647, 0.34168550798, 0.215466828966, 0.783891929707, 0.0731100071857, 243.202327997, 104.002016505, 29.0524201012, 404.833506094
0.682907034298, 0.454821108311, 0.00199300888644, 0.879814048484, 0.0791485579178, 0.400968911916, 0.509266015323, 0.929919642771, 0.965719923817, 0.891848472784, 0.579277041619, 0.793237330814, 0.486100127618, 0.599204652602, 40.1590210815, 210.187391946, 0.669919937374, 185.586114277, 520.861182082
0.0832102574244, 0.21824277512, 0.0190956406276, 0.0159522951346, 0.305061166802, 0.212575391697, 0.986255528002, 0.466912919517, 0.8058664364, 0.697575165412, 0.493259767708, 0.686353858063, 0.411855210963, 0.239905205184, 501.726881839, 12.5748071626, 15.0587219877, 179.20679525, 70.0833191099
0.0480878785722, 0.00506625622884, 0.0346093129984, 0.999993992409, 0.38126822328, 0.321606886842, 0.760423952107, 0.514231949242, 0.785282192131, 0.21438805487, 0.70651539343, 0.779553762553, 0.108269749013, 0.393951315963, 0.00556902468808, 590.145242167, 32.1144070903, 4.70345716665, 44.7298390045
0.150575667169, 0.0215817922137, 0.433817098532, 0.00133033546897, 0.598009407669, 0.927619632922, 0.401617843216, 0.994034189445, 0.820543342422, 0.621123342228, 0.992839557358, 0.796828515776, 0.954236010775, 0.707065508699, 457.562085885, 0.956162507937, 371.103340325, 19.9797309781, 142.084324688
0.475088894037, 0.0104936641843, 0.0482215661402, 0.995995675658, 0.543199512928, 0.927619632922, 0.802689099608, 0.490222078695, 0.430465417408, 0.394840578466, 0.998399526682, 0.402674697069, 0.612053006514, 0.232112819819, 3.23641416, 514.528269336, 39.0490723957, 8.50650734025, 477.200661608
0.195412341098, 0.0215817922137, 0.00199300888644, 0.879814048484, 0.0261952736322, 0.102532654003, 0.0706766338531, 0.950880466376, 0.622446040968, 0.99189894208, 0.579277041619, 0.890136391905, 0.486100127618, 0.599204652602, 139.5738062, 730.51218678, 2.32832556647, 25.2225565186, 235.876449954
0.0127486984871, 0.199402280177, 0.000484488467254, 0.643623557344, 0.513536178626, 0.102532654003, 0.509266015323, 0.984617705817, 0.993181186062, 0.307703811506, 0.592285073457, 0.348194460173, 0.612053006514, 0.777019951928, 263.373322557, 420.27855167, 0.377459688093, 160.64015076, 10.4417305593
0.372652915381, 0.454821108311, 0.00199300888644, 0.879814048484, 0.0791485579178, 0.102532654003, 0.509266015323, 0.929919642771, 0.219914018874, 0.891848472784, 0.498558459837, 0.801397770284, 0.486100127618, 0.599204652602, 50.4343475058, 263.967190466, 0.841329644316, 233.071283304, 235.800104164
0.187057016606, 0.00276163365545, 0.509054323043, 0.106230869452, 0.461798829899, 0.400968911916, 0.640039627993, 0.575607130797, 0.197155162544, 0.790700961929, 0.70651539343, 0.717136188412, 0.609022196153, 0.30706366213, 389.240882418, 65.5611221599, 406.114289101, 2.45675705337, 171.367263698
0.300808080129, 0.316870545277, 0.232039327509, 7.34543642633e-06, 0.727257935597, 0.513991582313, 0.892689453002, 0.198675289454, 0.207880623226, 0.404877992303, 0.720238140195, 0.0916093926426, 0.91557071573, 0.30706366213, 291.177805653, 0.00335966326073, 111.094151587, 169.342008213, 181.289714585
0.121607361121, 0.632111645811, 0.0511949879164, 4.73565313241e-05, 0.312487932598, 0.490399191512, 0.509266015323, 0.571578933759, 0.785282192131, 0.313901123922, 0.0386615737461, 0.958809557015, 0.199256879588, 0.707065508699, 375.877981182, 0.0279606103916, 30.2922686888, 578.245514691, 133.496756359
0.165065452364, 0.0104488592103, 0.66429356392, 0.990428372616, 0.894815042628, 0.774870040832, 0.509266015323, 0.733157053903, 0.0997462460477, 0.388341236605, 0.999692826934, 0.487012312956, 0.669327620639, 0.115740067211, 4.37374725565, 290.880960828, 499.567647815, 9.48921160788, 153.364501083
0.372652915381, 0.116401780099, 0.000132095752447, 0.675493340365, 0.468708443717, 0.102532654003, 0.509266015323, 0.389126532348, 0.903362496004, 0.327276201084, 0.579277041619, 0.801397770284, 0.486100127618, 0.602610915223, 181.68410343, 325.010837951, 0.0772600216043, 68.8499215293, 250.996475229
0.0438429163878, 0.00839686479463, 0.802057424367, 0.425029931597, 0.62270959405, 0.321606886842, 0.594450540707, 0.514231949242, 0.785282192131, 0.490359581602, 0.70651539343, 0.792808552069, 0.382720483403, 0.575677782031, 110.829344056, 87.3792594347, 439.184486559, 6.08484266154, 31.822300896
0.0287199769695, 0.918071611544, 0.143846370996, 0.00842051075288, 0.683573474464, 0.338633410482, 0.989194305904, 0.376464572651, 0.207880623226, 0.697575165412, 0.389386113162, 0.958809557015, 0.823380111634, 0.30706366213, 92.1739427337, 1.21924730528, 21.1906964485, 730.915314166, 33.2714800548
0.00550883960908, 0.287342848027, 0.00484218782551, 0.956499310466, 0.513536178626, 0.896552139203, 0.805610876127, 0.497850336377, 0.199590087035, 0.572873494447, 0.493259767708, 0.132514432542, 0.669327620639, 0.783891929707, 33.9780352052, 496.484376857, 3.78521140504, 241.230739134, 4.78575711977
0.682907034298, 0.127644806498, 0.999791802336, 0.0373515696169, 0.00432249464558, 0.206282345178, 0.11536366626, 0.404387900133, 0.563614716419, 0.697575165412, 0.204521230355, 0.737489038812, 0.215466828966, 0.509631008609, 0.0821859721243, 0.00482753204175, 251.738639759, 51.1620528535, 472.36872948
0.292914296472, 0.0215817922137, 0.000372419015689, 0.95365037522, 0.0261952736322, 0.102532654003, 0.0706766338531, 0.950880466376, 0.622446040968, 0.99189894208, 0.579277041619, 0.890136391905, 0.486100127618, 0.599204652602, 50.8506941607, 697.208193914, 0.408946320492, 23.7076443974, 346.642354761
0.0258786937974, 0.003116004791, 0.509054323043, 0.106230869452, 0.461798829899, 0.400968911916, 0.640039627993, 0.575607130797, 0.197155162544, 0.790700961929, 0.70651539343, 0.717136188412, 0.609022196153, 0.30706366213, 406.332906844, 68.439988055, 423.947244637, 2.89373363455, 24.0460545661
0.0832102574244, 0.426073100151, 0.00485596953161, 0.0113287736886, 0.691594503177, 0.490399191512, 0.78094795708, 0.261532118989, 0.122114620802, 0.394840578466, 0.406162057628, 0.404667338352, 0.87784751386, 0.239905205184, 534.662196454, 9.51542306602, 4.07898866677, 423.036254276, 89.63422357
0.00027169240512, 0.00214071885326, 0.66429356392, 0.990428372616, 0.672193743087, 0.774870040832, 0.230823276691, 0.996227005649, 0.196427087851, 0.325616115767, 0.991913159585, 0.482913346024, 0.317474873653, 0.112269999845, 5.36575474062, 356.85552989, 612.874342719, 2.38484775429, 0.302676963696
0.999371117254, 0.883542084159, 0.104418263731, 0.998828984313, 0.298844133233, 0.0062828333014, 0.78719752347, 0.535584030468, 0.0104111659618, 0.697575165412, 0.102874825533, 0.404667338352, 0.540009105405, 0.380078280824, 0.00018311883957, 0.0995519904171, 0.0164765468089, 0.545440501525, 561.519953366
0.475088894037, 0.1865638519, 0.0482215661402, 0.995995675658, 0.0973331171254, 0.969031932337, 0.802689099608, 0.716259224968, 0.430465417408, 0.394840578466, 0.998399526682, 0.402674697069, 0.612053006514, 0.232112819819, 2.58988692645, 411.742741244, 31.2483746171, 124.599639746, 398.823436603
0.150575667169, 0.404467538246, 0.908043621275, 0.00662913512661, 0.683573474464, 0.396658992445, 0.986255528002, 0.419399051772, 0.785282192131, 0.100810538847, 0.416368722244, 0.995488080108, 0.198177400726, 0.30706366213, 38.9667639796, 0.405776402133, 267.905077099, 199.610404918, 81.0739195797
0.292914296472, 0.0215817922137, 0.000372419015689, 0.95365037522, 0.0261952736322, 0.102532654003, 0.0706766338531, 0.950880466376, 0.622446040968, 0.99189894208, 0.579277041619, 0.890136391905, 0.486100127618, 0.599204652602, 50.8506941607, 697.208193914, 0.408946320492, 23.7076443974, 346.642354761
0.00550883960908, 0.273869950792, 0.0511949879164, 4.73565313241e-05, 0.312487932598, 0.896552139203, 0.778962919969, 0.571578933759, 0.930041658748, 0.313901123922, 0.0741869473941, 0.958809557015, 0.199256879588, 0.707065508699, 723.077105197, 0.0537878732824, 58.2732882742, 332.863798374, 6.90672797446
0.0736415192238, 0.494956110255, 0.0845360353844, 0.984643129075, 0.39303020556, 0.8076145341, 0.189540189915, 0.44038288259, 0.794684357604, 0.404877992303, 0.418771034246, 0.801397770284, 0.0912297893959, 0.172799708824, 8.34643670952, 345.93479285, 46.2216605228, 343.620290439, 56.9177675766
0.085936478873, 0.00340593512436, 0.493641944281, 0.999950369837, 0.598009407669, 0.969031932337, 0.401617843216, 0.994034189445, 0.785282192131, 0.621123342228, 0.992839557358, 0.796828515776, 0.954236010775, 0.707065508699, 0.0328571984244, 421.46833497, 413.13272259, 3.15751909108, 80.1564383693
0.150575667169, 0.404467538246, 0.908043621275, 0.999808623235, 0.683573474464, 0.490399191512, 0.986255528002, 0.576133717932, 0.785282192131, 0.100810538847, 0.416368722244, 0.995488080108, 0.198177400726, 0.30706366213, 0.0131257330015, 43.6630899861, 300.177090409, 223.655599261, 90.8401346888
0.00171070364331, 0.00214071885326, 0.66429356392, 0.990428372616, 0.894815042628, 0.513991582313, 0.582347161289, 0.843739221238, 0.196427087851, 0.325616115767, 0.991913159585, 0.0916093926426, 0.317474873653, 0.112269999845, 4.57891317572, 304.525750175, 523.001616472, 2.03513043963, 1.62633219833
0.0287199769695, 0.000909556838477, 0.151548310733, 0.900108299047, 0.683573474464, 0.338633410482, 0.895263568309, 0.376464572651, 0.207880623226, 0.0907120700426, 0.0682759281188, 0.981617447519, 0.212103450071, 0.30706366213, 104.544785555, 660.797324488, 162.338479244, 0.983580915689, 31.0784428712
0.00171070364331, 0.454821108311, 0.00199300888644, 0.879814048484, 0.136558457971, 0.400968911916, 0.509266015323, 0.929919642771, 0.965719923817, 0.891848472784, 0.579277041619, 0.793237330814, 0.219750910399, 0.599204652602, 102.113967033, 534.451981992, 1.70343251796, 471.897318328, 1.93542941728
0.00171070364331, 0.127644806498, 0.999791802336, 0.0373515696169, 0.00432249464558, 0.206282345178, 0.11536366626, 0.404387900133, 0.563614716419, 0.697575165412, 0.204521230355, 0.812561023046, 0.215466828966, 0.509631008609, 0.128205974285, 0.00753070667425, 392.699590226, 79.8102238494, 1.07682473211
0.372652915381, 0.731527471063, 0.0784467478404, 0.812728898164, 0.971738937911, 0.102532654003, 0.889222051127, 0.125106800549, 0.948469329818, 0.404877992303, 0.720238140195, 0.0916093926426, 0.507008352673, 0.30706366213, 65.4220476055, 215.947069654, 27.9457574673, 506.792871305, 368.190029516
0.575656586496, 0.00481178042454, 0.228969295015, 0.641548612702, 0.39303020556, 0.73687781153, 0.189540189915, 0.389126532348, 0.794684357604, 0.497276597646, 0.409756235004, 0.717136188412, 0.0912297893959, 0.602610915223, 112.783914443, 178.678257283, 79.4515208111, 1.70625136772, 286.966622254
0.0480878785722, 0.0080566393847, 0.0289011963508, 7.34543642633e-06, 0.467759741488, 0.321606886842, 0.760423952107, 0.208008076413, 0.207880623226, 0.490359581602, 0.70651539343, 0.779553762553, 0.422992484144, 0.30706366213, 663.327152783, 0.00765359111094, 30.1343599888, 8.40373696852, 50.2565679163
0.372652915381, 0.565359224151, 0.000132095752447, 0.675493340365, 0.468708443717, 0.102532654003, 0.509266015323, 0.389126532348, 0.903362496004, 0.327276201084, 0.579277041619, 0.801397770284, 0.486100127618, 0.602610915223, 116.570398719, 208.53031307, 0.0495708284515, 293.782103105, 250.996475229
0.00550883960908, 0.00839686479463, 0.627576442977, 0.534962130493, 0.727257935597, 0.102532654003, 0.473499309982, 0.198675289454, 0.515737961181, 0.404877992303, 0.720238140195, 0.897875773532, 0.00462368321119, 0.30706366213, 162.513796519, 181.421161571, 367.735271976, 5.81810910504, 3.81722941118
0.00247635377156, 0.941149582965, 0.0506071285511, 0.189176803916, 0.0782279596159, 0.413045183823, 0.78719752347, 0.496285899124, 0.263397341388, 0.282260899739, 0.992893739886, 0.200397381499, 0.603088463525, 0.67613953684, 48.1852989024, 14.7555565841, 4.01445010062, 545.309421419, 2.13027682692
0.0050460628679, 0.396122915262, 0.00333834502149, 0.408487935043, 0.513536178626, 0.896552139203, 0.805610876127, 0.497850336377, 0.199590087035, 0.572873494447, 0.493259767708, 0.73919429964, 0.212103450071, 0.00782112574464, 297.290418449, 222.109759211, 1.94600815863, 266.184884488, 3.62001334124
0.195412341098, 0.231327728841, 0.00199300888644, 0.879814048484, 0.0791485579178, 0.490399191512, 0.509266015323, 0.71267511427, 0.622446040968, 0.882219746215, 0.579277041619, 0.801397770284, 0.486100127618, 0.599204652602, 73.3122811959, 383.707490053, 1.22297201239, 148.546236125, 132.474814538
0.0050460628679, 0.287342848027, 0.00333834502149, 0.408487935043, 0.513536178626, 0.896552139203, 0.805610876127, 0.497850336377, 0.199590087035, 0.572873494447, 0.493259767708, 0.132514432542, 0.212103450071, 0.00782112574464, 311.515929954, 232.737834449, 2.03912572897, 188.4927831, 3.4253386713
0.121607361121, 0.592707728794, 0.00333834502149, 0.571441370204, 0.513536178626, 0.490399191512, 0.805610876127, 0.497850336377, 0.199590087035, 0.572873494447, 0.493259767708, 0.73919429964, 0.457708572515, 0.00782112574464, 222.610881135, 279.156728633, 1.87233286441, 479.787942664, 115.653097311
0.419905350148, 0.116401780099, 0.763728115179, 0.534962130493, 0.48512645662, 0.102532654003, 0.507918909683, 0.575607130797, 0.197155162544, 0.39573878854, 0.0995546920376, 0.690966053635, 0.507008352673, 0.509631008609, 46.1982515322, 51.5731010846, 177.915214029, 35.3015298628, 150.551673943
0.150575667169, 0.046634269771, 0.908043621275, 0.999808623235, 0.683573474464, 0.102532654003, 0.817196377857, 0.576133717932, 0.785282192131, 0.885239551582, 0.909936296138, 0.958809557015, 0.198177400726, 0.30706366213, 0.0249336109137, 82.9423009656, 570.21568065, 42.2852068497, 139.261991389
0.419905350148, 0.116401780099, 0.509054323043, 0.534962130493, 0.48512645662, 0.102532654003, 0.507918909683, 0.575607130797, 0.197155162544, 0.39573878854, 0.0995546920376, 0.911690846517, 0.507008352673, 0.509631008609, 97.2418166236, 108.555234712, 149.945892123, 38.6649272211, 164.895672755
0.0832102574244, 0.426073100151, 0.00485596953161, 0.0113287736886, 0.691594503177, 0.490399191512, 0.78094795708, 0.261532118989, 0.122114620802, 0.394840578466, 0.406162057628, 0.404667338352, 0.87784751386, 0.239905205184, 534.662196454, 9.51542306602, 4.07898866677, 423.036254276, 89.63422357
0.570911586941, 0.823192424991, 0.0784467478404, 0.687428369415, 0.173426177624, 0.72096158354, 0.189540189915, 0.571578933759, 0.990643621468, 0.702702417934, 0.592285073457, 0.632016652788, 0.199821506273, 0.599204652602, 45.3953702032, 84.9057833418, 11.9243399928, 340.288126941, 442.972078103
0.348497343637, 0.0788425776815, 0.211977929015, 0.675493340365, 0.39303020556, 0.102532654003, 0.640039627993, 0.389126532348, 0.903362496004, 0.327276201084, 0.579277041619, 0.716267602683, 0.486100127618, 0.602610915223, 209.37631457, 374.548846934, 148.40420007, 56.5196865971, 278.89797326
0.0480878785722, 0.883542084159, 0.104418263731, 0.998828984313, 0.298844133233, 0.321606886842, 0.0542300184813, 0.514231949242, 0.0104111659618, 0.697575165412, 0.102874825533, 0.404667338352, 0.540009105405, 0.380078280824, 0.218747983571, 118.921664289, 19.6823625528, 651.566000237, 50.1474099534
0.150575667169, 0.4549683708, 0.66429356392, 0.534962130493, 0.513536178626, 0.102532654003, 0.853869240118, 0.984617705817, 0.993181186062, 0.503968535576, 0.592285073457, 0.796459351662, 0.896304113847, 0.599204652602, 100.578460985, 112.280074749, 258.857793561, 259.91015632, 95.5921639897
0.00510911808705, 0.0568095189158, 0.0784467478404, 0.905482377881, 0.213329743941, 0.400968911916, 0.189540189915, 0.415072557728, 0.6861082568, 0.979685733629, 0.70651539343, 0.717136188412, 0.198177400726, 0.928240016076, 68.3639579014, 457.074515499, 57.2389927023, 41.6670441928, 3.75235040784
0.372652915381, 0.731527471063, 0.00199300888644, 0.643623557344, 0.464201736378, 0.102532654003, 0.509266015323, 0.404387900133, 0.622446040968, 0.480492685606, 0.579277041619, 0.801397770284, 0.486100127618, 0.599204652602, 85.928873985, 137.121187349, 0.506599832038, 360.70025648, 262.052301047
0.372652915381, 0.632111645811, 0.543540254339, 0.999988345253, 0.892924708232, 0.490399191512, 0.986255528002, 0.71267511427, 0.785282192131, 0.313901123922, 0.134812653354, 0.998791573301, 0.612053006514, 0.299632772646, 0.00248246300781, 135.600110475, 155.543353122, 316.423091342, 250.403407196
0.00101861423728, 0.661825940854, 0.994868757145, 0.189176803916, 0.000898838304133, 0.506731621749, 0.78719752347, 0.420794813093, 0.785282192131, 0.137631629274, 0.992893739886, 0.200397381499, 0.603088463525, 0.30706366213, 1.7181921848, 0.526153880595, 222.937778795, 379.459208236, 0.704186701376
0.0497135411091, 0.00308005700182, 0.0411608529836, 0.106230869452, 0.38126822328, 0.400968911916, 0.640039627993, 0.28016119198, 0.499095474795, 0.790700961929, 0.70651539343, 0.717136188412, 0.594058172453, 0.707065508699, 429.650145039, 72.3673871818, 28.2097742149, 2.11241873066, 34.1650205966
0.00510911808705, 0.0568095189158, 0.0784467478404, 0.268227121906, 0.213329743941, 0.400968911916, 0.189540189915, 0.415072557728, 0.6861082568, 0.979685733629, 0.70651539343, 0.717136188412, 0.198177400726, 0.928240016076, 421.741030775, 189.011233579, 57.2389927023, 41.6670441928, 3.75235040784
0.419905350148, 0.614603918542, 0.462150868953, 7.34543642633e-06, 0.667512519353, 0.102532654003, 0.507918909683, 0.575607130797, 0.197155162544, 0.39573878854, 0.0944622211156, 0.911690846517, 0.91557071573, 0.509631008609, 146.257882043, 0.00168755043603, 129.824512387, 282.583327029, 266.484711651
0.121607361121, 0.592707728794, 0.00333834502149, 0.571441370204, 0.513536178626, 0.490399191512, 0.805610876127, 0.497850336377, 0.199590087035, 0.572873494447, 0.493259767708, 0.73919429964, 0.457708572515, 0.00782112574464, 222.610881135, 279.156728633, 1.87233286441, 479.787942664, 115.653097311
0.300808080129, 0.474533233963, 0.0784467478404, 0.534962130493, 0.727257935597, 0.513991582313, 0.889222051127, 0.198675289454, 0.207880623226, 0.404877992303, 0.720238140195, 0.0916093926426, 0.507008352673, 0.30706366213, 155.054389362, 173.093903578, 28.7813507468, 216.138727437, 162.877998378
