0.501799958072, 0.820880135431, 2.01830193342, 0.326363189203, 28.7344277892, 40.1510540051, 2.03415294192, 1.18997276566, 21.4574725624, 169.938067852, 0.433110972875, 0.445747800587
0.507064946518, 0.820182344086, 2.03762092576, 0.41572739576, 24.5055987892, 40.2475587526, 2.68591506192, 1.28474571688, 21.28667071, 220.140660761, 0.366679596134, 0.0
0.50804427937, 0.82094028413, 2.03679972303, 0.267270140759, 11.1325860945, 40.3544414252, 2.22080242079, 1.72814697433, 20.3974387825, 172.880559995, 0.390385743543, 0.5
0.535754071616, 0.840098151687, 2.00730400527, 0.301743995448, 6.70086012589, 40.1693437807, 2.27821471273, 1.60852884245, 21.8930434576, 302.330798083, 0.331391682544, 0.192307692308
0.502497631379, 0.820175620078, 2.00632171532, 0.267361499781, 11.2478549131, 40.901092658, 2.14674290632, 1.27963127486, 21.0995657868, 259.314108787, 0.311343731708, 0.545454545455
0.501326745652, 0.82109867937, 2.026131084, 0.284779440525, 22.1027274008, 40.0567340784, 2.02337621596, 1.63359087444, 21.1826891589, 194.003428621, 0.413924645858, 0.125714285714
0.501326745652, 0.821114993011, 2.026131084, 0.294294172071, 22.1027274008, 40.0565317906, 2.02493887567, 1.2806251465, 21.1826891589, 202.073756577, 0.375602684572, 0.665012406948
0.503852780838, 0.821091848426, 2.02570446382, 0.491544843382, 0.54556828641, 40.489179816, 2.16786001305, 1.27937356994, 21.4579318767, 195.987791146, 0.39751836259, 0.108280254777
0.508413998477, 0.820333047362, 2.00891645969, 0.428853964093, 29.5523560045, 40.032647438, 2.05557688908, 1.48561326543, 21.1249145236, 204.159677176, 0.379486729488, 0.484210526316
0.501326836563, 0.82109867937, 2.026131084, 0.478660828499, 0.676381336318, 40.0567340784, 2.05027623282, 1.63359087444, 21.1817378206, 178.382553498, 0.432625477955, 0.0
0.508064555829, 0.820182344086, 2.02173387236, 0.41572739576, 24.4019606489, 40.0415550265, 2.68591506192, 1.28474571688, 20.3840306572, 152.133085629, 0.515721861742, 0.0
0.535754071616, 0.840098151687, 2.00730400527, 0.301743995448, 6.70086012589, 40.0822275266, 2.02415416147, 1.60852884245, 21.8930434576, 170.020626526, 0.428750007295, 0.341563786008
0.53739947265, 0.821110387134, 2.02029364002, 0.296883536151, 24.8938034194, 40.0876247693, 2.66865132001, 1.27788880978, 22.7047929884, 228.024959548, 0.361592191283, 0.155737704918
0.503852369049, 0.821180558114, 2.01793518493, 0.493811760821, 25.702825973, 40.2489010927, 2.16735733191, 1.19079960948, 21.4574651164, 194.836304527, 0.404302951986, 0.0
0.50302964745, 0.820346356837, 2.04592445393, 0.484325296448, 13.3954587628, 40.0011393543, 2.02302635867, 1.84841526183, 24.3526537274, 198.036577836, 0.398151003181, 0.0
0.504320142616, 0.820570390155, 2.04693301444, 0.486941356676, 9.4886754095, 40.0399297437, 2.57651586165, 1.27958694326, 21.0934320782, 214.338725129, 0.385211230658, 0.0
0.536324059358, 0.820853281337, 2.00703364759, 0.273083846215, 25.1893004831, 40.0545096481, 2.68762775364, 1.28562442246, 21.0866690612, 174.515291831, 0.382746533099, 0.171779141104
0.508504135478, 0.821086830361, 2.00874237819, 0.326272709987, 25.0455657791, 42.876180059, 2.16779520282, 1.19041599472, 21.4629129561, 209.618905919, 0.362700404517, 0.284153005464
0.502527020409, 0.820013975454, 2.03691196886, 0.285508429115, 11.5407889217, 40.076791152, 2.12590290275, 1.71311900285, 22.6122525962, 241.390777735, 0.354965592973, 0.181818181818
0.514878646497, 0.820172212644, 2.02056905884, 0.380719302177, 11.2320459953, 40.0826427193, 2.02229208133, 1.01983229563, 21.8495063403, 193.023015588, 0.424573430103, 0.0
0.503852186652, 0.821091848426, 2.02570446382, 0.491452378661, 0.516124080958, 40.3362643843, 2.16735733191, 1.27937356994, 21.4579318767, 190.594415606, 0.427546530535, 0.0
0.517696651925, 0.820853281337, 2.03589257158, 0.302479810516, 25.4284506641, 40.2273487903, 2.03907615872, 1.24218838873, 21.919393059, 203.823414679, 0.357865339029, 0.606060606061
0.504336336454, 0.820573622707, 2.026131084, 0.295218684784, 9.53158136901, 40.0565317906, 2.02493887567, 1.2806251465, 21.0921275404, 168.279595203, 0.440731181035, 0.115183246073
0.504309844904, 0.859932797248, 2.01754179594, 0.478641841272, 25.1820028761, 40.4913217965, 2.02838948558, 1.12669103333, 21.5304797581, 212.63240524, 0.386673701358, 0.0
0.502497631379, 0.820175620078, 2.00632171532, 0.272431584488, 10.9970046742, 40.8730441181, 2.04939731175, 1.28752398399, 22.4093296633, 240.892668692, 0.349191038376, 0.196721311475
0.508457681582, 0.820178608392, 2.00596345814, 0.492076086115, 26.9661801143, 40.247448899, 2.02897925404, 1.28474571688, 21.28667071, 228.740910039, 0.363135732663, 0.0
0.501326745652, 0.82109867937, 2.02626024121, 0.275378364527, 22.1027274008, 40.0567340784, 2.02337621596, 1.64419240746, 22.3564104464, 213.24993347, 0.358372721621, 0.518115942029
0.502527020409, 0.820004407808, 2.03691197144, 0.272311591201, 11.5407889217, 40.076791152, 2.11928655584, 1.71311900285, 22.6122525962, 226.898303891, 0.360971942595, 0.375
0.505001823224, 0.820881444599, 2.02045384302, 0.326243607178, 11.0435872375, 40.0486659158, 2.25530996165, 1.19437621941, 21.4563545803, 152.222989203, 0.489492405264, 0.52967032967
0.501326745652, 0.82109867937, 2.02593846418, 0.284779440525, 22.1027274008, 40.0545334392, 2.0097864829, 1.63359087444, 21.0871670585, 197.948599438, 0.367530748515, 0.665961945032
0.508495626596, 0.820897819916, 2.02173387236, 0.41572739576, 24.3773266938, 40.0415550265, 2.68591506192, 1.28474571688, 20.3840306572, 207.322937006, 0.390928497185, 0.0220588235294
0.504309844904, 0.859945037781, 2.01754179594, 0.478641841272, 11.505245431, 40.4913217965, 2.02838948558, 1.12669103333, 21.5350938372, 169.214260615, 0.444327615806, 0.0
0.505063217931, 0.820172212644, 2.02045384302, 0.320183061098, 11.0435872375, 40.0826427193, 2.02229208133, 1.02051149375, 21.8495063403, 185.726511811, 0.378685343756, 0.550279329609
0.50377638177, 0.821085892938, 2.03213605383, 0.498486319382, 11.0424259284, 40.3350563515, 2.29746233015, 1.54463710884, 21.0407436162, 201.238742632, 0.389108106001, 0.0230769230769
0.502527020409, 0.820175620078, 2.02568749343, 0.272311591201, 11.1388652114, 40.0562666866, 2.70575034912, 1.71311900285, 22.3502266499, 195.169198047, 0.396228838529, 0.16265060241
0.516817448945, 0.830424254353, 2.04612134613, 0.47417271231, 4.91479661842, 40.0142480285, 2.21955131355, 3.39399004299, 35.4474740546, 274.479247999, 0.349899071485, 0.0
0.503852186652, 0.821092497545, 2.02570446382, 0.491448964304, 0.545827033596, 40.3362643843, 2.03187886893, 1.27937356994, 21.1336849455, 209.274589901, 0.39032609121, 0.0161290322581
0.505063217931, 0.820340234258, 2.02045384302, 0.320183061098, 11.0435872375, 40.1264104824, 2.68440856339, 1.02051149375, 21.8495063403, 216.09644063, 0.366033443785, 0.100775193798
0.502573409474, 0.820726326514, 2.15868343454, 0.429384935148, 30.0629616609, 40.052654718, 2.03648903597, 1.21464785314, 21.3629059372, 213.765647567, 0.379589971173, 0.234375
0.505063217931, 0.830153641037, 2.02024783347, 0.343608803404, 10.8604269773, 40.1242640927, 2.02069595163, 1.30254109986, 20.9302455859, 164.832152902, 0.417877445944, 0.621323529412
0.501359320592, 0.820565468922, 2.026131084, 0.480052975803, 0.454354355425, 43.6690177327, 2.05157271153, 1.14483974278, 21.4567030544, 154.170792592, 0.494447405146, 0.0
0.535770230693, 0.820940056617, 2.03712719844, 0.285124055472, 24.9768623834, 40.0385632057, 2.80403916955, 1.48201884743, 20.3921738178, 196.190445006, 0.379383468144, 0.501639344262
0.53739947265, 0.820008170631, 2.03711582238, 0.296781454451, 14.9573121115, 40.0073496016, 2.68762960878, 1.28482119222, 22.3896040536, 241.559025154, 0.331819313157, 0.238095238095
0.502527020409, 0.820175620078, 2.03647876194, 0.272311591201, 10.9913070353, 40.0772836204, 2.11808496345, 1.71311900285, 22.391932056, 246.276947333, 0.331585380244, 0.541501976285
0.53613222235, 0.895259227368, 2.04658052313, 0.498486319382, 13.3263879262, 40.0005986235, 2.02302635867, 1.2000336592, 24.3888039923, 182.327365768, 0.431236310318, 0.0
0.535770230693, 0.820951643534, 2.03695933386, 0.285124055472, 24.9768623834, 40.0385632057, 2.79916374499, 1.92893008851, 21.3411782683, 227.389230819, 0.347534550003, 0.672
0.504309844904, 0.859932797248, 2.01738242133, 0.302008071717, 25.1820028761, 43.6791286017, 2.04742792518, 1.59119458548, 21.5304797581, 186.089914825, 0.42969621443, 0.058064516129
0.53613222235, 0.820346356837, 2.04592445393, 0.496785863359, 13.3954587628, 40.0005665819, 2.02302635867, 1.85433161368, 24.3888039923, 174.55662958, 0.440272070111, 0.0
0.503766891949, 0.820715813215, 2.16220250535, 0.272311591201, 10.9755427158, 40.1438918995, 2.00577767185, 1.14386615246, 22.2724297084, 224.435492806, 0.350668927449, 0.386597938144
0.534052399777, 0.821103683744, 2.00883309551, 0.276561271335, 21.9171492852, 40.0074131177, 2.16625634112, 1.19558071675, 21.2060692563, 170.643636415, 0.415107127205, 0.635359116022
0.501302111505, 0.820171204501, 2.02569426339, 0.491544843382, 0.311347150129, 40.8866398745, 2.16786001305, 1.124107236, 21.4612170608, 155.29360819, 0.449216383186, 0.0
0.507087090749, 0.828177712535, 2.15689612572, 0.409146146518, 9.52010588428, 40.0400698702, 2.02326350857, 1.21386287926, 21.355126209, 230.69258087, 0.349236168531, 0.428571428571
0.501828521982, 0.820178306289, 2.02036285496, 0.4807403838, 28.4692513102, 40.0349110972, 2.57700274397, 1.27955768512, 21.0934320782, 213.701309131, 0.381482971067, 0.148148148148
0.522315803567, 0.820001286331, 2.01161658575, 0.276561271335, 21.8840768929, 40.0074131177, 2.01440240891, 1.94165487027, 21.2060692563, 209.441190503, 0.376813195933, 0.452674897119
0.500651146517, 0.820348270158, 2.02553447596, 0.290102455167, 12.93274925, 40.4890306716, 2.059571729, 1.02330656333, 23.5668432659, 251.310153841, 0.344479943292, 0.151785714286
0.518280656951, 0.820348270158, 2.02039289613, 0.28960672388, 12.937228943, 40.4903616048, 2.15653373697, 1.02330656333, 21.154911979, 195.209559738, 0.402518922612, 0.134453781513
0.501304168607, 0.820876880268, 2.020413113, 0.467306806117, 28.4160870164, 40.8796668057, 2.27081596049, 1.27955768512, 21.4630370641, 194.320739061, 0.41715519744, 0.25
0.517498346034, 0.820004432137, 2.03753163015, 0.315731442377, 29.8655585849, 40.2519715198, 2.04330885251, 1.63883626168, 21.9184108463, 245.725021619, 0.347619590293, 0.585820895522
0.511873052392, 0.820148221524, 2.01830644475, 0.309999346328, 29.3448041211, 40.2541407477, 2.07573565753, 1.2126379601, 22.3771235619, 276.282415652, 0.364052328889, 0.15
0.508502607541, 0.820882782421, 2.0369542873, 0.326272709987, 25.0455657791, 42.8688151824, 2.05676275575, 1.18997276566, 21.4629129561, 163.426917216, 0.474623510936, 0.51871657754
0.503852369049, 0.821090882286, 2.00880341158, 0.493811760821, 25.702825973, 42.204723389, 2.16735733191, 1.19079960948, 21.4574651164, 270.675802695, 0.335652947007, 0.505154639175
0.522315803567, 0.820003219787, 2.00769005242, 0.276561271335, 10.9343331418, 40.0074131177, 2.01440240891, 1.30638225955, 21.2060692563, 207.005032003, 0.402972917097, 0.338461538462
0.508047829128, 0.821091848426, 2.02570446382, 0.491928023904, 0.0666947695734, 40.3362643843, 2.16735733191, 1.27937356994, 21.4579318767, 164.121909871, 0.459410533759, 0.0
0.504162276724, 0.820154065904, 2.21652393111, 0.381799033594, 11.041763175, 40.2541407477, 2.03139192611, 1.28307368506, 22.3766236569, 280.811474809, 0.362972528129, 0.105263157895
0.50180763636, 0.821092186556, 2.026131084, 0.479596263847, 0.676381336318, 40.0567340784, 2.05027623282, 1.19252012716, 21.1817378206, 286.842606674, 0.35533680387, 0.0
0.501812678073, 0.830193428724, 2.02036250211, 0.4807403838, 28.7767325569, 40.0356121237, 2.56209902838, 1.27955768512, 21.0885505399, 225.612305643, 0.382439875647, 0.0
0.501300187522, 0.821098740694, 2.02625267608, 0.275378364527, 21.902721069, 40.0502208891, 2.02444353457, 1.76649930637, 22.3564104464, 181.50877909, 0.438940028948, 0.317596566524
0.536860799976, 0.820952043798, 2.03695933386, 0.316521338662, 25.057715664, 40.0528171351, 2.03645983582, 1.21386287926, 21.3655628188, 236.21047295, 0.351606377155, 0.544303797468
0.508047380963, 0.820896653671, 2.02080471655, 0.428862536429, 11.2190280629, 40.0322032897, 2.32952488846, 1.47691178724, 20.3974387825, 174.918617503, 0.436371856609, 0.479166666667
0.508457681582, 0.820178608392, 2.00614754105, 0.492076086115, 0.842887914054, 40.247448899, 2.06715892005, 1.27994563888, 21.049228311, 196.20562211, 0.410933349956, 0.191082802548
0.501326745652, 0.821103857548, 2.01877432524, 0.311251073106, 28.675952126, 40.1521809013, 2.03379951256, 1.63737851133, 21.4641692324, 183.447850447, 0.405979214744, 0.544247787611
0.513382355105, 0.820180373929, 2.02062353432, 0.478660828499, 0.676381336318, 40.0819639796, 2.03652405639, 1.6497850565, 21.1868166601, 165.741971797, 0.450097349369, 0.0
0.508217772237, 0.82092999553, 2.00622073979, 0.285124055472, 29.5149411262, 40.2494876633, 2.01308927841, 1.48201884743, 20.3878937412, 192.037069233, 0.404229892451, 0.538194444444
0.503798735683, 0.821091848426, 2.01113030622, 0.491541487164, 0.571042232122, 40.3362643843, 2.16786137285, 1.27937356994, 21.4579318767, 204.581868893, 0.410911854627, 0.233128834356
0.50501382216, 0.820172212644, 2.02028661795, 0.321851500721, 11.0435872375, 40.6743225829, 2.57224406059, 1.27454060535, 21.8495063403, 215.559649577, 0.373982760753, 0.621253405995
0.517498346034, 0.820004432137, 2.03691019496, 0.282597605926, 30.1239519077, 40.1259166758, 2.04330885251, 1.28607921093, 21.9195855868, 216.547736469, 0.37561098568, 0.106557377049
0.522315803567, 0.820003219787, 2.00674715368, 0.276561271335, 10.9284781942, 40.2858306098, 2.01440240891, 1.30638225955, 21.2060692563, 178.321923357, 0.444071424346, 0.449404761905
0.504309844904, 0.854307480261, 2.0173916769, 0.302008071717, 25.1820028761, 40.1694304122, 2.05018259049, 1.63792808068, 21.5300448981, 180.56233312, 0.410311723896, 0.579545454545
0.504996992834, 0.820821251017, 2.00632171532, 0.272371474722, 10.9970046742, 40.0558260636, 2.30237598842, 1.27882216031, 22.3380509027, 193.465510632, 0.384691971962, 0.362445414847
0.53739947265, 0.821107829097, 2.02029364002, 0.296883536151, 24.8266916652, 42.7733950071, 2.68762960878, 1.19109752363, 22.3772507146, 221.728017433, 0.367636333289, 0.15
0.501288030914, 0.820150637252, 2.02567669659, 0.267318999973, 0.676381336318, 40.2540474465, 2.06703930584, 1.64544447792, 21.0588510565, 192.647463744, 0.398706340265, 0.36036036036
0.505001823224, 0.820172212644, 2.02045384302, 0.320183061098, 11.0435872375, 40.0486659158, 2.25530996165, 1.02051149375, 21.8495063403, 262.5492117, 0.348031924161, 0.262711864407
0.517288288207, 0.82000431806, 2.03691019496, 0.277593442916, 33.3531473957, 40.1259166758, 2.04330885251, 1.28302388647, 22.0559619289, 233.651798486, 0.359672394329, 0.659016393443
0.501326836563, 0.82015053389, 2.026131084, 0.478660828499, 0.676381336318, 40.2540474465, 2.06654146605, 1.64299935084, 21.1817378206, 164.3640314, 0.456976306926, 0.0
0.507070338382, 0.828177712535, 2.15785827606, 0.409146146518, 25.057715664, 40.0528171351, 2.02326350857, 1.21386287926, 21.355126209, 189.212993105, 0.421983033239, 0.212669683258
0.501314877461, 0.820004626768, 2.02030723423, 0.316001258071, 11.1885081908, 40.2540474465, 2.58479038708, 1.64299935084, 21.1872509502, 173.330557969, 0.44790833751, 0.0503597122302
0.504777537884, 0.820833045617, 2.01895822809, 0.312162537224, 10.5682605578, 40.0774988885, 2.29974132925, 1.02163900609, 22.4738886152, 242.982305605, 0.374247771976, 0.0873786407767
0.505028533298, 0.820340234258, 2.02096610458, 0.320183061098, 8.803948824, 40.0924543958, 2.7078343383, 1.02051149375, 21.8495063403, 178.53460573, 0.413800811668, 0.470175438596
0.53739947265, 0.821110387134, 2.02029364002, 0.296883536151, 24.8938034194, 40.0876247693, 2.66865132001, 1.19109752363, 22.3780154563, 220.870158265, 0.365439026722, 0.628895184136
0.501256718582, 0.820182344086, 2.02561750131, 0.492076086115, 24.5432557775, 40.2475587526, 2.02897925404, 1.28474571688, 21.28667071, 195.312528386, 0.422709064829, 0.0
0.503772366309, 0.820942997113, 2.03693003315, 0.268577582777, 11.1412101745, 40.4973506851, 2.15243284877, 1.74225697417, 21.0346597925, 185.186931722, 0.433258999064, 0.159292035398
0.500229454171, 0.820346356837, 2.04592445393, 0.484325296448, 12.9507288971, 40.0011393543, 2.02302635867, 1.64084535889, 24.3526537274, 157.255904424, 0.481111726168, 0.0
