0.00653641710062, 0.0231797568178, 0.115061480045, 0.0911746077781, 0.0250620243379, 0.00319475596862, 0.018730230656, 0.00634887792527, 0.852294740357, 0.628858797435, 0.544653463425, 0.267764585294, 0.346454106643, 0.668481580364, 0.299524132798, 0.430830543408, 0.949950037793, 1377.30103464, 40.5337899516, 6.91477543072, 54.2728710009, 198.854903707, 254.591159576, 51.5918691037, 14.552022912
0.376114898586, 0.996699805745, 0.149394276001, 0.978472934893, 0.999546454586, 0.40020058705, 0.678869653285, 0.376907370944, 0.161401877018, 0.950616761623, 0.415472497637, 0.231080765018, 0.346454106643, 0.0523822463134, 0.41509394622, 0.916056718436, 0.765146538565, 5.42828255031e-05, 9.83261467377e-05, 8.16556954876e-05, 0.194912093929, 5.7619385651, 1.37831001391, 1143.46579891, 766.949702472
0.999135162761, 0.064572246858, 0.229521588655, 0.762849136681, 0.191983079587, 0.40020058705, 0.36526434651, 0.104286961449, 0.306021489137, 0.681819016317, 0.415472497637, 0.467527606068, 0.30152493591, 0.430899973653, 0.362593048667, 0.367473555549, 0.77609252689, 0.251958933893, 0.162836103475, 0.218105880223, 0.11537061107, 0.994042096338, 0.402359751708, 0.116085883411, 843.925357607
0.0022571569278, 0.153184867348, 0.215371153332, 0.0430198441824, 0.998975179788, 0.298387580056, 0.337676949398, 0.303109187596, 0.635884716369, 0.328933746321, 0.257602726421, 0.683207050052, 0.318616501423, 0.369708219549, 0.44916774943, 0.55526246995, 0.758409145075, 1.51119327633, 0.886290129689, 0.887064595654, 1219.84920735, 82.5576240493, 430.161935775, 318.033707792, 4.7317288901
0.0526241615967, 0.141512674858, 0.947961639093, 0.701098600714, 0.012306936079, 0.00319475596862, 0.58542213199, 0.667459474249, 0.844172170454, 0.883289216501, 0.97539680296, 0.643792124443, 0.395535335449, 0.478774439055, 0.868592491088, 0.355970629103, 0.2670184253, 28.6662237391, 37.6134415715, 0.237327428316, 0.914357678271, 93.2314723716, 1276.11065832, 289.396187569, 108.756660407
0.493811768881, 0.90275538375, 0.958075814738, 0.999847999406, 0.308293864156, 0.211829752127, 0.58542213199, 0.199389348146, 0.711676905091, 0.526143772865, 0.415472497637, 0.823871415243, 0.318616501423, 0.0617426529303, 0.904170368541, 0.366170838952, 0.698344540536, 0.000633039504556, 0.000830621941479, 0.000360918542381, 0.00058125949861, 5.22913144703, 79.2896701731, 516.151579406, 512.177127017
0.516523643875, 0.655149182001, 0.997059943698, 1.90908472191e-05, 0.308293864156, 0.211829752127, 0.337676949398, 0.199389348146, 0.730018809282, 0.681819016317, 0.415472497637, 0.823871415243, 0.318616501423, 0.18034331932, 0.772510164797, 0.55526246995, 0.980812531765, 1.06787564195, 0.626291590902, 0.42783518088, 0.689028779419, 4.43820242461e-05, 320.467074278, 532.582104353, 654.699890158
0.0311155649316, 0.104908213001, 0.210226873314, 0.804570641411, 0.0258043358854, 0.666986975018, 0.192381133822, 0.376907370944, 0.711676905091, 0.341676518527, 0.833879664517, 0.542038105914, 0.264464171129, 0.218351434758, 0.350007751923, 0.287405002484, 0.649695754845, 179.176082329, 55.8562032942, 325.450272688, 15.2362615954, 1186.10956199, 426.507341225, 218.738918822, 65.2240329455
0.00117246006861, 0.724706897124, 0.391733169379, 0.225926467161, 0.308293864156, 0.118513255668, 0.575972372044, 0.543949848536, 0.711676905091, 0.0965082654674, 0.516845419296, 0.683207050052, 0.886442974694, 0.454467933398, 0.700149762616, 0.366170838952, 0.799026879984, 131.222379291, 166.978744456, 39.9980485755, 113.68085326, 90.4870881456, 184.078945685, 690.911270729, 1.40145325851
0.143048922929, 0.132084576708, 0.0117794745981, 0.274241251437, 0.0875817077531, 0.212872676288, 0.834598441209, 0.95295149996, 0.711676905091, 0.628858797435, 0.544653463425, 0.949248997263, 0.346454106643, 0.410962708975, 0.55401722817, 0.734082800307, 0.642652861402, 325.408646277, 1224.16722698, 440.076906367, 185.651104378, 622.127118344, 27.5700683976, 313.677871277, 348.043310558
0.151275156347, 0.130204062792, 0.997059943698, 0.775616761993, 0.999523225483, 0.992740053983, 0.946315703443, 0.243308574636, 0.745864567055, 0.883289216501, 0.990328653251, 0.643792124443, 0.382327719336, 0.419782375164, 0.868592491088, 0.916056718436, 0.980812531765, 1.23604244829e-06, 1.46229535022e-05, 0.00128679387176, 1.71832073744, 4.67164625943, 1077.81675333, 223.567828491, 266.604746275
0.00653641710062, 0.0105579392802, 0.221037084197, 0.0911746077781, 8.7995893775e-05, 0.992740053983, 0.599992110083, 0.376907370944, 0.711676905091, 0.549449157925, 0.837642956085, 0.267764585294, 0.346454106643, 0.637682024041, 0.0265300177845, 0.540015637162, 0.947080581159, 9.71613160888, 13.3727593528, 1449.42317126, 0.200357556647, 209.026233354, 529.953015669, 25.8316587342, 15.993667453
0.999135162761, 0.507565619235, 0.00144964982896, 0.981760354495, 0.302334984955, 0.40020058705, 0.0316154191553, 0.13126090359, 0.306021489137, 0.349989538611, 0.415472497637, 0.231080765018, 0.346454106643, 0.214835255087, 0.299524132798, 0.540015637162, 0.77609252689, 0.0212767472127, 0.00105750221855, 0.0154878012062, 0.0135417915311, 1.03338486889, 0.00235409566608, 1.05868027484, 1089.24349006
0.00653641710062, 0.996645626006, 0.149394276001, 0.695980918482, 0.999790477177, 0.40020058705, 0.678869653285, 0.376907370944, 0.00637293602913, 0.950616761623, 0.639241050042, 0.231080765018, 0.346454106643, 0.397953692855, 0.69952267892, 0.938291282135, 0.765146538565, 0.000373222751565, 0.000676043568037, 0.000561425516605, 2.90090798768, 5.60558304754, 1.50896018824, 1231.63477405, 12.6462821429
0.0992176470742, 0.123752475482, 0.188916885464, 0.0203933625148, 0.219307905052, 0.696150168976, 0.614568742655, 0.541382183461, 0.711676905091, 0.775104950422, 0.571787139736, 0.265343224577, 0.297181653197, 0.257513473397, 0.331849238632, 0.0193080471375, 0.610838736958, 242.536060469, 350.412715161, 824.029899482, 332.855821739, 31.5837216004, 301.533934213, 203.016438635, 165.135770283
0.00428948153554, 0.153184867348, 0.215371153332, 0.190939463294, 0.998975179788, 0.298387580056, 0.337676949398, 0.357948182063, 0.745864567055, 0.717753086187, 0.849325060164, 0.602254511703, 0.395535335449, 0.369708219549, 0.0914685030344, 0.677111666748, 0.778890543029, 1.0972205595, 0.643501904888, 0.644064215475, 885.686596649, 273.904492092, 326.172533194, 241.150719031, 6.81840922319
0.00653641710062, 0.0231797568178, 0.174802370265, 0.0911746077781, 0.288827904885, 0.00319475596862, 0.0231288980258, 0.376907370944, 0.711676905091, 0.628858797435, 0.544653463425, 0.638355085431, 0.564222937199, 0.637682024041, 0.299524132798, 0.540015637162, 0.938425880733, 1139.83560478, 41.4293552833, 5.72387463363, 556.173825793, 182.991637556, 361.160978528, 48.5205046103, 13.6857126337
0.00653641710062, 0.421318856219, 0.603329867177, 0.742220569805, 0.113885580117, 0.533870864581, 0.750019036721, 0.80785636025, 0.635884716369, 0.349989538611, 0.921826638874, 0.267764585294, 0.346454106643, 0.637682024041, 0.439468901194, 0.540015637162, 0.790520282972, 63.7398928891, 153.894729813, 185.311804894, 45.0563514357, 590.786318233, 894.490281732, 858.056221256, 14.3363501832
0.00117246006861, 0.132084576708, 0.0117794745981, 0.489450360698, 0.0875817077531, 0.164514176013, 0.834598441209, 0.95295149996, 0.711676905091, 0.628858797435, 0.544653463425, 0.803541166747, 0.346454106643, 0.410962708975, 0.55401722817, 0.734082800307, 0.642652861402, 234.180258697, 880.971668028, 240.952787551, 130.538486518, 920.830661606, 24.5079831766, 278.839061306, 2.49298916841
0.00653641710062, 0.0105579392802, 0.221037084197, 0.0911746077781, 8.7995893775e-05, 0.00319475596862, 0.599992110083, 0.376907370944, 0.711676905091, 0.681819016317, 0.837642956085, 0.267764585294, 0.346454106643, 0.637682024041, 0.0265300177845, 0.540015637162, 0.947080581159, 776.297101251, 1068.45344826, 6.62770369171, 0.182553273976, 190.451629997, 482.860041233, 23.5361917617, 14.5724294371
0.00440770477044, 0.153184867348, 0.215371153332, 0.0430198441824, 0.998975179788, 0.298387580056, 0.337676949398, 0.303109187596, 0.635884716369, 0.328933746321, 0.257602726421, 0.211614032554, 0.318616501423, 0.369708219549, 0.44916774943, 0.55526246995, 0.758409145075, 1.48822109538, 0.872817321443, 0.873580014478, 1201.30585015, 81.3026365448, 423.622892767, 313.199165448, 9.09961797834
0.0526241615967, 0.230965599089, 0.0719276207183, 0.701098600714, 0.190371667786, 0.992740053983, 0.58542213199, 0.621040729036, 0.745864567055, 0.883289216501, 0.97539680296, 0.643792124443, 0.609265600735, 0.478774439055, 0.868592491088, 0.540015637162, 0.0381488760747, 3.5501808007, 4.65825283897, 513.564043546, 158.331486147, 1059.31782, 134.78246839, 453.807490513, 105.942375288
0.882651823794, 0.379582012476, 0.188916885464, 0.000357825034377, 0.0574186402523, 0.418547315899, 0.592656731383, 0.199389348146, 0.666439423722, 0.374077067641, 0.0578447985191, 0.683207050052, 0.214492629712, 0.454467933398, 0.594445563242, 0.0470391755214, 0.905980358109, 70.0053736826, 94.0533170074, 90.5180707575, 13.3959627239, 0.0835950897886, 45.4775983299, 105.545352286, 1008.10065057
0.0022571569278, 0.987196354084, 0.512247459182, 0.00740138342486, 0.500412843587, 0.298387580056, 0.49781695571, 0.561151050569, 0.666439423722, 0.0944103566986, 0.312656749231, 0.683207050052, 0.886442974694, 0.454467933398, 0.299524132798, 0.355970629103, 0.155558539897, 6.81255407606, 6.76599145929, 4.86163529842, 10.7761713198, 0.177072198157, 15.8285688755, 1092.06426742, 3.8727502254
0.168793937831, 0.132084576708, 0.100808406067, 0.105687964658, 0.0471520499103, 0.168416747705, 0.166754683679, 0.39009713315, 0.22525989745, 0.717753086187, 0.552990837691, 0.683375939744, 0.443363251487, 0.076600457672, 0.792999860232, 0.677111666748, 0.649695754845, 899.917656992, 241.265567056, 252.394860803, 71.6256532876, 162.183394118, 156.720442576, 209.214872762, 275.781327883
0.00653641710062, 0.0231797568178, 0.174802370265, 0.0911746077781, 0.0250620243379, 0.00319475596862, 0.0231288980258, 0.00634887792527, 0.711676905091, 0.628858797435, 0.544653463425, 0.267764585294, 0.346454106643, 0.637682024041, 0.299524132798, 0.430830543408, 0.949950037793, 1204.36508912, 43.7747943288, 6.04792020387, 47.4690749305, 173.925907185, 343.268422914, 46.1167127314, 13.00769815
0.00653641710062, 0.0231797568178, 0.947961639093, 0.0911746077781, 0.0250620243379, 8.65467285766e-05, 0.599992110083, 0.376907370944, 0.666439423722, 0.628858797435, 0.485087456809, 0.267764585294, 0.64277529254, 0.48789872008, 0.707521942734, 0.131538270843, 0.947080581159, 55.3477238565, 76.1776210588, 0.0128010091537, 3.70880616585, 13.589004587, 1162.1635421, 42.4756966496, 11.9807117204
0.0526241615967, 0.194310133518, 0.0719276207183, 0.701098600714, 0.190371667786, 0.992740053983, 0.58542213199, 0.621040729036, 0.745864567055, 0.995829580771, 0.97539680296, 0.643792124443, 0.609265600735, 0.637682024041, 0.868592491088, 0.540015637162, 0.0381488760747, 3.79100633695, 4.97424413657, 548.401518911, 169.071858877, 1131.1763524, 143.925399989, 402.206392594, 110.890334162
0.314401786672, 0.132084576708, 0.210226873314, 0.88853899543, 0.0258043358854, 0.666986975018, 0.575972372044, 0.376907370944, 0.711676905091, 0.3870039453, 0.833879664517, 0.542038105914, 0.264464171129, 0.218351434758, 0.41509394622, 0.916056718436, 0.85868810964, 45.7484899533, 58.2143492171, 128.389164871, 6.01065989541, 838.525099048, 291.887534936, 189.494459365, 495.240454298
0.00653641710062, 0.0231797568178, 0.174802370265, 0.0911746077781, 0.0250620243379, 0.00319475596862, 0.599992110083, 0.376907370944, 0.666439423722, 0.628858797435, 0.485087456809, 0.267764585294, 0.64277529254, 0.324081772398, 0.581276183627, 0.131538270843, 0.947080581159, 717.73611983, 987.853272852, 6.12773424428, 48.095521467, 176.221196957, 347.798515715, 46.725312225, 13.1793599628
0.189322551773, 0.0220837973296, 0.00577657759177, 0.0576225311155, 0.113885580117, 0.533870864581, 0.750019036721, 0.376907370944, 0.100729237314, 0.681819016317, 0.781947334786, 0.403861074677, 0.30152493591, 0.763675234969, 0.551240465204, 0.367473555549, 0.744241618861, 230.264314, 555.954250664, 669.450381793, 162.768862394, 83.0236953062, 8.33461272587, 31.876363878, 281.681485674
0.999135162761, 0.064572246858, 0.229521588655, 0.978472934893, 0.191983079587, 0.40020058705, 0.36526434651, 0.104286961449, 0.306021489137, 0.681819016317, 0.415472497637, 0.467527606068, 0.30152493591, 0.430899973653, 0.362593048667, 0.136218541914, 0.77609252689, 0.0242565275261, 0.0156765166654, 0.0209974348021, 0.0111069306409, 1.10546155793, 0.417008413594, 0.12031220786, 874.650044082
0.0155416667966, 0.064572246858, 0.559877696787, 0.455236168889, 0.97167319684, 0.00215569466677, 0.158841865333, 0.118675992542, 0.056724891259, 0.909861825451, 0.278164532822, 0.578263836215, 0.00878955520025, 0.35681401817, 0.792999860232, 0.204430702584, 0.649695754845, 19.6758227601, 5.01375659132, 0.0687547461253, 456.02872539, 396.410582703, 730.524738046, 96.5122764333, 23.2737021043
0.34085424844, 0.0231797568178, 0.500384548431, 0.266204002961, 0.999372931793, 0.455193271233, 0.748234519077, 0.923972002625, 0.635884716369, 0.244774024212, 0.359110074397, 0.107298779197, 0.704425964572, 0.568105413261, 0.508284110531, 0.539128260237, 0.127518542856, 0.184734326928, 0.442513121347, 0.416366235376, 644.736503776, 286.494061404, 706.377064445, 36.3672233155, 592.633938519
0.237777342995, 0.471520068314, 0.1152575857, 0.000156913644748, 0.00657288776642, 0.684812643145, 0.575972372044, 0.561151050569, 0.730018809282, 0.472571016081, 0.885858692589, 0.478322545481, 0.20902101372, 0.0845003304101, 0.594445563242, 0.0303801990829, 0.663805858938, 193.498558315, 246.224359716, 579.975678146, 6.80544276233, 0.16246828791, 120.658829109, 612.682599383, 355.83212879
0.189322551773, 0.112940727484, 0.528132931205, 0.44616961646, 0.0471520499103, 0.168416747705, 0.166754683679, 0.39009713315, 0.22525989745, 0.717753086187, 0.552990837691, 0.415004943857, 0.443363251487, 0.076600457672, 0.792999860232, 0.163466778685, 0.731964166989, 485.153756716, 130.068451612, 136.068354636, 38.6140381842, 440.275390338, 745.919869718, 181.300847791, 314.851619052
0.449798599813, 0.112940727484, 0.629707874357, 0.113763116334, 0.0471520499103, 0.168416747705, 0.166754683679, 0.39009713315, 0.22525989745, 0.717753086187, 0.818342740794, 0.415004943857, 0.443363251487, 0.076600457672, 0.792999860232, 0.163466778685, 0.731964166989, 355.81831968, 95.3939596581, 99.7943695951, 28.3200572861, 69.1273236367, 591.457918393, 126.913861628, 613.818223045
0.503910986116, 0.439258294487, 0.500384548431, 0.432844732092, 0.113885580117, 0.0484398519461, 0.337676949398, 0.303109187596, 0.528082117633, 0.328933746321, 0.931301271923, 0.386790389873, 0.0312409625682, 0.410962708975, 0.516643542181, 0.540015637162, 0.649756394139, 267.590360845, 156.937368192, 23.6497238036, 56.25729166, 255.621060674, 407.062817488, 474.823395912, 755.183079793
0.376114898586, 0.0231797568178, 0.481349903315, 0.470970750557, 0.233122508864, 0.533870864581, 0.138113183203, 0.376907370944, 0.015385333586, 0.511202057339, 0.756473206266, 0.267764585294, 0.571973814722, 0.840095050779, 0.36276469872, 0.540015637162, 0.790520282972, 331.417312151, 73.0498921452, 377.551989848, 194.679758349, 496.254722931, 694.21583992, 36.8581341309, 679.107343152
0.215048410023, 0.153184867348, 0.17435792026, 0.000180726033419, 0.998975179788, 0.298387580056, 0.337676949398, 0.303109187596, 0.635884716369, 0.328933746321, 0.892860241474, 0.549009375335, 0.395535335449, 0.369708219549, 0.0914685030344, 0.677111666748, 0.778890543029, 0.948709526929, 0.556402614296, 0.556888815003, 765.807115845, 0.21740051356, 215.146658103, 195.186035645, 287.700898274
0.00653641710062, 0.0105579392802, 0.0806559558649, 0.0911746077781, 0.0762233737332, 0.00319475596862, 0.599992110083, 0.376907370944, 0.711676905091, 0.867140942767, 0.428515227007, 0.81058446528, 0.346454106643, 0.467926210414, 0.299524132798, 0.540015637162, 0.947080581159, 676.842403018, 931.569367284, 5.77860059758, 138.534276083, 167.249445948, 149.260640214, 19.5925199252, 12.1307056381
0.0526241615967, 0.230965599089, 0.0719276207183, 0.701098600714, 0.488374697394, 0.992740053983, 0.58542213199, 0.243308574636, 0.745864567055, 0.883289216501, 0.97539680296, 0.643792124443, 0.395535335449, 0.478774439055, 0.868592491088, 0.355970629103, 0.0381488760747, 2.92953262901, 3.8438897769, 423.781972557, 408.607094841, 1160.34560131, 147.636753934, 497.087385404, 116.046163707
0.314401786672, 0.132084576708, 0.210226873314, 0.44616961646, 0.0258043358854, 0.220289847075, 0.18163021798, 0.376907370944, 0.711676905091, 0.222199113377, 0.833879664517, 0.542038105914, 0.264464171129, 0.218351434758, 0.50502341316, 0.287405002484, 0.67179908072, 539.110951691, 158.124375522, 202.557353116, 24.2206541283, 504.306687668, 268.063264473, 174.027655508, 454.818233014
0.00117246006861, 0.132084576708, 0.0117794745981, 0.334474727622, 0.0875817077531, 0.164514176013, 0.834598441209, 0.95295149996, 0.711676905091, 0.628858797435, 0.544653463425, 0.803541166747, 0.346454106643, 0.410962708975, 0.55401722817, 0.734082800307, 0.642652861402, 281.881487282, 1060.42074349, 290.033542955, 157.128457079, 664.244675493, 24.5079831766, 278.839061306, 2.49298916841
0.342451344966, 0.0231797568178, 0.233787327548, 0.23096049689, 0.270100925145, 0.685849616469, 0.599992110083, 0.154628461679, 0.324114268141, 0.472571016081, 0.382245508482, 0.615880528156, 0.264464171129, 0.487077437663, 0.594445563242, 0.279009368246, 0.751272020177, 193.278836007, 266.01856232, 611.361335015, 313.566586617, 289.142072803, 313.418828019, 31.7987970174, 521.154682505
0.189322551773, 0.132084576708, 0.100808406067, 0.105687964658, 0.0471520499103, 0.168416747705, 0.166754683679, 0.39009713315, 0.22525989745, 0.717753086187, 0.552990837691, 0.683375939744, 0.443363251487, 0.076600457672, 0.792999860232, 0.677111666748, 0.649695754845, 891.57154858, 239.027997249, 250.054074561, 70.9613753253, 160.67925629, 155.266969812, 207.274550783, 308.382969711
0.00117246006861, 0.112940727484, 0.270975008016, 0.489450360698, 0.0875817077531, 0.164514176013, 0.928451916062, 0.95295149996, 0.711676905091, 0.178696964898, 0.544653463425, 0.803541166747, 0.0687911025694, 0.410962708975, 0.0695716510287, 0.540015637162, 0.642652861402, 86.3972334003, 765.504990707, 203.629510909, 110.318242983, 778.195177397, 507.418660449, 220.329044849, 2.29932427023
0.314401786672, 0.132084576708, 0.210226873314, 0.455236168889, 0.0258043358854, 0.220289847075, 0.575972372044, 0.376907370944, 0.711676905091, 0.222199113377, 0.833879664517, 0.542038105914, 0.264464171129, 0.218351434758, 0.299524132798, 0.287405002484, 0.947080581159, 376.717839296, 479.368474795, 219.812143886, 26.2838836919, 563.272926454, 294.466244493, 191.168567077, 499.615705515
0.0053517460597, 0.00138618510151, 0.701580819951, 0.0593372562147, 0.113885580117, 0.533870864581, 0.800298282658, 0.228516720531, 0.635884716369, 0.681819016317, 0.544653463425, 0.191033603266, 0.30152493591, 0.454467933398, 0.628968770304, 0.55526246995, 0.799026879984, 101.140862839, 311.776545798, 364.645715849, 88.6592493783, 46.5759616342, 988.208172776, 2.4119125195, 9.31207353339
0.0526241615967, 0.141512674858, 0.947961639093, 0.701098600714, 0.0756895690524, 0.992740053983, 0.58542213199, 0.667459474249, 0.745864567055, 0.883289216501, 0.97539680296, 0.643792124443, 0.395535335449, 0.478774439055, 0.868592491088, 0.355970629103, 0.2670184253, 0.32403355054, 0.425169953718, 46.8742269202, 5.59978522887, 93.0525555156, 1273.66172449, 288.840818715, 108.547949772
0.00653641710062, 0.0231797568178, 0.270975008016, 0.0911746077781, 0.0244729599177, 0.00319475596862, 0.599992110083, 0.376907370944, 0.586998848097, 0.628858797435, 0.485087456809, 0.267764585294, 0.64277529254, 0.324081772398, 0.581276183627, 0.131538270843, 0.947080581159, 614.772039411, 846.139067565, 5.248669496, 40.2266497255, 150.935643085, 479.434347761, 42.2955585773, 11.9299019048
0.376114898586, 0.996645626006, 0.149394276001, 0.695980918482, 0.999546454586, 0.40020058705, 0.678869653285, 0.376907370944, 0.161401877018, 0.950616761623, 0.639241050042, 0.68191856135, 0.346454106643, 0.0415622734118, 0.41509394622, 0.916056718436, 0.765146538565, 0.000772200315248, 0.0013987385661, 0.00116159306766, 2.77272192416, 5.35788318079, 1.44228215772, 1177.21121689, 789.583907972
0.314401786672, 0.0604113648079, 0.961924702149, 0.455236168889, 0.0172670692801, 0.220289847075, 0.190627834977, 0.169109321825, 0.309714093582, 0.222199113377, 0.821733525948, 0.789168244595, 0.264464171129, 0.218351434758, 0.525115823155, 0.0883113974681, 0.67179908072, 31.3313651617, 9.67262014939, 11.8221576907, 0.945647177672, 30.280765433, 771.246581136, 73.5385939564, 417.830398572
0.00440770477044, 0.0231797568178, 0.291182037039, 0.40996687595, 0.113885580117, 0.437671461853, 0.166754683679, 0.376907370944, 0.328885813899, 0.883289216501, 0.544653463425, 0.267764585294, 0.346454106643, 0.478774439055, 0.782654920862, 0.540015637162, 0.947080581159, 718.468225082, 192.619449557, 610.789552264, 174.039097703, 734.288204689, 601.980484734, 49.6556146454, 9.44441121262
0.0992176470742, 0.00470124420861, 0.174802370265, 0.000357825034377, 0.759433143395, 0.519452638983, 0.911075860533, 0.376907370944, 0.711676905091, 0.628858797435, 0.544442880473, 0.403861074677, 0.346454106643, 0.954338380528, 0.500321244949, 0.997072070006, 0.610838736958, 30.4958887241, 216.90237763, 232.847818772, 805.321556536, 0.487006452956, 244.074182617, 6.64761995079, 141.443360189
0.251689903134, 0.727511815583, 0.259499899718, 0.000526323686269, 0.137418822121, 0.418547315899, 0.337676949398, 0.376907370944, 0.711676905091, 0.973690057037, 0.382095761287, 0.403861074677, 0.14052542752, 0.218351434758, 0.466212438724, 0.287405002484, 0.67179908072, 207.8892521, 121.923644772, 186.063214379, 66.762428235, 0.257701397361, 134.596263331, 744.192496975, 341.366984343
0.189322551773, 0.112940727484, 0.508298623649, 0.44616961646, 0.0471520499103, 0.168416747705, 0.166754683679, 0.39009713315, 0.22525989745, 0.717753086187, 0.552990837691, 0.415004943857, 0.443363251487, 0.076600457672, 0.792999860232, 0.163466778685, 0.731964166989, 501.42956548, 134.431953317, 140.633139486, 39.9094516328, 455.045631644, 724.289963948, 181.300847791, 314.851619052
0.00117246006861, 0.112940727484, 0.270975008016, 0.489450360698, 0.0875817077531, 0.164514176013, 0.834598441209, 0.95295149996, 0.711676905091, 0.178696964898, 0.544653463425, 0.803541166747, 0.0687911025694, 0.410962708975, 0.41509394622, 0.540015637162, 0.642652861402, 180.539558128, 679.178665847, 185.760789728, 100.63769169, 709.907665499, 462.892095882, 200.994920572, 2.09755595038
0.237777342995, 0.471520068314, 0.110399932544, 0.313779488648, 0.00657288776642, 0.720010019259, 0.345858406831, 0.561151050569, 0.730018809282, 0.472571016081, 0.885858692589, 0.478322545481, 0.20902101372, 0.0845003304101, 0.744825458327, 0.0303801990829, 0.216746235967, 230.377670794, 139.122214756, 571.945455573, 6.52645498041, 339.517729616, 125.695533536, 666.040767909, 386.821340356
0.189322551773, 0.112940727484, 0.528132931205, 0.680968211459, 0.0471520499103, 0.168416747705, 0.166754683679, 0.351292163123, 0.22525989745, 0.717753086187, 0.552990837691, 0.1118546515, 0.396072502946, 0.076600457672, 0.792999860232, 0.163466778685, 0.689825533602, 267.90824674, 71.8254993293, 75.1387242139, 21.323176676, 526.048472638, 655.301492525, 159.275440938, 276.601742714
0.127835214227, 0.112940727484, 0.528132931205, 0.113763116334, 0.0471520499103, 0.168416747705, 0.166754683679, 0.39009713315, 0.22525989745, 0.717753086187, 0.818342740794, 0.415004943857, 0.443363251487, 0.076600457672, 0.792999860232, 0.163466778685, 0.731964166989, 563.34621973, 151.031646169, 157.998556432, 44.837481187, 109.445226108, 672.702916313, 163.504974181, 188.583691309
0.0992176470742, 0.0231797568178, 0.351193045928, 0.0203933625148, 0.219307905052, 0.694962527214, 0.614568742655, 0.541382183461, 0.711676905091, 0.628858797435, 0.571787139736, 0.265343224577, 0.297181653197, 0.257513473397, 0.331849238632, 0.783017034329, 0.610838736958, 218.800413968, 316.119784368, 740.000127334, 299.202312475, 28.390437908, 545.484121111, 37.9133706289, 163.645750428
0.00653641710062, 0.203912599182, 0.0117794745981, 0.171367244639, 0.471230622925, 0.434115171746, 0.166754683679, 0.539476919997, 0.635884716369, 0.717753086187, 0.298223566224, 0.577938054054, 0.410209032114, 0.23116830584, 0.792999860232, 0.677111666748, 0.957887859315, 494.044827469, 132.452124396, 415.239013651, 601.814599328, 246.171105947, 17.1294046942, 307.116771678, 10.0153506176
0.475489044447, 0.132084576708, 0.109322576154, 0.00740138342486, 0.241317472323, 0.470627324502, 0.575972372044, 0.376907370944, 0.569318925215, 0.605773794051, 0.289212756967, 0.683207050052, 0.0475954341823, 0.916508979549, 0.623431418292, 0.229052199911, 0.407497460542, 250.873851827, 319.233662894, 370.176825138, 218.853030985, 6.87617544684, 102.577537878, 126.364817534, 567.935817647
0.251689903134, 0.102712089312, 0.160712467772, 0.115330481626, 0.241317472323, 0.470627324502, 0.345858406831, 0.605453573505, 0.79391997439, 0.222199113377, 0.544653463425, 0.403861074677, 0.0475954341823, 0.218351434758, 0.525115823155, 0.287405002484, 0.67179908072, 436.979628441, 263.886571569, 465.419161198, 275.161455795, 136.201347476, 194.998134672, 127.062246145, 330.093736257
0.00653641710062, 0.0231797568178, 0.603329867177, 0.470970750557, 0.0234740161478, 0.533870864581, 0.750019036721, 0.0187564618326, 0.635884716369, 0.349989538611, 0.921826638874, 0.142674305288, 0.346454106643, 0.637682024041, 0.299524132798, 0.540015637162, 0.106720956808, 147.126738885, 355.22541226, 427.743447551, 21.2170096501, 525.307348359, 1084.39583929, 48.6417927229, 13.7199232065
0.143048922929, 0.0231797568178, 0.352662213273, 0.085210304385, 0.113885580117, 0.513784003466, 0.166754683679, 0.376907370944, 0.711676905091, 0.628858797435, 0.544653463425, 0.267764585294, 0.346454106643, 0.637682024041, 0.299524132798, 0.540015637162, 0.947080581159, 737.956035807, 197.844080576, 797.838984441, 199.74870727, 151.157818414, 700.653719509, 48.5164765312, 304.619375142
0.314401786672, 0.385170930201, 0.0117794745981, 0.266204002961, 0.308917292903, 0.434115171746, 0.575972372044, 0.39009713315, 0.22525989745, 0.328933746321, 0.278164532822, 0.577938054054, 0.0401508294677, 0.23116830584, 0.792999860232, 0.677111666748, 0.957887859315, 305.915508656, 389.273444215, 401.926999603, 336.258313667, 320.348970879, 14.5987272051, 545.645879465, 516.458872495
0.143048922929, 0.236078923848, 0.00577657759177, 0.10836382062, 0.479287640741, 0.512549827976, 0.337676949398, 0.303109187596, 0.635884716369, 0.425513701702, 0.234636786176, 0.211614032554, 0.318616501423, 0.802093451461, 0.476190085644, 0.55526246995, 0.605116751526, 328.617121276, 192.728564635, 396.288052004, 515.052870942, 129.477332431, 6.93571440911, 297.204826745, 187.447483228
0.314401786672, 0.385170930201, 0.0117794745981, 0.266204002961, 0.471230622925, 0.434115171746, 0.575972372044, 0.39009713315, 0.22525989745, 0.328933746321, 0.278164532822, 0.577938054054, 0.0401508294677, 0.23116830584, 0.792999860232, 0.677111666748, 0.957887859315, 255.342961795, 324.9205463, 335.482274027, 486.221486151, 320.348970879, 14.5987272051, 545.645879465, 516.458872495
0.0992176470742, 0.0231797568178, 0.243467068353, 0.0694530102528, 0.0572929406246, 0.205302564717, 0.678869653285, 0.523475286931, 0.161401877018, 0.628858797435, 0.110359859259, 0.578263836215, 0.346454106643, 0.410962708975, 0.41509394622, 0.540015637162, 0.407497460542, 406.801526184, 736.867069575, 281.257324808, 80.0827976572, 97.5985565348, 360.562967175, 35.1949510495, 151.912216726
0.0992176470742, 0.0231797568178, 0.270975008016, 0.0203933625148, 0.538155874217, 0.694962527214, 0.614568742655, 0.621462918156, 0.711676905091, 0.628858797435, 0.571787139736, 0.265343224577, 0.297181653197, 0.257513473397, 0.331849238632, 0.783017034329, 0.610838736958, 148.285623212, 214.240998838, 501.51358523, 637.314897422, 27.2959463908, 386.375144404, 34.0859027503, 147.125223689
0.143048922929, 0.153184867348, 0.215371153332, 0.000480718634819, 0.998975179788, 0.298387580056, 0.337676949398, 0.303109187596, 0.635884716369, 0.328933746321, 0.257602726421, 0.211614032554, 0.318616501423, 0.0239018983905, 0.0914685030344, 0.55526246995, 0.988579983671, 1.08629795415, 0.637095975571, 0.637652688472, 876.86976846, 0.662135049203, 308.509616552, 228.091909305, 218.763160108
0.0896852133443, 0.0231797568178, 0.481349903315, 0.470970750557, 0.233122508864, 0.533870864581, 0.138113183203, 0.376907370944, 0.015385333586, 0.511202057339, 0.756473206266, 0.267764585294, 0.571973814722, 0.840095050779, 0.558565305219, 0.540015637162, 0.790520282972, 399.902533384, 88.1451748635, 455.570640666, 234.90905788, 598.802517636, 837.67100547, 44.4746266243, 173.263340499
0.237777342995, 0.471520068314, 0.1152575857, 0.000156913644748, 0.00657288776642, 0.684812643145, 0.345858406831, 0.561151050569, 0.730018809282, 0.472571016081, 0.885858692589, 0.478322545481, 0.20902101372, 0.0845003304101, 0.744825458327, 0.0303801990829, 0.67179908072, 309.13834615, 186.684808619, 668.827569269, 7.8480321021, 0.187358322393, 139.143682096, 706.545169253, 410.345376081
0.111484220878, 0.0220837973296, 0.424889063401, 0.105687964658, 0.113885580117, 0.533870864581, 0.750019036721, 0.376907370944, 0.100729237314, 0.681819016317, 0.544653463425, 0.267764585294, 0.30152493591, 0.763675234969, 0.41509394622, 0.367473555549, 0.790520282972, 173.533383363, 418.982083834, 504.515822394, 122.666994753, 115.509861684, 550.841095297, 30.8840089555, 157.554902672
0.0992176470742, 0.0231797568178, 0.270975008016, 0.0694530102528, 0.113885580117, 0.205302564717, 0.678869653285, 0.605453573505, 0.161401877018, 0.628858797435, 0.110359859259, 0.403861074677, 0.346454106643, 0.410962708975, 0.41509394622, 0.540015637162, 0.407497460542, 330.086093377, 597.90722669, 228.217264695, 130.210045004, 80.1518374512, 333.741208944, 29.4425522878, 127.08309717
0.189322551773, 0.112940727484, 0.221037084197, 0.0576225311155, 0.0166944874297, 0.152084579311, 0.166754683679, 0.39009713315, 0.22525989745, 0.69672802756, 0.189547358258, 0.415004943857, 0.443363251487, 0.076600457672, 0.299524132798, 0.677111666748, 0.649695754845, 665.033640998, 178.293777503, 167.68513822, 18.5874931834, 64.3395650942, 257.57504123, 135.718883376, 235.692831487
0.00653641710062, 0.0231797568178, 0.481349903315, 0.470970750557, 0.113885580117, 0.533870864581, 0.138113183203, 0.376907370944, 0.015385333586, 0.511202057339, 0.756473206266, 0.267764585294, 0.571973814722, 0.840095050779, 0.36276469872, 0.540015637162, 0.790520282972, 420.553864689, 92.6970720311, 479.096723768, 116.486644605, 597.509122934, 835.861662309, 44.3785628224, 12.5174349023
0.00653641710062, 0.203912599182, 0.0117794745981, 0.171367244639, 0.883464306882, 0.434115171746, 0.166754683679, 0.509875788128, 0.635884716369, 0.717753086187, 0.298223566224, 0.577938054054, 0.410209032114, 0.23116830584, 0.982483813355, 0.677111666748, 0.957887859315, 109.24850852, 29.2892390248, 91.822118963, 786.95459494, 220.793013567, 15.3635125799, 275.45571311, 8.98285538542
0.189322551773, 0.0220837973296, 0.221037084197, 0.0576225311155, 0.113885580117, 0.533870864581, 0.750019036721, 0.376907370944, 0.100729237314, 0.681819016317, 0.544653463425, 0.267764585294, 0.30152493591, 0.763675234969, 0.299524132798, 0.367473555549, 0.790520282972, 195.058523887, 470.952765539, 567.096138432, 137.88265095, 70.3299576594, 281.556795065, 28.7150755634, 253.746166812
0.163642034557, 0.355487620618, 0.0117794745981, 0.266204002961, 0.471230622925, 0.434115171746, 0.166754683679, 0.39009713315, 0.22525989745, 0.717753086187, 0.278164532822, 0.577938054054, 0.7781669126, 0.415278011811, 0.792999860232, 0.677111666748, 0.936821044786, 325.465824848, 87.2565352833, 273.550294575, 396.462171215, 261.210687225, 11.903717235, 401.927461053, 199.407884705
0.237777342995, 0.471520068314, 0.0482250570596, 0.000156913644748, 0.00657288776642, 0.753886160183, 0.345858406831, 0.561151050569, 0.730018809282, 0.472571016081, 0.833879664517, 0.478322545481, 0.20902101372, 0.0143271797726, 0.744825458327, 0.0303801990829, 0.67179908072, 273.592649528, 165.219203806, 785.127732919, 8.75241382773, 0.208948886845, 64.3404254153, 777.315702298, 451.447293214
0.61044035329, 0.0231797568178, 0.119464626666, 0.0694530102528, 0.0790260984969, 0.582452060411, 0.836888341037, 0.303109187596, 0.62613356636, 0.628858797435, 0.0596351423556, 0.403861074677, 0.12260789331, 0.410962708975, 0.476190085644, 0.540015637162, 0.610838736958, 74.5205255594, 284.458853036, 382.127491826, 60.1634581156, 53.2227185029, 92.8212135226, 18.1242756021, 709.459421811
0.0992176470742, 0.00470124420861, 0.947961639093, 0.000357825034377, 0.759433143395, 0.519452638983, 0.678869653285, 0.376907370944, 0.711676905091, 0.628858797435, 0.544442880473, 0.403861074677, 0.346454106643, 0.954338380528, 0.819448056372, 0.997072070006, 0.610838736958, 9.72909353647, 17.6229639822, 21.399562797, 74.0119847878, 0.0447576671644, 971.996261825, 7.20207615294, 153.240687487
0.00440770477044, 0.0231797568178, 0.352662213273, 0.40996687595, 0.113885580117, 0.437671461853, 0.166754683679, 0.612368223427, 0.711676905091, 0.628858797435, 0.591210597674, 0.267764585294, 0.346454106643, 0.147132000613, 0.525115823155, 0.540015637162, 0.67179908072, 582.824343839, 156.253680232, 495.474966873, 141.181223302, 595.657575584, 613.7036931, 42.4956579753, 8.08259995442
0.143048922929, 0.238519840244, 0.500384548431, 0.455236168889, 0.500412843587, 0.0219625988774, 0.181531318706, 0.303109187596, 0.711676905091, 0.215822459165, 0.497565309479, 0.211614032554, 0.318616501423, 0.369708219549, 0.536832299133, 0.55526246995, 0.605116751526, 227.350973497, 66.6450061138, 8.17661510535, 237.366470817, 291.323750742, 444.844695504, 247.24072384, 154.413514278
0.0992176470742, 0.0231797568178, 0.174802370265, 0.0694530102528, 0.113885580117, 0.205302564717, 0.678869653285, 0.605453573505, 0.161401877018, 0.628858797435, 0.110359859259, 0.403861074677, 0.346454106643, 0.410962708975, 0.41509394622, 0.540015637162, 0.407497460542, 348.847903949, 631.891760883, 241.188938375, 137.611072336, 84.7075991796, 219.154789919, 29.4425522878, 127.08309717
0.00117246006861, 0.342284073742, 0.00577657759177, 0.10836382062, 0.479287640741, 0.512549827976, 0.337676949398, 0.303109187596, 0.635884716369, 0.425513701702, 0.234636786176, 0.211614032554, 0.318616501423, 0.802093451461, 0.476190085644, 0.55526246995, 0.605116751526, 310.64648403, 182.189079934, 374.616786673, 486.886875603, 122.396781777, 6.55643043508, 430.836301775, 1.54936458668
0.475489044447, 0.379582012476, 0.188916885464, 0.000357825034377, 0.0574186402523, 0.418547315899, 0.592656731383, 0.199389348146, 0.730018809282, 0.374077067641, 0.0578447985191, 0.683207050052, 0.0133848289051, 0.419782375164, 0.594445563242, 0.0470391755214, 0.905980358109, 243.273852969, 326.842235236, 314.556992958, 46.5519615801, 0.290499121887, 158.038018905, 366.777908078, 604.709841207
0.237777342995, 0.471520068314, 0.1152575857, 0.819558717118, 0.00657288776642, 0.684812643145, 0.345858406831, 0.561151050569, 0.730018809282, 0.472571016081, 0.885858692589, 0.478322545481, 0.20902101372, 0.0845003304101, 0.744825458327, 0.0303801990829, 0.216746235967, 81.4965029907, 49.2147262009, 176.319465631, 2.06893508892, 687.970455541, 131.166935825, 666.040767909, 386.821340356
0.0992176470742, 0.0231797568178, 0.270975008016, 0.0694530102528, 0.270100925145, 0.205302564717, 0.910528669563, 0.933547542193, 0.161401877018, 0.628858797435, 0.579159092766, 0.562815672846, 0.207406338595, 0.487077437663, 0.41509394622, 0.540015637162, 0.407497460542, 109.699294296, 775.402930386, 261.683712367, 372.970387432, 99.2374635834, 413.211126807, 36.4533653048, 157.343919098
