0.132679576787, 0.0167038829904, 0.00699249247445, 5.49720048371e-07, 0.151841431417, 0.0169801476794, 0.945807061377, 0.045651408292, 0.412896070285, 0.0499956303608, 0.498672222896, 0.231080765018, 0.520694195607, 0.046393798577, 0.966363142235, 0.523314837338, 0.340031456158, 109.251189034, 1280.30306691, 34.2809288739, 312.535512702, 0.00114228949629, 14.5306178243, 34.7198567149, 279.876794186
0.999999890611, 0.096562730592, 0.0162170369433, 0.00782442466033, 0.0250620243379, 0.995933561327, 0.0477153193159, 0.0225007869896, 0.181343810367, 0.161347993805, 0.442715808633, 0.577938054054, 0.0278316717592, 0.0785124096796, 0.835319779997, 0.903521267382, 0.0105917734146, 1.19994577781e-06, 9.01059854426e-08, 0.000188383392883, 7.42013718353e-06, 2.31729994969e-06, 4.80403576864e-06, 2.88296803059e-05, 1110.41471036
0.999999913185, 0.989858072538, 0.999495798568, 0.734971147959, 0.999980257458, 0.0169801476794, 0.00620966696794, 0.962656290488, 0.693370719243, 0.0475335035134, 0.215033174074, 0.104606942665, 0.520694195607, 0.78887539053, 0.201349866911, 0.288939002909, 0.81236407119, 1.45316882395e-14, 1.41748356361e-16, 3.87704710269e-16, 4.68779148378e-10, 1.06022757103e-09, 1.4636901694e-06, 9.18696734301e-05, 673.770647838
0.0944875131865, 0.00693216371117, 0.0204340446008, 0.180777754715, 0.0425988482051, 0.109619226367, 0.180407198114, 0.0162156771261, 0.674381406597, 0.0499956303608, 0.360686989513, 0.948022636063, 0.913036667294, 0.23116830584, 0.126812388409, 0.927132209615, 0.0267718270839, 1238.39790682, 360.646980431, 224.318790047, 87.7351952574, 382.950936672, 43.8888371482, 14.8922489859, 204.49370905
0.0119882481215, 0.0019759849131, 0.976016029811, 0.332526804155, 0.907583754784, 0.40020058705, 0.180407198114, 0.121079373301, 0.394082128274, 0.873363633045, 0.0392294385411, 0.532100128078, 0.76840633055, 0.0779565819892, 0.861261940097, 0.359435637342, 0.570852976477, 4.81238198854, 1.40146476612, 3.64406060781, 42.3881673876, 24.6606574668, 1311.42221455, 4.07338732402, 24.7160942621
3.0408259486e-06, 0.393431925977, 0.87952817189, 0.180777754715, 0.36692981771, 0.434115171746, 0.634870022683, 0.00284644768882, 0.0874859685371, 0.896864020902, 0.360686989513, 0.879647525808, 0.913036667294, 0.526805880541, 0.126812388409, 0.970549920466, 0.00473100627083, 42.6964562803, 66.095514382, 63.8794368829, 65.878205475, 35.2792682829, 657.466864746, 475.886112074, 0.00392310950234
0.999999851659, 0.995166915385, 0.999059180498, 0.00201417867837, 0.00562470699386, 0.0169801476794, 0.00197783887374, 0.191183240939, 0.318875809321, 0.161347993805, 0.305390352433, 0.380912058445, 0.290448598987, 0.70643862863, 0.299524132798, 0.359435637342, 0.81236407119, 1.60593527308e-09, 4.9893069128e-12, 4.28444407207e-11, 1.41943567005e-11, 5.08300930451e-12, 1.08711941858e-06, 0.000143194094752, 614.55061503
0.0056369565947, 0.0576513987233, 0.037763659376, 0.0270241307477, 0.95179063231, 0.325745424592, 0.362228562557, 0.0162156771261, 0.898765708097, 0.0475335035134, 0.326770740103, 0.844542492174, 0.346454106643, 0.244822801235, 0.55401722817, 0.970549920466, 0.229541238714, 83.4041954805, 53.3403786761, 55.5963328603, 1496.52655964, 63.7475431332, 89.2125671139, 136.648859618, 13.3796873291
0.999999913185, 0.989858072538, 0.999495798568, 0.0315251573974, 0.999980257458, 0.00319475596862, 0.00620966696794, 0.962656290488, 0.693370719243, 0.0475335035134, 0.215033174074, 0.104606942665, 0.0251977520263, 0.909729460057, 0.367904160842, 0.288939002909, 0.81236407119, 4.59834429278e-14, 4.4854234053e-16, 2.30772129928e-16, 1.48287542341e-09, 7.34914815276e-11, 1.87462035699e-06, 0.000117662032309, 862.931376316
0.999999890611, 0.000258256178144, 0.0204666324216, 0.915265674955, 0.0494104919292, 0.191036608317, 0.896046252331, 0.103465842014, 0.433409279515, 0.477578503097, 0.443772626725, 0.403617604935, 0.010107817941, 0.0523822463134, 0.111728953644, 0.608660519692, 0.499175905645, 2.71477846324e-06, 1.64774578061e-05, 5.16724818288e-06, 1.35947970531e-06, 0.000130952944836, 4.2490273206e-06, 5.36251711093e-08, 769.318763022
0.000529878764303, 0.974483488728, 0.800851511241, 5.49720048371e-07, 0.907583754784, 0.79970221191, 0.735141037151, 0.677452148248, 0.0713379722645, 0.0499956303608, 0.563851997836, 0.079402047792, 0.720419959124, 0.0515146075872, 0.829781997228, 0.359435637342, 0.357138582204, 0.338920603196, 0.767082753567, 2.576904206, 18.5363414813, 1.61762439274e-05, 57.9189109107, 1517.93062293, 1.26443746826
0.00654962710365, 0.00100205699841, 0.00096977134981, 0.716159444803, 0.0157486582246, 0.109773084141, 0.450622913559, 0.042398429338, 0.277950455919, 0.638706550649, 0.572805372234, 0.646022963638, 0.0322066010265, 0.645992678332, 0.0704783425483, 0.969651844776, 0.525037171534, 501.657443003, 429.305557465, 114.993983359, 16.5830977647, 1402.68613225, 2.36824718588, 2.44709388938, 15.9952224405
0.999999770056, 0.998769597211, 0.0103523246246, 0.915265674955, 0.00931921198066, 0.150003564775, 0.180097527813, 0.00536457236118, 0.898070420695, 0.917228468206, 0.714008918061, 0.267764585294, 0.76840633055, 0.487077437663, 0.299524132798, 0.269698698288, 0.260416853457, 7.04087713166e-08, 2.04673363355e-08, 1.76038021195e-08, 1.103929111e-09, 5.63252479296e-07, 9.24181952808e-09, 0.0002940702835, 814.160053754
0.0944875131865, 0.0125686505833, 0.0085275525486, 5.49720048371e-07, 0.0304342944424, 0.560616844207, 0.945807061377, 0.325739235755, 0.852294740357, 0.0475335035134, 0.133465289336, 0.231080765018, 0.333830772962, 0.046393798577, 0.799491725121, 0.359435637342, 0.538753743494, 85.0879940998, 997.137154899, 1212.10151724, 75.201283272, 0.00135884220266, 21.0803506556, 31.0750258002, 235.359075856
0.999999851659, 0.99857739181, 0.999059180498, 5.49720048371e-07, 0.624490776949, 0.00114705122164, 0.546578035865, 0.191183240939, 0.0696378260177, 0.13608617717, 0.305390352433, 0.928643601918, 0.290448598987, 0.70643862863, 0.299524132798, 0.100009459419, 0.736983825018, 2.0511337415e-10, 2.37559259284e-10, 5.65502170098e-13, 4.68907812088e-10, 4.87230937254e-16, 3.81809648401e-07, 0.000170860419654, 733.267753941
0.144838514635, 0.319984802214, 0.424670548434, 0.775744525028, 0.0267824724259, 0.683837409619, 0.598263163758, 0.135253331262, 0.263480165549, 0.957447455573, 0.885858692589, 0.941999680395, 0.322447863608, 0.0845003304101, 0.21128295639, 0.0508556597384, 0.968256824194, 89.6339131283, 122.665338482, 280.339055873, 13.4222533742, 868.195805583, 728.43113285, 647.234318684, 311.060168272
0.148660932803, 0.132215518413, 0.00276024245861, 0.541650554502, 0.17939089924, 0.124682915452, 0.0477153193159, 0.112096999735, 0.0696378260177, 0.939714349069, 0.556756659885, 0.93494224149, 0.846863283135, 0.850248470305, 0.923569862083, 0.173488241798, 0.306052183954, 840.687838024, 63.1286908924, 167.257536082, 248.812299514, 1020.24428191, 5.88380570404, 285.958208015, 329.867492304
0.0486488633545, 0.0289056186644, 0.650044065526, 0.0078373352445, 0.00675407098953, 0.683837409619, 0.620385836066, 0.0291230314575, 0.0283410847489, 0.117464570347, 0.498672222896, 0.947819880196, 0.0401508294677, 0.0845003304101, 0.66206381046, 0.596482550574, 0.731964166989, 162.943532229, 240.076983672, 535.402033199, 6.46095581695, 7.49772767634, 994.03229631, 52.9684208046, 89.3517811362
0.110059255351, 0.0321529576347, 0.18078968168, 0.0100736187474, 0.36692981771, 0.109619226367, 0.00765682663353, 0.135253331262, 0.610570552273, 0.97963647232, 0.278164532822, 0.577938054054, 0.465896571851, 0.382260971402, 0.835319779997, 0.677111666748, 0.046591135873, 896.941749421, 10.7883212968, 155.999917587, 591.801785376, 17.1843390856, 316.984995169, 57.1884947, 197.813569256
0.999999851659, 0.995166915385, 0.999059180498, 5.49720048371e-07, 0.999980257458, 0.0169801476794, 0.329889996365, 0.191183240939, 0.803675306494, 0.122780393047, 0.305390352433, 0.928643601918, 0.290448598987, 0.70643862863, 0.299524132798, 0.100009459419, 0.81236407119, 2.68194323191e-14, 1.5291392783e-14, 8.23636432705e-16, 9.95870246787e-10, 8.59932198559e-16, 6.7387020256e-07, 8.87613927107e-05, 380.94007002
0.0573866640473, 0.174323053886, 0.207082822339, 0.845877589816, 0.871649941164, 0.79970221191, 0.735141037151, 0.045651408292, 0.266224889851, 0.0499956303608, 0.725307743722, 0.305424411614, 0.379882646877, 0.850248470305, 0.829781997228, 0.659917498847, 0.50650250132, 7.24724044557, 16.4027595382, 55.1027119921, 283.51497424, 1171.85694347, 407.098267677, 357.803491807, 119.596974868
0.0944875131865, 0.0125686505833, 0.0127963557921, 5.49720048371e-07, 0.606889546057, 0.514724490481, 0.945807061377, 0.045651408292, 0.852294740357, 0.0499956303608, 0.458171030628, 0.231080765018, 0.753487733326, 0.046393798577, 0.799491725121, 0.359435637342, 0.765146538565, 59.2309920425, 694.121697331, 729.638909475, 1420.57860404, 0.001504502821, 35.0264587807, 34.4099668309, 260.617579069
0.0830037498192, 0.132215518413, 0.00276024245861, 0.164907433714, 0.00662669767266, 0.269517214391, 0.678869653285, 0.112096999735, 0.0696378260177, 0.939714349069, 0.298223566224, 0.93494224149, 0.846863283135, 0.850248470305, 0.868592491088, 0.173488241798, 0.306052183954, 529.990574466, 960.007709834, 494.127577603, 12.5203649739, 318.740014983, 5.39528080054, 262.215461738, 166.75192072
0.0944875131865, 0.0167038829904, 0.321441156035, 5.49720048371e-07, 0.606889546057, 0.636706823594, 0.945807061377, 0.723179445571, 0.852294740357, 0.0499956303608, 0.458171030628, 0.149178274176, 0.520694195607, 0.046393798577, 0.799491725121, 0.381789344669, 0.765146538565, 33.3898872145, 391.292537705, 611.800695652, 1023.74319242, 0.00108422336969, 693.987587207, 37.6513125424, 214.581563814
0.110059255351, 0.0321529576347, 0.204347553047, 0.0100736187474, 0.213323870377, 0.109773084141, 0.0424870702272, 0.839096380803, 0.610570552273, 0.996596348953, 0.278164532822, 0.577938054054, 0.0245901037638, 0.465686755084, 0.408825525904, 0.306568760526, 0.573695281603, 709.55978756, 47.4254122496, 123.853125699, 251.361875255, 12.0959435765, 254.17144542, 40.7222095858, 140.857101912
0.0471346314969, 0.115886454734, 0.263760211003, 0.534328908995, 0.213187934223, 0.587180801629, 0.606691630677, 0.562919995992, 0.277950455919, 0.907485233852, 0.572805372234, 0.780624581577, 0.88521973302, 0.296839770527, 0.463765167158, 0.677111666748, 0.957887859315, 197.473626477, 277.895464073, 449.890379026, 196.423689195, 665.867140487, 393.485251781, 179.921478198, 73.7201446239
0.0573866640473, 0.974483488728, 0.771278826478, 5.49720048371e-07, 0.907583754784, 0.79970221191, 0.735141037151, 0.045651408292, 0.125448785183, 0.0499956303608, 0.458171030628, 0.305424411614, 0.520694195607, 0.850248470305, 0.829781997228, 0.359435637342, 0.50650250132, 0.34804359961, 0.787730932357, 2.64626879349, 19.0352989813, 1.66116727976e-05, 51.2218950562, 1364.38003866, 123.422320838
0.132679576787, 0.132215518413, 0.00276024245861, 0.289963393067, 0.548974711091, 0.269517214391, 0.0477153193159, 0.112096999735, 0.0696378260177, 0.939714349069, 0.498672222896, 0.93494224149, 0.846863283135, 0.850248470305, 0.868592491088, 0.173488241798, 0.306052183954, 650.089496187, 48.8163346738, 293.758088463, 834.48810438, 538.285564738, 5.30567828423, 257.860699483, 264.475734639
0.00708897898023, 0.0105579392802, 0.0127963557921, 0.0911746077781, 0.0250620243379, 0.109773084141, 0.89855156229, 0.042398429338, 0.417950743395, 0.511653201383, 0.572805372234, 0.577938054054, 0.0322066010265, 0.465686755084, 0.261403044424, 0.76458473383, 0.525037171534, 194.880430625, 1212.56463773, 213.891093984, 49.1011502636, 179.905804273, 25.3397150844, 20.9104627799, 14.0412584169
0.00708897898023, 0.0105579392802, 0.0127963557921, 0.0528188936916, 0.809700125473, 0.0170977853619, 0.340956327702, 0.454155762482, 0.417950743395, 0.00778168466661, 0.809589884716, 0.354376123414, 0.0322066010265, 0.465686755084, 0.261403044424, 0.76458473383, 0.490725513959, 303.540437892, 180.129318473, 9.48187466405, 1145.81959015, 99.7063156551, 24.1866955819, 19.958985176, 13.4023465452
0.0573866640473, 0.174323053886, 0.771278826478, 5.49720048371e-07, 0.871649941164, 0.79970221191, 0.735141037151, 0.045651408292, 0.417950743395, 0.0499956303608, 0.725307743722, 0.305424411614, 0.352236855061, 0.850248470305, 0.829781997228, 0.659917498847, 0.50650250132, 11.4695404658, 25.959137921, 87.2059909856, 448.693056911, 0.000395455579048, 1219.38256407, 365.861570035, 122.290413589
0.000243379149376, 0.528986373933, 0.0127963557921, 0.0315251573974, 0.149306441051, 0.491021622273, 0.678869653285, 0.723179445571, 0.233791356397, 0.8113054954, 0.00445743353249, 0.14724569352, 0.403899314903, 0.0515146075872, 0.372983793846, 0.627316068579, 0.765146538565, 260.132223349, 471.195058975, 523.260446409, 179.353546732, 38.250098226, 15.5345115613, 846.688692688, 0.438270334118
0.0921246744431, 0.271911085846, 0.424670548434, 0.579362221894, 0.0275894407019, 0.164514176013, 0.495633152159, 0.135253331262, 0.406803339971, 0.940704802391, 0.70792224169, 0.790159751233, 0.346454106643, 0.0845003304101, 0.601392146183, 0.224361336833, 0.887462639339, 251.091884223, 247.670604907, 93.2251577482, 15.8193708145, 469.766346382, 468.550828444, 344.688446999, 121.257341374
0.000243379149376, 0.174323053886, 0.0127963557921, 0.0315251573974, 0.222730098453, 0.192642019728, 0.210497163527, 0.723179445571, 0.233791356397, 0.939714349069, 0.146107476487, 0.642292101758, 0.403899314903, 0.0515146075872, 0.108024113312, 0.173488241798, 0.765146538565, 1133.36165957, 389.025534307, 374.086342862, 458.0280176, 66.224999525, 26.8959576179, 375.866262708, 0.531377086028
0.00654962710365, 0.00924064683396, 0.00096977134981, 0.716159444803, 0.0250620243379, 0.109773084141, 0.450622913559, 0.042398429338, 0.277950455919, 0.511653201383, 0.572805372234, 0.646022963638, 0.0322066010265, 0.645992678332, 0.0704783425483, 0.969651844776, 0.525037171534, 452.307109749, 387.072809553, 103.68150015, 23.8012757969, 1265.29087602, 2.13627374475, 20.3573196429, 14.4299681168
0.0573866640473, 0.271544397016, 0.424670548434, 0.579362221894, 0.513454751013, 0.291353062338, 0.272200754926, 0.135253331262, 0.610570552273, 0.940704802391, 0.903082578617, 0.520823569328, 0.901014313175, 0.046393798577, 0.776335971056, 0.622485958715, 0.765146538565, 265.797189912, 121.119933907, 143.865375762, 339.662306598, 605.33321995, 603.766923444, 443.481523648, 96.8889098889
0.999999890611, 0.0193334644533, 0.0204666324216, 0.00782442466033, 0.0494104919292, 0.105075485346, 0.896046252331, 0.103465842014, 0.433409279515, 0.477578503097, 0.443772626725, 0.473026302221, 0.010107817941, 0.0523822463134, 0.460461988743, 0.608660519692, 0.499175905645, 2.7895946757e-05, 0.00016931557837, 2.85826858991e-05, 1.35290636134e-05, 2.14466248639e-06, 5.61194652494e-06, 5.30377599658e-06, 1016.55431716
0.0830037498192, 0.132215518413, 0.00276024245861, 0.164907433714, 0.00662669767266, 0.0767665285693, 0.678869653285, 0.112096999735, 0.0696378260177, 0.939714349069, 0.298223566224, 0.93494224149, 0.846863283135, 0.850248470305, 0.868592491088, 0.173488241798, 0.306052183954, 577.090415384, 1045.32283163, 144.68484733, 12.5203649739, 318.740014983, 5.39528080054, 262.215461738, 166.75192072
0.000106582380019, 0.132215518413, 0.0947415643107, 0.0586679470735, 0.128239972676, 0.804125421784, 0.731851940278, 0.765539843604, 0.263480165549, 0.790828316505, 0.563851997836, 0.83258821363, 0.047347575664, 0.894256480174, 0.476159337991, 0.879606085655, 0.969039176662, 147.368417011, 328.932806952, 1134.26635736, 243.040210794, 112.260913368, 182.896731422, 259.932012058, 0.211051911426
0.0486488633545, 0.528986373933, 0.0747971508967, 0.0078373352445, 0.00790288875644, 0.683837409619, 0.30821823241, 0.135253331262, 0.0283410847489, 0.930450618014, 0.240343239683, 0.947819880196, 0.0401508294677, 0.0845003304101, 0.884845356857, 0.596482550574, 0.731964166989, 379.763711087, 199.715694971, 791.755391739, 11.1798003287, 11.0879101496, 106.311958122, 993.527561235, 102.999251436
0.145938874271, 0.201269107707, 0.0127963557921, 0.432844732092, 0.809700125473, 0.703127005424, 0.819834670721, 0.0928494992673, 0.0683097754436, 0.0412393299278, 0.991307647423, 0.149178274176, 0.850034842602, 0.771524216685, 0.67021931616, 0.902255304153, 0.444960246498, 35.3959036819, 121.715507229, 251.826432686, 914.891629798, 774.027441429, 24.7492002227, 402.808007889, 302.310525241
0.148660932803, 0.132215518413, 0.00276024245861, 0.332209155213, 0.17939089924, 0.269517214391, 0.0477153193159, 0.112096999735, 0.0696378260177, 0.939714349069, 0.556756659885, 0.93494224149, 0.846863283135, 0.94901161563, 0.903269838947, 0.173488241798, 0.293751553893, 968.315532268, 72.7124732369, 437.555938769, 308.327134032, 637.559409219, 5.5456379269, 269.52295226, 310.908579955
0.00653641710062, 0.0137027222684, 0.673904339827, 0.0315251573974, 0.325694061531, 0.291353062338, 0.306300293191, 0.835705415573, 0.552847403187, 0.940704802391, 0.809589884716, 0.790159751233, 0.00164494105011, 0.850248470305, 0.936968892679, 0.224361336833, 0.881908066587, 417.867226353, 218.14959169, 232.171934789, 295.023597269, 29.8656771069, 1073.03140137, 26.5009978414, 12.6428191278
0.000529878764303, 0.0105579392802, 0.0312276366967, 0.0688810709286, 0.36692981771, 0.000914257846157, 0.981955411809, 0.886652427334, 0.438582151142, 0.790828316505, 0.563851997836, 0.646022963638, 0.188876446675, 0.526805880541, 0.789839774474, 0.391177347886, 0.357138582204, 23.4558332389, 827.308881654, 1.18858717186, 537.963635521, 107.222763536, 48.7441432742, 16.4883226546, 0.827549233784
0.0944875131865, 0.33661943781, 0.455984039333, 5.49720048371e-07, 0.32542399158, 0.636706823594, 0.945807061377, 0.723179445571, 0.852294740357, 0.0346205601203, 0.458171030628, 0.231080765018, 0.520694195607, 0.879530067855, 0.867229061064, 0.359435637342, 0.765146538565, 38.3464432331, 449.377890624, 702.619343847, 468.306204769, 0.000826614361636, 833.287467395, 741.510112811, 219.779427692
0.00708897898023, 0.0105579392802, 0.000299542163822, 0.0528188936916, 0.809700125473, 0.109773084141, 0.606691630677, 0.454155762482, 0.417950743395, 0.00778168466661, 0.572805372234, 0.14724569352, 0.0322066010265, 0.465686755084, 0.261403044424, 0.76458473383, 0.490725513959, 218.223644824, 307.096001284, 65.6124769746, 1240.95061078, 107.984375878, 0.613095298588, 21.611704365, 14.5121382063
0.000243379149376, 0.00933110579169, 0.113883656516, 0.228296193304, 0.085235829878, 0.59189204965, 0.452117342198, 0.135253331262, 0.406803339971, 0.569315315693, 0.737449612109, 0.300553511841, 0.346454106643, 0.825426706037, 0.861261940097, 0.76458473383, 0.887462639339, 502.815930747, 432.345828552, 888.700305378, 149.354560647, 419.362420256, 216.05697067, 17.7987652608, 0.464254051613
0.00708897898023, 0.0105579392802, 0.0127963557921, 0.0911746077781, 0.241317472323, 0.683837409619, 0.89855156229, 0.042398429338, 0.417950743395, 0.543820375847, 0.572805372234, 0.577938054054, 0.0322066010265, 0.465686755084, 0.261403044424, 0.879606085655, 0.525037171534, 93.5424960995, 582.030337943, 1087.77587388, 492.822710071, 192.04813691, 27.0499614589, 22.3217668549, 14.9889411837
0.123173775137, 0.989858072538, 0.00699249247445, 5.49720048371e-07, 0.151841431417, 0.0169801476794, 0.945807061377, 0.045651408292, 0.412896070285, 0.0499956303608, 0.498672222896, 0.231080765018, 0.010107817941, 0.0240899995425, 0.966363142235, 0.523314837338, 0.340031456158, 1.57730033473, 18.4842148982, 0.494926609638, 4.51219225308, 1.6491661288e-05, 0.209783971787, 1198.81462296, 234.915874717
0.00653641710062, 0.0840630494078, 0.00936411369546, 0.0165860636297, 0.270100925145, 0.383588191248, 0.00156387409639, 0.135253331262, 0.644527830904, 0.0412393299278, 0.0760382380753, 0.00373066192571, 0.0909972128612, 0.788939641595, 0.868592491088, 0.359435637342, 0.335515562564, 953.200981304, 2.34156931116, 655.680860291, 522.600202095, 33.0821410661, 18.6808836402, 168.688701734, 13.1552370405
0.145938874271, 0.345817316931, 0.100083103618, 0.432844732092, 0.00656398018248, 0.109773084141, 0.6432427715, 0.330726016865, 0.0149413612174, 0.0664571896304, 0.27935735721, 0.520823569328, 0.010107817941, 0.0130779883586, 0.155188572224, 0.76458473383, 0.575088630248, 368.447867528, 587.170660966, 120.727793823, 7.25518176191, 568.926840078, 143.441838463, 553.195149891, 249.733748024
0.132679576787, 0.0167038829904, 0.459432708003, 0.00782442466033, 0.502457486841, 0.0128809695145, 0.945807061377, 0.045651408292, 0.412896070285, 0.0499956303608, 0.498672222896, 0.231080765018, 0.0278316717592, 0.046393798577, 0.966363142235, 0.523314837338, 0.0105917734146, 56.3122792775, 659.917612805, 13.4027176971, 667.585728633, 11.5596899873, 827.723587873, 32.8817840226, 265.060088668
3.0408259486e-06, 0.0105579392802, 0.22460361068, 0.180777754715, 0.36692981771, 0.434115171746, 0.797670621689, 0.0162156771261, 0.0874859685371, 0.896864020902, 0.360686989513, 0.925061410723, 0.913036667294, 0.526805880541, 0.126812388409, 0.970549920466, 0.0267718270839, 183.843019504, 558.84467575, 477.599440409, 492.543384934, 263.76811713, 346.663464998, 16.6401644785, 0.00479280683247
0.000243379149376, 0.174323053886, 0.0127963557921, 0.0315251573974, 0.443866691573, 0.192642019728, 0.678869653285, 0.723179445571, 0.233791356397, 0.939714349069, 0.298223566224, 0.14724569352, 0.403899314903, 0.850248470305, 0.108024113312, 0.173488241798, 0.765146538565, 407.383305652, 737.920886004, 263.145460998, 739.58174685, 57.0848900038, 23.1838851367, 323.990704669, 0.458038546229
0.145938874271, 0.00107771242172, 0.0920787053025, 0.0225793959447, 0.440805277439, 0.561436648016, 0.272200754926, 0.14020811732, 0.921912643372, 0.667275698096, 0.123553787216, 0.909706077645, 0.010107817941, 0.2054648083, 0.868592491088, 0.76458473383, 0.969039176662, 480.55999779, 218.984238283, 641.307143998, 689.038665434, 38.2971405912, 157.306843784, 1.84759595116, 254.669858188
0.999999890611, 0.137528032322, 0.0204666324216, 0.298379844898, 0.0494104919292, 0.105075485346, 0.787502626861, 0.103465842014, 0.433409279515, 0.477578503097, 0.458171030628, 0.473026302221, 0.010107817941, 0.0523822463134, 0.980754054119, 0.608660519692, 0.499175905645, 4.43379105357e-05, 0.000127861494409, 2.25417043921e-05, 1.06696814202e-05, 6.96750011165e-05, 4.96046246083e-06, 3.38666546574e-05, 919.501935582
0.00113069422982, 0.000629245546853, 0.113883656516, 0.0411214792036, 0.443866691573, 0.59189204965, 0.180407198114, 0.135253331262, 0.00212691693403, 0.873363633045, 0.641648079199, 0.300553511841, 0.346454106643, 0.0779565819892, 0.821929480657, 0.173488241798, 0.260416853457, 524.103257812, 152.629664765, 731.556012669, 764.496802099, 77.0143264635, 215.741530015, 1.19842655574, 2.15346082893
0.144838514635, 0.319984802214, 0.424670548434, 0.775744525028, 0.0425988482051, 0.683837409619, 0.598263163758, 0.135253331262, 0.263480165549, 0.957447455573, 0.885858692589, 0.879647525808, 0.322447863608, 0.0845003304101, 0.21128295639, 0.224361336833, 0.968256824194, 74.065770318, 101.360104328, 231.648127352, 17.6567330964, 718.37537695, 602.729230294, 535.544164887, 257.381991711
0.148660932803, 0.33661943781, 0.103436165571, 0.937214989291, 0.809700125473, 0.40020058705, 0.180407198114, 0.0766372694911, 0.0015606519531, 0.873363633045, 0.146107476487, 0.300553511841, 0.346454106643, 0.0779565819892, 0.861261940097, 0.76458473383, 0.0314697433847, 24.0676258349, 7.00898841613, 18.224631261, 100.572986159, 1063.63687808, 175.205003816, 632.802064591, 298.367011622
0.237777342995, 0.271911085846, 0.424670548434, 0.579362221894, 0.270100925145, 0.683837409619, 0.495633152159, 0.135253331262, 0.406803339971, 0.940704802391, 0.809589884716, 0.790159751233, 0.346454106643, 0.0845003304101, 0.776335971056, 0.224361336833, 0.887462639339, 119.921243207, 118.287243486, 310.819689976, 159.691367488, 499.072350029, 497.781002962, 366.191564374, 346.431255811
0.237777342995, 0.0137027222684, 0.908174151684, 0.936102031437, 0.270100925145, 0.286203935116, 0.495633152159, 0.135253331262, 0.644527830904, 0.995971111946, 0.809589884716, 0.152365071831, 0.106537157845, 0.0845003304101, 0.0955390357524, 0.224361336833, 0.881908066587, 7.19030778347, 7.09233547595, 4.87327997796, 5.06539128049, 122.181874713, 845.447588613, 18.3913673446, 334.880965109
0.0830037498192, 0.132215518413, 0.00276024245861, 0.106933984234, 0.00662669767266, 0.0767665285693, 0.678869653285, 0.112096999735, 0.0696378260177, 0.939714349069, 0.298223566224, 0.938267033817, 0.346454106643, 0.850248470305, 0.868592491088, 0.224361336833, 0.887462639339, 598.993563784, 1084.99748312, 150.176280903, 12.9955685204, 211.70605464, 5.49049671761, 266.843040279, 169.694758664
0.000106582380019, 0.132215518413, 0.0947415643107, 0.0586679470735, 0.151841431417, 0.804125421784, 0.731851940278, 0.963000609221, 0.263480165549, 0.790828316505, 0.563851997836, 0.83258821363, 0.188876446675, 0.894256480174, 0.476159337991, 0.879606085655, 0.969039176662, 127.70141961, 285.035201273, 982.893261588, 250.756563678, 98.0890007838, 159.807693467, 227.117975168, 0.184408539751
0.000243379149376, 0.528986373933, 0.0127963557921, 0.0315251573974, 0.546803222176, 0.491021622273, 0.678869653285, 0.884650274518, 0.233791356397, 0.8113054954, 0.000174795834486, 0.14724569352, 0.403899314903, 0.0515146075872, 0.372983793846, 0.627316068579, 0.540085778032, 171.225714825, 310.152697563, 344.423473656, 572.675292263, 37.4858484411, 15.2241268128, 829.771568779, 0.429513545924
0.145938874271, 0.345817316931, 0.100083103618, 0.137926753108, 0.241317472323, 0.683837409619, 0.6432427715, 0.330726016865, 0.0149413612174, 0.0664571896304, 0.666378213403, 0.910058709615, 0.010107817941, 0.0130779883586, 0.155188572224, 0.879606085655, 0.575088630248, 199.693899244, 318.238777162, 693.269367151, 314.089415415, 186.824706892, 137.767925901, 531.313243302, 239.855406633
0.00123862978531, 0.417915076968, 0.424670548434, 0.775744525028, 0.270100925145, 0.683837409619, 0.598263163758, 0.135253331262, 0.263480165549, 0.655586657675, 0.885858692589, 0.879647525808, 0.322447863608, 0.0845003304101, 0.603382964738, 0.387170537774, 0.968256824194, 56.4718466573, 77.2825590577, 176.621365985, 90.7436316659, 599.671471739, 503.13462319, 626.55013421, 1.9973905941
0.144838514635, 0.0167038829904, 0.321441156035, 5.49720048371e-07, 0.606889546057, 0.636706823594, 0.945807061377, 0.723179445571, 0.852294740357, 0.913631710698, 0.458171030628, 0.0854913445518, 0.520694195607, 0.046393798577, 0.799491725121, 0.381789344669, 0.765146538565, 25.5269525538, 299.147642532, 467.72866377, 782.663437356, 0.000828901228028, 530.561487008, 28.7848611972, 254.01870529
0.000243379149376, 0.174323053886, 0.393022596839, 0.579362221894, 0.149306441051, 0.491021622273, 0.678869653285, 0.723179445571, 0.233791356397, 0.939714349069, 0.00445743353249, 0.14724569352, 0.403899314903, 0.974644437127, 0.372983793846, 0.173488241798, 0.765146538565, 198.238633879, 359.083021623, 398.760425461, 136.67973013, 756.682830099, 680.384039028, 330.131083008, 0.466719443327
0.0573866640473, 0.174323053886, 0.771278826478, 5.49720048371e-07, 0.907583754784, 0.79970221191, 0.735141037151, 0.045651408292, 0.125448785183, 0.0499956303608, 0.725307743722, 0.305424411614, 0.352236855061, 0.850248470305, 0.829781997228, 0.659917498847, 0.50650250132, 8.64553518997, 19.5675355144, 65.7343217972, 472.844055683, 0.000412640260867, 1272.37132561, 381.760232247, 127.604592876
0.144838514635, 0.00693216371117, 0.0204340446008, 0.180777754715, 0.0425988482051, 0.109619226367, 0.180407198114, 0.0162156771261, 0.674381406597, 0.913631710698, 0.360686989513, 0.948022636063, 0.913036667294, 0.23116830584, 0.126812388409, 0.927132209615, 0.0267718270839, 1071.12300848, 311.93308431, 194.019237217, 75.8844841193, 331.22436426, 37.9606126802, 12.8806988843, 273.872460936
0.00113069422982, 0.000629245546853, 0.113883656516, 0.228296193304, 0.443866691573, 0.59189204965, 0.180407198114, 0.135253331262, 0.00212691693403, 0.873363633045, 0.581074071268, 0.300553511841, 0.346454106643, 0.0779565819892, 0.821929480657, 0.173488241798, 0.260416853457, 441.031936736, 128.437584868, 615.603052051, 643.322666351, 375.531428829, 193.475092152, 1.07473831438, 1.93120458678
0.110059255351, 0.096562730592, 0.0162170369433, 0.00782442466033, 0.0250620243379, 0.995933561327, 0.0477153193159, 0.0225007869896, 0.181343810367, 0.977698564831, 0.449253466245, 0.577938054054, 0.023048537807, 0.0785124096796, 0.835319779997, 0.677111666748, 0.000261823116741, 6.57179451896, 0.493487316019, 1031.72740945, 40.6381836368, 12.6912560466, 26.3104687872, 157.892746924, 182.474805805
0.0385880149192, 0.0167038829904, 0.0737063249083, 3.22053240298e-07, 0.222730098453, 0.00319475596862, 0.00921643282341, 0.39009713315, 0.417950743395, 0.955981089911, 0.00625936347017, 0.164997235866, 0.269752004342, 0.501210548618, 0.628256677889, 0.76458473383, 0.940915628671, 1048.28976635, 15.1772968155, 5.26123949966, 382.53853215, 0.000564573281936, 129.790824737, 29.4867586287, 68.2093947068
0.0486488633545, 0.528986373933, 0.0747971508967, 0.0078373352445, 0.00790288875644, 0.683837409619, 0.575350942185, 0.135253331262, 0.0283410847489, 0.930450618014, 0.240343239683, 0.947819880196, 0.0401508294677, 0.0845003304101, 0.66206381046, 0.596482550574, 0.731964166989, 288.75406037, 366.698378198, 861.254441173, 12.1611457086, 12.0611895533, 115.643855461, 1080.737856, 112.040364565
0.0379501512427, 0.528986373933, 0.0747971508967, 0.0078373352445, 0.643372008982, 0.683837409619, 0.575350942185, 0.135253331262, 0.0283410847489, 0.95675582335, 0.240343239683, 0.947819880196, 0.0401508294677, 0.0845003304101, 0.66206381046, 0.596482550574, 0.731964166989, 159.883732891, 203.041666241, 476.878402497, 864.78223551, 12.5676631546, 120.499973481, 1126.12021165, 91.0013951146
0.132679576787, 0.0374329413559, 0.00276024245861, 0.915265674955, 0.548974711091, 0.995933561327, 0.0477153193159, 0.112096999735, 0.0696378260177, 0.939714349069, 0.498672222896, 0.93494224149, 0.846863283135, 0.850248470305, 0.868592491088, 0.173488241798, 0.306052183954, 0.68662950676, 0.0515601867059, 107.796200903, 125.804870741, 1237.3591566, 5.41282437822, 73.4907925218, 264.475734639
0.000529878764303, 0.974483488728, 0.800851511241, 5.49720048371e-07, 0.222730098453, 0.803428101979, 0.735141037151, 0.677452148248, 0.0713379722645, 0.0499956303608, 0.563851997836, 0.079402047792, 0.720419959124, 0.0515146075872, 0.829781997228, 0.76458473383, 0.357138582204, 2.13711397136, 4.83695371241, 16.5781421867, 6.34920700341, 1.5994789321e-05, 57.2692141562, 1500.9034623, 1.25025382933
0.0469576524771, 0.114266111789, 0.424670548434, 0.579362221894, 0.0275894407019, 0.164514176013, 0.495633152159, 0.135253331262, 0.406803339971, 0.940704802391, 0.70792224169, 0.790159751233, 0.346454106643, 0.0845003304101, 0.601392146183, 0.217623157765, 0.887462639339, 260.447139898, 256.898389545, 96.6985682441, 16.4087736104, 487.269039834, 486.00823377, 142.530822906, 58.9957514225
0.000243379149376, 0.174323053886, 0.0127963557921, 0.0315251573974, 0.149306441051, 0.491021622273, 0.678869653285, 0.723179445571, 0.233791356397, 0.939714349069, 0.00445743353249, 0.14724569352, 0.403899314903, 0.850248470305, 0.372983793846, 0.173488241798, 0.765146538565, 423.932245984, 767.89709893, 852.747012364, 292.28886338, 62.3354148182, 25.3162806655, 353.790555985, 0.500167781351
0.148660932803, 0.132215518413, 0.00276024245861, 5.49720048371e-07, 0.17939089924, 0.124682915452, 0.0477153193159, 0.112096999735, 0.0696378260177, 0.939714349069, 0.556756659885, 0.93494224149, 0.846863283135, 0.850248470305, 0.799491725121, 0.173488241798, 0.00180515798134, 1198.62389426, 90.0067229411, 238.47006008, 354.748045462, 0.00110159992847, 5.53136447915, 268.829249961, 310.108358694
0.145938874271, 0.345817316931, 0.100083103618, 0.432844732092, 0.241317472323, 0.683837409619, 0.6432427715, 0.330726016865, 0.0149413612174, 0.0664571896304, 0.666378213403, 0.520823569328, 0.010107817941, 0.0130779883586, 0.155188572224, 0.879606085655, 0.575088630248, 164.725005248, 262.511195567, 571.869248757, 259.088438847, 566.079774899, 142.724016355, 550.426810383, 248.484012191
0.00113069422982, 0.174323053886, 0.0127963557921, 0.0315251573974, 0.443866691573, 0.192642019728, 0.678869653285, 0.723179445571, 0.402669446943, 0.939714349069, 0.298223566224, 0.0785999296295, 0.403899314903, 0.850248470305, 0.108024113312, 0.173488241798, 0.765146538565, 314.616545836, 569.886190803, 203.223634457, 571.168850881, 44.0858784915, 17.9045968737, 250.213582569, 1.64339742008
0.0056369565947, 0.0576513987233, 0.037763659376, 0.0270241307477, 0.95179063231, 0.617888193185, 0.362228562557, 0.835705415573, 0.898765708097, 0.0475335035134, 0.326770740103, 0.790159751233, 0.643758247591, 0.244822801235, 0.55401722817, 0.734524874577, 0.229541238714, 51.5318237283, 32.9566993087, 89.3686321727, 1427.37228763, 60.8017785495, 85.0900675209, 130.334335931, 12.7614139473
0.113236542542, 0.00107771242172, 0.0920787053025, 0.767969228473, 0.0304342944424, 0.13157080733, 0.324065021692, 0.00857620392029, 0.921912643372, 0.957447455573, 0.117069646665, 0.909706077645, 0.0288943918466, 0.320277106605, 0.868592491088, 0.966552812403, 0.969039176662, 341.957401982, 190.846157921, 82.1064144535, 19.1429068301, 1049.96495838, 163.683694312, 1.922493158, 204.15637638
0.0471346314969, 0.0105579392802, 0.0127963557921, 0.137926753108, 0.222730098453, 0.0539185649483, 0.99978957214, 0.318254080599, 0.589814346488, 0.0412393299278, 0.572805372234, 0.267781099425, 0.0322066010265, 0.771524216685, 0.261403044424, 0.877908307617, 0.525037171534, 0.369232590973, 1117.06101714, 94.8364521915, 409.052732588, 262.673254746, 24.5649032052, 20.2710840454, 90.6676629018
0.00123862978531, 0.417915076968, 0.424670548434, 0.579362221894, 0.270100925145, 0.683837409619, 0.598263163758, 0.135253331262, 0.301041254573, 0.117464570347, 0.885858692589, 0.947819880196, 0.322447863608, 0.0845003304101, 0.372837195286, 0.224361336833, 0.968256824194, 102.596041457, 140.404203198, 320.879412653, 164.8598009, 515.224896342, 513.891754646, 639.945917063, 2.04009525444
0.0486488633545, 0.528986373933, 0.0747971508967, 0.0078373352445, 0.000293479479903, 0.683837409619, 0.30821823241, 0.135253331262, 0.0283410847489, 0.930450618014, 0.240343239683, 0.572908933811, 0.0401508294677, 0.0463689048271, 0.884845356857, 0.596482550574, 0.731964166989, 394.275595842, 207.347417183, 822.01068645, 0.431012707335, 11.5107259496, 110.365957029, 1031.41379453, 106.926926743
0.148660932803, 0.0904405118839, 0.00276024245861, 5.49720048371e-07, 0.17939089924, 0.269517214391, 0.678869653285, 0.303653075344, 0.803675306494, 0.939714349069, 0.298223566224, 0.93494224149, 0.846863283135, 0.850248470305, 0.868592491088, 0.173488241798, 0.306052183954, 451.149817076, 817.198123042, 420.621756288, 296.394333014, 0.000920394009848, 4.62149152455, 152.452585032, 256.109943944
0.00653641710062, 0.0684051917661, 0.00936411369546, 0.0165860636297, 0.535285994885, 0.492579394547, 0.00156387409639, 0.135253331262, 0.644527830904, 0.0412393299278, 0.0760382380753, 0.00373066192571, 0.0909972128612, 0.788939641595, 0.868592491088, 0.359435637342, 0.335515562564, 607.3397792, 1.4919499836, 593.345457424, 948.826102492, 33.1801945384, 18.7362526535, 137.40315371, 13.1552370405
0.113236542542, 0.00107771242172, 0.0920787053025, 0.0586679470735, 0.0304342944424, 0.13157080733, 0.452117342198, 0.00857620392029, 0.921912643372, 0.655586657675, 0.117069646665, 0.909706077645, 0.010107817941, 0.320277106605, 0.868592491088, 0.966552812403, 0.969039176662, 745.532382643, 641.045352734, 206.150279972, 48.0634263324, 92.9500638005, 147.118138475, 1.72792785393, 183.494795722
0.000243379149376, 0.443686631672, 0.00716519197477, 0.0315251573974, 0.149306441051, 0.491021622273, 0.678869653285, 0.723179445571, 0.233791356397, 0.8113054954, 0.00445743353249, 0.14724569352, 0.403899314903, 0.0515146075872, 0.372983793846, 0.173488241798, 0.765146538565, 296.948613471, 537.883072061, 597.31724907, 204.737369087, 43.6636164759, 9.92855668641, 738.432831773, 0.439808496892
3.0408259486e-06, 0.0105579392802, 0.87952817189, 0.180777754715, 0.36692981771, 0.434115171746, 0.46561482705, 0.0162156771261, 0.0874859685371, 0.896864020902, 0.360686989513, 0.941999680395, 0.913036667294, 0.526805880541, 0.126812388409, 0.970549920466, 0.0267718270839, 95.5289201518, 85.7292535384, 104.201956754, 107.462405007, 57.5485471898, 1072.47867468, 18.111338127, 0.00521654369656
