0.570012717477, 1.00457879851, 7.00281234322, 0.338002015681, 16.5545739414, 42.1616451578, 3.29599857064, 1.17337026941, 41.9859799211, 1365.38711179, 0.414165375309, 0.440725244073
0.867944743212, 1.0615745021, 2.1848929389, 0.408561330979, 48.3383618091, 48.3076974561, 2.50488151574, 1.80589137572, 42.0531336939, 404.389761542, 0.690636300509, 0.0
0.512644975498, 0.839235055452, 7.59429341946, 0.397437785396, 30.9941943836, 40.0602832273, 3.81539919979, 3.84331096849, 32.9925547133, 1082.16639019, 0.476438845105, 0.00655737704918
0.7125332641, 0.949570384562, 2.60773786468, 0.459342370096, 43.5704191057, 40.3479589605, 3.90956375543, 1.20179256296, 20.7245996287, 376.552152513, 0.548178611991, 0.00977198697068
0.63469477464, 1.12875273569, 2.06255361902, 0.478911463177, 24.9251810224, 45.3302845786, 3.50700755625, 0.098269595508, 39.386285589, 441.880394046, 0.511019186276, 0.00328947368421
0.736687196366, 0.948469887937, 2.53924954784, 0.439751730259, 1.80690433703, 44.7940319806, 2.68066385697, 1.58959799623, 23.5775804746, 253.549506452, 0.517180229356, 0.470031545741
0.561624169108, 0.968939236797, 3.70205945318, 0.477371172962, 6.49814695637, 45.6611258185, 2.80760123573, 1.33414805937, 35.8038246905, 508.484132815, 0.423725308768, 0.519607843137
0.858462004957, 0.939178506812, 3.62597927534, 0.401397007884, 13.2307820718, 44.0420329333, 2.89222188995, 2.70567457277, 41.8081697885, 435.537292446, 0.503158792492, 0.04
0.570892589276, 0.86598820781, 7.26417110658, 0.493342363467, 7.92138422796, 40.2998311685, 2.25232602314, 4.73696571982, 35.5133832273, 906.993384682, 0.439649503462, 0.0373831775701
0.7125332641, 0.949570384562, 2.60773786468, 0.459342370096, 43.5704191057, 40.3479589605, 3.90956375543, 1.20179256296, 20.7245996287, 385.897924639, 0.544382252372, 0.00353356890459
0.714729016624, 0.842105864961, 2.37358790433, 0.406138290846, 14.2406343883, 44.1699528516, 2.44565288129, 1.7349347838, 30.7562136721, 276.868910692, 0.531322018572, 0.193277310924
0.567861505142, 1.00115636252, 2.77136054814, 0.228506621234, 45.0615544975, 44.9837677745, 2.51979834373, 1.79809270211, 31.7425249351, 412.686186002, 0.441142460043, 0.636085626911
0.867944743212, 1.10952620506, 2.1848929389, 0.408561330979, 48.3383618091, 48.3076974561, 2.50488151574, 2.55345987692, 42.0531336939, 371.398431522, 0.513929477757, 0.0769230769231
0.514326016005, 0.842105864961, 2.37358790433, 0.316076413216, 14.2406343883, 44.1699528516, 2.38449275822, 1.7349347838, 30.7562136721, 254.021422551, 0.466347971888, 0.438818565401
0.738149548629, 0.918026486716, 2.18872905187, 0.209293955421, 45.5966975813, 46.6195072294, 2.89664921623, 0.715472688014, 24.2408313232, 239.466686737, 0.663172615027, 0.356846473029
0.686680327495, 0.821614131061, 3.43064935912, 0.338002015681, 10.3907506179, 44.7941259047, 2.86213752655, 1.11041326816, 24.1881535189, 367.152550898, 0.454003497313, 0.554098360656
0.570012717477, 1.00457879851, 5.77715233442, 0.205352513828, 16.5545739414, 40.9112114521, 3.29599857064, 1.17337026941, 39.1891495675, 1169.45399697, 0.426306863789, 0.431286549708
0.501952986428, 0.968939236797, 3.70205945318, 0.477371172962, 6.49814695637, 45.6611258185, 3.00027694488, 1.33414805937, 35.8038246905, 666.624262287, 0.439738933691, 0.45261669024
0.573057258592, 0.962677031359, 3.83061519422, 0.364386376134, 34.5627937616, 42.2876320793, 3.139124632, 1.90758750412, 32.0352076409, 697.096657602, 0.421442545673, 0.64958677686
0.567861505142, 0.868880616037, 2.48487061493, 0.467163128379, 14.46978637, 41.0951858109, 2.51979834373, 0.041538052889, 37.944408754, 327.406931616, 0.533022079899, 0.159420289855
0.609256809892, 1.10606353371, 6.73823102768, 0.287776553684, 19.247579254, 47.6675193042, 2.11556576484, 1.3869887104, 37.5247046576, 1346.45073076, 0.409155821691, 0.670694864048
0.510643125593, 0.952610524019, 2.49982228056, 0.467513224494, 13.8828138136, 49.9741658557, 3.34563987084, 0.851068702932, 38.130975407, 414.752018782, 0.550933963926, 0.0
0.867944743212, 1.2450847386, 2.1848929389, 0.310294115332, 48.3383618091, 42.1616451578, 2.50488151574, 1.17337026941, 42.0531336939, 380.076986881, 0.441938469099, 0.531413612565
0.570012717477, 1.00457879851, 7.00281234322, 0.343419624156, 48.3383618091, 42.1616451578, 3.29599857064, 1.17337026941, 20.7245996287, 1132.76605531, 0.431712423124, 0.37676056338
0.514326016005, 0.842105864961, 3.71054812687, 0.316076413216, 14.2406343883, 44.1699528516, 2.38449275822, 2.55345987692, 42.0531336939, 498.451419248, 0.505693285503, 0.0
0.686680327495, 0.821614131061, 3.43064935912, 0.205352513828, 10.3907506179, 44.7941259047, 3.29599857064, 1.11041326816, 24.1881535189, 432.82167032, 0.478739970775, 0.426892950392
0.570012717477, 1.00457879851, 5.77715233442, 0.338002015681, 16.5545739414, 40.9112114521, 2.86213752655, 1.17337026941, 39.1891495675, 767.347535046, 0.41496216075, 0.575052854123
0.501952986428, 0.968939236797, 3.70205945318, 0.477371172962, 6.49814695637, 45.6611258185, 3.00027694488, 1.33414805937, 35.8038246905, 647.748821679, 0.494083620361, 0.0
0.586075627345, 0.842105864961, 2.37358790433, 0.374749738962, 3.36696988331, 42.9196460318, 2.44565288129, 1.7349347838, 30.7562136721, 276.213013315, 0.544423901392, 0.264705882353
0.676272208615, 1.07909693501, 2.20687802953, 0.256729502471, 14.8144075791, 49.6850298257, 2.58083016682, 2.33164417366, 22.2001541588, 339.357408147, 0.482324758623, 0.0952380952381
0.514326016005, 0.842105864961, 2.37358790433, 0.316076413216, 14.2406343883, 44.1699528516, 2.78705769016, 1.7349347838, 30.7562136721, 268.541392609, 0.456321045669, 0.519607843137
0.709486107337, 0.948469887937, 2.53924954784, 0.439751730259, 6.64096880266, 44.7940319806, 2.36547196521, 1.58959799623, 23.5775804746, 267.938158881, 0.577256917271, 0.264317180617
0.561624169108, 0.821614131061, 3.70205945318, 0.477371172962, 10.3907506179, 45.6611258185, 2.80760123573, 1.33414805937, 31.9505146696, 398.44714119, 0.538735178801, 0.0555555555556
0.738149548629, 0.918026486716, 2.18872905187, 0.209293955421, 45.5966975813, 46.6195072294, 2.89664921623, 0.715472688014, 24.2408313232, 255.576802721, 0.595087016393, 0.047619047619
0.805794356642, 1.07434870179, 7.20130054747, 0.381878466076, 26.2127426292, 45.0801035901, 2.71054904799, 1.85436375851, 26.4549982905, 1221.11758267, 0.413048157562, 0.655518394649
0.717027645339, 1.14207700903, 2.20687802953, 0.256729502471, 4.91198625548, 49.6850298257, 2.58083016682, 1.67468086839, 31.6118612671, 311.884841618, 0.625349112049, 0.0078125
0.525606317602, 1.05698709752, 5.62276859165, 0.336850661694, 22.0215552359, 42.9870291593, 2.27498616959, 1.10394697621, 35.6919315682, 874.067926022, 0.437231373444, 0.479820627803
0.816348790806, 0.831192119937, 2.1848929389, 0.291675270587, 16.5545739414, 49.8317790716, 2.98643921411, 1.21183978451, 31.2147641371, 271.750892615, 0.517219823083, 0.395209580838
0.500292662358, 1.16239762506, 2.78648073026, 0.321122413427, 25.1038966508, 40.8429697179, 2.32559465448, 4.3118455637, 25.8368554705, 445.320950922, 0.455754349127, 0.0165289256198
0.500491731966, 1.08793507751, 4.30448624278, 0.361539142864, 19.34141337, 43.7263239282, 3.14467454245, 1.43514837587, 40.3529380268, 1083.74787491, 0.415865911809, 0.604485219164
0.867944743212, 1.10952620506, 2.1848929389, 0.408561330979, 48.3383618091, 48.3076974561, 2.50488151574, 1.7349347838, 30.7562136721, 332.314108907, 0.464186768633, 0.603498542274
0.671292119756, 0.970818064038, 2.77136054814, 0.416381626675, 10.7327552367, 44.9837677745, 2.74098440933, 2.8125616629, 22.3434610523, 319.703456286, 0.616808561159, 0.0608695652174
0.570012717477, 1.00457879851, 7.00281234322, 0.343419624156, 48.3383618091, 42.1616451578, 3.29599857064, 1.17337026941, 41.9859799211, 1344.17218842, 0.420483636539, 0.608040201005
0.567861505142, 1.18766860259, 2.48487061493, 0.228506621234, 45.0615544975, 40.7068134039, 2.51979834373, 1.79809270211, 31.7425249351, 501.151137445, 0.444260775974, 0.550458715596
0.867944743212, 1.10952620506, 2.1848929389, 0.408561330979, 48.3383618091, 48.3076974561, 2.50488151574, 1.80589137572, 42.0531336939, 401.866975285, 0.451797503082, 0.641176470588
0.626366297563, 0.885155918203, 5.13687358802, 0.427986428234, 20.8377127051, 44.6089197619, 2.78705769016, 4.23368188865, 22.1956973371, 436.607513174, 0.591401916434, 0.0
0.573057258592, 0.962677031359, 3.83061519422, 0.364386376134, 34.5627937616, 43.6576712496, 3.139124632, 1.90758750412, 32.0352076409, 681.115410808, 0.445339580632, 0.45867768595
0.570012717477, 1.00457879851, 7.00281234322, 0.338002015681, 16.5545739414, 40.9112114521, 3.29599857064, 1.17337026941, 39.1891495675, 1467.81929174, 0.416554250904, 0.640740740741
0.512644975498, 1.11589803095, 7.59429341946, 0.397437785396, 22.0215552359, 40.0602832273, 3.81539919979, 1.10394697621, 32.9925547133, 1919.64733886, 0.421886751921, 0.618684461392
0.570012717477, 1.00457879851, 7.00281234322, 0.21750511699, 16.5545739414, 40.9112114521, 3.29599857064, 1.17337026941, 39.1891495675, 1401.104045, 0.418288582313, 0.664006384677
0.501952986428, 1.08793507751, 4.15153508418, 0.386517092983, 30.6973723781, 43.7263239282, 3.00027694488, 1.43514837587, 31.1934700368, 951.150623632, 0.432194360244, 0.557788944724
0.573057258592, 0.962677031359, 3.83061519422, 0.364386376134, 34.5627937616, 44.5897568835, 3.139124632, 1.90758750412, 32.0352076409, 646.528709435, 0.453401872878, 0.528925619835
0.7125332641, 0.949570384562, 4.03731722543, 0.482756901218, 43.5704191057, 40.2566507725, 2.84824188794, 1.20179256296, 20.7245996287, 534.178633896, 0.433103902013, 0.531531531532
0.567861505142, 1.18766860259, 2.77136054814, 0.228506621234, 45.0615544975, 40.7068134039, 2.51979834373, 1.79809270211, 22.3434610523, 546.867580549, 0.431193652199, 0.580086580087
0.714729016624, 0.842105864961, 2.37358790433, 0.374749738962, 14.2406343883, 44.1699528516, 2.44565288129, 1.7349347838, 30.7562136721, 292.616618325, 0.512290264064, 0.471544715447
0.714729016624, 0.842105864961, 2.37358790433, 0.406138290846, 45.0615544975, 44.1699528516, 2.44565288129, 1.7349347838, 30.7562136721, 318.47087021, 0.478491995036, 0.495192307692
0.536759030972, 1.11836829152, 5.6261738405, 0.419306343935, 31.5769885209, 48.0637563527, 3.81434420513, 1.89938256974, 26.4549982905, 1092.8451, 0.451805656327, 0.31204379562
0.536759030972, 1.10549596262, 5.6261738405, 0.439548459313, 31.5769885209, 46.50221275, 3.69781169946, 1.89938256974, 39.3166052866, 1452.48106239, 0.440740308603, 0.256147540984
0.736687196366, 0.948469887937, 2.53924954784, 0.439751730259, 1.80690433703, 44.7940319806, 2.68066385697, 3.73126395731, 23.5775804746, 310.000478665, 0.556478881201, 0.227027027027
0.567861505142, 0.868880616037, 2.60892415019, 0.467163128379, 14.46978637, 41.0951858109, 2.51979834373, 0.041538052889, 37.944408754, 327.346737939, 0.57331913664, 0.221153846154
0.501952986428, 1.05512681874, 2.34905646395, 0.386671139448, 33.6448812747, 41.9288567227, 2.21215806494, 3.40628560512, 22.0148970497, 286.254023275, 0.539484355418, 0.255319148936
0.736687196366, 0.948469887937, 2.53924954784, 0.439751730259, 1.80690433703, 44.7940319806, 2.68066385697, 3.73126395731, 22.4288412051, 312.441271611, 0.551903740544, 0.251533742331
0.7125332641, 0.949570384562, 4.03731722543, 0.482756901218, 43.5704191057, 40.2566507725, 2.84824188794, 1.20179256296, 20.7245996287, 554.372256271, 0.523011691097, 0.0
0.714729016624, 0.885155918203, 5.26695061195, 0.427986428234, 19.3881690029, 44.6089197619, 2.44565288129, 4.23368188865, 22.1956973371, 534.023544143, 0.525594346192, 0.0
0.514326016005, 0.842105864961, 2.37358790433, 0.316076413216, 14.2406343883, 44.1699528516, 2.78705769016, 1.7349347838, 30.7562136721, 324.022067434, 0.467400963395, 0.527426160338
0.709486107337, 0.948469887937, 2.53924954784, 0.439751730259, 1.80690433703, 44.7940319806, 2.36547196521, 1.58959799623, 23.5775804746, 305.389248269, 0.483405328615, 0.549839228296
0.686680327495, 0.820501862034, 3.09434312879, 0.205352513828, 10.3907506179, 44.7941259047, 3.81434420513, 1.66574413005, 24.1881535189, 384.348267034, 0.461301697273, 0.649059334298
0.643738226962, 1.24845088446, 3.89078849423, 0.238100514803, 31.0175597637, 43.9109469462, 3.49959502187, 1.69799338222, 34.8762310415, 977.937088466, 0.435358476111, 0.555676855895
0.671292119756, 0.970818064038, 2.48487061493, 0.416381626675, 10.7327552367, 40.7068134039, 2.74098440933, 2.8125616629, 22.3434610523, 292.80131986, 0.536814607041, 0.430107526882
0.512644975498, 1.11589803095, 7.59429341946, 0.397437785396, 22.0215552359, 40.0265895602, 3.81539919979, 1.10394697621, 32.9925547133, 1668.16939528, 0.452588791803, 0.375196232339
0.738149548629, 0.918026486716, 2.18872905187, 0.209293955421, 45.5966975813, 46.6195072294, 2.89664921623, 0.715472688014, 24.2408313232, 325.019460265, 0.567721273721, 0.23178807947
0.767694744023, 0.868880616037, 3.64967798561, 0.315508899677, 14.46978637, 42.0589768705, 2.49720447573, 0.041538052889, 37.944408754, 402.298828016, 0.638199060689, 0.0104166666667
0.686680327495, 0.821614131061, 3.43064935912, 0.205352513828, 10.3907506179, 44.7941259047, 2.86213752655, 1.11041326816, 24.1881535189, 359.911871428, 0.469594409362, 0.613989637306
0.736687196366, 0.948469887937, 2.43641732117, 0.439751730259, 6.49814695637, 44.7940319806, 2.68066385697, 1.58959799623, 23.5775804746, 306.127046625, 0.542634988368, 0.300613496933
0.561624169108, 0.968939236797, 3.70205945318, 0.477371172962, 6.49814695637, 45.6611258185, 2.80760123573, 1.33414805937, 35.8038246905, 602.695163509, 0.433520508872, 0.593984962406
0.712580091484, 1.1335778408, 2.68965925791, 0.416239474202, 30.9941943836, 46.1048378823, 3.4260533141, 1.81376319579, 32.9925547133, 573.958593193, 0.438910045493, 0.618913857678
0.643613132572, 1.15692972276, 6.52436274786, 0.23013277337, 6.64096880266, 48.4526071992, 2.2510410811, 1.52504692935, 22.8305096136, 1105.72909738, 0.432881859427, 0.58734939759
0.525606317602, 1.05698709752, 5.62276859165, 0.385198183213, 6.70355575418, 40.8833140969, 2.07043254996, 1.10394697621, 35.6919315682, 1006.53693793, 0.432579286682, 0.58934169279
0.534084452869, 0.912540875477, 3.09010838705, 0.376163535704, 4.06719297144, 43.6576712496, 2.77892516775, 4.82023225097, 31.3185164643, 369.684505119, 0.503665689171, 0.113475177305
0.649719143327, 0.821614131061, 3.43064935912, 0.205352513828, 10.3907506179, 44.7941259047, 2.86213752655, 1.49326244246, 24.1881535189, 351.88872822, 0.488936121849, 0.222222222222
0.540532144845, 0.968939236797, 3.43064935912, 0.205352513828, 6.49814695637, 44.7941259047, 2.86213752655, 1.11041326816, 24.1881535189, 437.614283656, 0.489956284373, 0.18954248366
0.514906345818, 1.08793507751, 4.15153508418, 0.386517092983, 17.2801994847, 43.7263239282, 2.80760123573, 1.43514837587, 31.1934700368, 684.934481791, 0.506409466822, 0.0
0.669436064012, 1.08793507751, 4.15153508418, 0.386517092983, 11.2316830589, 43.9109469462, 2.90296213425, 1.43514837587, 31.291419834, 501.985634856, 0.627165824556, 0.0
0.671292119756, 0.970818064038, 2.48487061493, 0.416381626675, 10.7327552367, 40.7068134039, 2.74098440933, 2.8125616629, 22.3434610523, 289.774268535, 0.542381288207, 0.39896373057
0.622784008136, 1.10458000166, 5.08096236316, 0.393923128112, 12.1705398837, 40.3383545444, 2.46417419055, 1.87619857737, 26.6820623356, 904.084052021, 0.472656085387, 0.0571428571429
0.598609147876, 1.20973755678, 3.09010838705, 0.426604000973, 4.06719297144, 45.9795756647, 2.26177697687, 3.00949910437, 31.3185164643, 673.494618994, 0.473740967305, 0.126126126126
0.594612731996, 1.21721169424, 3.76439472766, 0.284763628471, 44.9581342624, 46.3398836546, 2.37295208582, 1.49326244246, 27.7159267485, 774.632875939, 0.474772830837, 0.0471698113208
0.514906345818, 1.08793507751, 4.15153508418, 0.386517092983, 30.6973723781, 43.7263239282, 2.80760123573, 1.43514837587, 31.1934700368, 737.996173388, 0.47359806266, 0.301369863014
0.766017559541, 1.19441250496, 2.17505844125, 0.323027474916, 14.4117443424, 41.3501209757, 3.42599406912, 1.13417624265, 41.3059902072, 478.491569644, 0.473085827234, 0.317275747508
0.536759030972, 1.11836829152, 2.68965925791, 0.345413058643, 31.5769885209, 48.0637563527, 3.81434420513, 1.89938256974, 34.5157165521, 553.318309318, 0.475791258268, 0.294332723949
0.738149548629, 0.847760896503, 2.18872905187, 0.209293955421, 45.5966975813, 46.6195072294, 2.89664921623, 0.715472688014, 24.2408313232, 275.917629031, 0.646155902276, 0.490039840637
0.501952986428, 1.08793507751, 4.30448624278, 0.361539142864, 30.6973723781, 43.7263239282, 3.00027694488, 1.43514837587, 31.1934700368, 904.672039179, 0.434188348527, 0.621805792164
0.671292119756, 0.970818064038, 2.39278197963, 0.416381626675, 10.7327552367, 44.9837677745, 2.74098440933, 2.8125616629, 31.7425249351, 317.354684013, 0.539039139531, 0.442857142857
0.873396489972, 1.05512681874, 2.34905646395, 0.348860654288, 39.0614203903, 41.5519415264, 2.21215806494, 3.40628560512, 22.0148970497, 357.375924227, 0.609958034797, 0.158415841584
0.63469477464, 1.12875273569, 2.20687802953, 0.478911463177, 24.9251810224, 45.3302845786, 2.58083016682, 0.098269595508, 39.386285589, 350.435017771, 0.572696115985, 0.162921348315
0.500491731966, 1.08793507751, 4.30448624278, 0.361539142864, 19.34141337, 43.7263239282, 3.00027694488, 1.43514837587, 40.3529380268, 846.090473086, 0.443894899401, 0.559380378657
0.501952986428, 0.994520487124, 4.51805007171, 0.389364238502, 30.6973723781, 43.7263239282, 3.00027694488, 1.08274445287, 26.7180500387, 716.474764805, 0.441985295709, 0.579310344828
0.7125332641, 0.949570384562, 4.03731722543, 0.482756901218, 43.5704191057, 40.1002104775, 2.84824188794, 2.91783554992, 20.7245996287, 409.559520403, 0.560266927057, 0.0839694656489
0.610099225527, 1.0990271906, 2.68965925791, 0.231990251787, 21.1808817691, 46.1048378823, 2.70242217018, 1.81376319579, 27.7237034244, 349.467443318, 0.488561183698, 0.487654320988
0.873396489972, 1.05512681874, 2.34905646395, 0.348860654288, 39.0614203903, 41.9288567227, 2.21215806494, 3.40628560512, 22.0148970497, 302.15937804, 0.571158243504, 0.414728682171
