0.00696719595185, 0.000245236318019, 0.298178165351, 0.977004157635, 0.000558108091904, 0.387747444084, 0.0789888273486, 0.478548093639, 0.941531057014, 0.220259775593, 0.968799821918, 0.738568456923, 0.353012208829, 0.961680547788, 0.906193593129, 0.459839107671, 0.00149803794434, 34.902926756, 4.35295362054, 24.5347570401, 0.0375961145296, 1186.71567531, 600.782223628, 0.512652234212, 14.5650990587
1.69761402616e-05, 0.36391900107, 0.39369593835, 0.00460286841577, 0.000372735085494, 0.0428166079523, 0.541622042518, 0.481417000832, 0.626856860405, 0.899186535019, 0.0497169407301, 0.0456307668346, 0.148107343417, 0.925895004443, 0.88906905125, 0.106189668954, 0.337976967099, 540.951672043, 616.749947221, 55.2583813074, 0.481408427124, 5.94496861055, 585.049198959, 649.173655832, 0.0319971290888
1.69761402616e-05, 1.27399195859e-07, 0.39369593835, 0.00508012282392, 0.0535573583269, 0.0428166079523, 0.605298339379, 0.481417000832, 0.626856860405, 0.899186535019, 0.722220441369, 0.0456307668346, 0.148107343417, 0.864352361107, 0.771315903135, 0.192764962303, 0.337976967099, 568.50571714, 796.334852734, 65.9056368372, 82.6957476089, 7.85343884766, 700.25765014, 0.000241716972525, 0.0322091611528
1.58483293942e-05, 5.70968555871e-05, 3.33583848693e-05, 0.457001843867, 0.0308445267233, 0.213332292665, 0.0325800624368, 0.745824344163, 0.973255259388, 0.198471067165, 0.671292261562, 0.868782070511, 0.64339119266, 0.628410155715, 0.985964477417, 0.196884216351, 0.960951965477, 858.789075481, 43.9883506666, 299.452477976, 44.1517703185, 796.113814677, 0.0634197805173, 0.108550521109, 0.0301302829975
0.414700766641, 8.48917865115e-07, 3.66195572768e-05, 0.000141233723522, 0.926090139096, 0.0529078096917, 2.53444186082e-07, 0.665286635366, 0.693155552534, 0.488444647193, 0.127810613724, 0.783161539515, 0.353420979459, 0.714902427133, 0.202646007141, 0.290031041915, 0.286151897189, 65.0296468241, 2.58889004488e-05, 5.41692143718, 559.542756552, 0.124975536281, 0.0324040798297, 0.000751194288815, 429.504814365
0.000935951796594, 4.66243130326e-07, 0.05693534296, 0.265025414907, 0.684929028189, 0.996520039046, 0.999997226069, 0.481417000832, 0.552597675315, 0.931419790071, 0.0497169407301, 0.0456307668346, 0.603745288287, 0.864352361107, 0.665692572085, 0.528860826284, 0.687422059355, 1.39127681279e-05, 3.19299280896, 584.116355274, 1082.28498228, 543.771826041, 120.58375137, 0.000988777087572, 1.98490508089
1.71892773339e-05, 3.37083249979e-07, 0.00326644612466, 0.00150967142188, 0.594798929753, 0.409916903142, 0.999304925922, 0.478548093639, 0.00131389204586, 0.996872088806, 0.968799821918, 0.591880215107, 0.368827217258, 0.229385029463, 0.340071863966, 0.804365380143, 0.702151805397, 0.404864058018, 370.815672823, 278.340768218, 627.327002202, 1.84986291648, 4.00255059246, 0.000413047890682, 0.0210630304154
0.00696719595185, 0.429351154591, 0.612229008363, 0.00471115666627, 0.000558108091904, 0.860837907933, 0.64033153161, 0.692875801399, 0.941531057014, 0.947540851358, 0.529226995547, 0.738568456923, 0.353012208829, 0.941973576828, 0.533789446366, 0.671830111487, 0.870980757229, 81.3427395397, 128.323310631, 683.934515738, 0.614204051089, 5.18477467968, 1004.34704495, 979.024112986, 17.1590447284
6.37302103423e-06, 1.13784577316e-07, 0.147707209275, 0.0619724368383, 0.723654139264, 0.0428166079523, 0.61230823927, 0.94841587697, 0.626856860405, 0.296239602535, 0.127810613724, 0.0456307668346, 0.890414541723, 0.421424544668, 0.211409423205, 0.232767358555, 0.337976967099, 270.329157266, 387.61936029, 31.8315585847, 1021.72932408, 109.976348883, 267.350480572, 0.000207809887094, 0.0116393347223
0.000658612493238, 0.245122735736, 0.240608304877, 0.358475150896, 0.658087435538, 0.000225913095396, 0.99999268042, 0.746156534822, 0.963470209762, 0.621282977067, 0.759003584849, 0.358948468122, 0.574419290643, 0.231674625197, 0.502723674811, 0.290054406368, 0.630542893291, 0.00540163249996, 469.806448178, 0.166717148939, 788.979992184, 579.667050766, 431.146729444, 473.504353345, 1.30423253967
0.304065016194, 8.48917865115e-07, 0.418256485013, 0.457001843867, 0.0958921020634, 0.438585451464, 0.867295958573, 0.210405641526, 0.331461074536, 0.111560588866, 0.191831999549, 0.738455423823, 0.64339119266, 0.383700441, 0.125160485264, 0.686812573966, 0.881962544242, 73.7564802831, 348.691447541, 293.513818637, 70.076753219, 407.821244688, 478.210533042, 0.00104411368115, 405.277214503
0.316686297787, 0.00038075352592, 3.6385733093e-05, 0.46708954412, 0.0403357946878, 0.387747444084, 0.99999785454, 0.345352200213, 0.838888208969, 0.931419790071, 0.896386604622, 0.610143280574, 0.783756295129, 0.189973184812, 0.665692572085, 0.429746576632, 0.0559611199285, 0.00210548067892, 624.756617045, 435.791998802, 48.3275001753, 688.164057963, 0.0587370215025, 0.614645599163, 558.029712734
2.69187954459e-05, 0.789227388814, 0.407667073083, 0.401663395176, 0.421624472633, 0.0712553832133, 0.999910012624, 0.336015437721, 0.44458288895, 0.117504806807, 0.748419293727, 0.351046290844, 0.561752825777, 0.941973576828, 0.287655705658, 0.298293667349, 0.870980757229, 0.0325696104812, 230.415184477, 25.8980797306, 180.803275144, 214.79890841, 271.315248143, 1321.06896561, 0.0590678931785
0.318287913032, 8.48917865115e-07, 2.09823283377e-05, 0.71823472367, 0.149634712497, 0.218344275526, 5.65081649728e-06, 0.345352200213, 0.331461074536, 0.00508229085607, 0.699703900407, 0.46983120067, 0.0609569612859, 0.996594668995, 0.125160485264, 0.196884216351, 0.0808102133331, 323.073308529, 0.00286768972777, 115.365273023, 82.1516322309, 744.273510684, 0.0271462134798, 0.00109830068553, 449.917883331
2.69187954459e-05, 0.242798151693, 0.140863946602, 0.531146902223, 0.000361852689215, 0.0561971721706, 0.999790047215, 0.345352200213, 0.443063103055, 0.562524632024, 0.8888256647, 0.216991396156, 0.44863909768, 0.982345119683, 0.906193593129, 0.0685781484888, 0.702151805397, 0.224814626495, 681.68389018, 60.3319702496, 0.388981613106, 754.816681794, 229.195014812, 418.795918518, 0.0475765164177
0.000155721414513, 0.283766620018, 5.92531585762e-05, 0.00133652993503, 0.50217871149, 0.990170414386, 0.99999785454, 0.0134871219935, 0.838888208969, 0.562524632024, 0.862188573631, 0.549542840656, 0.504234884741, 0.152770180088, 0.317503234247, 0.0852922835524, 0.73201888885, 4.23471196918e-05, 12.5656072293, 813.755392924, 819.44206818, 2.42466220505, 0.107494038342, 551.835160098, 0.313093522659
0.258589526022, 5.81464416027e-06, 2.13333095628e-06, 0.70128406157, 0.30759199332, 0.000168431027821, 0.999999864453, 0.257206111624, 0.734012945623, 0.931419790071, 0.937876178792, 0.722357336816, 0.97800513446, 0.965850967767, 0.594359145837, 0.340536250196, 0.474695506626, 0.000107172595134, 503.353515348, 0.133172665389, 264.079158815, 1121.17405571, 0.00421235582811, 0.0114812707075, 540.663661651
0.714867851672, 0.954826397355, 0.23030823227, 0.368050843915, 0.000372735085494, 0.310246837004, 0.999620785551, 0.17724422729, 0.922050744836, 0.0845288935897, 0.896386604622, 0.493053966597, 0.0609569612859, 0.14570153767, 0.125160485264, 0.313609746764, 0.0808102133331, 0.0117150871966, 19.6671178523, 10.4229700338, 0.0130320605854, 14.5236440492, 10.057557334, 399.800721735, 834.239781218
0.00696719595185, 0.701054712073, 0.612229008363, 0.00471115666627, 0.000558108091904, 0.860837907933, 0.64033153161, 0.692875801399, 0.941531057014, 0.947540851358, 0.748419293727, 0.738568456923, 0.353012208829, 0.941973576828, 0.533789446366, 0.671830111487, 0.870980757229, 49.511002114, 78.1067338019, 416.291404078, 0.373848462001, 3.15582425154, 611.317358465, 1468.87288685, 18.0273841177
0.212810269317, 0.353351420208, 0.297574845035, 0.00407513132929, 0.000558108091904, 2.7932777912e-05, 6.44489473222e-05, 0.0733956791205, 0.84186019994, 0.931419790071, 0.317523339621, 0.573496599216, 0.834254703171, 0.985867475886, 0.906193593129, 0.609593574606, 0.737985628757, 789.772131214, 0.0799535057884, 0.034652598972, 0.692372986086, 5.05556143626, 398.634993373, 548.565672069, 361.542316098
0.00236957928687, 2.14138251575e-08, 0.428130796904, 0.00278479316636, 0.907662812509, 0.0712553832133, 0.999986313723, 0.18469523589, 0.443063103055, 0.325649280096, 0.938931194161, 0.594933920733, 0.148107343417, 0.818200322976, 0.888946558144, 0.85982952512, 0.0508742652906, 0.00310852008564, 144.593402805, 16.2519299512, 996.13343322, 4.40369710365, 801.688137, 4.32879911959e-05, 4.79012041297
0.40623881714, 0.36391900107, 0.000888322201754, 0.00276696527403, 0.000372735085494, 0.535457651524, 0.541622042518, 0.578489832537, 0.626856860405, 0.931802002873, 0.896386604622, 0.0456307668346, 0.00314734208888, 0.887654816323, 0.771315903135, 0.00529339499953, 0.337976967099, 295.262379573, 336.634613459, 500.654464339, 0.393264146424, 2.91937945526, 0.937257672865, 432.090312891, 592.310185121
3.26372349924e-06, 0.256787531538, 0.833987650802, 0.188869341553, 0.00276473311483, 0.438585451464, 0.000319707712454, 0.279546568816, 0.331461074536, 0.960802161033, 0.366474240599, 0.454256197429, 0.965299094419, 0.864352361107, 0.415473263286, 0.459839107671, 0.949331271068, 274.636223891, 0.137921142399, 226.172892888, 1.54510174896, 108.761875111, 1394.18745618, 615.803723142, 0.00804308934975
0.23612873998, 2.07634929409e-05, 0.0440836896281, 0.253657318288, 0.0298347603962, 0.764784986292, 0.999999683068, 0.719440270881, 0.838888208969, 0.973566901984, 0.955043748977, 0.160073006607, 0.5742987792, 0.204385649766, 0.665692572085, 0.000810397636152, 0.0559611199285, 0.00020194453479, 405.645392572, 1047.47783398, 52.6803400256, 473.375985682, 84.6222148551, 0.0398890783159, 475.645621051
0.0145933943622, 0.151350113765, 0.00191070103354, 0.319380239616, 0.000558108091904, 0.424883211532, 0.360261104058, 0.692875801399, 0.934244138343, 0.931419790071, 0.392407710647, 0.549542840656, 0.561752825777, 0.251634147838, 0.906193593129, 0.342012039705, 0.202428676393, 656.750267498, 417.164334875, 613.126258657, 0.868425858302, 543.327151749, 3.39094103952, 273.780632612, 26.6533123009
0.00765688604149, 0.151350113765, 0.136311311436, 0.00471115666627, 0.000361830465979, 0.00888418973715, 0.392711167619, 0.417493303519, 0.491727193439, 0.562524632024, 0.387156319098, 0.738568456923, 0.931322933778, 0.689799866513, 0.382511670158, 0.411162585215, 0.0810846520059, 615.596441159, 436.576784712, 10.5325850882, 0.428979388647, 5.58556091489, 164.128481961, 187.176004941, 9.55959219799
2.46006212712e-06, 5.81464416027e-06, 1.41052956443e-06, 0.70128406157, 0.30759199332, 0.236705751556, 0.999999864453, 0.257206111624, 0.734012945623, 0.931419790071, 0.937876178792, 0.549542840656, 0.97800513446, 0.965850967767, 0.906193593129, 0.340536250196, 0.0559611199285, 0.000127714906916, 599.833822053, 233.907860109, 337.777212203, 1434.06639369, 0.00356242087496, 0.0146854133795, 0.00621311094554
1.69761402616e-05, 1.27399195859e-07, 0.39369593835, 0.00508012282392, 0.0084443144866, 0.0428166079523, 0.999986313723, 0.481417000832, 0.626856860405, 0.85188293853, 0.722220441369, 0.501919787348, 0.148107343417, 0.864352361107, 0.771315903135, 0.192764962303, 0.337976967099, 0.0207484656866, 965.118826305, 65.0082451875, 12.8313844807, 7.71978642596, 688.340433673, 0.000237603353081, 0.0316610149874
0.000277863091342, 0.23620690889, 6.73980003628e-05, 0.0874238779193, 0.0174263060509, 0.605786781241, 0.00235800715409, 0.641893099456, 0.878958554497, 0.931419790071, 0.698812649662, 0.868782070511, 0.97800513446, 0.720090432801, 0.287783177075, 0.375000721344, 0.71139221763, 501.077801204, 1.85597509629, 703.029967065, 23.6379079513, 119.352104815, 0.0923023777337, 339.198269293, 0.408321839331
0.480793850311, 0.000185925006217, 0.000483804309982, 0.195502866948, 0.0308445267233, 0.0210945360275, 0.0344446296941, 0.481417000832, 0.626856860405, 0.111864548034, 0.366474240599, 0.0456307668346, 0.496455890004, 0.843082886061, 0.582311481345, 0.196884216351, 0.687422059355, 617.047524006, 33.4182794308, 20.4834657993, 29.9799609747, 196.307566231, 0.493516314606, 0.189657333366, 611.352416548
0.214519181195, 0.641078029958, 0.000357238929722, 0.13158639059, 0.228127547898, 0.00111064321116, 4.03307272678e-06, 0.345352200213, 0.986051265918, 0.763093423106, 0.958780153929, 0.530837849915, 0.264496756889, 0.532067179167, 0.863927137018, 0.628789957338, 0.695045675516, 645.777542324, 0.00409108844336, 1.12662094723, 241.851179797, 144.598338704, 0.395373869874, 1114.40461561, 461.89078193
0.00104174098972, 5.81464416027e-06, 2.13333095628e-06, 0.70128406157, 0.000147794179458, 0.996520039046, 0.999999864453, 0.433959642092, 0.976673597251, 0.931419790071, 0.937876178792, 0.160073006607, 0.97800513446, 0.965850967767, 0.906193593129, 0.019140213498, 0.306500978068, 6.37782881179e-07, 2.99545098137, 547.978656485, 0.127217643662, 1080.86877096, 0.00406092510223, 0.0110685284729, 1.98301904299
0.378574976614, 1.48499320707e-06, 4.51607699181e-07, 0.253657318288, 0.0174263060509, 0.000168431027821, 0.999999683068, 0.719440270881, 0.838888208969, 0.931419790071, 0.317523339621, 0.922755858601, 0.97800513446, 0.204385649766, 0.665692572085, 0.46676254191, 0.102035047978, 0.000387604354568, 778.579726037, 0.20598949679, 21.3175264198, 327.87396626, 0.00059947843521, 0.00197122725252, 571.547456485
0.492951469432, 8.48917865115e-07, 0.0167304210151, 0.842721951864, 0.532918046591, 0.448703792918, 2.39051807682e-07, 0.0327033254475, 0.443063103055, 0.332842848816, 0.467703223816, 0.160073006607, 0.264496756889, 0.957041582885, 0.159094114349, 0.545384837927, 0.888696271885, 147.631583835, 5.54359109135e-05, 125.570330701, 214.9675789, 1147.63313958, 31.1114585309, 0.00157880744786, 1158.04645584
0.00696719595185, 0.000245236318019, 1.39704664487e-05, 0.0026033667951, 0.000163361624966, 0.441618785605, 0.0789888273486, 0.7847340311, 0.900002993371, 0.968855340308, 0.968799821918, 0.926326351216, 0.353012208829, 0.0172278090826, 0.190719429034, 0.237703034398, 0.0430445069365, 920.55420939, 114.807844244, 771.43008564, 0.309604068061, 4.93394609908, 0.0264771451701, 0.464777460273, 13.2049161154
2.69187954459e-05, 0.641078029958, 0.000357238929722, 0.13158639059, 0.228127547898, 0.000847331290632, 0.999790047215, 0.0307000717863, 0.56369712338, 0.726866270292, 0.896386604622, 0.947044264078, 0.504234884741, 0.508503511683, 0.863927137018, 0.0788035201195, 0.342362003748, 0.186914072657, 566.761665665, 0.754351693414, 212.258694037, 126.905539841, 0.346996617285, 978.048023322, 0.0489281378549
0.0233488709154, 0.00038075352592, 9.16698178732e-05, 0.00121440398034, 0.0174263060509, 0.000138645837311, 0.999997872019, 0.70608225611, 0.838888208969, 0.117504806807, 0.87105524154, 0.810785691731, 0.97800513446, 0.665499974495, 0.502723674811, 0.419565491757, 0.155229933875, 0.0032658146325, 977.020946473, 0.212779896598, 26.7508501798, 1.86444766653, 0.140738737379, 0.584562927128, 35.8631173457
0.213309973703, 0.214808422052, 0.298178165351, 0.00037858013604, 0.514714307097, 0.997860962168, 0.0130826703854, 0.942243732606, 0.626856860405, 0.220259775593, 0.700106470409, 0.999336556058, 0.890414541723, 0.965850967767, 0.502723674811, 0.96052356867, 0.208133727632, 1.5891132977, 0.0326612107735, 473.049507809, 495.441124678, 0.407357193354, 346.56501429, 269.334011958, 283.279953019
0.470900698117, 0.355853128191, 0.390857446089, 0.365380170355, 0.974014650174, 0.218479249684, 0.505997437539, 0.584762036503, 0.984573222092, 0.259177352993, 0.544396848783, 0.512623954686, 0.739182040334, 0.0938193926148, 0.527622066374, 0.355493362578, 0.155886266023, 14.4595842453, 14.7346238008, 7.37676000842, 536.790165235, 347.344707372, 450.908233497, 489.582739369, 842.430097405
0.492951469432, 0.0164971442792, 0.89406411013, 0.842721951864, 0.79316614574, 0.000168431027821, 2.39051807682e-07, 0.0453893133937, 0.443063103055, 0.332842848816, 0.467703223816, 0.922755858601, 0.264496756889, 0.957041582885, 0.159094114349, 0.528860826284, 0.888696271885, 14.2670314933, 5.35729459995e-06, 0.00377464059198, 42.3568277194, 177.218034537, 1088.18014552, 28.6000952801, 1079.61722004
2.69187954459e-05, 5.70968555871e-05, 0.612229008363, 0.00471115666627, 0.421624472633, 0.960575434524, 0.64033153161, 0.692875801399, 0.941531057014, 0.110854183572, 0.529226995547, 0.738568456923, 0.353012208829, 0.941973576828, 0.533789446366, 0.174381075612, 0.660427375399, 21.2496543719, 33.5226722656, 640.090758576, 500.085174912, 6.0183825572, 1165.82592497, 0.12748769423, 0.0601051517498
1.69761402616e-05, 0.36391900107, 0.298178165351, 0.977004157635, 0.000558108091904, 0.387747444084, 0.541622042518, 0.478548093639, 0.626856860405, 0.183602470241, 0.968799821918, 0.0456307668346, 0.148107343417, 0.961680547788, 0.88906905125, 0.459839107671, 0.727698959097, 20.1734941935, 23.000208932, 21.3403506509, 0.032701129498, 1032.2062123, 522.56084281, 744.635499031, 0.0367023491673
0.00696719595185, 0.000245236318019, 0.39369593835, 0.00460286841577, 0.000127807280499, 0.0428166079523, 0.0789888273486, 0.481417000832, 0.941531057014, 0.899186535019, 0.0497169407301, 0.738568456923, 0.353012208829, 0.522571149001, 0.906193593129, 0.106189668954, 0.337976967099, 961.81596602, 119.953845729, 65.2876693926, 0.195030246902, 7.02396771869, 691.234379277, 0.459296076897, 13.0491830735
1.69761402616e-05, 1.27399195859e-07, 3.66195572768e-05, 0.00508012282392, 0.0535573583269, 0.0428166079523, 0.605298339379, 0.481417000832, 0.626856860405, 0.899186535019, 0.722220441369, 0.0456307668346, 0.148107343417, 0.864352361107, 0.771315903135, 0.174708348, 0.337976967099, 751.342829202, 1052.44408843, 87.1015473525, 109.291525306, 10.3791831548, 0.0748180977974, 0.000260291664051, 0.0346842675819
1.58483293942e-05, 0.000255315562988, 0.329374863425, 0.457001843867, 0.228127547898, 0.213332292665, 0.999304925922, 0.313649943567, 0.998421223527, 0.547166334298, 0.719422598343, 0.851757440322, 0.0516711286662, 0.932297863768, 0.991742926839, 0.804365380143, 0.0455232168307, 0.755273031314, 691.755841807, 240.893746836, 274.329395659, 683.068873141, 590.975580659, 0.479190073414, 0.0297450035641
0.000935951796594, 4.66243130326e-07, 0.455383851199, 0.265025414907, 0.684929028189, 0.996520039046, 0.999997226069, 0.481417000832, 0.552597675315, 0.604944720333, 0.0497169407301, 0.0142847678439, 0.603745288287, 0.864352361107, 0.856219014189, 0.528860826284, 0.687422059355, 8.51062908665e-06, 1.95319703625, 357.311902094, 662.048412331, 332.632606011, 714.663345115, 0.000798041908752, 1.60201673295
0.0132115858621, 0.544075271208, 0.0372477178403, 0.562662538039, 0.658087435538, 0.849510879692, 7.14428276649e-07, 0.719440270881, 0.331461074536, 0.222868156734, 0.127810613724, 0.374282789358, 0.234108062938, 0.0483562911923, 0.888946558144, 0.545384837927, 0.687422059355, 59.4649216922, 6.67328024822e-05, 246.853547793, 426.417569177, 605.047197621, 45.8382914061, 900.710101052, 24.7834296547
0.00108821784744, 8.36565557749e-05, 1.14134323321e-05, 0.00471115666627, 0.594798929753, 0.387747444084, 0.000126054576659, 0.711457948591, 0.941531057014, 0.0301145542657, 0.779932300675, 0.738568456923, 0.353012208829, 0.684275500893, 0.995807012222, 0.671830111487, 0.870980757229, 578.248128667, 0.11449663862, 403.350530204, 953.899208936, 8.77809507216, 0.0212663504262, 0.155875076763, 2.02764989108
0.502193650283, 0.395742926186, 0.736122315889, 0.00471115666627, 7.08542952949e-05, 0.387747444084, 7.14324295646e-05, 0.0124759412498, 0.812337461583, 0.726866270292, 0.806962002355, 0.885306067996, 0.504234884741, 0.98421987303, 0.397129515517, 0.51651396931, 0.208133727632, 80.9603678918, 0.00908422272171, 56.473000536, 0.0109862586606, 0.730498136527, 224.353741951, 175.590671099, 303.599607638
0.00236957928687, 0.614173722405, 0.428130796904, 0.00278479316636, 0.907662812509, 0.0712553832133, 0.999986313723, 0.18469523589, 0.443063103055, 0.325649280096, 0.938931194161, 0.594933920733, 0.678491790676, 0.818200322976, 0.796774608026, 0.85982952512, 0.0508742652906, 0.00155373408256, 72.272236261, 8.12321515606, 497.898171263, 2.20110344818, 400.708423213, 928.120005217, 4.20317320601
6.37302103423e-06, 0.355077861944, 0.00172804937328, 0.000614535157089, 0.539479260115, 0.196995911766, 0.00688467629356, 0.130886133354, 0.331461074536, 0.793980425799, 0.759003584849, 0.580644585406, 0.97800513446, 0.421424544668, 0.906193593129, 0.219629189969, 0.505076227209, 455.765667709, 4.92903543613, 145.721661443, 541.880276884, 0.697843378179, 1.96231403104, 450.979535004, 0.00852971073748
3.24458011347e-06, 5.70968555871e-05, 0.329374863425, 0.457001843867, 0.0308445267233, 0.213332292665, 0.0325800624368, 0.745824344163, 0.973255259388, 0.111864548034, 0.389516490199, 0.868782070511, 0.499905156343, 0.628410155715, 0.989129619379, 0.196884216351, 0.960951965477, 574.278149918, 29.4153120481, 200.245927609, 29.5245918911, 532.366772785, 460.591567032, 0.0835197412488, 0.00474608433542
0.0037230739813, 0.245122735736, 1.14134323321e-05, 0.650450656923, 0.000558108091904, 0.66860857927, 0.0467756750572, 0.941527048308, 0.984573222092, 0.418971395557, 0.736883402275, 0.738568456923, 0.979966367928, 0.941973576828, 0.939773960159, 0.0069422159738, 0.0233232745668, 320.625488013, 23.6004614947, 560.785548321, 0.56668580649, 1056.51388347, 0.0222053346027, 501.951199235, 7.81572102296
0.316686297787, 0.00038075352592, 3.6385733093e-05, 0.0532246949783, 0.0403357946878, 0.387747444084, 0.99999785454, 0.345352200213, 0.838888208969, 0.931419790071, 0.896386604622, 0.610143280574, 0.783756295129, 0.189973184812, 0.665692572085, 0.43604661955, 0.0559611199285, 0.00290834012867, 862.988085428, 601.967698189, 66.7556864736, 88.3517131253, 0.0604698625718, 0.63277867963, 574.49252919
0.502193650283, 0.000185925006217, 0.00294155497916, 0.46708954412, 0.52423116615, 0.0194652707498, 0.999989521722, 0.345352200213, 0.0581744682236, 0.0249260009597, 0.544396848783, 0.512623954686, 0.207183884178, 0.0159980020888, 0.125160485264, 0.89551381861, 0.30150694472, 0.00573068134275, 348.174094618, 10.6490814717, 375.916944854, 462.070264091, 3.18842999225, 0.201529801953, 694.823647669
0.0599422773592, 0.589024694932, 0.999961055747, 0.00276696527403, 0.034407451299, 0.0255471805275, 0.124204310937, 0.345352200213, 0.739680644761, 0.931419790071, 0.442047921628, 0.776941511935, 0.0609569612859, 0.204385649766, 0.459944901312, 0.388762744565, 0.681774324519, 0.0467504422895, 0.00923851253654, 0.00191337560336, 0.0025801769265, 0.000207594040954, 780.781308066, 1036.59180154, 122.554300171
2.96776314357e-06, 0.36391900107, 0.000888322201754, 0.0146094961321, 0.137885780156, 0.521026191856, 0.541622042518, 0.578489832537, 0.626856860405, 0.931802002873, 0.0338795336586, 0.0456307668346, 0.0768778642916, 0.864352361107, 0.771315903135, 0.00657125324183, 0.0431835777616, 518.433355097, 591.076358422, 839.950118255, 253.159445634, 27.0387760788, 1.64422296461, 758.012268995, 0.00653155582703
0.093401736629, 0.23620690889, 6.73980003628e-05, 0.0874238779193, 0.0174263060509, 0.31308538572, 0.999999797469, 0.641893099456, 0.926662620078, 0.931419790071, 0.873951896168, 0.868782070511, 0.97800513446, 0.720090432801, 0.665692572085, 0.196884216351, 0.71139221763, 0.000288187386284, 905.866478865, 485.267191069, 28.1372577233, 142.070141737, 0.1098716433, 403.76285169, 164.562644086
6.15792920899e-06, 1.48499320707e-06, 5.92531585762e-05, 0.111418242557, 0.0561718781924, 0.521875889514, 0.999986313723, 0.481417000832, 0.597688843425, 0.999043270405, 0.350149579368, 0.325891466617, 0.695617218732, 0.998346606646, 0.999596914602, 0.298293667349, 0.156105604841, 0.00959706843477, 446.409462928, 478.193712622, 57.871502194, 116.126664189, 0.0620735413576, 0.00155567719262, 0.00645103962694
0.641767455088, 0.283766620018, 0.0321673305701, 0.00133652993503, 0.50217871149, 0.990170414386, 0.99999785454, 0.0134871219935, 0.838888208969, 0.562524632024, 0.862188573631, 0.549542840656, 0.504234884741, 0.0584817182726, 0.317503234247, 0.0852922835524, 0.73201888885, 2.24758193484e-05, 6.66922142863, 431.902319172, 434.920533555, 1.28689436491, 30.9991204146, 293.261910611, 1078.46858231
0.000827061308959, 0.672211112088, 6.68117932633e-05, 0.078904146415, 0.000372735085494, 0.982660135151, 0.999998847274, 0.00768111538973, 0.516604144058, 0.931419790071, 0.862188573631, 0.160073006607, 0.310100734029, 0.189973184812, 0.80976777636, 0.388762744565, 0.0559611199285, 2.26334025529e-05, 12.4998287894, 458.808085941, 0.268727666416, 57.1799533978, 0.0485410971711, 817.479464325, 1.22023138139
6.15269018844e-07, 1.68429296971e-05, 0.0303041748436, 0.258514859139, 0.0105030133935, 9.25131175888e-06, 0.0384616392367, 0.453861958898, 0.838888208969, 0.947540851358, 0.741027685345, 0.998846655888, 0.770293531288, 0.623031251965, 0.207503646509, 0.0536825686227, 0.928137757507, 1301.36296486, 78.7181638194, 0.0189458769003, 21.5112040388, 560.648310016, 67.6141444465, 0.0375938457552, 0.00137329603645
0.218889245482, 0.701054712073, 0.612229008363, 0.00471115666627, 0.000558108091904, 0.860837907933, 0.64033153161, 0.0733956791205, 0.980187715696, 0.947540851358, 0.748419293727, 0.738568456923, 0.353012208829, 0.789657691656, 0.533789446366, 0.671830111487, 0.870980757229, 41.5714955463, 65.5816605955, 349.53556809, 0.31389870957, 2.64976122915, 513.287466618, 1233.32673681, 495.197081283
0.0037230739813, 0.462594106723, 1.14134323321e-05, 0.650450656923, 0.000558108091904, 0.000225913095396, 0.0467756750572, 0.746156534822, 0.998270380039, 0.348406486402, 0.736883402275, 0.738568456923, 0.979966367928, 0.941973576828, 0.939773960159, 0.00270669857748, 0.0233232745668, 553.595534438, 40.7488193627, 0.1969823089, 0.486636026292, 907.27121111, 0.0190686191004, 945.430288322, 8.32243888493
1.61966925745e-05, 0.318007865737, 0.390119503283, 0.00460286841577, 0.684929028189, 0.000168431027821, 0.999997226069, 0.481417000832, 0.626856860405, 0.981690049789, 0.0497169407301, 0.0456307668346, 0.0157417137265, 0.925895004443, 0.88906905125, 0.106189668954, 0.247922850806, 0.00171364564443, 393.283217937, 0.104051273685, 728.687310985, 5.9870023565, 582.206545367, 552.373236232, 0.0293383061403
1.78573241405e-06, 1.26408168264e-05, 0.631656475152, 0.253657318288, 0.00276473311483, 0.438585451464, 0.169424118888, 0.719440270881, 0.331461074536, 0.960802161033, 0.366474240599, 0.454256197429, 0.965299094419, 0.864352361107, 0.415473263286, 0.459839107671, 0.0559611199285, 583.859778254, 159.158419158, 498.374563527, 3.40464942509, 330.021151258, 1302.29198918, 0.0308856684495, 0.00436313096228
6.15792920899e-06, 0.295657254225, 6.22348061696e-07, 0.189423916245, 0.00398336673537, 0.999924172506, 0.0205374269162, 0.481417000832, 0.608373248618, 0.0168606709212, 0.759003584849, 0.325891466617, 0.306921355582, 0.238653287047, 0.999084728459, 0.528860826284, 0.544863534798, 0.100780858214, 0.00325233037975, 846.559517132, 5.29704102597, 259.602468042, 0.000865634705185, 443.595035404, 0.00957984143164
0.572291552616, 7.09395425569e-05, 0.298178165351, 0.00406220954734, 0.000156028643959, 0.883998916453, 0.0789888273486, 0.0453893133937, 0.99588348721, 0.220259775593, 0.896386604622, 0.738568456923, 0.735809958953, 0.6895163898, 0.943302263872, 0.0607554268212, 0.660427375399, 130.44126642, 16.2681137573, 713.412224443, 0.177793031731, 4.62890878327, 367.017162709, 0.0905932272303, 1022.30234626
0.00696719595185, 5.70968555871e-05, 0.612229008363, 0.00471115666627, 0.000558108091904, 0.860837907933, 0.64033153161, 0.345352200213, 0.941531057014, 0.810791128389, 0.529226995547, 0.738568456923, 0.353012208829, 0.941973576828, 0.533789446366, 0.459839107671, 0.660427375399, 110.75592487, 174.724468733, 931.242299805, 0.836297598562, 7.05956694036, 1367.51462372, 0.149543154317, 18.2486066664
0.000155721414513, 0.151350113765, 0.0935700262125, 0.586578345443, 0.798398548558, 0.99086799055, 0.509702837696, 0.41080786156, 0.597688843425, 0.41689780643, 0.814320452684, 0.922755858601, 0.135894633923, 0.0909719271392, 0.284110732797, 0.947901609458, 0.744743065619, 1.64282745242, 1.69368376442, 164.479590847, 501.968128333, 695.72208196, 129.324042787, 213.984291951, 0.222252323386
0.34388268873, 0.0366170818753, 0.298178165351, 0.977004157635, 0.95949216654, 0.000168431027821, 0.0130826703854, 0.777749123252, 0.443063103055, 0.712598941249, 0.942824845622, 0.999336556058, 0.187351379501, 0.965850967767, 0.558136348495, 0.959634488841, 0.208133727632, 2.06869857001, 0.0425181767213, 0.000547432920217, 32.4745678242, 900.461187649, 455.864101115, 58.1459398171, 606.541548383
2.69187954459e-05, 0.00038075352592, 0.298178165351, 0.000111459873877, 0.421624472633, 0.0295872876916, 0.999989521722, 0.208692147097, 0.443063103055, 0.840212178961, 0.958294745516, 0.351046290844, 0.561752825777, 0.937543775423, 0.906193593129, 0.298293667349, 0.900238049237, 0.0141956346894, 862.472009856, 40.1127917083, 673.260797879, 0.191691216997, 553.924782389, 0.733864286492, 0.0518832852694
4.50168732202e-06, 0.000255315562988, 3.66195572768e-05, 0.457001843867, 0.34624827457, 0.213332292665, 0.999304925922, 0.166629474887, 0.693155552534, 0.947540851358, 0.719422598343, 0.688095631359, 0.0516711286662, 0.932297863768, 0.991742926839, 0.804365380143, 0.0455232168307, 0.760448536453, 696.496095684, 242.544470182, 445.995547031, 752.670431637, 0.0658207011645, 0.458909160405, 0.00809142059573
0.304065016194, 8.48917865115e-07, 0.418256485013, 0.00354835808529, 0.0958921020634, 0.000168431027821, 0.867295958573, 0.671593818979, 0.369776144434, 0.0569264509514, 0.191831999549, 0.922755858601, 0.541963463378, 0.383700441, 0.125160485264, 0.388762744565, 0.474695506626, 154.648726023, 731.117969979, 0.197712452205, 113.421859136, 4.21297955438, 583.000453177, 0.00127290953924, 494.08531053
0.000935951796594, 4.66243130326e-07, 0.906876396006, 0.265025414907, 0.245924082534, 0.996520039046, 0.819479234932, 0.0931498888382, 0.552597675315, 0.931419790071, 0.0497169407301, 0.0456307668346, 0.589514454319, 0.864352361107, 0.665692572085, 0.398083181253, 0.687422059355, 0.228608687746, 0.784480452432, 149.479917495, 60.7992308852, 71.3502527339, 1197.60318391, 0.000886560337623, 1.77971166685
2.23024107593e-06, 0.256787531538, 0.0167304210151, 0.00150967142188, 0.594798929753, 0.520283939256, 0.221071274444, 0.478548093639, 0.443063103055, 0.945562937503, 0.366474240599, 0.25996687487, 0.965299094419, 0.864352361107, 0.906193593129, 0.459839107671, 0.949331271068, 564.468609917, 204.294834775, 639.82717704, 1187.04994355, 3.5003748649, 38.8006853394, 630.154318216, 0.00562426728107
0.00696719595185, 5.70968555871e-05, 0.298178165351, 0.000773586609684, 0.000558108091904, 0.859408884633, 0.241250792235, 0.692875801399, 0.941531057014, 0.706452680135, 0.747565102826, 0.935126463581, 0.209920682283, 0.0172278090826, 0.608812416186, 0.302604248603, 0.660427375399, 167.554627169, 66.7206733571, 803.33600494, 0.721793715649, 1.00046981549, 416.545339439, 0.0827552289354, 10.0985406475
0.229303681488, 0.933376630958, 0.968007477081, 0.19996991242, 0.534092472207, 0.00137566490293, 0.00688467629356, 0.519746366367, 0.986051265918, 0.469471342452, 0.862188573631, 0.421510229188, 0.444646006888, 0.935429874023, 0.502723674811, 0.196884216351, 0.101002721227, 2.90147896275, 0.0313790476945, 0.00627015147439, 3.23035303136, 1.41064256645, 90.7744485581, 865.319016482, 327.688433662
0.335688441479, 1.61295533155e-05, 4.38453388846e-06, 0.650450656923, 0.0403357946878, 0.875582002222, 0.477373393642, 0.0989498986825, 0.741189893773, 0.348406486402, 0.858987734994, 0.850315132102, 0.999816278464, 0.97298784265, 0.939773960159, 0.196884216351, 0.0194438399044, 81.8055608597, 76.1878273357, 564.697793013, 36.5220838025, 942.772007027, 0.00761195049228, 0.0280023748136, 643.568082093
0.133101109935, 0.0972481632289, 0.0112651427649, 0.998934350244, 0.289610245476, 0.249705695099, 0.163080536009, 0.72782440031, 0.345273749863, 0.364651982191, 0.0362788630503, 0.209816545931, 0.207183884178, 0.64096992841, 0.930765408009, 0.581430026551, 0.30150694472, 1.45826652057, 0.381950202524, 0.623592918243, 0.797950915426, 1084.90556121, 19.1997004582, 167.054579689, 232.939069829
6.15792920899e-06, 0.641078029958, 0.23030823227, 0.13158639059, 0.228127547898, 0.194676057481, 4.03307272678e-06, 0.345352200213, 0.986051265918, 0.763093423106, 0.958780153929, 0.738568456923, 0.264496756889, 0.532067179167, 0.863927137018, 0.628789957338, 0.695045675516, 629.950058191, 0.00399081918162, 198.874489997, 247.400789004, 147.91634721, 272.746012998, 1218.87005997, 0.0139487402291
0.00104174098972, 0.00038075352592, 0.000146084434991, 0.00121440398034, 0.0174263060509, 0.000168431027821, 0.00451628846647, 0.70608225611, 0.981788199143, 0.117504806807, 0.937876178792, 0.160073006607, 0.903196225997, 0.965850967767, 0.941147464544, 0.419565491757, 0.0185324775283, 1096.38075834, 7.77804123697, 0.290077684138, 30.0196796039, 2.09227449637, 0.251686369059, 0.655993807406, 1.79479963377
2.22295466756e-06, 0.262083536077, 5.29855722725e-06, 0.290244422919, 0.0105030133935, 0.000168431027821, 0.0384616392367, 0.208692147097, 0.917725629124, 0.947540851358, 0.347934402696, 0.993806752695, 0.770293531288, 0.0483562911923, 0.888946558144, 0.528860826284, 0.928137757507, 990.523989986, 59.9158204254, 0.262542767559, 16.3731141678, 486.67840723, 0.00919997728539, 482.639291664, 0.00421163758802
1.58483293942e-05, 0.000255315562988, 0.610303827148, 0.935625243039, 0.926090139096, 0.213332292665, 0.999873174887, 0.313649943567, 0.998421223527, 0.947540851358, 0.934631629415, 0.851757440322, 0.982822894605, 0.948534569377, 0.919807567366, 0.290031041915, 0.0455232168307, 0.00163358434696, 8.20004851384, 2.85554404196, 74.4545809075, 738.763777644, 1057.62421983, 0.518262989297, 0.0321703960892
0.00135441280261, 0.283766620018, 0.108625890409, 0.0703570213446, 0.957688692261, 0.982660135151, 0.129893534188, 0.474486090548, 0.512953441146, 0.946821678901, 0.72642968775, 0.239355955159, 0.0395660809713, 0.112194188616, 0.941147464544, 0.388762744565, 0.208133727632, 1.79580082049, 0.37157928008, 67.3113976257, 1011.65696404, 112.510667197, 175.771165823, 494.606923363, 2.44077790346
2.22065265998e-06, 0.168710533329, 0.298178165351, 0.00209899309727, 0.000558108091904, 0.441618785605, 0.0789888273486, 0.356524800063, 0.943410856763, 0.712598941249, 0.344016439079, 0.738568456923, 0.0516711286662, 0.965850967767, 0.898922359412, 0.237703034398, 0.0430445069365, 1063.35126096, 132.616922176, 891.094892558, 1.22180645992, 4.59511873109, 705.104749588, 423.890463984, 0.00564530577987
4.3535299733e-06, 1.13784577316e-07, 0.147707209275, 0.383302367289, 0.608852020834, 0.0428166079523, 0.61230823927, 0.94841587697, 0.0140486752521, 0.296239602535, 0.942824845622, 0.323829006342, 0.770293531288, 0.543436825802, 0.502723674811, 0.232767358555, 0.337976967099, 330.450604555, 473.826254039, 38.9109257937, 820.661860675, 690.195265434, 287.931167419, 0.00022380712862, 0.00856312046577
0.470900698117, 0.355853128191, 0.0594903189223, 0.746767309999, 0.974014650174, 0.218479249684, 0.505997437539, 0.584762036503, 0.984573222092, 0.259177352993, 0.544396848783, 0.512623954686, 0.739182040334, 0.0938193926148, 0.527622066374, 0.355493362578, 0.155886266023, 8.1245901177, 8.27913008352, 4.14487377012, 301.613102961, 718.42525758, 73.033006415, 489.582739369, 842.430097405
0.0037230739813, 0.219469906002, 0.000483804309982, 0.650450656923, 0.000558108091904, 0.000225913095396, 0.00478165941151, 0.98639409505, 0.991374030482, 0.348406486402, 0.736883402275, 0.738568456923, 0.979966367928, 0.941973576828, 0.97741544955, 0.00270669857748, 0.0233232745668, 589.050181738, 4.42444679851, 0.209038291082, 0.51641979365, 962.799271555, 0.857771109196, 405.29876988, 7.01364413273
0.00108821784744, 0.166218260196, 0.495316332806, 0.265025414907, 0.000372735085494, 0.996520039046, 0.99586579945, 0.481417000832, 0.0580312271085, 0.931419790071, 0.648755246474, 0.189109471535, 0.603745288287, 0.96365466311, 0.387271341417, 0.349771466269, 0.687422059355, 0.024989340703, 3.84801960264, 703.959800499, 0.412168264371, 311.255672306, 758.467499021, 288.734118349, 1.91197080117
0.838094369403, 0.0164971442792, 0.89406411013, 0.842721951864, 0.79316614574, 0.000168431027821, 2.39051807682e-07, 0.0453893133937, 0.443063103055, 0.332842848816, 0.317744390492, 0.922755858601, 0.264496756889, 0.957041582885, 0.159094114349, 0.528860826284, 0.888696271885, 4.74429284061, 1.78149003369e-06, 0.00125520157048, 14.0851441027, 58.9312677188, 361.858405944, 9.51054375551, 1412.00519214
0.0889737623591, 5.70968555871e-05, 0.349117687504, 0.00332773679587, 0.421624472633, 0.960575434524, 0.551305785682, 0.398105042274, 0.941531057014, 0.110854183572, 0.529226995547, 0.116924680187, 0.353012208829, 0.941973576828, 0.657209485485, 0.174381075612, 0.660427375399, 35.6587367822, 41.9248420944, 887.614150211, 693.468342755, 5.89494693337, 688.938296441, 0.118525294106, 185.909431072
