0.110523429624, 0.824098527936, 3.30823884743, 0.838087495446, 95.1469216154, 8.74057521687, 0.505805553637, 2.50115478449, 13.9749877588, 95.8348840438, 0.0536380231134, 0.0
0.110523429624, 0.821264665828, 3.31465593791, 0.833029360983, 95.1469216154, 8.72836212291, 0.401680904585, 2.06196679589, 13.5931676772, 91.7900796485, 0.136851839515, 0.125
0.128464329879, 0.997586768514, 3.3117909032, 0.820573221099, 85.2894633368, 8.699717443, 0.343452168222, 1.36695341206, 13.5607402036, 93.1906166508, 0.0861728964458, 0.0
0.128464329879, 0.997586768514, 3.3117909032, 0.820573221099, 85.2894633368, 8.699717443, 0.343452168222, 1.36695341206, 13.5607402036, 93.1906166508, 0.0861728964458, 0.0
0.128464329879, 0.997586768514, 3.3117909032, 0.820573221099, 85.2894633368, 8.699717443, 0.343452168222, 1.36695341206, 13.5607402036, 93.1906166508, 0.0861728964458, 0.0
0.110523429624, 0.824098527936, 3.31445138297, 0.83799784934, 95.1469216154, 8.72836212291, 0.401382426282, 2.24557846019, 13.5931676772, 106.236088126, 0.0461929375969, 0.0
0.128464329879, 0.826418516992, 3.3117909032, 0.820573221099, 95.1821079842, 8.699717443, 0.343452168222, 1.42327804988, 13.5607402036, 49.9197387643, 0.039865565415, 0.0
0.128464329879, 0.826418516992, 3.3117909032, 0.820573221099, 95.1821079842, 8.699717443, 0.343452168222, 1.42327804988, 13.5607402036, 49.9197387643, 0.039865565415, 0.0
0.128464329879, 0.826418516992, 3.3117909032, 0.820573221099, 95.1821079842, 8.699717443, 0.343452168222, 1.42327804988, 13.5607402036, 49.9197387643, 0.039865565415, 0.0
0.128464329879, 0.826418516992, 3.3117909032, 0.820573221099, 95.1821079842, 8.699717443, 0.343452168222, 1.42327804988, 13.5607402036, 49.9197387643, 0.039865565415, 0.0
0.128464329879, 0.826418516992, 3.3117909032, 0.820573221099, 95.1821079842, 8.699717443, 0.343452168222, 1.42327804988, 13.5607402036, 49.9197387643, 0.039865565415, 0.0
0.128464329879, 0.826418516992, 3.3117909032, 0.820573221099, 95.1821079842, 8.699717443, 0.343452168222, 1.42327804988, 13.5607402036, 49.9197387643, 0.039865565415, 0.0
0.128464329879, 0.826418516992, 3.3117909032, 0.820573221099, 95.1821079842, 8.699717443, 0.343452168222, 1.42327804988, 13.5607402036, 49.9197387643, 0.039865565415, 0.0
0.110523429624, 0.821264665828, 3.31465593791, 0.833029360983, 95.1469216154, 8.72836212291, 0.401680904585, 1.93564208195, 13.2432005579, 117.975169848, 0.0209217160321, 0.0
0.143931134809, 0.826418516992, 3.3117909032, 0.820573221099, 95.1821079842, 8.699717443, 0.343452168222, 1.42327804988, 13.5607402036, 65.5196571281, 0.222170843149, 0.571428571429
0.143931134809, 0.826418516992, 3.3117909032, 0.820573221099, 95.1821079842, 8.699717443, 0.343452168222, 1.42327804988, 13.5607402036, 65.5196571281, 0.222170843149, 0.571428571429
0.143931134809, 0.826418516992, 3.3117909032, 0.820573221099, 95.1821079842, 8.699717443, 0.343452168222, 1.42327804988, 13.5607402036, 65.5196571281, 0.222170843149, 0.571428571429
0.143931134809, 0.826418516992, 3.3117909032, 0.820573221099, 95.1821079842, 8.699717443, 0.343452168222, 1.42327804988, 13.5607402036, 65.5196571281, 0.222170843149, 0.571428571429
0.143931134809, 0.826418516992, 3.3117909032, 0.820573221099, 95.1821079842, 8.699717443, 0.343452168222, 1.42327804988, 13.5607402036, 65.5196571281, 0.222170843149, 0.571428571429
0.143931134809, 0.826418516992, 3.3117909032, 0.820573221099, 95.1821079842, 8.699717443, 0.343452168222, 1.42327804988, 13.5607402036, 65.5196571281, 0.222170843149, 0.571428571429
0.143931134809, 0.826418516992, 3.3117909032, 0.82069873523, 95.1821079842, 8.72762712167, 0.335414367285, 1.42502804121, 13.5607402036, 83.7195618859, 0.138481448722, 0.5
0.143931134809, 0.826418516992, 3.3117909032, 0.82069873523, 95.1821079842, 8.72762712167, 0.335414367285, 1.42502804121, 13.5607402036, 83.7195618859, 0.138481448722, 0.5
0.143931134809, 0.826418516992, 3.3117909032, 0.82069873523, 95.1821079842, 8.72762712167, 0.335414367285, 1.42502804121, 13.5607402036, 83.7195618859, 0.138481448722, 0.5
0.143931134809, 0.826418516992, 3.3117909032, 0.82069873523, 95.1821079842, 8.72762712167, 0.335414367285, 1.42502804121, 13.5607402036, 83.7195618859, 0.138481448722, 0.5
0.143931134809, 0.826418516992, 3.3117909032, 0.82069873523, 95.1821079842, 8.72762712167, 0.335414367285, 1.42502804121, 13.5607402036, 83.7195618859, 0.138481448722, 0.5
0.110523429624, 0.824098527936, 3.30832895504, 0.83799784934, 95.1469216154, 8.72836212291, 0.399323695171, 2.24480283904, 13.5931676772, 103.95186798, 0.100550442413, 0.533333333333
0.110523429624, 0.824098527936, 3.30832895504, 0.83799784934, 95.1469216154, 8.72836212291, 0.399323695171, 2.24480283904, 13.5931676772, 103.95186798, 0.100550442413, 0.533333333333
0.110523429624, 0.824098527936, 3.30832895504, 0.83799784934, 95.1469216154, 8.72836212291, 0.399323695171, 2.24480283904, 13.5931676772, 103.95186798, 0.100550442413, 0.533333333333
0.110523429624, 0.824098527936, 3.30832895504, 0.83799784934, 95.1469216154, 8.72836212291, 0.399323695171, 2.24480283904, 13.5931676772, 103.95186798, 0.100550442413, 0.533333333333
0.110523429624, 0.824098527936, 3.30832895504, 0.83799784934, 95.1469216154, 8.72836212291, 0.399323695171, 2.24480283904, 13.5931676772, 103.95186798, 0.100550442413, 0.533333333333
0.128464329879, 0.997408010058, 3.11865464983, 0.820536830564, 95.2732162287, 8.699717443, 0.343452168222, 1.92444483203, 13.5607402036, 50.4867792045, 0.0, 0.0
0.128464329879, 0.997408010058, 3.11865464983, 0.820536830564, 95.2732162287, 8.699717443, 0.343452168222, 1.92444483203, 13.5607402036, 50.4867792045, 0.0, 0.0
0.128464329879, 0.997408010058, 3.11865464983, 0.820536830564, 95.2732162287, 8.699717443, 0.343452168222, 1.92444483203, 13.5607402036, 50.4867792045, 0.0, 0.0
0.128464329879, 0.997408010058, 3.11865464983, 0.820536830564, 95.2732162287, 8.699717443, 0.343452168222, 1.92444483203, 13.5607402036, 50.4867792045, 0.0, 0.0
0.128464329879, 0.997408010058, 3.11865464983, 0.820536830564, 95.2732162287, 8.699717443, 0.343452168222, 1.92444483203, 13.5607402036, 50.4867792045, 0.0, 0.0
0.128464329879, 0.997408010058, 3.11865464983, 0.820536830564, 95.2732162287, 8.699717443, 0.343452168222, 1.92444483203, 13.5607402036, 50.4867792045, 0.0, 0.0
0.128464329879, 0.997408010058, 3.11865464983, 0.820536830564, 95.2732162287, 8.699717443, 0.343452168222, 1.92444483203, 13.5607402036, 50.4867792045, 0.0, 0.0
0.128464329879, 0.997586768514, 3.3117909032, 0.819913139055, 85.2894633368, 8.699717443, 0.49705355567, 2.25469470903, 13.5898624445, 87.5630681984, 0.0864723968263, 0.222222222222
0.128464329879, 0.997586768514, 3.3117909032, 0.819913139055, 85.2894633368, 8.699717443, 0.49705355567, 2.25469470903, 13.5898624445, 87.5630681984, 0.0864723968263, 0.222222222222
0.128464329879, 0.997586768514, 3.3117909032, 0.819913139055, 85.2894633368, 8.699717443, 0.49705355567, 2.25469470903, 13.5898624445, 87.5630681984, 0.0864723968263, 0.222222222222
0.128464329879, 0.997586768514, 3.3117909032, 0.819913139055, 85.2894633368, 8.699717443, 0.49705355567, 2.25469470903, 13.5898624445, 87.5630681984, 0.0864723968263, 0.222222222222
0.110523429624, 0.821264665828, 3.31465593791, 0.833029360983, 94.5587696792, 8.72836212291, 0.401680904585, 2.06196679589, 13.5931676772, 85.6707410053, 0.0168902220133, 0.0
0.110523429624, 0.821264665828, 3.31465593791, 0.833029360983, 94.5587696792, 8.72836212291, 0.401680904585, 2.06196679589, 13.5931676772, 85.6707410053, 0.0168902220133, 0.0
0.110523429624, 0.821264665828, 3.31465593791, 0.833029360983, 94.5587696792, 8.72836212291, 0.401680904585, 2.06196679589, 13.5931676772, 85.6707410053, 0.0168902220133, 0.0
0.110523429624, 0.821264665828, 3.31465593791, 0.833029360983, 94.5587696792, 8.72836212291, 0.401680904585, 2.06196679589, 13.5931676772, 85.6707410053, 0.0168902220133, 0.0
0.110523429624, 0.821264665828, 3.31465593791, 0.833029360983, 94.5587696792, 8.72836212291, 0.401680904585, 2.06196679589, 13.5931676772, 85.6707410053, 0.0168902220133, 0.0
0.110523429624, 0.821264665828, 3.31465593791, 0.833029360983, 94.5587696792, 8.72836212291, 0.401680904585, 2.06196679589, 13.5931676772, 85.6707410053, 0.0168902220133, 0.0
0.110523429624, 0.821264665828, 3.31465593791, 0.833029360983, 94.5587696792, 8.72836212291, 0.401680904585, 2.06196679589, 13.5931676772, 85.6707410053, 0.0168902220133, 0.0
0.110523429624, 0.821264665828, 3.31465593791, 0.833029360983, 94.5587696792, 8.72836212291, 0.401680904585, 2.06196679589, 13.5931676772, 85.6707410053, 0.0168902220133, 0.0
0.110523429624, 0.821264665828, 3.31465593791, 0.833029360983, 94.5587696792, 8.72836212291, 0.401680904585, 2.06196679589, 13.5931676772, 85.6707410053, 0.0168902220133, 0.0
0.110523429624, 0.821264665828, 3.31465593791, 0.833029360983, 94.5587696792, 8.72836212291, 0.401680904585, 2.06196679589, 13.5931676772, 85.6707410053, 0.0168902220133, 0.0
0.110523429624, 0.821264665828, 3.31465593791, 0.833029360983, 94.5587696792, 8.72836212291, 0.401680904585, 2.06196679589, 13.5931676772, 85.6707410053, 0.0168902220133, 0.0
0.110523429624, 0.821264665828, 3.31465593791, 0.833029360983, 94.5587696792, 8.72836212291, 0.401680904585, 2.06196679589, 13.5931676772, 85.6707410053, 0.0168902220133, 0.0
0.110523429624, 0.821264665828, 3.31465593791, 0.833029360983, 94.5587696792, 8.72836212291, 0.401680904585, 2.06196679589, 13.5931676772, 85.6707410053, 0.0168902220133, 0.0
0.110523429624, 0.821264665828, 3.31465593791, 0.833029360983, 94.5587696792, 8.72836212291, 0.401680904585, 2.06196679589, 13.5931676772, 85.6707410053, 0.0168902220133, 0.0
0.110523429624, 0.821264665828, 3.31465593791, 0.833029360983, 94.5587696792, 8.72836212291, 0.401680904585, 2.06196679589, 13.5931676772, 85.6707410053, 0.0168902220133, 0.0
0.110523429624, 0.824098527936, 3.30832895504, 0.844663431657, 95.1469216154, 8.72836212291, 0.399323695171, 2.24480283904, 13.5931676772, 105.728822988, 0.6425041131, 0.0
0.128464329879, 0.828960910882, 3.12044954956, 0.820535209396, 95.1818059014, 8.699717443, 0.343452168222, 1.40232132691, 13.5607402036, 87.8762328612, 0.0, 0.0
0.128464329879, 0.828960910882, 3.12044954956, 0.820535209396, 95.1818059014, 8.699717443, 0.343452168222, 1.40232132691, 13.5607402036, 87.8762328612, 0.0, 0.0
0.128464329879, 0.828960910882, 3.12044954956, 0.820535209396, 95.1818059014, 8.699717443, 0.343452168222, 1.40232132691, 13.5607402036, 87.8762328612, 0.0, 0.0
0.128464329879, 0.828960910882, 3.12044954956, 0.820535209396, 95.1818059014, 8.699717443, 0.343452168222, 1.40232132691, 13.5607402036, 87.8762328612, 0.0, 0.0
0.128464329879, 0.828960910882, 3.12044954956, 0.820535209396, 95.1818059014, 8.699717443, 0.343452168222, 1.40232132691, 13.5607402036, 87.8762328612, 0.0, 0.0
0.128464329879, 0.828960910882, 3.12044954956, 0.820535209396, 95.1818059014, 8.699717443, 0.343452168222, 1.40232132691, 13.5607402036, 87.8762328612, 0.0, 0.0
0.128464329879, 0.828960910882, 3.12044954956, 0.820535209396, 95.1818059014, 8.699717443, 0.343452168222, 1.40232132691, 13.5607402036, 87.8762328612, 0.0, 0.0
0.128464329879, 0.828960910882, 3.12044954956, 0.820535209396, 95.1818059014, 8.699717443, 0.343452168222, 1.40232132691, 13.5607402036, 87.8762328612, 0.0, 0.0
0.128464329879, 0.997408010058, 3.31111387756, 0.820536830564, 95.1830326289, 8.699717443, 0.343452168222, 1.42321120483, 13.5607402036, 26.7970565793, 0.0561576062304, 0.0
0.128464329879, 0.997408010058, 3.31111387756, 0.820536830564, 95.1830326289, 8.699717443, 0.343452168222, 1.42321120483, 13.5607402036, 26.7970565793, 0.0561576062304, 0.0
0.128464329879, 0.997408010058, 3.31111387756, 0.820536830564, 95.1830326289, 8.699717443, 0.343452168222, 1.42321120483, 13.5607402036, 26.7970565793, 0.0561576062304, 0.0
0.128464329879, 0.997408010058, 3.31111387756, 0.820536830564, 95.1830326289, 8.699717443, 0.343452168222, 1.42321120483, 13.5607402036, 26.7970565793, 0.0561576062304, 0.0
0.128464329879, 0.997408010058, 3.31111387756, 0.820536830564, 95.1830326289, 8.699717443, 0.343452168222, 1.42321120483, 13.5607402036, 26.7970565793, 0.0561576062304, 0.0
0.128464329879, 0.997408010058, 3.31111387756, 0.820536830564, 95.1830326289, 8.699717443, 0.343452168222, 1.42321120483, 13.5607402036, 26.7970565793, 0.0561576062304, 0.0
0.128464329879, 0.997408010058, 3.31111387756, 0.820536830564, 95.1830326289, 8.699717443, 0.343452168222, 1.42321120483, 13.5607402036, 26.7970565793, 0.0561576062304, 0.0
0.128464329879, 0.997408010058, 3.31111387756, 0.820536830564, 95.1830326289, 8.699717443, 0.343452168222, 1.42321120483, 13.5607402036, 26.7970565793, 0.0561576062304, 0.0
0.128464329879, 0.997408010058, 3.31111387756, 0.820536830564, 95.1830326289, 8.699717443, 0.343452168222, 1.42321120483, 13.5607402036, 26.7970565793, 0.0561576062304, 0.0
0.128464329879, 0.997408010058, 3.31111387756, 0.820536830564, 95.1830326289, 8.699717443, 0.343452168222, 1.42321120483, 13.5607402036, 26.7970565793, 0.0561576062304, 0.0
0.128464329879, 0.997408010058, 3.31111387756, 0.820536830564, 95.1830326289, 8.699717443, 0.343452168222, 1.42321120483, 13.5607402036, 26.7970565793, 0.0561576062304, 0.0
0.128464329879, 0.997408010058, 3.31111387756, 0.820536830564, 95.1830326289, 8.699717443, 0.343452168222, 1.42321120483, 13.5607402036, 26.7970565793, 0.0561576062304, 0.0
0.128464329879, 0.997408010058, 3.31111387756, 0.820536830564, 95.1830326289, 8.699717443, 0.343452168222, 1.42321120483, 13.5607402036, 26.7970565793, 0.0561576062304, 0.0
0.128464329879, 0.997408010058, 3.31111387756, 0.820536830564, 95.1830326289, 8.699717443, 0.343452168222, 1.42321120483, 13.5607402036, 26.7970565793, 0.0561576062304, 0.0
0.128464329879, 0.997408010058, 3.31111387756, 0.820536830564, 95.1830326289, 8.699717443, 0.343452168222, 1.42321120483, 13.5607402036, 26.7970565793, 0.0561576062304, 0.0
0.128464329879, 0.997408010058, 3.31111387756, 0.820536830564, 95.1830326289, 8.699717443, 0.343452168222, 1.42321120483, 13.5607402036, 26.7970565793, 0.0561576062304, 0.0
0.128464329879, 0.997408010058, 3.31111387756, 0.820536830564, 95.1830326289, 8.699717443, 0.343452168222, 1.42321120483, 13.5607402036, 26.7970565793, 0.0561576062304, 0.0
0.128464329879, 0.997408010058, 3.31111387756, 0.820536830564, 95.1830326289, 8.699717443, 0.343452168222, 1.42321120483, 13.5607402036, 26.7970565793, 0.0561576062304, 0.0
0.128464329879, 0.997408010058, 3.31111387756, 0.820536830564, 95.1830326289, 8.699717443, 0.343452168222, 1.42321120483, 13.5607402036, 26.7970565793, 0.0561576062304, 0.0
0.128464329879, 0.997408010058, 3.31111387756, 0.820536830564, 95.1830326289, 8.699717443, 0.343452168222, 1.42321120483, 13.5607402036, 26.7970565793, 0.0561576062304, 0.0
0.128464329879, 0.997586768514, 3.3117909032, 0.833081600932, 94.4435982383, 8.699717443, 0.415001376103, 1.36695341206, 13.5607402036, 94.1024622149, 0.0250841216141, 0.0
0.128464329879, 1.00260232959, 3.11865464983, 0.820536830564, 95.2732162287, 8.699717443, 0.343452168222, 1.92444483203, 13.5607402036, 68.9237748427, 0.00502694741866, 0.0
0.128464329879, 1.00260232959, 3.11865464983, 0.820536830564, 95.2732162287, 8.699717443, 0.343452168222, 1.92444483203, 13.5607402036, 68.9237748427, 0.00502694741866, 0.0
0.128464329879, 1.00260232959, 3.11865464983, 0.820536830564, 95.2732162287, 8.699717443, 0.343452168222, 1.92444483203, 13.5607402036, 68.9237748427, 0.00502694741866, 0.0
0.128464329879, 1.00260232959, 3.11865464983, 0.820536830564, 95.2732162287, 8.699717443, 0.343452168222, 1.92444483203, 13.5607402036, 68.9237748427, 0.00502694741866, 0.0
0.110523429624, 0.821264665828, 3.31465593791, 0.833029360983, 94.5587696792, 8.72836212291, 0.368494200502, 2.06196679589, 13.69959226, 114.084748068, 0.134878260723, 0.416666666667
0.110523429624, 0.821264665828, 3.31465593791, 0.833029360983, 94.5587696792, 8.72836212291, 0.401680904585, 2.06196679589, 13.5931676772, 100.044705912, 0.0821100103504, 0.458333333333
