4.19099662078, 1.24451331763, 0.988060111198, 1.08653380788, 6.82129163169, 0.977139223471, 4.20433599811, 1.09195788068, 0.985982130615, 4.7996830504, 3.32530651231, 0.888859509778, 3.18932441594, 1.23232035971, 1.0900005881, 1.04600825839, 1.04198098616, 0.856333692786, 6.70165469493, 0.961807694613, 0.827233488104, 326.21711175, 1.11779848086, 5.5556737122, 1.10105994505, 3.17527271902, 1.2929087372, 8.81747554128, 10.2530109841, 70.8302796913
3.21425199883, 1.12143488293, 1.07490579764, 1.16883371384, 3.26955711127, 0.869193043616, 4.96258085085, 1.06456392087, 0.901564321448, 6.04520299096, 4.73801849816, 0.992133659537, 2.37214945742, 0.94031325164, 1.09000072343, 1.00103018876, 1.03806035739, 0.92590162182, 5.11748183906, 1.10672083665, 0.98312380845, 13.5534711994, 1.10931230403, 4.00449837267, 1.23018247024, 3.99298098478, 1.1394651912, 8.94896187004, 4.99886023986, 9.9855617588
3.13213311572, 1.113230988, 0.761052024724, 0.917549841427, 1.66679775154, 0.818284466942, 2.78439159493, 1.03028317043, 0.922631665206, 4.92197397453, 5.32959735221, 0.873209072324, 3.60940343407, 1.09317872432, 1.09000053662, 1.10902354357, 1.0391569195, 1.11501965528, 5.80579484399, 0.961807694613, 0.763343384627, 65.2900565106, 0.992181967778, 3.88249665554, 1.23617621006, 3.79420797008, 1.18425584297, 6.70924222776, 9.06614994416, 70.880998228
5.0540584264, 1.24451331763, 0.744677896689, 1.15165599742, 3.55640126158, 0.807968328779, 3.86964752324, 0.879070738309, 0.977119654134, 2.20251431372, 6.86924783012, 1.02020046763, 4.93334127625, 1.25229679563, 1.09000099624, 1.02930753892, 1.03747050409, 0.835139507293, 5.9059740282, 0.961313143106, 0.826559031615, 242.950662896, 0.920341389792, 1.5820849213, 1.07665325926, 4.61539251715, 1.13250608066, 12.0051528169, 6.5083485386, 159.07778956
4.19099662078, 1.24451331763, 0.988060111198, 1.08653380788, 6.82129163169, 0.977139223471, 4.20433599811, 1.05815428345, 0.985982130615, 4.7996830504, 3.32530651231, 0.888859509778, 3.18932441594, 1.23232035971, 1.09000074076, 1.04600825839, 1.04198098616, 0.856333692786, 6.70165469493, 0.961807694613, 0.827233488104, 326.21711175, 1.11779848086, 5.61107322444, 1.10105994505, 3.17527271902, 1.2929087372, 55.8347833835, 12.9097515644, 21.5965218424
1.30364289155, 1.13395629774, 0.788653606332, 0.936327492745, 5.41894938357, 0.848382583562, 5.70629631933, 0.905134544025, 0.99360430053, 1.44861420314, 6.44983525305, 0.847177145105, 1.62751097908, 1.27020228205, 1.0900008115, 1.00103018876, 1.00426597248, 0.978164613787, 6.81021271134, 1.09751453155, 0.824198968465, 354.333002778, 0.948326706367, 5.97464061729, 1.23192623104, 2.79151431794, 1.12261128293, 38.2175132129, 9.01249996771, 24.6774862726
4.35852187811, 1.24451331763, 0.988060111198, 1.08653380788, 6.82129163169, 0.977139223471, 4.20433599811, 1.07491098028, 0.985982130615, 4.7996830504, 3.32530651231, 0.888859509778, 4.89669310618, 1.23232035971, 1.09000043687, 1.04600825839, 1.04502093037, 1.11501965528, 6.70165469493, 1.01550836185, 0.827233488104, 326.21711175, 1.18718243739, 5.5556737122, 1.10105994505, 3.17527271902, 1.2929087372, 10.0390843397, 10.5790034903, 33.1290000163
3.66231857387, 1.33732565209, 0.943637367566, 1.09704337478, 3.21262309937, 0.774137512366, 5.80554931949, 0.928866705238, 0.977220335326, 5.4478649623, 3.09085846442, 1.09707820698, 4.16328520708, 0.870747602527, 1.09000040316, 1.09346713766, 1.02353498233, 1.20350846297, 5.97802031327, 1.01293200794, 0.762931460406, 58.4522022071, 0.960600546537, 4.43337974901, 1.23679077086, 5.10811090569, 0.969481495168, 14.9372061196, 8.2733059475, 30.3809507395
3.13213311572, 1.30495784988, 0.761052024724, 1.06998814434, 4.83204940238, 0.818284466942, 2.53940390438, 1.03028317043, 0.92789625514, 5.63055632694, 2.8361743162, 0.899648419202, 3.60940343407, 0.940247076058, 1.09000043991, 1.1088804981, 1.03806035739, 0.989205991311, 7.09765609685, 0.961807694613, 0.7965875495, 65.2900565106, 0.992181967778, 3.90884266428, 1.19610870869, 3.17527271902, 1.1394651912, 19.3129797005, 6.30968921127, 33.3205485746
4.0137078557, 1.0086504797, 1.16697738281, 1.17394676657, 1.66918296421, 0.966200960663, 3.86964752324, 1.0912590753, 0.999086993544, 4.20701386969, 2.69787218317, 0.833391287139, 1.11150340932, 1.2685363389, 1.09000052781, 1.03068244227, 1.02036162884, 0.862178493207, 9.89394944063, 1.0894323235, 0.966623522021, 148.835099206, 1.04674137407, 5.01297236051, 1.12802170927, 5.33842571481, 1.01180183378, 13.296319686, 8.09938310953, 59.3486663067
1.95489744811, 1.31481573326, 0.758751602988, 1.13466231774, 6.2912691361, 0.712698803553, 1.09313058235, 0.886606161984, 0.900786041752, 3.48794583872, 2.87863344388, 1.03661536239, 4.32254708897, 0.984332209259, 1.09000074992, 1.09475734841, 1.01305712413, 1.03284198753, 9.8866054165, 1.11856836296, 0.970051391079, 230.744631344, 0.953221389217, 3.87656387111, 1.15071292694, 4.01325383071, 0.96805495101, 17.6278387131, 6.1403767117, 58.7669821469
3.13213311572, 1.05447002315, 0.740164788176, 1.06998814434, 5.72616546069, 0.818284466942, 2.78439159493, 1.06173447425, 0.996897745873, 5.5544866026, 2.00742689764, 1.01522607934, 3.60940343407, 1.09317872432, 1.09000071824, 1.08819362863, 1.04697797256, 1.11501965528, 5.80579484399, 0.961807694613, 0.810306267069, 65.2900565106, 0.983838671657, 3.90884266428, 1.01824611275, 3.17527271902, 1.18425584297, 13.0514848934, 10.8399955062, 47.6493152774
1.88987563934, 1.01330632459, 0.801213252873, 0.932264859461, 6.13919736092, 0.778484185289, 4.82699412193, 0.828353142687, 0.92789625514, 3.92843791341, 5.67269598897, 1.05748297135, 4.93216537061, 1.28480343587, 1.09000052781, 1.00644106474, 1.00643221391, 1.20050972854, 4.60066508889, 1.15447964295, 0.768206056707, 34.5617712844, 1.12340307042, 5.98076733844, 1.17471422898, 3.80056039759, 0.968544516698, 16.0271331343, 11.7085784204, 45.6145583953
1.43387663863, 1.13395629774, 0.841324931459, 0.950488880267, 1.93493025918, 0.848382583562, 5.99740373446, 0.936338376329, 0.985716760258, 5.63055632694, 6.44983525305, 0.827536429387, 1.62751097908, 1.27020228205, 1.09000078849, 1.00102955115, 1.00426597248, 1.01883547964, 6.81021271134, 1.09751453155, 0.864649664675, 354.333002778, 1.07762456026, 5.71090758718, 1.23775771851, 2.79151431794, 0.92188435253, 37.2505812167, 7.61707643472, 130.296810588
3.22449243317, 1.099123237, 1.04262000395, 0.969366085023, 1.89893182971, 0.840458142599, 3.82866559276, 0.867176376246, 0.902393421387, 4.92197397453, 7.21647619918, 1.06122463123, 4.04324612508, 0.982382806851, 1.09000044466, 1.02103367696, 1.03803369739, 0.973474339524, 7.50676090622, 0.950387585682, 0.953729124626, 366.982696108, 1.11607893914, 3.97610052047, 1.01431057156, 1.89942369714, 0.972362624302, 19.6520230939, 7.7650656805, 110.022416033
3.08803473669, 1.01821833877, 0.958793757135, 1.11705451481, 1.68216932829, 0.807968328779, 5.20659472538, 0.829457362544, 0.942449625319, 1.82955037267, 7.67365921822, 0.975371151093, 3.21025193764, 0.820439873434, 1.09000038172, 1.0477799077, 1.01518296057, 0.968626793824, 6.76520208295, 1.016347195, 0.790879861961, 130.840804426, 0.953221389217, 1.60116040106, 1.23166082991, 2.20981773651, 1.20143044314, 37.2829326919, 8.00451200825, 86.1912419281
5.92637359148, 1.19160710956, 0.793549127431, 1.07294051877, 2.02940453116, 0.726400386395, 4.9456666621, 0.846898315084, 0.994461526242, 1.59163125537, 4.9087830632, 0.939391198287, 2.48493630438, 0.923499432921, 1.09000075827, 1.01131624127, 1.00643221391, 1.07961230049, 3.47566370169, 0.953037479712, 0.986035277869, 95.2927947628, 0.963761808171, 4.91407495968, 1.02709550782, 3.65288626148, 1.09086894127, 31.0051545502, 10.7753703539, 43.6619816977
4.70527688894, 1.17517914055, 1.10275587716, 1.09669757953, 6.93891993718, 0.752479837565, 5.07932345156, 0.959249682699, 0.94100597676, 3.12726729496, 7.69368655721, 0.913111980385, 3.36739501658, 0.81569633501, 1.09000069739, 1.05191404814, 1.01518296057, 0.923852480139, 5.2787406669, 1.09857548685, 0.929743019706, 234.172894352, 0.969907361453, 5.69504194319, 1.04533422607, 3.6074111166, 1.06011532942, 27.4049418018, 7.36147117516, 489.538211061
1.43387663863, 1.13395629774, 0.841324931459, 0.936327492745, 1.93493025918, 0.848382583562, 5.98079075112, 0.936338376329, 0.985716760258, 5.63055632694, 6.44983525305, 0.873209072324, 1.62751097908, 1.27020228205, 1.0900008115, 1.00103018876, 1.00426597248, 1.01883547964, 6.81021271134, 1.09751453155, 0.864649664675, 354.333002778, 1.07762456026, 5.71090758718, 1.22797771728, 2.79151431794, 0.92188435253, 28.8842690621, 7.43400616589, 169.216463795
3.00933114647, 1.33732565209, 0.988060111198, 1.09704337478, 3.21262309937, 0.774137512366, 5.80554931949, 0.928866705238, 0.977220335326, 5.4478649623, 3.09085846442, 1.09707820698, 4.16328520708, 1.03460742325, 1.09000040316, 1.09346713766, 1.02353498233, 1.20350846297, 5.97802031327, 1.01293200794, 0.827233488104, 58.4522022071, 0.960600546537, 4.43337974901, 1.23679077086, 5.26740399918, 0.969481495168, 29.2171933874, 7.32072785509, 283.833923583
3.22449243317, 1.099123237, 1.04262000395, 0.969366085023, 3.44042807311, 0.840458142599, 3.82866559276, 0.855851880904, 0.922631665206, 4.92197397453, 7.61332489665, 0.873209072324, 4.04324612508, 0.901552088172, 1.09000044466, 1.09062003368, 1.03803369739, 1.16669070097, 7.50676090622, 1.09751453155, 0.953729124626, 378.874299901, 1.11607893914, 4.41173324546, 1.07665325926, 3.80056039759, 0.972362624302, 39.7235871876, 8.2011214477, 80.5530372702
3.46150507489, 1.15146023471, 1.00795261745, 0.864141717728, 5.41894938357, 0.718220089101, 1.19749004515, 0.91145622836, 0.935660856264, 5.94911535937, 2.19465570026, 0.890691382082, 2.83682652551, 0.980011764916, 1.09000042544, 1.04296250427, 1.0053937365, 0.944435921465, 8.29991815462, 1.08565869471, 0.778387708549, 25.662981855, 0.997242018385, 5.71090758718, 1.22572163214, 2.33258202107, 1.22399347871, 27.8256374482, 8.24907426637, 77.3845496318
2.1290940635, 1.31481573326, 0.758751602988, 1.01840242223, 6.2912691361, 0.712698803553, 1.09313058235, 0.886606161984, 0.913628279445, 3.10959092213, 3.08450220346, 1.03661536239, 2.92459293292, 0.984332209259, 1.09000074992, 1.08516955314, 1.01981898966, 1.03284198753, 9.8866054165, 1.016347195, 0.970051391079, 230.744631344, 0.953221389217, 5.17340024212, 1.15071292694, 4.01325383071, 0.96805495101, 28.1889837968, 7.48663991751, 573.183039833
3.30234037492, 1.23816672621, 1.15215682297, 1.15793542325, 6.84570401112, 0.73160827747, 1.37428085739, 0.837312858071, 0.978015712778, 5.98922750033, 6.54081376759, 0.844068896101, 4.15705297202, 1.0359740064, 1.09000084025, 1.07558326542, 1.04807307835, 1.07961230049, 7.23477053209, 0.973997380393, 0.997317458988, 326.015186252, 1.04011005517, 3.13128398533, 1.04395806502, 1.89942369714, 1.08103206309, 36.9729083096, 7.68943689567, 258.424102778
5.74819961755, 1.01624048347, 0.793549127431, 1.07294051877, 2.02940453116, 0.726400386395, 4.9456666621, 0.846898315084, 0.994461526242, 1.59163125537, 4.9087830632, 0.939391198287, 2.48493630438, 0.923499432921, 1.09000075827, 1.01131624127, 1.00643221391, 0.978301260961, 3.47566370169, 0.955403296015, 0.986035277869, 95.2927947628, 0.963761808171, 4.91407495968, 1.13108218759, 3.65288626148, 1.09086894127, 40.5410535998, 11.3128374961, 36.0857676131
3.30234037492, 1.23816672621, 1.07490579764, 1.15793542325, 5.38873862776, 0.848382583562, 1.37428085739, 0.829768153332, 0.940958988509, 5.98922750033, 6.54081376759, 0.844068896101, 4.15705297202, 1.0359740064, 1.09000084025, 1.06685492484, 1.04807307835, 1.07961230049, 7.23477053209, 0.973997380393, 0.997317458988, 326.015186252, 0.977168735771, 3.13128398533, 1.04395806502, 1.89942369714, 1.29647331613, 23.4316275917, 8.1907656485, 148.923625166
1.95489744811, 1.31481573326, 0.758751602988, 1.13466231774, 6.2912691361, 0.712698803553, 1.09313058235, 0.886606161984, 0.913628279445, 4.04014407514, 3.08450220346, 1.03661536239, 2.92459293292, 0.984332209259, 1.09000074992, 1.08516955314, 1.01981898966, 1.03284198753, 9.8866054165, 1.11856836296, 0.970051391079, 230.744631344, 0.953221389217, 4.9365865103, 1.15071292694, 4.01325383071, 0.96805495101, 21.552854855, 13.0632350916, 52.9673976586
5.23917569128, 1.12842767273, 1.05442119214, 1.21283398613, 5.42957090583, 0.934171654943, 3.97786153347, 1.04723084992, 0.977596799843, 4.42709052454, 7.65720627341, 1.06142450008, 4.26148053493, 1.19247943265, 1.09000053326, 1.02118255278, 1.01305712413, 1.14301565511, 3.13049005518, 1.11856836296, 0.826401763545, 234.172894352, 1.16360825617, 1.42521083075, 1.02531293119, 5.06040168661, 1.19953537111, 37.6497115615, 10.9849631462, 58.1593454742
5.92637359148, 1.19160710956, 0.793549127431, 1.21411642811, 2.02940453116, 0.726400386395, 4.9456666621, 0.846898315084, 0.994461526242, 1.59163125537, 4.9087830632, 0.939391198287, 2.48493630438, 0.923499432921, 1.09000075827, 1.01131624127, 1.00643221391, 1.07961230049, 3.47566370169, 0.953037479712, 0.986035277869, 95.2927947628, 0.963761808171, 4.91407495968, 1.02709550782, 3.65288626148, 1.09086894127, 41.8732420744, 9.53393272461, 62.5903324807
3.456071274, 1.01330632459, 0.826151623631, 0.93692440888, 6.13919736092, 0.778484185289, 5.15451793639, 0.902996515661, 0.92789625514, 2.17547868398, 5.67269598897, 0.829997515947, 4.91402500736, 1.27494777514, 1.09000053197, 1.00644106474, 1.00190336341, 1.20050972854, 8.16290020212, 0.916890172991, 0.76712813021, 164.451617492, 1.12340307042, 5.89811192196, 1.17471422898, 2.94482086831, 1.14725938064, 58.387362416, 17.3815774515, 41.1107110282
5.38668085539, 1.24451331763, 0.943637367566, 1.09704337478, 3.21262309937, 0.774137512366, 5.80554931949, 0.928866705238, 0.977220335326, 5.4478649623, 3.09085846442, 1.09707820698, 4.16328520708, 0.870747602527, 1.09000043687, 1.09346713766, 1.02353498233, 1.20350846297, 5.97802031327, 1.01293200794, 0.762931460406, 326.21711175, 0.960600546537, 4.43337974901, 1.23679077086, 5.10811090569, 0.969481495168, 28.5178394182, 13.5929092686, 54.5770059874
2.87020284063, 1.01415666226, 1.05179584305, 1.19322824432, 3.36227080036, 0.810432753696, 5.55104471286, 0.875423529562, 0.903681294576, 3.91491335807, 6.60786380319, 0.895106504974, 2.18525459544, 1.08115414152, 1.09000078723, 1.01580131562, 1.0291862362, 0.93769952361, 8.51560716939, 0.964830256848, 0.971607773396, 341.485960638, 1.02691305699, 2.03951536161, 1.03059569644, 1.10997230776, 1.0533791391, 21.5101880538, 9.69413570723, 134.298162044
3.21425199883, 1.12143488293, 1.07490579764, 1.16811640125, 3.26955711127, 0.869193043616, 4.35942377958, 1.06456392087, 0.901564321448, 6.04520299096, 4.73801849816, 0.992133659537, 2.37214945742, 0.94031325164, 1.09000072343, 1.00103018876, 1.03806035739, 0.92590162182, 5.11748183906, 1.10672083665, 0.98312380845, 13.5534711994, 1.10931230403, 4.00449837267, 1.23018247024, 3.99298098478, 1.1394651912, 26.5734241622, 8.47980353978, 264.917891582
3.13213311572, 1.05447002315, 0.761052024724, 1.06998814434, 5.72616546069, 0.818284466942, 2.78439159493, 1.06173447425, 0.996897745873, 5.5544866026, 2.00742689764, 1.01522607934, 3.60940343407, 1.09317872432, 1.09000071824, 1.08819362863, 1.04697797256, 1.11501965528, 5.80579484399, 0.961807694613, 0.810306267069, 65.2900565106, 0.925249199094, 3.90884266428, 1.01824611275, 3.17527271902, 1.18425584297, 52.5720804861, 12.3276470486, 55.4620462266
3.30234037492, 1.23816672621, 1.07490579764, 1.15793542325, 5.38873862776, 0.73160827747, 1.37428085739, 0.837312858071, 0.978015712778, 5.98922750033, 6.54081376759, 0.88392496449, 4.15705297202, 1.0359740064, 1.09000084025, 1.07558326542, 1.04807307835, 1.07961230049, 7.23477053209, 0.973997380393, 0.989284470985, 326.015186252, 1.02951701219, 3.13128398533, 1.04395806502, 1.89942369714, 1.29647331613, 22.7659529883, 9.58384936901, 215.566680526
5.74819961755, 1.01624048347, 0.793549127431, 1.07294051877, 2.02940453116, 0.726400386395, 4.9456666621, 0.849818533676, 0.994461526242, 1.59163125537, 5.45152841316, 0.939391198287, 2.48493630438, 0.923499432921, 1.09000088902, 1.01131624127, 1.00643221391, 0.978301260961, 3.47566370169, 0.955403296015, 0.986035277869, 95.2927947628, 0.963761808171, 4.91407495968, 1.13108218759, 3.65288626148, 1.09086894127, 29.0865242875, 10.004235218, 117.748531708
3.21425199883, 1.12143488293, 1.07490579764, 1.16811640125, 3.26955711127, 0.794848389681, 2.72824941038, 1.06456392087, 0.901564321448, 6.04520299096, 4.73801849816, 0.992133659537, 2.37214945742, 0.94031325164, 1.09000072343, 1.00103018876, 1.03806035739, 0.92590162182, 5.11748183906, 1.10672083665, 0.98312380845, 13.5534711994, 1.10931230403, 4.00449837267, 1.23018247024, 3.99298098478, 1.13920404147, 24.4648118172, 13.5158236194, 70.8255807423
5.74819961755, 1.33593543074, 0.793549127431, 1.07294051877, 5.85508473857, 0.989601230624, 4.9456666621, 0.849818533676, 0.951211575327, 1.59163125537, 5.45152841316, 0.868427845714, 2.48493630438, 0.923499432921, 1.09000065671, 1.01131624127, 1.02351348668, 0.978301260961, 3.47566370169, 0.953579561542, 0.986035277869, 64.6117079742, 0.94468086434, 4.91407495968, 1.12070316635, 3.65288626148, 1.09086894127, 27.6822204324, 8.50273981999, 452.122934835
3.38304772136, 1.15146023471, 1.07490579764, 1.11746849318, 3.26955711127, 0.869193043616, 4.35942377958, 1.06456392087, 0.901564321448, 6.04520299096, 4.73801849816, 0.992133659537, 2.37214945742, 1.04274418316, 1.09000072343, 1.00089327475, 1.03806035739, 0.92590162182, 5.11748183906, 1.18943204412, 0.98312380845, 13.5534711994, 0.983619556125, 4.00449837267, 1.23018247024, 4.54744510647, 1.1394651912, 20.9105968415, 12.3842389551, 101.045351831
3.08803473669, 1.13395629774, 0.958793757135, 1.11705451481, 1.68216932829, 0.807968328779, 5.20659472538, 0.829457362544, 0.942449625319, 1.82955037267, 7.67365921822, 0.975371151093, 3.21025193764, 0.820439873434, 1.09000038172, 1.0477799077, 1.00426597248, 0.968626793824, 6.76520208295, 1.016347195, 0.790879861961, 130.840804426, 0.953221389217, 1.60116040106, 1.23166082991, 2.20981773651, 1.20143044314, 24.1927983106, 13.0557216511, 75.3423849806
3.90002350588, 1.13395629774, 0.788653606332, 0.936327492745, 1.93493025918, 0.848382583562, 5.70629631933, 0.905134544025, 0.985716760258, 5.63055632694, 6.44983525305, 0.873209072324, 1.62751097908, 1.27020228205, 1.0900008115, 1.00103018876, 1.00426597248, 0.978164613787, 6.81021271134, 1.09751453155, 0.820858856172, 354.333002778, 1.07762456026, 5.71090758718, 1.23192623104, 2.79151431794, 1.12261128293, 28.6767735171, 8.50743132873, 322.656518498
1.57167952094, 1.30495784988, 0.761052024724, 1.06998814434, 5.71081281436, 0.931436375584, 1.89194552085, 1.03028317043, 0.995406423674, 3.59949186553, 5.32959735221, 0.899648419202, 3.60940343407, 1.09317872432, 1.09000043991, 1.10874668001, 1.03806035739, 1.16232950849, 7.09765609685, 0.961807694613, 0.76919204238, 65.2900565106, 0.992181967778, 3.90884266428, 1.19610870869, 3.17527271902, 1.25174581631, 31.9920015125, 8.93195211769, 236.73887431
3.30234037492, 1.23816672621, 1.07490579764, 1.15793542325, 5.38873862776, 0.73160827747, 1.37428085739, 0.837312858071, 0.978015712778, 6.12918092912, 6.54081376759, 0.88392496449, 4.15705297202, 1.0359740064, 1.09000084025, 1.0678824352, 1.04807307835, 1.07961230049, 7.23477053209, 0.973997380393, 0.989284470985, 326.015186252, 1.02951701219, 3.13128398533, 1.13108218759, 1.89942369714, 1.29970260858, 41.5195074705, 9.89376465277, 97.8826216986
5.74819961755, 1.33593543074, 0.793549127431, 1.07294051877, 4.13757601213, 0.989601230624, 4.9456666621, 0.849818533676, 0.951211575327, 1.59163125537, 5.45152841316, 0.939391198287, 2.48493630438, 0.923499432921, 1.09000057239, 1.01131624127, 1.02683619906, 0.978301260961, 3.47566370169, 0.953579561542, 0.986035277869, 64.6117079742, 0.94468086434, 4.91407495968, 1.12070316635, 3.65288626148, 1.09086894127, 80.924083255, 11.2329241774, 69.1284092454
1.57167952094, 1.30495784988, 0.761052024724, 1.06998814434, 5.71081281436, 0.818284466942, 2.78439159493, 1.03028317043, 0.995406423674, 5.63055632694, 5.32959735221, 0.899648419202, 3.60940343407, 1.09317872432, 1.09000043991, 1.10874668001, 1.03806035739, 1.16232950849, 7.09765609685, 0.961807694613, 0.76919204238, 65.2900565106, 0.992181967778, 3.90884266428, 1.19610870869, 3.17527271902, 1.25174581631, 23.2669671257, 13.2449871276, 71.4257975109
4.77108239105, 1.26009260189, 0.901068950497, 0.824646251568, 5.84408121751, 0.907122023649, 2.27173591655, 1.07043131818, 0.979828144581, 4.65679904641, 4.50694963858, 1.02335966203, 4.41562456006, 0.823413353957, 1.0900008131, 1.02964502958, 1.01303098328, 1.09151502383, 8.72174070379, 0.993831577817, 0.872480562204, 224.195941272, 1.18373205278, 3.09918518857, 1.17235067756, 3.80056039759, 1.18971997387, 31.3341210686, 10.7235785083, 148.248418024
1.57167952094, 1.14816855237, 0.761052024724, 1.02318741398, 6.34902112378, 0.931436375584, 1.89194552085, 1.03748016566, 0.995406423674, 3.59949186553, 5.32959735221, 0.899648419202, 3.60940343407, 1.09317872432, 1.09000043991, 1.10874668001, 1.03806035739, 1.16232950849, 7.09765609685, 0.935013182504, 0.76919204238, 65.2900565106, 0.992181967778, 3.90884266428, 1.19610870869, 3.17527271902, 1.25174581631, 40.6484321697, 8.21674928878, 295.303759589
1.87015607163, 1.01415666226, 1.05179584305, 1.19322824432, 3.36227080036, 0.734384095847, 5.59320796253, 0.875423529562, 0.903681294576, 3.91491335807, 6.60786380319, 0.895106504974, 1.79024659059, 1.08115414152, 1.09000078723, 1.01580131562, 1.0291862362, 0.93769952361, 8.51560716939, 0.963961863893, 0.971607773396, 57.6894144615, 1.02691305699, 2.03951536161, 1.03059569644, 1.10997230776, 1.0533791391, 29.9196840982, 14.3258645626, 74.7687182351
3.456071274, 1.01330632459, 0.826151623631, 0.93692440888, 6.38888063145, 0.778484185289, 5.15451793639, 0.836316479357, 0.978015712778, 2.17547868398, 5.67269598897, 0.829997515947, 3.52933815613, 1.27494777514, 1.09000053197, 1.00644106474, 1.00190336341, 1.20050972854, 8.16290020212, 0.916890172991, 0.76712813021, 164.451617492, 1.12340307042, 5.89811192196, 1.03026362554, 5.18298009315, 1.25174581631, 25.7329942377, 13.978482503, 80.3992209899
3.21425199883, 1.12143488293, 1.07490579764, 1.16811640125, 3.26955711127, 0.869193043616, 4.35942377958, 0.94240934093, 0.901564321448, 6.04520299096, 4.73801849816, 0.836749456686, 2.37214945742, 0.94031325164, 1.09000072343, 1.00103018876, 1.03806035739, 0.92590162182, 5.11748183906, 1.10672083665, 0.98312380845, 13.5534711994, 1.10931230403, 4.00449837267, 1.23018247024, 3.99298098478, 1.1394651912, 44.9995508976, 8.37495170956, 212.349306945
4.0137078557, 1.0086504797, 1.16697738281, 1.17394676657, 1.66918296421, 0.966200960663, 3.86964752324, 1.0912590753, 0.999086993544, 4.20701386969, 3.32608561737, 0.833391287139, 1.11150340932, 1.2685363389, 1.09000052781, 1.05066341075, 1.02036162884, 0.862178493207, 8.49551282437, 1.0894323235, 0.909168857565, 148.835099206, 1.04674137407, 5.01297236051, 1.12802170927, 5.33842571481, 1.01180183378, 44.2396450682, 8.38948073231, 282.527397287
3.46150507489, 1.15146023471, 1.00795261745, 0.864141717728, 5.41894938357, 0.718220089101, 1.09313058235, 0.833905293772, 0.935660856264, 5.94911535937, 2.19465570026, 0.890691382082, 2.83682652551, 0.984332209259, 1.09000074992, 1.04296250427, 1.01981898966, 1.13717837908, 9.8866054165, 1.08565869471, 0.778387708549, 25.662981855, 0.997242018385, 5.71090758718, 1.22572163214, 2.33258202107, 1.22399347871, 54.3975017192, 8.93864880049, 222.64769894
3.38304772136, 1.15146023471, 1.07490579764, 1.11746849318, 3.26955711127, 0.869193043616, 4.35942377958, 1.06456392087, 0.901564321448, 6.04520299096, 4.73801849816, 0.833353253648, 2.37214945742, 1.04274418316, 1.09000072343, 1.00089327475, 1.03806035739, 0.92590162182, 5.11748183906, 1.18943204412, 0.98312380845, 13.5534711994, 0.983619556125, 4.00449837267, 1.23018247024, 4.54744510647, 1.1394651912, 29.5948437219, 8.6305512703, 1112.48634772
1.87015607163, 1.14076562001, 0.837509047429, 0.91042520545, 2.0501853529, 0.734384095847, 2.94072987551, 1.06884335785, 0.989872860914, 5.89776420579, 7.10309927779, 0.833391287139, 2.89124418115, 0.868922205513, 1.09000080534, 1.01285920904, 1.01687244464, 1.13419555863, 6.05792645733, 1.03091109415, 0.934133973602, 68.1283495051, 0.990923875825, 2.37037067524, 0.967847799718, 2.72525486255, 1.24854633494, 67.0712624292, 10.8129609518, 105.928023255
1.88987563934, 1.01330632459, 0.826151623631, 0.93692440888, 6.13919736092, 0.778484185289, 4.82699412193, 0.882539531193, 0.92789625514, 2.17547868398, 5.67269598897, 0.829997515947, 4.91402500736, 1.27494777514, 1.09000052781, 1.00644106474, 1.00643221391, 1.20050972854, 5.65320006553, 0.919735072088, 0.76712813021, 164.451617492, 1.12340307042, 5.89811192196, 1.17471422898, 2.94482086831, 1.08103206309, 64.5854868392, 9.45244229461, 204.364720076
5.74819961755, 1.33593543074, 0.793549127431, 1.07294051877, 5.85508473857, 0.990027707647, 4.9456666621, 0.849818533676, 0.951211575327, 1.59163125537, 5.45152841316, 0.942139298401, 2.48493630438, 0.923499432921, 1.09000065671, 1.01131624127, 1.02351348668, 0.978301260961, 3.03503591113, 1.10711614579, 0.986035277869, 64.6117079742, 0.94468086434, 4.00449837267, 1.12070316635, 3.99298098478, 1.09086894127, 30.6606748781, 15.397610958, 85.705612242
3.456071274, 1.01330632459, 0.826151623631, 0.93692440888, 6.38888063145, 0.778484185289, 5.15451793639, 0.902996515661, 0.978015712778, 2.17547868398, 5.67269598897, 0.829997515947, 3.52933815613, 1.27494777514, 1.09000053197, 1.00644106474, 1.00190336341, 1.20050972854, 8.16290020212, 0.916890172991, 0.76712813021, 164.451617492, 1.12340307042, 5.89811192196, 1.17471422898, 2.94482086831, 1.14725938064, 75.1665736283, 9.49503314051, 212.785515374
3.13213311572, 1.33199377458, 0.761052024724, 1.06998814434, 4.83204940238, 0.866143873187, 2.78439159493, 1.05958515842, 0.995406423674, 4.82943905492, 5.32959735221, 0.899648419202, 3.60940343407, 1.09317872432, 1.09000043991, 1.10874668001, 1.03806035739, 1.11501965528, 7.09765609685, 1.18349521826, 0.776082491157, 65.2900565106, 0.992181967778, 3.90884266428, 1.19610870869, 3.17527271902, 1.25174581631, 70.9668172931, 9.72762085123, 189.405313182
4.15955597343, 1.0086504797, 1.16464523533, 1.17394676657, 1.66918296421, 0.966200960663, 3.65513533389, 1.0912590753, 0.999086993544, 4.20701386969, 2.69787218317, 0.899648419202, 1.11150340932, 1.2685363389, 1.09000052781, 1.03068244227, 1.02036162884, 0.862178493207, 9.89394944063, 1.0894323235, 0.966623522021, 148.835099206, 1.04674137407, 5.01297236051, 1.12802170927, 5.33842571481, 1.01180183378, 104.564046312, 12.1460700921, 84.7736952227
3.08803473669, 1.01821833877, 0.958793757135, 0.966310073124, 1.68216932829, 0.807968328779, 5.20659472538, 0.829457362544, 0.942449625319, 1.82955037267, 7.67365921822, 0.975371151093, 2.70475145847, 0.820439873434, 1.09000099491, 1.0477799077, 1.01518296057, 0.968626793824, 7.79512573803, 1.016347195, 0.883040610218, 25.4822370077, 1.05871419165, 1.60116040106, 1.23129576865, 4.82415015636, 1.20143044314, 39.8829067641, 9.57466935264, 282.497602515
3.30234037492, 1.34420320631, 1.07490579764, 1.15793542325, 5.38873862776, 0.73160827747, 1.37428085739, 0.899825408957, 0.978015712778, 5.98922750033, 6.54081376759, 0.88392496449, 4.15705297202, 1.0359740064, 1.09000084025, 1.07151231229, 1.04807307835, 1.07961230049, 7.23477053209, 0.979334126691, 0.989284470985, 326.015186252, 1.01207695953, 3.13128398533, 1.04395806502, 1.89942369714, 1.29647331613, 41.2545027136, 11.7320868038, 116.343832127
3.08803473669, 1.01821833877, 0.958793757135, 0.966310073124, 1.68216932829, 0.898513345583, 5.20659472538, 0.829457362544, 0.942449625319, 1.82955037267, 7.67365921822, 0.975371151093, 3.21025193764, 0.820439873434, 1.09000099491, 1.0477799077, 1.01518296057, 0.968626793824, 6.76520208295, 1.016347195, 0.883040610218, 130.840804426, 0.953221389217, 1.60116040106, 1.23178656219, 2.20981773651, 1.20143044314, 31.8083189756, 14.1988459784, 115.170790356
1.57167952094, 1.31481573326, 0.758751602988, 1.01840242223, 6.2912691361, 0.712698803553, 1.09313058235, 0.886606161984, 0.913628279445, 4.04014407514, 3.08450220346, 1.03661536239, 2.92459293292, 0.984332209259, 1.09000074992, 1.08516955314, 1.01981898966, 1.03284198753, 9.8866054165, 1.11856836296, 0.970051391079, 230.744631344, 0.953221389217, 4.9365865103, 1.15071292694, 4.01325383071, 0.96805495101, 74.281802148, 9.61085404101, 234.397430629
3.90002350588, 1.13395629774, 0.788653606332, 0.936327492745, 1.93493025918, 0.848382583562, 5.70629631933, 0.905134544025, 0.985716760258, 5.63055632694, 6.44983525305, 0.873209072324, 1.62751097908, 1.27020228205, 1.0900008115, 1.00103018876, 1.00426597248, 0.978164613787, 6.81021271134, 1.09751453155, 0.820858856172, 354.333002778, 1.07762456026, 5.71090758718, 1.23192623104, 2.79151431794, 1.12261128293, 58.4982080688, 8.8937266519, 532.336513428
3.13213311572, 1.30495784988, 1.04262000395, 1.10562352664, 4.83204940238, 0.818284466942, 2.02218994068, 1.03028317043, 0.979547720133, 5.5544866026, 4.87432250932, 0.899648419202, 2.11543671743, 1.09317872432, 1.09000043991, 1.10838942283, 1.03116160806, 1.11563472882, 3.07238999773, 0.961807694613, 0.802848711001, 65.2900565106, 1.11607893914, 3.90884266428, 1.18121532137, 3.7993067207, 1.27147261849, 81.9620887042, 11.5795759828, 113.178403732
3.0293331452, 1.31481573326, 0.758751602988, 1.10987568856, 1.59358236155, 0.712698803553, 1.02302482147, 1.08796545524, 0.913628279445, 4.04014407514, 3.08450220346, 1.0879661504, 3.8020679967, 0.984332209259, 1.09000074992, 1.08516955314, 1.01981898966, 1.03284198753, 9.8866054165, 1.11856836296, 0.970051391079, 278.256650704, 0.924567471358, 4.9365865103, 1.15071292694, 4.01325383071, 0.96805495101, 50.088423541, 10.0519334561, 225.129387052
4.0137078557, 1.0086504797, 1.16697738281, 1.17394676657, 1.66918296421, 0.966200960663, 3.86964752324, 1.0912590753, 0.935660856264, 4.20701386969, 3.32608561737, 0.833391287139, 1.11150340932, 1.2685363389, 1.09000052781, 1.05066341075, 1.02036162884, 0.832754576282, 8.49551282437, 1.0894323235, 0.909168857565, 172.166268386, 1.0697225347, 5.71090758718, 1.12802170927, 5.33842571481, 1.01180183378, 33.8520630368, 10.8994365454, 332.682101901
5.74819961755, 1.33593543074, 0.793549127431, 1.07294051877, 5.85508473857, 0.989601230624, 4.9456666621, 0.849818533676, 0.951211575327, 1.59163125537, 5.45152841316, 0.939391198287, 2.48493630438, 0.923499432921, 1.09000065671, 1.01131624127, 1.02683619906, 0.978301260961, 3.47566370169, 0.953579561542, 0.986035277869, 64.6117079742, 0.94468086434, 4.91407495968, 1.12070316635, 3.65288626148, 1.09086894127, 60.9081438043, 9.19028723766, 296.116020854
3.70916998769, 1.12842767273, 1.05442119214, 1.2172539375, 5.42957090583, 0.934171654943, 1.09110544482, 1.04723084992, 0.92789625514, 4.06916677117, 4.67539762527, 1.06142450008, 4.26148053493, 1.19247943265, 1.090000559, 1.01000903313, 1.01305712413, 1.19199574989, 3.13049005518, 1.18349521826, 0.826401763545, 234.172894352, 1.16360825617, 1.21269022211, 1.02531293119, 5.06040168661, 1.12017873843, 63.3859624751, 9.13438414302, 352.242975459
3.13213311572, 1.30495784988, 1.04262000395, 1.06998814434, 4.83204940238, 0.818284466942, 2.02218994068, 1.03028317043, 0.979547720133, 5.5544866026, 4.87432250932, 0.899648419202, 3.60940343407, 1.09317872432, 1.09000043991, 1.10838942283, 1.03116160806, 1.11563472882, 3.07238999773, 0.961807694613, 0.802848711001, 65.2900565106, 1.11607893914, 3.90884266428, 1.18121532137, 3.7993067207, 1.27147261849, 63.17409282, 10.913261224, 164.927520943
1.57167952094, 1.30495784988, 0.761052024724, 1.06998814434, 5.71081281436, 0.818284466942, 2.78439159493, 1.03028317043, 0.995406423674, 4.65679904641, 5.32959735221, 0.899648419202, 3.60940343407, 1.14139139496, 1.09000043991, 1.10874668001, 1.03806035739, 1.16232950849, 7.09765609685, 0.961807694613, 0.76919204238, 65.2900565106, 0.953267073185, 3.90884266428, 1.19610870869, 3.17527271902, 1.26291927656, 148.840926344, 11.6712942585, 133.809194231
3.22449243317, 1.099123237, 1.04262000395, 0.969366085023, 1.89893182971, 0.840458142599, 3.82866559276, 0.867176376246, 0.922631665206, 4.92197397453, 7.21647619918, 1.06122463123, 4.04324612508, 0.982382806851, 1.09000044466, 1.09062003368, 1.03803369739, 1.16669070097, 7.50676090622, 0.931599017817, 0.953729124626, 378.874299901, 1.13189580635, 5.00256524893, 1.01431057156, 1.58936470807, 0.972362624302, 63.8969312492, 9.23273361202, 322.743371021
1.43900090783, 1.13395629774, 0.742536313251, 0.995615473616, 1.93493025918, 0.848382583562, 5.70629631933, 1.07245702942, 0.985716760258, 5.93421898574, 1.84690163651, 0.873209072324, 3.09239530908, 1.27361450096, 1.0900008115, 1.00103018876, 1.00165517064, 0.860326976838, 3.76151647661, 0.941400743219, 0.824198968465, 13.5534711994, 1.07762456026, 1.95828335886, 1.22797771728, 1.04788916284, 0.92188435253, 56.2021459494, 12.8566110885, 138.343644905
3.22449243317, 1.099123237, 1.04262000395, 0.969366085023, 3.44042807311, 0.840458142599, 3.82866559276, 0.855851880904, 0.922631665206, 4.92197397453, 7.21647619918, 0.873209072324, 3.15126880482, 0.907237056929, 1.09000044466, 1.09062003368, 1.03803369739, 1.16669070097, 7.50676090622, 1.09751453155, 0.953729124626, 378.874299901, 1.11607893914, 4.41173324546, 1.07665325926, 2.10068704003, 0.972362624302, 68.4130145294, 9.28412366668, 360.714397946
4.63026978457, 1.04476525255, 0.923388153985, 0.899189261968, 5.1399212703, 0.989601230624, 2.56058537684, 1.03166615286, 0.951211575327, 5.17125410805, 5.77794248357, 0.895379571193, 4.64104593016, 1.07615070037, 1.0900000206, 1.03039997386, 1.03806035739, 0.930773016753, 3.87679091138, 1.10524837609, 0.85343158119, 63.8643594354, 1.10257635595, 2.26670677669, 1.14573925148, 2.47181968755, 1.13103333871, 45.8192729552, 15.6870729428, 106.286762299
1.42682231926, 1.32378405824, 0.758751602988, 1.01840242223, 6.2912691361, 0.712698803553, 1.09313058235, 0.886606161984, 0.913628279445, 4.04014407514, 3.08450220346, 1.03661536239, 2.92459293292, 0.977429774795, 1.09000074992, 1.08516955314, 1.01981898966, 1.03284198753, 9.8866054165, 1.11856836296, 0.970051391079, 230.744631344, 0.953221389217, 4.9365865103, 1.11085243766, 4.01325383071, 0.96805495101, 49.9873328856, 15.8986932419, 102.278886634
5.74819961755, 1.33593543074, 0.793549127431, 1.07294051877, 5.85508473857, 0.726400386395, 4.9456666621, 0.849818533676, 0.994461526242, 1.59163125537, 5.45152841316, 0.939391198287, 2.48493630438, 0.923499432921, 1.09000065671, 1.01131624127, 1.02683619906, 0.978301260961, 3.47566370169, 0.953579561542, 0.986035277869, 95.2927947628, 0.94468086434, 4.91407495968, 1.12070316635, 3.65288626148, 1.09086894127, 93.3640978762, 11.6267218737, 158.877589241
1.87015607163, 1.10667859119, 0.837509047429, 0.91042520545, 2.0501853529, 0.734384095847, 2.94072987551, 1.06884335785, 0.989872860914, 5.89776420579, 7.10309927779, 0.833391287139, 3.06048338766, 0.868922205513, 1.09000080534, 1.01285920904, 1.01687244464, 1.13419555863, 6.05792645733, 1.03091109415, 0.934133973602, 68.1283495051, 0.990923875825, 2.37037067524, 0.967847799718, 2.0187602304, 1.24854633494, 86.0858973587, 11.5675878795, 161.755353964
2.87020284063, 1.01415666226, 1.05179584305, 1.19322824432, 3.36227080036, 0.818149605056, 5.59320796253, 0.875423529562, 0.903681294576, 3.91491335807, 6.60786380319, 0.895106504974, 1.79024659059, 1.08115414152, 1.09000078723, 1.01580131562, 1.0291862362, 0.93769952361, 8.51560716939, 0.963961863893, 0.971607773396, 341.485960638, 1.02691305699, 2.03951536161, 1.03059569644, 1.10997230776, 1.0533791391, 45.9577666214, 12.0891655938, 185.452606709
3.22449243317, 1.099123237, 1.07032237998, 0.969366085023, 1.89893182971, 0.840458142599, 3.30242379696, 0.867176376246, 0.908081764898, 4.92197397453, 7.21647619918, 1.06122463123, 4.04324612508, 0.982382806851, 1.09000007597, 1.08742792079, 1.03803369739, 0.973474339524, 7.50676090622, 0.940273456481, 0.953729124626, 378.874299901, 1.11607893914, 4.43337974901, 1.01431057156, 1.89942369714, 0.972362624302, 46.0356572601, 11.9058994623, 178.496377612
3.70916998769, 1.12842767273, 1.05442119214, 1.2172539375, 5.42957090583, 0.934171654943, 1.09110544482, 1.04723084992, 0.92789625514, 4.06916677117, 4.67539762527, 1.06142450008, 4.26148053493, 1.19247943265, 1.090000559, 1.01000903313, 1.01305712413, 1.19199574989, 3.13049005518, 1.18349521826, 0.826401763545, 234.172894352, 1.16360825617, 1.21269022211, 1.02531293119, 5.06040168661, 1.15495077135, 37.5241252632, 11.3943123401, 707.198935296
4.19099662078, 1.37111481178, 0.988060111198, 1.08653380788, 6.82129163169, 0.977139223471, 3.82866559276, 1.07491098028, 0.976121921458, 4.7996830504, 2.92747041661, 0.888859509778, 4.89669310618, 1.28406486648, 1.09000062202, 1.04600825839, 1.03456745641, 0.856333692786, 7.50676090622, 1.10467895273, 0.827233488104, 326.21711175, 1.11779848086, 5.5556737122, 1.010345533, 3.23490589712, 1.2929087372, 51.503886725, 12.0320848099, 182.96053767
3.08803473669, 1.01821833877, 0.958793757135, 0.966310073124, 1.68216932829, 0.807968328779, 5.20659472538, 0.829457362544, 0.942449625319, 1.82955037267, 7.67365921822, 0.975371151093, 3.21025193764, 0.820439873434, 1.09000099491, 1.0477799077, 1.01518296057, 0.968626793824, 6.76520208295, 1.016347195, 0.883040610218, 130.840804426, 0.953221389217, 1.60116040106, 1.23129576865, 2.20981773651, 1.20143044314, 78.8711230179, 13.9115929849, 130.95303286
1.57167952094, 1.30495784988, 0.761052024724, 1.06998814434, 6.99295576236, 0.818284466942, 2.78439159493, 1.03028317043, 0.995406423674, 4.65679904641, 5.32959735221, 0.899648419202, 3.75970274267, 1.14139139496, 1.09000093879, 1.10940855182, 1.03806035739, 1.16232950849, 7.09765609685, 0.961807694613, 0.76919204238, 54.2533797121, 0.953267073185, 3.90884266428, 1.19610870869, 3.17527271902, 1.27160975158, 115.218792631, 12.845430178, 156.041270818
1.87015607163, 1.14076562001, 0.837509047429, 0.91042520545, 2.0501853529, 0.734384095847, 2.94072987551, 1.06884335785, 0.989872860914, 5.89776420579, 7.10309927779, 0.833391287139, 3.06048338766, 0.868922205513, 1.09000080534, 1.01285920904, 1.01687244464, 1.13419555863, 6.05792645733, 1.03091109415, 0.934133973602, 68.1283495051, 0.990923875825, 2.37037067524, 0.967847799718, 2.72525486255, 1.24854633494, 61.0919674472, 10.6892149565, 306.058745389
3.22449243317, 1.02099242278, 1.04262000395, 0.969366085023, 1.89893182971, 0.840458142599, 3.82866559276, 0.855851880904, 0.919171185289, 1.7100515669, 7.61332489665, 0.861305297954, 4.04324612508, 0.982382806851, 1.09000044466, 1.09062003368, 1.03803369739, 1.16669070097, 7.50676090622, 1.09751453155, 0.953729124626, 378.874299901, 1.11607893914, 5.01297236051, 1.01020469046, 1.58936470807, 0.972362624302, 83.6800502123, 10.0189770582, 307.261847542
1.43900090783, 1.13395629774, 0.742536313251, 0.995615473616, 1.93493025918, 0.848382583562, 5.70629631933, 1.07245702942, 0.985716760258, 5.93421898574, 7.40541252329, 0.873209072324, 1.62751097908, 1.27020228205, 1.0900008115, 1.00103018876, 1.00165517064, 0.860326976838, 3.76151647661, 1.09751453155, 0.824198968465, 13.5534711994, 1.07762456026, 1.95828335886, 1.22797771728, 1.23521716374, 0.92188435253, 57.3520042424, 12.987944768, 180.061219348
1.43387663863, 1.13395629774, 0.841324931459, 0.936327492745, 1.93493025918, 0.848382583562, 5.98079075112, 0.916865101439, 0.985716760258, 5.87382701719, 6.44983525305, 0.873209072324, 1.62751097908, 1.27480463145, 1.0900008115, 1.10838942283, 1.00426597248, 1.01883547964, 6.81021271134, 1.09751453155, 0.777437526533, 354.333002778, 1.07762456026, 5.71090758718, 1.23854592397, 2.96105055701, 0.92188435253, 73.3375786658, 13.730220556, 144.172008246
4.19099662078, 1.41858092807, 0.988060111198, 1.08653380788, 6.82129163169, 0.977139223471, 4.20433599811, 1.07491098028, 0.976121921458, 4.7996830504, 3.32530651231, 0.888859509778, 4.89669310618, 1.28406486648, 1.09000062202, 1.04600825839, 1.03456745641, 0.856333692786, 3.23434936881, 1.04501519904, 0.827233488104, 326.21711175, 1.11779848086, 5.5556737122, 1.010345533, 3.23490589712, 1.2929087372, 63.8163688229, 11.0558336802, 267.54094242
5.0540584264, 1.24451331763, 0.744677896689, 1.15165599742, 3.55640126158, 0.898513345583, 3.86964752324, 0.918010002176, 0.977119654134, 2.20251431372, 6.86924783012, 1.02020046763, 4.93334127625, 1.25229679563, 1.09000099624, 1.02930753892, 1.03747050409, 0.835139507293, 5.9059740282, 0.961313143106, 0.826559031615, 242.950662896, 0.920341389792, 1.5820849213, 1.07665325926, 4.61539251715, 1.13250608066, 54.8092423175, 10.3824418503, 714.671082733
2.67493509819, 1.24451331763, 0.744677896689, 1.15165599742, 3.55640126158, 0.898513345583, 3.86964752324, 0.918010002176, 0.977119654134, 2.20251431372, 6.86924783012, 1.02020046763, 4.93334127625, 0.858496997474, 1.09000099624, 1.02740743205, 1.03747050409, 0.835139507293, 5.9059740282, 0.961313143106, 0.826559031615, 242.950662896, 0.920341389792, 1.5820849213, 1.07665325926, 4.61539251715, 1.13250608066, 102.717877746, 10.6158360898, 290.956241579
3.22449243317, 1.099123237, 1.04262000395, 0.969366085023, 3.44042807311, 0.840458142599, 3.82866559276, 0.855851880904, 0.922631665206, 4.92197397453, 7.46224308955, 0.873209072324, 3.15126880482, 0.907237056929, 1.09000044466, 1.09062003368, 1.03803369739, 1.16669070097, 7.50676090622, 1.09751453155, 0.953729124626, 378.874299901, 1.11607893914, 4.41173324546, 1.07665325926, 3.80056039759, 0.972362624302, 85.5493554955, 9.96065556229, 380.369990972
