0.0161680665214, 0.90218305645, 0.000285071873687, 0.742509432476, 0.843664500397, 0.259806124796, 0.365480854753, 0.57274623842, 0.500205884854, 0.525147641216, 0.599577496935, 0.387081364093, 0.010904431819, 0.324704367861, 57.0362832979, 133.241602508, 0.0649009023822, 935.849273661, 24.0560364516
0.996954417836, 0.90218305645, 0.000285071873687, 0.99942234002, 0.903224203631, 0.190496025486, 0.676557231994, 0.57274623842, 0.952427670797, 0.525147641216, 0.515514316736, 0.819990506502, 0.0140006819763, 0.47838510578, 0.000555717236438, 0.612437238937, 0.000274243311849, 3.9544966985, 836.45873598
2.31340663608e-05, 0.90218305645, 0.000285071873687, 0.597165263709, 0.89014725468, 0.00745268805822, 0.7058683954, 0.57274623842, 0.743005660878, 0.24501237668, 0.515514316736, 0.819990506502, 0.00679481146798, 0.602572671675, 68.0871000135, 92.8416670901, 0.0515550437013, 743.406461705, 0.0273366316292
0.999538074665, 0.90218305645, 0.987510060189, 0.790139532006, 0.704545983685, 0.500662780565, 0.676557231994, 0.509707265485, 0.329873902662, 0.427489091456, 0.702717529937, 0.387081364093, 0.00125390697899, 0.787203167797, 0.000332807068922, 0.000972745561846, 0.0523962745457, 0.338386790997, 471.920105847
4.34292408223e-05, 0.00768167456133, 0.987510060189, 0.176254124829, 0.916341716206, 0.500662780565, 0.283234318332, 0.525889783266, 0.056781993687, 0.24501237668, 0.92644669159, 0.819990506502, 0.000549022387867, 0.602572671675, 16.4880043409, 4.68518218947, 873.562141158, 10.5432438434, 0.0596089022336
0.999798238648, 0.00117515770754, 0.73279205509, 0.999164372031, 0.758481332546, 0.479907920099, 0.283234318332, 0.509707265485, 0.793806452888, 0.378299189305, 0.879607642138, 0.387081364093, 0.113713505515, 0.900699310192, 0.000104775812102, 0.0798229808262, 0.178876042693, 0.000361578942203, 618.058345062
0.0161680665214, 0.0321850596245, 3.77419519642e-05, 0.0019530018324, 0.832478875936, 0.166092216027, 0.365480854753, 0.280335542645, 0.500205884854, 0.525147641216, 0.599577496935, 0.819990506502, 0.0140006819763, 0.324704367861, 892.588275366, 2.73826243178, 0.0529172731312, 45.1645457278, 22.7028208543
0.996954417836, 0.90218305645, 0.000285071873687, 0.597165263709, 0.903224203631, 0.190496025486, 0.818303044374, 0.57274623842, 0.492109216146, 0.525147641216, 0.515514316736, 0.819990506502, 0.0140006819763, 0.47838510578, 0.262022344772, 0.357286347909, 0.000198401362854, 2.86088119741, 605.136191183
0.999798238648, 0.226275398151, 0.958012625582, 0.99942234002, 0.0548533426561, 0.479907920099, 0.283234318332, 0.509707265485, 0.492109216146, 0.427489091456, 0.879607642138, 0.387081364093, 0.00125390697899, 0.900699310192, 1.14954304678e-05, 0.0126687265294, 0.191806886572, 0.071353315782, 646.967000702
0.00531923376394, 0.00300381402095, 0.178790672219, 0.79126405513, 0.758481332546, 0.289881327487, 0.232846778002, 0.789454403472, 0.193007457628, 0.327472084905, 0.822575485226, 0.708395200092, 0.707050504944, 0.270325745046, 247.671960648, 728.104938371, 221.853907745, 3.77678799152, 6.6882170896
4.34292408223e-05, 0.00768167456133, 0.636068271272, 0.445461737207, 0.916341716206, 0.500662780565, 0.676557231994, 0.353431244797, 0.329873902662, 0.24501237668, 0.15650419716, 0.819990506502, 0.000549022387867, 0.602572671675, 415.822217619, 350.050101342, 844.913270595, 12.1230430731, 0.0685406977256
0.0161680665214, 0.00693260669877, 0.000285071873687, 0.0578827675425, 0.832478875936, 0.298176565804, 0.365480854753, 0.714864306525, 0.500205884854, 0.525147641216, 0.599577496935, 0.819990506502, 0.0140006819763, 0.324704367861, 704.542129524, 64.2355120975, 0.31679537994, 7.70438919728, 17.972219273
0.000157634570867, 0.0928221372267, 0.116377493194, 0.0578827675425, 0.604391349239, 0.777582387651, 0.0421102360764, 0.390645717519, 0.500205884854, 0.349631169689, 0.300552084517, 0.0269966308581, 0.198438266966, 0.324704367861, 752.130640746, 68.5743191897, 139.622546019, 112.785324414, 0.192217257583
0.999798238648, 0.00315740719554, 0.73279205509, 0.22833088891, 0.758481332546, 0.289881327487, 0.283234318332, 0.509707265485, 0.940924662774, 0.378299189305, 0.879607642138, 0.387081364093, 0.113713505515, 0.900699310192, 0.0918880238874, 0.0344465486173, 0.219905662229, 0.00119433145978, 759.833277224
0.132350318765, 0.0928221372267, 0.0302763253607, 0.995415615692, 0.604391349239, 0.0272903350716, 0.997542791966, 0.000990180609301, 0.533488382157, 0.525147641216, 0.618331696593, 0.51655316308, 0.300082957504, 0.890207478643, 4.1309020759, 573.636131944, 27.3022472808, 84.3341425047, 122.443973383
0.499765446596, 0.00630710067717, 0.375672568176, 0.902869431597, 0.648394969845, 0.289881327487, 0.283234318332, 0.302183375482, 0.289796554428, 0.675241771796, 0.703389666494, 0.708395200092, 0.113713505515, 0.603639146052, 43.800854965, 284.85147598, 193.009384662, 3.43650849665, 346.620996813
0.00186187645728, 0.0041156247366, 0.178790672219, 0.79126405513, 0.758481332546, 0.289881327487, 0.232846778002, 0.789454403472, 0.193007457628, 0.327472084905, 0.703389666494, 0.708395200092, 0.707050504944, 0.270325745046, 220.190525704, 647.315137038, 197.237218327, 4.60055205244, 2.08127421542
0.00186187645728, 0.0041156247366, 0.987510060189, 0.79126405513, 0.758481332546, 0.289881327487, 0.232846778002, 0.789454403472, 0.193007457628, 0.327472084905, 0.703389666494, 0.708395200092, 0.707050504944, 0.270325745046, 4.49581140231, 13.2167665466, 711.483224893, 4.60055205244, 2.08127421542
0.246265393383, 0.0284989310139, 0.000699790236185, 0.498815573954, 0.307686670681, 0.570594608856, 0.7058683954, 0.525889783266, 0.227510726051, 0.21556613868, 0.599577496935, 0.387081364093, 0.498412005737, 0.906452340613, 324.128149982, 322.924312609, 0.502936527462, 20.4957682413, 186.567659155
0.0161607688563, 0.919573557708, 0.00591173326432, 0.995415615692, 0.124030453454, 0.121700039041, 0.459680172296, 0.57274623842, 0.533488382157, 0.186573259935, 0.618331696593, 0.103558653665, 0.300082957504, 0.890207478643, 0.735051481344, 102.072641953, 0.947911533773, 803.7139246, 20.5708224392
0.00531923376394, 0.200529942327, 0.994601502695, 0.542370600332, 0.758481332546, 0.439302378295, 0.406235393168, 0.807662070342, 0.193007457628, 0.5930381783, 0.515514316736, 0.419905955177, 0.48984176748, 0.0889519335642, 3.20527962958, 3.66308372939, 573.981222757, 187.032914967, 5.0443320457
0.0498620928114, 0.00315740719554, 0.362615076853, 0.22833088891, 0.758481332546, 0.289881327487, 0.676557231994, 0.509707265485, 0.940924662774, 0.378299189305, 0.15650419716, 0.387081364093, 0.113713505515, 0.900699310192, 719.794530598, 269.833175682, 492.278800899, 4.52733208855, 71.6429363195
0.000157634570867, 0.0928221372267, 0.443781112782, 0.0578827675425, 0.604391349239, 0.777582387651, 0.0421102360764, 0.390645717519, 0.500205884854, 0.349631169689, 0.437867927616, 0.0269966308581, 0.198438266966, 0.324704367861, 713.864559175, 65.0854698467, 600.216294898, 137.29176847, 0.233982988133
0.232037116976, 0.591760422791, 0.000285071873687, 0.999164372031, 0.527741849426, 0.401412235492, 0.365480854753, 0.57274623842, 0.193007457628, 0.402099937959, 0.515514316736, 0.978933323926, 0.0140006819763, 0.47838510578, 0.509338876716, 388.037530557, 0.173759429703, 519.805436945, 247.486409632
0.00531923376394, 0.00739562684867, 0.993103521637, 0.999453225084, 0.604391349239, 0.439302378295, 0.7058683954, 0.622844765335, 0.639168917306, 0.582543280483, 0.703389666494, 0.387081364093, 0.386088131646, 0.479788295131, 0.00618219820929, 7.19804170626, 664.431593446, 7.71951762342, 5.55244319772
0.00139044252999, 0.00739562684867, 0.559371502779, 0.79126405513, 0.758481332546, 0.289881327487, 0.99722164185, 0.789454403472, 0.193007457628, 0.226718948518, 0.703389666494, 0.708395200092, 0.707050504944, 0.249471199447, 134.649760264, 395.842771795, 504.402245703, 7.61143181656, 1.43105021459
0.999798238648, 0.226275398151, 0.958012625582, 0.99942234002, 0.0548533426561, 0.479907920099, 0.283234318332, 0.509707265485, 0.492109216146, 0.427489091456, 0.879607642138, 0.387081364093, 0.00125390697899, 0.900699310192, 1.14954304678e-05, 0.0126687265294, 0.191806886572, 0.071353315782, 646.967000702
0.00222080136662, 0.00657452756471, 0.178790672219, 0.79126405513, 0.758481332546, 0.479907920099, 0.232846778002, 0.789454403472, 0.193007457628, 0.388501585349, 0.703389666494, 0.708395200092, 0.707050504944, 0.285866571693, 177.108390683, 520.662466377, 158.646091647, 5.91137660569, 1.9968400354
0.000157634570867, 0.220956491603, 0.443781112782, 0.650838985173, 0.513035654806, 0.777582387651, 0.302864100669, 0.390645717519, 0.77895915045, 0.520316221426, 0.437867927616, 0.0269966308581, 0.198438266966, 0.602572671675, 233.619409274, 382.362408482, 375.191984354, 211.396970367, 0.153885658883
0.0161607688563, 0.220956491603, 0.00591173326432, 0.995415615692, 0.513035654806, 0.121700039041, 0.795215603436, 0.57274623842, 0.533488382157, 0.186573259935, 0.618331696593, 0.670551312309, 0.300082957504, 0.890207478643, 4.58527619092, 636.732619104, 5.91310445217, 230.334996802, 17.1934552189
0.473152943356, 0.90218305645, 0.987510060189, 0.790139532006, 0.704545983685, 0.500662780565, 0.676557231994, 0.509707265485, 0.329873902662, 0.427489091456, 0.702717529937, 0.387081364093, 0.00125390697899, 0.714110180532, 0.33950879938, 0.992333723181, 53.4513774621, 345.200880226, 321.030070479
0.0574079933215, 0.0685032061482, 0.105747559119, 0.999260774139, 0.721316588051, 0.00330457886522, 0.795215603436, 0.525889783266, 0.126574779697, 0.406503407813, 0.599577496935, 0.387081364093, 0.995822412674, 0.479788295131, 0.559549133675, 481.882332641, 80.788913705, 52.7803246039, 44.4376800648
0.0161607688563, 0.0928221372267, 0.00591173326432, 0.99866106312, 0.307686670681, 0.121700039041, 0.7058683954, 0.57274623842, 0.533488382157, 0.349631169689, 0.599577496935, 0.525485312974, 0.300082957504, 0.890207478643, 1.51922522877, 722.339796452, 6.70794810745, 106.078063493, 18.5382702856
0.0161680665214, 0.591760422791, 0.000285071873687, 0.999164372031, 0.527741849426, 0.401412235492, 0.365480854753, 0.57274623842, 0.193007457628, 0.402099937959, 0.515514316736, 0.978933323926, 0.0140006819763, 0.47838510578, 0.544975037671, 415.186779372, 0.185916599099, 556.173896261, 17.6304781222
0.999798238648, 0.90218305645, 0.559371502779, 0.11773506492, 0.704545983685, 0.225246841033, 0.283234318332, 0.789454403472, 0.193007457628, 0.49828465259, 0.485673647494, 0.232490857528, 0.48984176748, 0.777574536581, 0.0159524230453, 0.00298430705584, 0.0195783076993, 0.164202399735, 524.286219749
0.30472387898, 0.00630710067717, 0.375672568176, 0.79126405513, 0.788878693503, 0.394391200991, 0.283234318332, 0.302183375482, 0.193007457628, 0.290359691835, 0.703389666494, 0.708395200092, 0.812905714589, 0.603639146052, 49.9102721204, 146.725998015, 103.792951694, 1.84802081521, 96.7953492154
0.00222080136662, 0.176001701167, 0.559371502779, 0.883507050719, 0.201394474021, 0.289881327487, 0.999578280855, 0.789454403472, 0.489923769612, 0.351332472189, 0.703389666494, 0.708395200092, 0.707050504944, 0.610636474664, 41.4524651018, 223.998591782, 274.812267331, 101.277761527, 1.29436028831
0.00222080136662, 0.176001701167, 0.652171072916, 0.79126405513, 0.758481332546, 0.289881327487, 0.99722164185, 0.789454403472, 0.193007457628, 0.589416038269, 0.995573428178, 0.708395200092, 0.707050504944, 0.603639146052, 60.9336358826, 179.132434221, 311.143429352, 103.322223335, 1.32048912583
0.018108914416, 0.819641341109, 0.559371502779, 0.913968041326, 0.704545983685, 0.28341859364, 0.99722164185, 0.789454403472, 0.193007457628, 0.384398190786, 0.703389666494, 0.708395200092, 0.199276007963, 0.777574536581, 7.4212992457, 54.5814626983, 66.4510488988, 296.468158735, 8.78566404649
0.999798238648, 0.226275398151, 0.987510060189, 0.795708130855, 0.373809510846, 0.479907920099, 0.283234318332, 0.509707265485, 0.492109216146, 0.983257108854, 0.588895651585, 0.488933143994, 0.00125390697899, 0.900699310192, 0.000786110523712, 0.00236502772455, 0.127015349906, 0.0471568199549, 427.57517341
0.999798238648, 0.226275398151, 0.247732973938, 0.817887482181, 0.527741849426, 0.479907920099, 0.283234318332, 0.356557865864, 0.492109216146, 0.589416038269, 0.588895651585, 0.488933143994, 0.00125390697899, 0.900699310192, 0.0434178340953, 0.147615056139, 0.0630931514634, 0.0617305092017, 559.71613866
4.07689610399e-05, 0.100580261401, 0.731132242929, 0.747020386156, 0.184126194338, 0.0970621554496, 0.399135925511, 0.789454403472, 0.329873902662, 0.0328101843826, 0.383304172335, 0.804810663369, 0.00125390697899, 0.0889519335642, 84.2686543675, 200.779412877, 484.551158971, 84.634699876, 0.0344487604765
0.499765446596, 0.00630710067717, 0.375672568176, 0.876401326126, 0.527741849426, 0.289881327487, 0.283234318332, 0.302183375482, 0.289796554428, 0.675241771796, 0.703389666494, 0.708395200092, 0.113713505515, 0.603639146052, 46.0242173082, 234.070946749, 159.760682559, 2.84451942067, 286.910437733
0.018108914416, 0.00630710067717, 0.472396374563, 0.79126405513, 0.527741849426, 0.0878124507144, 0.406235393168, 0.302183375482, 0.193007457628, 0.709295202087, 0.599577496935, 0.403685159515, 0.469579431276, 0.0262169731368, 114.958419193, 337.954254097, 327.283631747, 4.79816493444, 13.7804083536
0.355736971106, 0.00739562684867, 0.0205439994326, 0.488886336132, 0.16299783316, 0.194357202029, 0.295977719135, 0.789454403472, 0.304656700853, 0.779209190197, 0.0712754435444, 0.387081364093, 0.513803265354, 0.285866571693, 349.783961715, 337.779734873, 15.6971129771, 5.65203311579, 304.217487317
0.00531923376394, 0.807262547667, 0.9875766573, 0.999260774139, 0.604391349239, 0.439302378295, 0.7058683954, 0.622844765335, 0.499303470092, 0.582543280483, 0.28379887682, 0.387081364093, 0.469579431276, 0.479788295131, 0.00423629088569, 3.64828325323, 186.928433315, 598.565749858, 5.23969460242
0.00420264147134, 0.852610635142, 0.00623006597464, 0.737809738551, 0.527741849426, 0.28341859364, 0.283234318332, 0.789454403472, 0.113963009369, 0.892066269397, 0.492679825312, 0.708395200092, 0.469579431276, 0.603639146052, 46.0377879795, 105.390755161, 1.12551674671, 487.86794848, 3.30899104402
0.367453279245, 0.000736985083759, 0.375672568176, 0.498815573954, 0.527741849426, 0.401412235492, 0.283234318332, 0.302183375482, 0.193007457628, 0.589416038269, 0.708912812766, 0.708395200092, 0.469579431276, 0.603639146052, 195.060455929, 194.335986096, 184.400938981, 0.383633958726, 215.789389122
0.00280722003817, 0.329612496714, 0.0572569006852, 0.999260774139, 0.604391349239, 0.319096252533, 0.676557231994, 0.390645717519, 0.742246834332, 0.186573259935, 0.511067371229, 0.0848261646527, 0.198438266966, 0.602572671675, 0.518838220174, 446.822194432, 40.2954455756, 255.535533615, 2.27670519672
0.000157634570867, 0.914780248449, 0.443781112782, 0.919668797092, 0.513035654806, 0.0599063220999, 0.676557231994, 0.390645717519, 0.742246834332, 0.186573259935, 0.511067371229, 0.0848261646527, 0.198438266966, 0.602572671675, 8.71523478779, 68.7007280962, 57.985902714, 670.702096452, 0.167572911406
0.018108914416, 0.966874424403, 0.996077345558, 0.79126405513, 0.166119667524, 0.28341859364, 0.406235393168, 0.581722949157, 0.193007457628, 0.186573259935, 0.703389666494, 0.708395200092, 0.299039507236, 0.0889519335642, 0.0431531746516, 0.126861512656, 21.7470251, 417.573175998, 11.8973498507
0.0161680665214, 0.937668775613, 0.000285071873687, 0.16191146752, 0.832478875936, 0.259806124796, 0.605864716604, 0.302183375482, 0.500205884854, 0.525147641216, 0.618331696593, 0.819990506502, 0.0140006819763, 0.324704367861, 71.8317622402, 18.6733348723, 0.0332346244664, 755.614244372, 19.2866349576
0.426765237326, 0.90218305645, 0.987510060189, 0.790139532006, 0.704545983685, 0.500662780565, 0.676557231994, 0.509707265485, 0.329873902662, 0.427489091456, 0.702717529937, 0.317908679229, 0.00125390697899, 0.714110180532, 0.382473212666, 1.11791231283, 60.2155823256, 388.885619213, 312.000684467
4.34292408223e-05, 0.921459513, 0.987510060189, 0.176254124829, 0.916341716206, 0.500662780565, 0.676979202802, 0.00724912715878, 0.329873902662, 0.24501237668, 0.15650419716, 0.387081364093, 0.000549022387867, 0.602572671675, 1.83434498026, 0.521242004378, 97.186675564, 783.908918961, 0.0538866535173
0.367453279245, 0.000736985083759, 0.926877721111, 0.498815573954, 0.273753711673, 0.892146172149, 0.283234318332, 0.280335542645, 0.193007457628, 0.589416038269, 0.708912812766, 0.708395200092, 0.817293228584, 0.603639146052, 28.1818100254, 28.0771405724, 344.81966183, 0.401829583077, 226.024204299
0.0161607688563, 0.0041156247366, 0.178790672219, 0.493393506407, 0.758481332546, 0.289881327487, 0.232846778002, 0.789454403472, 0.193007457628, 0.602800350322, 0.599577496935, 0.708395200092, 0.707050504944, 0.270325745046, 405.137403115, 396.814879932, 163.589199271, 3.81571304263, 14.9864332533
0.0161607688563, 0.0041156247366, 0.178790672219, 0.542700563236, 0.758481332546, 0.289881327487, 0.232846778002, 0.789454403472, 0.193007457628, 0.602800350322, 0.599577496935, 0.708395200092, 0.707050504944, 0.270325745046, 373.219731766, 426.972359946, 163.589199271, 3.81571304263, 14.9864332533
0.000157634570867, 0.220956491603, 0.443781112782, 0.919668797092, 0.513035654806, 0.777582387651, 0.663778144433, 0.390645717519, 0.77895915045, 0.186573259935, 0.437867927616, 0.0269966308581, 0.198438266966, 0.602572671675, 68.5773811864, 540.583946751, 456.27242991, 257.080677006, 0.187140947661
0.000157634570867, 0.249242982151, 0.519687111953, 0.149114836548, 0.604391349239, 0.870254281843, 0.795215603436, 0.497954677908, 0.282208290888, 0.554236976603, 0.618331696593, 0.417798200183, 0.0913800498606, 0.890207478643, 371.314915648, 88.5989682285, 406.110411303, 230.089986478, 0.149306351274
0.000157634570867, 0.329612496714, 0.0572569006852, 0.919668797092, 0.513035654806, 0.319096252533, 0.676557231994, 0.390645717519, 0.742246834332, 0.186573259935, 0.511067371229, 0.0848261646527, 0.198438266966, 0.602572671675, 59.1575697415, 466.329159524, 42.3916404509, 268.828655664, 0.134494110498
0.30472387898, 0.00630710067717, 0.795066193516, 0.874200614757, 0.788878693503, 0.394391200991, 0.295977719135, 0.302183375482, 0.193007457628, 0.233754403646, 0.863755060546, 0.708395200092, 0.812905714589, 0.287271834419, 27.6937510656, 138.317955806, 422.965544009, 4.41743906619, 231.375942051
0.459077461083, 0.589673605516, 0.984137655831, 0.464603360844, 0.604391349239, 0.6732447041, 0.399135925511, 0.789454403472, 0.89600379538, 0.386350810096, 0.599577496935, 0.103558653665, 0.00125390697899, 0.798785090657, 2.16944598953, 1.94068327351, 116.79789018, 155.442440357, 170.934577316
0.273122730684, 0.910835889813, 0.110406577914, 0.97194898211, 0.513035654806, 0.289881327487, 0.406235393168, 0.789454403472, 0.799436119568, 0.00342773750702, 0.276450657251, 0.106054745342, 0.48984176748, 0.41831701875, 1.81121951491, 41.079145258, 7.20348758527, 296.104084661, 136.788018679
0.00222080136662, 0.00739562684867, 0.559371502779, 0.615319142972, 0.758481332546, 0.000262108373005, 0.965704835877, 0.789454403472, 0.193007457628, 0.589416038269, 0.703389666494, 0.708395200092, 0.386088131646, 0.293981705477, 195.40717061, 283.033893402, 414.912820832, 6.26103605304, 1.8801498323
0.00222080136662, 0.176001701167, 0.443781112782, 0.629671930012, 0.758481332546, 0.394300733374, 0.99722164185, 0.390645717519, 0.193007457628, 0.589416038269, 0.703389666494, 0.708395200092, 0.707050504944, 0.281859080159, 157.157248565, 238.980573354, 239.49578097, 105.845710825, 1.3527400558
0.018108914416, 0.966874424403, 0.996077345558, 0.830015824653, 0.604391349239, 0.28341859364, 0.406235393168, 0.581722949157, 0.193007457628, 0.186573259935, 0.0186567697084, 0.568190761434, 0.299039507236, 0.0889519335642, 0.0389701299028, 0.142464716611, 23.9701556959, 460.260380308, 13.1135788449
0.0574079933215, 0.0685032061482, 0.9875766573, 0.999260774139, 0.721316588051, 0.00330457886522, 0.795215603436, 0.525889783266, 0.126574779697, 0.406503407813, 0.599577496935, 0.387081364093, 0.606466117665, 0.479788295131, 0.0106506912665, 9.17234902683, 469.967026788, 50.7763642945, 42.7504728003
0.459077461083, 0.412009308694, 0.911475580846, 0.811959266711, 0.704545983685, 0.59414312607, 0.399135925511, 0.807114728909, 0.500205884854, 0.386350810096, 0.599577496935, 0.403685159515, 0.113713505515, 0.798785090657, 3.3063094865, 10.8662075711, 81.1540834306, 61.9314845968, 90.2918053863
0.246265393383, 0.0284989310139, 0.000699790236185, 0.498815573954, 0.307686670681, 0.570594608856, 0.7058683954, 0.525889783266, 0.227510726051, 0.21556613868, 0.599577496935, 0.387081364093, 0.498412005737, 0.906452340613, 324.128149982, 322.924312609, 0.502936527462, 20.4957682413, 186.567659155
0.142736504666, 0.132963649938, 0.991632201403, 0.464603360844, 0.604391349239, 0.6732447041, 0.399135925511, 0.615858319837, 0.89600379538, 0.386350810096, 0.744975385075, 0.103558653665, 0.510794140964, 0.798785090657, 4.42283208693, 3.95645537805, 451.447895781, 95.6925136434, 105.246119669
0.459077461083, 0.74854971579, 0.984137655831, 0.731836064632, 0.604391349239, 0.121700039041, 0.399135925511, 0.112043935985, 0.89600379538, 0.386350810096, 0.599577496935, 0.103558653665, 0.498412005737, 0.798785090657, 0.66752489916, 1.48984544517, 65.5073644535, 157.18410716, 149.698079535
0.459077461083, 0.182376216763, 0.984137655831, 0.464603360844, 0.604391349239, 0.6732447041, 0.399135925511, 0.615858319837, 0.89600379538, 0.386350810096, 0.599577496935, 0.103558653665, 0.00125390697899, 0.798785090657, 3.69732409436, 3.3074504096, 199.055268312, 58.6556830291, 182.469581533
0.246265393383, 0.978795530089, 0.9875766573, 0.999164372031, 0.721316588051, 0.439302378295, 0.7058683954, 0.211878241053, 0.227510726051, 0.388501585349, 0.702717529937, 0.708395200092, 0.301110353686, 0.610636474664, 0.000400667982059, 0.305247098619, 15.6400609946, 469.475786272, 191.350540588
0.0161680665214, 0.132963649938, 0.731132242929, 0.747020386156, 0.409926818705, 0.0970621554496, 0.399135925511, 0.789454403472, 0.329873902662, 0.0846855416606, 0.383304172335, 0.804810663369, 0.510794140964, 0.0889519335642, 60.489998528, 144.124128723, 347.822082991, 80.8223458931, 9.90175251405
0.00186187645728, 0.0041156247366, 0.987510060189, 0.79126405513, 0.758481332546, 0.289881327487, 0.232846778002, 0.789454403472, 0.193007457628, 0.327472084905, 0.703389666494, 0.708395200092, 0.707050504944, 0.270325745046, 4.49581140231, 13.2167665466, 711.483224893, 4.60055205244, 2.08127421542
0.246265393383, 0.978795530089, 0.994182915842, 0.999164372031, 0.351972961654, 0.439302378295, 0.7058683954, 0.211878241053, 0.227510726051, 0.388501585349, 0.702717529937, 0.708395200092, 0.301110353686, 0.610636474664, 0.000231806455701, 0.176600704854, 19.3266016678, 580.050336526, 236.418892536
0.018108914416, 0.488585564086, 0.993103521637, 0.999260774139, 0.604391349239, 0.507186742797, 0.881636363289, 0.622844765335, 0.499303470092, 0.582543280483, 0.28379887682, 0.387081364093, 0.330766667014, 0.479788295131, 0.00476366119333, 4.10245326032, 378.686384478, 365.366099355, 14.9727235142
0.0161680665214, 0.249242982151, 0.000285071873687, 0.149114836548, 0.604391349239, 0.59414312607, 0.795215603436, 0.497954677908, 0.282208290888, 0.554236976603, 0.618331696593, 0.708395200092, 0.300082957504, 0.890207478643, 360.824999942, 86.0959831096, 0.166109646321, 153.137838786, 10.1944329472
0.999798238648, 0.226275398151, 0.987510060189, 0.817887482181, 0.373809510846, 0.479907920099, 0.283234318332, 0.509707265485, 0.492109216146, 0.983257108854, 0.588895651585, 0.488933143994, 0.00125390697899, 0.900699310192, 0.000703254382425, 0.00239097452244, 0.127015349906, 0.0471568199549, 427.57517341
0.246265393383, 0.186376531494, 0.000699790236185, 0.602640960706, 0.307686670681, 0.289881327487, 0.7058683954, 0.525889783266, 0.227510726051, 0.21556613868, 0.599577496935, 0.708395200092, 0.498412005737, 0.906452340613, 194.925751359, 270.646261308, 0.366630890741, 100.534307431, 141.905855858
0.00186187645728, 0.807262547667, 0.9875766573, 0.999260774139, 0.604391349239, 0.439302378295, 0.7058683954, 0.684531756617, 0.499303470092, 0.582543280483, 0.28379887682, 0.357162869691, 0.469579431276, 0.479788295131, 0.00503800823774, 4.33872025773, 222.304608517, 711.844219385, 2.18108198191
0.00222080136662, 0.176001701167, 0.559371502779, 0.79126405513, 0.758481332546, 0.289881327487, 0.99722164185, 0.789454403472, 0.193007457628, 0.589416038269, 0.703389666494, 0.708395200092, 0.707050504944, 0.603639146052, 70.4909051498, 207.228852292, 264.061152352, 97.3156063092, 1.24372275157
0.000413655337536, 0.990102779328, 0.0302763253607, 0.650838985173, 0.492634228419, 0.0599063220999, 0.477092005592, 0.509707265485, 0.997416614604, 0.627654833393, 0.618471977672, 0.616572946501, 0.00114466185819, 0.47838510578, 5.48811515469, 8.98233984537, 0.500984301146, 677.792374884, 0.440461278232
0.0392332309987, 0.226275398151, 0.999984844841, 0.795708130855, 0.373809510846, 0.378510250103, 0.283234318332, 0.509707265485, 0.492109216146, 0.983257108854, 0.588895651585, 0.488933143994, 0.00125390697899, 0.900699310192, 0.00307382248672, 0.00924765053023, 409.36146368, 151.953836923, 26.9439807925
0.00762503238751, 0.412009308694, 0.967784373887, 0.811959266711, 0.704545983685, 0.59414312607, 0.399135925511, 0.807114728909, 0.500205884854, 0.353441133467, 0.599577496935, 0.708395200092, 0.113713505515, 0.798785090657, 3.70063221403, 12.1621517726, 251.003768376, 189.943880624, 3.77339855284
0.00222080136662, 0.00739562684867, 0.178790672219, 0.79126405513, 0.758481332546, 0.289881327487, 0.232846778002, 0.789454403472, 0.193007457628, 0.388501585349, 0.703389666494, 0.708395200092, 0.707050504944, 0.285866571693, 162.955346491, 479.055409436, 145.968402367, 6.118326417, 1.83729502425
0.00531923376394, 0.807262547667, 0.683341242424, 0.999260774139, 0.604391349239, 0.401685039343, 0.7058683954, 0.441492939612, 0.499303470092, 0.50393234836, 0.28379887682, 0.387081364093, 0.469579431276, 0.479788295131, 0.0819970741435, 70.6156778379, 130.061840512, 473.80785772, 4.14759527298
0.355736971106, 0.132963649938, 0.0214888314455, 0.00108683687756, 0.704545983685, 0.313166966962, 0.295977719135, 0.296089341427, 0.304656700853, 0.388501585349, 0.491028492689, 0.0957509492548, 0.198438266966, 0.602572671675, 116.99357101, 0.19973154536, 3.95057481948, 24.8109218639, 74.8198342568
0.00222080136662, 0.00739562684867, 0.0205439994326, 0.488886336132, 0.16299783316, 0.194357202029, 0.506753653835, 0.789454403472, 0.193007457628, 0.103802345493, 0.0712754435444, 0.387081364093, 0.513803265354, 0.285866571693, 376.059665845, 363.153683786, 16.8762770939, 6.07661275963, 1.82476867474
0.355736971106, 0.683714417018, 0.0214888314455, 0.385766754991, 0.704545983685, 0.313166966962, 0.295977719135, 0.296089341427, 0.304656700853, 0.388501585349, 0.491028492689, 0.208065090364, 0.198438266966, 0.602572671675, 47.2530518848, 32.7427621343, 1.94124079974, 106.092580203, 75.4588237181
0.000157634570867, 0.329612496714, 0.443781112782, 0.919668797092, 0.513035654806, 0.319096252533, 0.676557231994, 0.390645717519, 0.742246834332, 0.186573259935, 0.511067371229, 0.0848261646527, 0.198438266966, 0.602572671675, 45.5409908963, 358.991961661, 303.002217601, 268.828655664, 0.134494110498
0.499765446596, 0.00630710067717, 0.375672568176, 0.542212754354, 0.527741849426, 0.289881327487, 0.283234318332, 0.302183375482, 0.289796554428, 0.589416038269, 0.703389666494, 0.708395200092, 0.113713505515, 0.603639146052, 126.380329886, 144.358755907, 128.492206803, 2.28778803271, 230.756120396
