2.12043180404e-05, 0.999999999471, 0.160559034916, 0.433852475739, 0.919964420074, 0.936606475602, 0.109422849325, 0.466657406636, 0.367124463873, 0.577255632632, 0.812990671723, 0.941557368189, 0.582271515466, 0.747923291511, 1.58448809335e-07, 1.34963664823e-43, 9.10927391012e-87, 1.90545253942, 0.0
2.12043180404e-05, 0.463487556174, 0.274080084585, 0.999994701226, 0.742968054434, 0.0296963358056, 0.605753280176, 0.92544075658, 0.451367000304, 0.443248725282, 0.847595655162, 0.500809717989, 0.670964196691, 0.831034930845, 0.00144589696792, 1.73762415705, 1.6742636104e-56, 1.09618469061e-33, 0.0
0.000764862730334, 0.000903111450516, 0.997744603828, 0.999964796609, 0.667976021438, 0.746814975039, 0.968237816728, 0.924689980753, 0.934280080479, 0.643970215892, 0.461757559932, 0.293505850711, 0.716997828992, 0.85425276164, 0.00329960842591, 0.597737071309, 1.81906065783, 1.12815219323e-304, 6.86408679099e-312
7.57838783304e-05, 4.84157885814e-05, 0.000155238322169, 0.000143602983821, 0.316859802768, 0.522877699274, 0.605753280176, 0.466657406636, 0.59084228155, 0.498412424279, 0.461757559932, 0.500809717989, 0.52277489344, 0.52191453777, 1.05707612888, 0.0, 0.0, 0.0, 0.0
7.57838783304e-05, 4.84157885814e-05, 0.000155238322169, 0.000143602983821, 0.316859802768, 0.522877699274, 0.605753280176, 0.466657406636, 0.59084228155, 0.498412424279, 0.461757559932, 0.500809717989, 0.52277489344, 0.52191453777, 1.05707612888, 0.0, 0.0, 0.0, 0.0
0.999981230343, 0.999999999298, 0.999771127368, 0.000143602983821, 0.617440832524, 0.14898834798, 0.605753280176, 0.92544075658, 0.451367000304, 0.443248725282, 0.919496685234, 0.500809717989, 0.670964196691, 0.831034930845, 1.90529604122e-11, 0.0, 5.35768328876e-10, 0.00485893156732, 1.6495548488
0.999981230343, 0.99999999885, 8.73459358142e-05, 2.69349434168e-06, 0.919964420074, 0.0511705633461, 0.273555535029, 0.752285026368, 0.367124463873, 0.514204073779, 0.812990671723, 0.941557368189, 0.495600611304, 0.779980385744, 1.00095830427e-09, 0.0, 0.0, 0.00554343608485, 1.88193674804
0.989855308584, 0.992349260417, 0.327388872818, 0.370460283077, 0.488735371915, 0.434031150044, 0.680134055099, 0.466657406636, 0.39314182766, 0.399105886751, 0.518701301536, 0.363417061651, 0.50084856689, 0.532346298287, 0.679583176663, 7.989653054e-44, 3.425736568e-49, 0.606635309044, 0.579558485634
0.967212648994, 0.99999999885, 8.73459358142e-05, 2.69349434168e-06, 0.919964420074, 0.0511705633461, 0.273555535029, 0.752285026368, 0.367124463873, 0.514204073779, 0.732422046259, 0.995661386615, 0.495600611304, 0.779980385744, 3.40502474435e-07, 0.0, 0.0, 1.88574658477, 0.105743709376
2.12043180404e-05, 0.487493676593, 8.73459358142e-05, 0.999994701226, 0.919964420074, 0.522877699274, 0.273555535029, 0.752285026368, 0.367124463873, 0.498412424279, 0.23239554646, 0.667117786787, 0.495600611304, 0.779980385744, 0.00123770347973, 1.48742511628, 0.0, 1.46370585631e-31, 0.0
6.57873408642e-05, 0.998505967757, 0.977934635469, 0.992738194168, 0.681022743728, 0.453162192888, 0.697728037233, 0.451695033521, 0.47061172093, 0.47135939269, 0.230494529628, 0.578139406735, 0.571799661979, 0.219159084065, 0.19227292455, 0.181967049258, 0.0450868346451, 1.21143567083, 0.0
0.992332979752, 0.986881236464, 0.997196718747, 0.0244987512712, 0.123411308756, 0.538684752017, 0.680134055099, 0.296023737384, 0.39314182766, 0.187901726349, 0.290744915331, 0.363417061651, 0.50084856689, 0.532346298287, 0.355522862538, 4.5854531044e-162, 0.878689485991, 0.422597549619, 0.924197213529
2.12043180404e-05, 0.463487556174, 0.903779252527, 0.999994701226, 0.742968054434, 0.0296963358056, 0.58158472267, 0.92544075658, 0.451367000304, 0.443248725282, 0.847595655162, 0.500809717989, 0.670964196691, 0.831034930845, 0.00144212942419, 1.73309646583, 0.000109946015251, 1.0933283871e-33, 0.0
0.989855308584, 0.999999999235, 0.327388872818, 2.45488652983e-06, 0.919964420074, 0.0511705633461, 0.273555535029, 0.752285026368, 0.367124463873, 0.514204073779, 0.990600969647, 0.941557368189, 0.495600611304, 0.779980385744, 2.05329362095e-07, 0.0, 1.03505255628e-55, 1.70825623293, 1.08680888705
0.997009504348, 0.984172740749, 0.986325479111, 5.85562956146e-06, 0.522345712746, 0.558525463179, 0.471367920321, 0.466657406636, 0.688105905802, 0.399105886751, 0.514800803434, 0.500809717989, 0.51708179922, 0.50801794249, 0.364420570238, 0.0, 0.152534938407, 0.130306192654, 0.966253185805
0.232733132159, 0.00012965621177, 0.988262444486, 0.991564719631, 0.431259232195, 0.340660613102, 0.680134055099, 0.466657406636, 0.451367000304, 0.488283286385, 0.604478881608, 0.653914385466, 0.48842531746, 0.931126714581, 0.891182166933, 0.710882536955, 0.59687504032, 0.0, 9.80500461397e-64
0.990647574243, 0.992349260417, 0.00114789299934, 0.991926969131, 0.389679044758, 0.443850543859, 0.680134055099, 0.369615401806, 0.451367000304, 0.643970215892, 0.518701301536, 0.525057907293, 0.537528715734, 0.85425276164, 0.567828771048, 0.476701974858, 1.13844830109e-294, 0.66181678265, 0.700258166017
2.12043180404e-05, 0.487493676593, 0.169971950172, 0.999994701226, 0.643174841464, 0.522877699274, 0.273555535029, 0.752285026368, 0.367124463873, 0.498412424279, 0.134786655582, 0.363417061651, 0.50084856689, 0.779980385744, 0.00115166774017, 1.38403062639, 2.37132707212e-77, 1.36196014911e-31, 0.0
0.990647574243, 0.992349260417, 0.992829486768, 8.42813721476e-05, 0.389679044758, 0.522357586235, 0.428541217943, 0.256250544623, 0.61575790261, 0.44781862738, 0.10167112967, 0.156247313409, 0.537528715734, 0.333011259102, 0.615721694434, 0.0, 0.590945347054, 0.761814173056, 0.806063867909
0.999981230343, 0.984172740749, 0.994577602847, 0.999991924378, 0.522345712746, 0.682716814222, 0.110631747077, 0.504455508252, 0.918831588308, 0.488283286385, 0.812990671723, 0.179907363163, 0.582271515466, 0.951068099208, 3.84717467652e-06, 0.0030340268905, 0.00391890633334, 0.00163473927428, 1.77171523669
0.0021699006722, 0.993226014475, 0.977934635469, 0.997556262764, 0.541460881165, 0.0296963358056, 0.738133344783, 0.400208615683, 0.451367000304, 0.47135939269, 0.544412527045, 0.726809663978, 0.332406479087, 0.494644747315, 0.316883658323, 0.893189892109, 0.161412556177, 0.982042651779, 9.51005007868e-267
0.967212648994, 0.000645302106834, 0.998015158407, 0.999991924378, 0.522345712746, 0.514551352891, 0.15449222541, 0.504455508252, 0.451367000304, 0.488283286385, 0.717625339955, 0.179907363163, 0.582271515466, 0.951068099208, 0.000524222677812, 0.413421753579, 1.42143325926, 2.20190236382e-319, 0.0830101276471
0.0895443268245, 0.00012965621177, 0.997952967244, 0.992738194168, 0.681022743728, 0.640144553292, 0.348701598778, 0.515642290174, 0.141489029004, 0.488283286385, 0.233294369871, 0.512940885386, 0.307541078851, 0.704458877651, 0.282264040635, 0.267134619739, 1.29740006946, 0.0, 3.40142091786e-105
0.849976007737, 0.0496955496215, 0.994577602847, 0.993237463859, 0.50316154117, 0.514551352891, 0.534270364532, 0.697216706546, 0.451367000304, 0.488283286385, 0.5706871344, 0.925516436134, 0.51708179922, 0.418269053761, 0.528744884638, 0.541100249839, 0.977192188169, 8.31432357431e-131, 1.69333861489e-07
0.587076733137, 0.62739254822, 0.977934635469, 0.996689800272, 0.522345712746, 0.388775351473, 0.401788260669, 0.400208615683, 0.451367000304, 0.482608418054, 0.277582207167, 0.525057907293, 0.485108361361, 0.37070363463, 0.466023120175, 0.981517250591, 0.185051591867, 9.82443261521e-21, 1.28191359991e-23
0.0256167994441, 0.995193201133, 0.993843758507, 0.999991924378, 0.0598973011938, 0.522357586235, 0.246297832915, 0.515642290174, 0.61300401475, 0.488283286385, 0.638627858443, 0.500809717989, 0.51708179922, 0.502878554446, 0.000612693791423, 0.483193406882, 0.546821677115, 1.06525707467, 1.4441381033e-159
0.999782097378, 0.997351855389, 0.99960458266, 0.137702412901, 0.691173613739, 0.514551352891, 0.654020574838, 0.361624566344, 0.51515914028, 0.629942815449, 0.796225409057, 0.653914385466, 0.51708179922, 0.24234537453, 0.000939972064308, 1.15715051219e-89, 0.0154125917304, 0.0403037469787, 1.27413014213
0.998733910332, 0.40256513321, 0.992829486768, 0.000795530125158, 0.994235439148, 0.610606839905, 0.273555535029, 0.384169608269, 0.444933645474, 0.84076693173, 0.033899901004, 0.631307978991, 0.706381858153, 0.580487763373, 0.231123351806, 4.22305484007e-311, 0.22182305834, 1.53235347396e-40, 1.69388739178
0.99824045696, 0.992349260417, 0.986325479111, 8.87285777695e-06, 0.522345712746, 0.434031150044, 0.471367920321, 0.466657406636, 0.39314182766, 0.399105886751, 0.518701301536, 0.363417061651, 0.50084856689, 0.50801794249, 0.180874840625, 0.0, 0.0757084943258, 0.175032634015, 1.01393738551
0.040204833147, 0.992349260417, 5.82172386174e-05, 8.42813721476e-05, 0.389679044758, 0.443850543859, 0.680134055099, 0.466657406636, 0.300062844747, 0.643970215892, 0.518701301536, 0.622510397963, 0.537528715734, 0.494644747315, 0.840293460333, 0.0, 0.0, 0.750094617556, 4.73840036966e-140
0.998733910332, 0.00012965621177, 0.997952967244, 0.992738194168, 0.994235439148, 0.610606839905, 0.246297832915, 0.384169608269, 0.444933645474, 0.84076693173, 0.033899901004, 0.631307978991, 0.307541078851, 0.580487763373, 0.067056366355, 0.0634621288883, 0.308218270279, 0.0, 1.7012908161
0.040204833147, 0.000903111450516, 0.994577602847, 0.0177845796297, 0.646849754618, 0.746814975039, 0.798772795027, 0.507447541653, 0.934280080479, 0.429448511956, 0.336284583076, 0.70704055329, 0.766460009675, 0.631110668104, 0.932493442187, 1.47953790159e-175, 1.20445587678, 8.97476087562e-305, 6.40788080348e-140
0.992332979752, 0.992349260417, 0.997196718747, 0.0244987512712, 0.123411308756, 0.434031150044, 0.680134055099, 0.466657406636, 0.39314182766, 0.399105886751, 0.518701301536, 0.363417061651, 0.50084856689, 0.532346298287, 0.255220298615, 3.29177342417e-162, 0.630787543179, 0.607420973076, 0.812268837912
0.967212648994, 4.84157885814e-05, 5.15415742472e-06, 0.999991924378, 0.316859802768, 0.514551352891, 0.100071730213, 0.466657406636, 0.59084228155, 0.498412424279, 0.461757559932, 0.718341213405, 0.52277489344, 0.52191453777, 0.00158657004349, 1.25122890962, 0.0, 0.0, 0.0701630291245
7.57838783304e-05, 4.84157885814e-05, 5.82172386174e-05, 0.999878048025, 0.681022743728, 0.522877699274, 0.471367920321, 0.466657406636, 0.300062844747, 0.230803484212, 0.461757559932, 0.500809717989, 0.52277489344, 0.542361596332, 0.0219232755125, 1.15123339127, 0.0, 0.0, 0.0
0.0957611562837, 0.99940134019, 0.327552008496, 0.892492275599, 0.273027668701, 0.975572707974, 0.680134055099, 0.466657406636, 0.861885346286, 0.488283286385, 0.518701301536, 0.653914385466, 0.284227730693, 0.227878213498, 0.144697916985, 2.61233434529e-06, 7.66670647522e-50, 1.58038108236, 3.27817853397e-102
0.997009504348, 0.992349260417, 0.999034189297, 0.999979606721, 0.622841023553, 0.715525034924, 0.754957947373, 0.400208615683, 0.422912388224, 0.310803463502, 0.518701301536, 0.293505850711, 0.664212376259, 0.0339882456831, 0.000199444131647, 0.0623234059968, 0.427759893563, 0.385874838287, 1.34592951088
0.0246257051858, 0.00115401894699, 0.994956665883, 0.973151229286, 0.941738876363, 0.522357586235, 0.428541217943, 0.569110417075, 0.451367000304, 0.488283286385, 0.518701301536, 0.825370388831, 0.537528715734, 0.50801794249, 0.764001466963, 0.0792130316447, 1.06822777573, 3.44011382679e-294, 2.84542063326e-161
0.000323494368471, 0.989537348892, 0.997952967244, 0.993246638369, 0.681022743728, 0.610606839905, 0.246297832915, 0.384169608269, 0.551808007128, 0.544693292518, 0.336284583076, 0.514989994808, 0.658722154523, 0.432281510112, 0.202484000592, 0.207521043988, 0.967929399552, 0.617695965838, 0.0
0.960229721818, 0.984172740749, 0.993843758507, 8.42813721476e-05, 0.522345712746, 0.682716814222, 0.534270364532, 0.515642290174, 0.367124463873, 0.488283286385, 0.604478881608, 0.500809717989, 0.51708179922, 0.50801794249, 0.669071036509, 0.0, 0.757175588401, 0.333282920056, 0.0288850743201
0.000323494368471, 0.989537348892, 0.986325479111, 0.999488158737, 0.681022743728, 0.610606839905, 0.246297832915, 0.384169608269, 0.444933645474, 0.544693292518, 0.336284583076, 0.514989994808, 0.52277489344, 0.432281510112, 0.0714964939045, 0.91011717137, 0.382119950869, 0.605008050463, 0.0
0.118983315351, 0.00012965621177, 0.997952967244, 0.996689800272, 0.522345712746, 0.455565432532, 0.579487393225, 0.26614571049, 0.579859790593, 0.488283286385, 0.604478881608, 0.166725681897, 0.307541078851, 0.216668730326, 0.161141664956, 0.339389436052, 1.25423800709, 0.0, 7.27386815847e-93
0.000764862730334, 0.984172740749, 0.997744603828, 0.999964796609, 0.667976021438, 0.784234322132, 0.968237816728, 0.924689980753, 0.422912388224, 0.643970215892, 0.461757559932, 0.293505850711, 0.716997828992, 0.328775600129, 0.00270975029545, 0.490881946132, 1.49387427802, 0.518664092508, 5.93574794265e-312
0.960229721818, 0.452168030071, 0.999605994232, 1.50802787696e-05, 0.0969432667454, 0.558525463179, 0.471367920321, 0.466657406636, 0.688105905802, 0.399105886751, 0.518701301536, 0.500809717989, 0.102268192625, 0.50801794249, 0.0831955061575, 0.0, 1.36894919739, 7.29949859703e-35, 0.0372330702343
0.338098929647, 0.949303319003, 0.999459608583, 0.999994701226, 0.667976021438, 0.434829383122, 0.968237816728, 0.924689980753, 0.422912388224, 0.643970215892, 0.461757559932, 0.293505850711, 0.716997828992, 0.85425276164, 0.000115095118614, 0.138316949893, 1.66964469415, 0.0144790421383, 2.11166439898e-47
0.000764862730334, 0.949303319003, 0.997744603828, 0.999964796609, 0.667976021438, 0.488509902701, 0.968237816728, 0.924689980753, 0.422912388224, 0.643970215892, 0.461757559932, 0.293505850711, 0.716997828992, 0.85425276164, 0.00287998780165, 0.521721141347, 1.58772552036, 0.0144434786813, 5.99138501119e-312
0.587076733137, 0.0848592233493, 0.991890723709, 0.996689800272, 0.522345712746, 0.434031150044, 0.738133344783, 0.400208615683, 0.451367000304, 0.482608418054, 0.277582207167, 0.525057907293, 0.332406479087, 0.37070363463, 0.384859833921, 0.810574732668, 0.749410973893, 1.36104384983e-107, 1.35973330936e-23
0.875761415051, 0.984172740749, 0.102637767019, 8.42813721476e-05, 0.502460001294, 0.445868440935, 0.534270364532, 0.515642290174, 0.481433322105, 0.401664511195, 0.461757559932, 0.500809717989, 0.52277489344, 0.50801794249, 0.965263161664, 0.0, 2.04873179534e-99, 0.318384636439, 2.76549008652e-06
2.12043180404e-05, 0.99999999885, 0.412470891651, 0.502049677375, 0.919964420074, 0.12671789239, 0.273555535029, 0.752285026368, 0.688105905802, 0.514204073779, 0.847595655162, 0.941557368189, 0.51708179922, 0.747923291511, 3.32923538162e-07, 6.21060075058e-37, 1.81048499503e-45, 1.84377345897, 0.0
0.990647574243, 0.58136661481, 0.992829486768, 0.123844533682, 0.389679044758, 0.522357586235, 0.428541217943, 0.569110417075, 0.451367000304, 0.520725900334, 0.131758577214, 0.579234296855, 0.537528715734, 0.925480426921, 0.795998934548, 2.42502703872e-91, 0.76396831699, 4.82859470071e-24, 0.777397253697
0.997009504348, 0.452168030071, 0.986325479111, 1.50802787696e-05, 0.0969432667454, 0.558525463179, 0.471367920321, 0.466657406636, 0.688105905802, 0.399105886751, 0.518701301536, 0.500809717989, 0.51708179922, 0.50801794249, 0.442856164663, 0.0, 0.185365600399, 2.55519272388e-35, 1.1151285473
0.000323494368471, 0.999999993501, 0.997952967244, 0.996689800272, 0.483147594923, 0.388775351473, 0.471367920321, 0.466657406636, 0.745194400059, 0.665483006582, 0.70964075863, 0.418912107341, 0.284227730693, 0.932240581313, 1.74153428942e-07, 3.6679423693e-07, 1.35551441462e-06, 1.38600545615, 0.0
0.989855308584, 0.992349260417, 0.986325479111, 0.1596037638, 0.522345712746, 0.434031150044, 0.680134055099, 0.466657406636, 0.39314182766, 0.514204073779, 0.518701301536, 0.363417061651, 0.78488694466, 0.707663241438, 0.692860007727, 2.19320003811e-80, 0.290009311313, 0.670480823852, 0.640554292052
0.998733910332, 0.984172740749, 0.989113541553, 1.50802787696e-05, 0.522345712746, 0.558525463179, 0.471367920321, 0.466657406636, 0.688105905802, 0.399105886751, 0.518701301536, 0.500809717989, 0.51708179922, 0.50801794249, 0.16060287536, 0.0, 0.0931737442838, 0.0612429608444, 1.03380066152
0.0256167994441, 0.995193201133, 0.993843758507, 0.0416409654073, 0.522345712746, 0.4417201346, 0.246297832915, 0.515642290174, 0.438598438463, 0.488283286385, 0.638627858443, 0.500809717989, 0.51708179922, 0.50801794249, 0.408636221442, 5.74825074031e-139, 0.462446219503, 0.90088620769, 1.22130528883e-159
0.78726847919, 0.997351855389, 0.99960458266, 0.137702412901, 0.202769159617, 0.514551352891, 0.654020574838, 0.361624566344, 0.51515914028, 0.73985892584, 0.796225409057, 0.653914385466, 0.51708179922, 0.24234537453, 0.0297779711728, 3.66581049618e-88, 0.488265268377, 1.27680796192, 8.79573705387e-11
0.99824045696, 0.997351855389, 0.98927438873, 8.87285777695e-06, 0.828307712951, 0.434031150044, 0.471367920321, 0.466657406636, 0.39314182766, 0.399105886751, 0.518701301536, 0.363417061651, 0.50084856689, 0.50801794249, 0.089216378012, 0.0, 0.0527917007551, 0.270581202187, 1.11779136215
0.990647574243, 0.980401115819, 0.656444236235, 0.123844533682, 0.389679044758, 0.522357586235, 0.428541217943, 0.569110417075, 0.61300401475, 0.44781862738, 0.131758577214, 0.579234296855, 0.476026607868, 0.760430194449, 0.9965143236, 3.03590127363e-91, 8.2108358097e-19, 0.219723811435, 0.719023290524
0.00013250998985, 0.989537348892, 0.992829486768, 0.999488158737, 0.681022743728, 0.610606839905, 0.471367920321, 0.384169608269, 0.47061172093, 0.47135939269, 0.336284583076, 0.446033029886, 0.52277489344, 0.48768760957, 0.0526103115646, 0.669704839092, 0.644736497852, 0.569208016114, 0.0
0.998733910332, 0.00201217641871, 0.996883346932, 0.896662769287, 0.389679044758, 0.550194624154, 0.246297832915, 0.384169608269, 0.367124463873, 0.399105886751, 0.315469297668, 0.835005563674, 0.635350475104, 0.915775582508, 0.110750821296, 3.18698921342e-06, 0.247219804606, 9.89747078217e-271, 1.43238586251
0.849976007737, 0.0496955496215, 0.994577602847, 0.999252416591, 0.50316154117, 0.514551352891, 0.534270364532, 0.504455508252, 0.451367000304, 0.488283286385, 0.461757559932, 0.500809717989, 0.51708179922, 0.418269053761, 0.0699979832665, 0.615774634682, 0.800488120715, 6.81085802118e-131, 1.38713495869e-07
0.00013250998985, 0.989537348892, 0.99814304078, 0.123844533682, 0.681022743728, 0.975157569405, 0.246297832915, 0.384169608269, 0.444933645474, 0.514204073779, 0.336284583076, 0.446033029886, 0.52277489344, 0.48768760957, 0.307746965055, 9.37557424956e-92, 1.12759652116, 0.714539733046, 0.0
0.989855308584, 4.84157885814e-05, 0.986325479111, 0.370460283077, 0.123411308756, 0.409981831609, 0.680134055099, 0.767603003484, 0.39314182766, 0.514204073779, 0.518701301536, 0.363417061651, 0.742995053416, 0.50801794249, 1.04580530494, 1.22952154136e-43, 0.437741062946, 0.0, 0.721284847893
0.00165794978111, 0.992349260417, 0.00114789299934, 0.991926969131, 0.389679044758, 0.443850543859, 0.680134055099, 0.369615401806, 0.451367000304, 0.643970215892, 0.518701301536, 0.525057907293, 0.537528715734, 0.85425276164, 0.69462896487, 0.583152908465, 1.39267188502e-294, 0.809605166391, 1.73021367118e-278
2.12043180404e-05, 0.992349260417, 8.73459358142e-05, 0.999994701226, 0.919964420074, 0.522877699274, 0.273555535029, 0.466657406636, 0.367124463873, 0.498412424279, 0.23239554646, 0.667117786787, 0.495600611304, 0.779980385744, 0.000884520886745, 1.06298366641, 0.0, 0.948881123569, 0.0
0.587076733137, 0.993226014475, 0.977934635469, 0.996689800272, 0.522345712746, 0.388775351473, 0.738133344783, 0.400208615683, 0.451367000304, 0.482608418054, 0.277582207167, 0.525057907293, 0.332406479087, 0.37070363463, 0.348169069495, 0.733298270059, 0.138253313537, 0.841140577032, 1.36906002596e-23
0.998620264639, 0.452168030071, 0.986325479111, 1.50802787696e-05, 0.0969432667454, 0.558525463179, 0.471367920321, 0.466657406636, 0.158102460546, 0.399105886751, 0.518701301536, 0.864226435834, 0.51708179922, 0.50801794249, 0.265065827287, 0.0, 0.110948181692, 1.5293775435e-35, 1.3990474096
0.0895443268245, 0.00115401894699, 0.19922734999, 0.973151229286, 0.389679044758, 0.522357586235, 0.428541217943, 0.517369647944, 0.451367000304, 0.488283286385, 0.518701301536, 0.579234296855, 0.537528715734, 0.50801794249, 1.02319665599, 0.106086850084, 1.39090244535e-70, 2.68964380355e-294, 2.58349979937e-105
0.000323494368471, 0.993226014475, 0.997952967244, 0.993246638369, 0.514219699903, 0.538684752017, 0.471367920321, 0.569890272102, 0.606705309768, 0.505958252722, 0.532282705543, 0.471697669881, 0.52277489344, 0.501851522608, 0.143157325345, 0.146718543309, 0.684331520307, 0.729725313546, 0.0
6.57873408642e-05, 0.00185079348318, 0.99814304078, 0.996142723597, 0.389679044758, 0.453162192888, 0.246297832915, 0.593747803572, 0.444933645474, 0.514204073779, 0.395361370249, 0.855415941152, 0.571799661979, 0.501851522608, 0.156665896738, 0.2843906041, 1.18966867143, 1.05424763528e-273, 0.0
0.998528501371, 0.804478014712, 0.97393448614, 0.996142723597, 0.681022743728, 0.388775351473, 0.471367920321, 0.466657406636, 0.47061172093, 0.399105886751, 0.344793921854, 0.859308387041, 0.50084856689, 0.50801794249, 0.123970675496, 0.225040012084, 0.0288885060813, 1.44569438711e-10, 1.18345868025
0.998733910332, 0.000645302106834, 0.998751830489, 0.99328719815, 0.994235439148, 0.610606839905, 0.15449222541, 0.384169608269, 0.234870372431, 0.84076693173, 0.717625339955, 0.631307978991, 0.53061842258, 0.580487763373, 0.0390824101436, 0.0403170665523, 0.300999269989, 4.55429712336e-320, 1.61902977743
0.324795984003, 0.99999999885, 0.468297083209, 0.999488158737, 0.617440832524, 0.179179865267, 0.605753280176, 0.384169608269, 0.61300401475, 0.443248725282, 0.892933166667, 0.500809717989, 0.670964196691, 0.831034930845, 2.05121807468e-08, 2.6111053704e-07, 4.63901215767e-40, 1.45051896954, 3.3014776307e-49
0.596774957155, 0.988153100168, 0.999918107209, 2.10674392531e-06, 0.502460001294, 0.445868440935, 0.534270364532, 0.515642290174, 0.515873924508, 0.401664511195, 0.461757559932, 0.502162575508, 0.52277489344, 0.355709613386, 0.0118031651844, 0.0, 0.921230965301, 0.476166996014, 6.20858100763e-23
6.57873408642e-05, 0.992349260417, 0.977934635469, 0.992738194168, 0.681022743728, 0.453162192888, 0.697728037233, 0.451695033521, 0.47061172093, 0.200234793289, 0.617949402012, 0.578139406735, 0.571799661979, 0.85425276164, 0.703880369049, 0.666152210904, 0.16505567741, 0.877555712207, 0.0
0.913414352401, 0.993226014475, 0.800319381887, 0.999541804565, 0.522345712746, 0.388775351473, 0.738133344783, 0.400208615683, 0.451367000304, 0.412587555275, 0.277582207167, 0.62165884433, 0.332406479087, 0.37070363463, 0.0589518682717, 0.83641861746, 2.7922420565e-10, 0.856512281221, 0.000219575435636
0.998528501371, 0.804478014712, 0.986325479111, 0.996142723597, 0.681022743728, 0.388775351473, 0.471367920321, 0.466657406636, 0.47061172093, 0.399105886751, 0.344793921854, 0.859308387041, 0.50084856689, 0.50801794249, 0.115077711527, 0.208896898311, 0.0998272878081, 1.44569438711e-10, 1.18345868025
0.989855308584, 0.950061139676, 0.992829486768, 0.370460283077, 0.314768205327, 0.434031150044, 0.680134055099, 0.496631389273, 0.269181232868, 0.399105886751, 0.518701301536, 0.653914385466, 0.252725724698, 0.532346298287, 0.743101061276, 8.73641353632e-44, 0.713199028915, 0.00964085209924, 0.655309705036
0.00231926454673, 0.993226014475, 0.977934635469, 0.997556262764, 0.483147594923, 0.388775351473, 0.738133344783, 0.400208615683, 0.451367000304, 0.47135939269, 0.70964075863, 0.525057907293, 0.272340421728, 0.494644747315, 0.271840641082, 0.766228571594, 0.138468777411, 0.842451470806, 6.34805723509e-264
0.967212648994, 0.984172740749, 0.994577602847, 0.999991924378, 0.522345712746, 0.682716814222, 0.110631747077, 0.504455508252, 0.451367000304, 0.488283286385, 0.732422046259, 0.179907363163, 0.582271515466, 0.951068099208, 0.00114431561086, 0.902450402307, 1.16565169814, 0.486241938184, 0.0870448478108
0.324795984003, 0.99999999885, 0.468297083209, 0.000143602983821, 0.617440832524, 0.179179865267, 0.605753280176, 0.92544075658, 0.61300401475, 0.443248725282, 0.892933166667, 0.500809717989, 0.670964196691, 0.831034930845, 2.92174877934e-07, 0.0, 5.17497226737e-40, 1.61810212725, 3.68290804153e-49
0.0895443268245, 0.993948806797, 0.992829486768, 0.973151229286, 0.583449574486, 0.522357586235, 0.428541217943, 0.515642290174, 0.451367000304, 0.488283286385, 0.604478881608, 0.579234296855, 0.537528715734, 0.50801794249, 0.486310669376, 0.0504215555967, 0.469243770096, 0.780956048785, 2.59681608152e-105
0.990647574243, 0.0496955496215, 0.994577602847, 0.993237463859, 0.50316154117, 0.514551352891, 0.767561629039, 0.697216706546, 0.451367000304, 0.488283286385, 0.5706871344, 0.925516436134, 0.777569037326, 0.418269053761, 0.4836971419, 0.494999860864, 0.893937855924, 7.60596398484e-131, 0.796591302218
0.998733910332, 0.000596922666536, 0.996883346932, 0.896662769287, 0.389679044758, 0.550194624154, 0.246297832915, 0.373019573947, 0.367124463873, 0.399105886751, 0.315469297668, 0.835005563674, 0.635350475104, 0.965009905304, 0.114251039945, 3.2877122505e-06, 0.255033050237, 1.97626258336e-323, 1.477655628
0.990647574243, 0.980401115819, 0.992829486768, 0.123844533682, 0.389679044758, 0.522357586235, 0.428541217943, 0.569110417075, 0.61300401475, 0.44781862738, 0.131758577214, 0.579234296855, 0.476026607868, 0.760430194449, 0.718958824635, 2.19032276777e-91, 0.690028264364, 0.219723811435, 0.719023290524
0.849976007737, 0.0496955496215, 0.994577602847, 0.999429598069, 0.50316154117, 0.514551352891, 0.534270364532, 0.504455508252, 0.451367000304, 0.488283286385, 0.689580724442, 0.500809717989, 0.51708179922, 0.34313807948, 0.0567117295759, 0.649349193662, 0.841925079186, 7.16341945672e-131, 1.45893946421e-07
0.960229721818, 0.452168030071, 0.996832657334, 1.50802787696e-05, 0.0969432667454, 0.558525463179, 0.471367920321, 0.466657406636, 0.688105905802, 0.399105886751, 0.518701301536, 0.500809717989, 0.51708179922, 0.50801794249, 0.502625885912, 0.0, 1.10466072381, 6.45941207103e-35, 0.0329479813053
0.990647574243, 0.980401115819, 0.996286610272, 0.890437447549, 0.389679044758, 0.384143290522, 0.428541217943, 0.569110417075, 0.61300401475, 0.44781862738, 0.131758577214, 0.579234296855, 0.476026607868, 0.869991040952, 0.49790854759, 7.13856741575e-06, 0.938009442073, 0.234155702986, 0.766250152665
0.379427060674, 0.466603174839, 0.412470891651, 0.999991924378, 0.389679044758, 0.434031150044, 0.207417820035, 0.752285026368, 0.367124463873, 0.514204073779, 0.461757559932, 0.446033029886, 0.51708179922, 0.747923291511, 0.00158471251468, 1.24976399241, 6.79639771675e-39, 1.540696803e-33, 1.60612144433e-42
0.849976007737, 0.0496955496215, 0.975649178835, 0.999252416591, 0.50316154117, 0.514551352891, 0.534270364532, 0.504455508252, 0.451367000304, 0.488283286385, 0.461757559932, 0.500809717989, 0.709873998853, 0.281025933846, 0.122843000197, 1.0806540423, 0.146067563144, 7.38288477607e-131, 1.50363691873e-07
2.12043180404e-05, 0.992349260417, 0.994956665883, 0.999991924378, 0.207167799655, 0.522357586235, 2.97785221352e-05, 0.569110417075, 0.367124463873, 0.514204073779, 0.131758577214, 0.500809717989, 0.500580349601, 0.747923291511, 0.000859236850545, 0.677626551706, 0.942407170033, 1.03614084192, 0.0
0.999981230343, 0.99999999885, 0.999771127368, 0.000143602983821, 0.617440832524, 0.14898834798, 0.605753280176, 0.92544075658, 0.451367000304, 0.443248725282, 0.812990671723, 0.500809717989, 0.670964196691, 0.831034930845, 2.97062363637e-11, 0.0, 8.3533793539e-10, 0.00462913348496, 1.57154087891
