0.999999710305, 0.106330283334, 0.0814360338517, 0.482296093022, 0.374655258616, 0.402187662696, 0.584445378561, 0.371483709958, 0.537102232105, 0.457470006475, 0.655353521159, 0.401087745828, 5.74057459231e-05, 4.1761140807e-102, 1.2615389636
0.999996733922, 0.00381106344326, 0.828881735254, 0.49120706542, 0.393722884148, 0.646506768799, 0.294631808645, 0.52057282608, 0.562041462023, 0.457470006475, 0.532409110034, 0.537716571148, 0.000611299379809, 1.2217762848e-245, 1.19172958206
0.307926340355, 0.0441093750988, 0.506500285722, 0.508172715591, 0.543362345054, 0.275806234879, 0.468299100576, 0.52057282608, 0.537102232105, 0.463043243991, 0.547902398251, 0.344200585251, 1.08299084732, 4.82875506733e-136, 1.18967603971e-51
0.999994504313, 0.000328214675536, 0.281477380059, 0.508172715591, 0.693781083934, 0.707584920971, 0.343305703474, 0.361791544252, 0.537102232105, 0.739759659627, 0.583369960292, 0.667186600351, 0.00109248636114, 0.0, 1.26587892462
0.00112445852348, 0.106330283334, 0.480538377495, 0.508172715591, 0.543362345054, 0.33198699228, 0.312320547486, 0.361791544252, 0.645321187307, 0.354410264079, 0.42967429808, 0.681477479314, 1.16507376443, 8.47559921828e-98, 2.27414094584e-295
0.999999710305, 0.0032238018459, 0.0814360338517, 0.482296093022, 0.292740356077, 0.401762555237, 0.668427400029, 0.371483709958, 0.562041462023, 0.457470006475, 0.655353521159, 0.401087745828, 5.97282033889e-05, 6.44367000046e-254, 1.31257689608
0.307926340355, 0.000618133665606, 0.281477380059, 0.515691601986, 0.643606161224, 0.401762555237, 0.468299100576, 0.577206821811, 0.513708429385, 0.739759659627, 0.404404968497, 0.510046812829, 1.15214949117, 2.32210853545e-321, 1.2656474865e-51
0.000462001257187, 0.000230000522874, 0.677988047815, 0.508172715591, 0.483692486542, 0.646506768799, 0.0528437915807, 0.534359958838, 0.735025937016, 0.656274760312, 0.382468978235, 0.593232146198, 1.35677075419, 0.0, 0.0
0.999994504313, 0.00381106344326, 0.584875119617, 0.49120706542, 0.474791598189, 0.646506768799, 0.294631808645, 0.52057282608, 0.562041462023, 0.656274760312, 0.532409110034, 0.537716571148, 0.000951679044928, 1.90207765007e-245, 1.10272355686
0.999269322644, 0.453663475075, 0.424026120416, 0.476806516097, 0.393722884148, 0.402187662696, 0.445369831844, 0.599997811447, 0.570817626501, 0.457470006475, 0.532409110034, 0.537716571148, 0.115958851054, 8.58628495317e-36, 1.04302680473
0.999492906304, 0.000657150842984, 0.584875119617, 0.288866063405, 0.292740356077, 0.401762555237, 0.256367502396, 0.528423822074, 0.706536351367, 0.463043243991, 0.583369960292, 0.593232146198, 0.0950107566421, 8.71778832087e-320, 1.22052661122
0.00129867676405, 0.000355846528977, 0.56190073139, 0.592901664605, 0.643606161224, 0.30509282695, 0.312320547486, 0.239553658369, 0.256886726652, 0.318995339024, 0.461969392001, 0.593232146198, 1.27613514045, 0.0, 4.48873084218e-289
0.307926340355, 0.000657150842984, 0.281477380059, 0.515691601986, 0.643606161224, 0.529553885085, 0.468299100576, 0.52057282608, 0.513708429385, 0.736716916164, 0.404404968497, 0.510046812829, 1.13638487959, 1.04269096095e-318, 1.24832990647e-51
0.999999865118, 0.106330283334, 0.0814360338517, 0.482296093022, 0.374655258616, 0.19407035619, 0.300691983235, 0.371483709958, 0.542885086584, 0.688293739038, 0.655353521159, 0.401087745828, 2.99217954107e-05, 2.17673037995e-102, 1.41226560864
0.999999710305, 0.106330283334, 0.0814360338517, 0.482296093022, 0.374655258616, 0.402187662696, 0.584445378561, 0.371483709958, 0.537102232105, 0.457470006475, 0.655353521159, 0.401087745828, 5.74057459231e-05, 4.1761140807e-102, 1.2615389636
0.000462001257187, 0.00170390641075, 0.677988047815, 0.288866063405, 0.319717687703, 0.446578618051, 0.258613757121, 0.528423822074, 0.456351513928, 0.457470006475, 0.404404968497, 0.593232146198, 1.19223270625, 2.61248977277e-277, 0.0
0.999999710305, 0.420957389561, 0.283625435802, 0.482296093022, 0.375481726844, 0.646506768799, 0.372945446703, 0.504855198801, 0.373190955434, 0.405190952573, 0.583369960292, 0.401087745828, 5.19693806075e-05, 2.16611334639e-42, 1.14207031886
0.000462001257187, 0.000230000522874, 0.677988047815, 0.508172715591, 0.483692486542, 0.646506768799, 0.0528437915807, 0.534359958838, 0.735025937016, 0.656274760312, 0.382468978235, 0.593232146198, 1.35677075419, 0.0, 0.0
0.999994504313, 0.00381106344326, 0.584875119617, 0.49120706542, 0.474791598189, 0.646506768799, 0.294631808645, 0.52057282608, 0.562041462023, 0.656274760312, 0.532409110034, 0.537716571148, 0.000951679044928, 1.90207765007e-245, 1.10272355686
0.999999865118, 0.077969379241, 0.0814360338517, 0.508172715591, 0.0220418905185, 0.19407035619, 0.445369831844, 0.371483709958, 0.542885086584, 0.790207634079, 0.349868651697, 0.401087745828, 3.46447665407e-05, 8.47549696717e-116, 1.63518303743
0.500707386915, 0.000173879464747, 0.56190073139, 0.513481726852, 0.643606161224, 0.646506768799, 0.343305703474, 0.361791544252, 0.537102232105, 0.354410264079, 0.404404968497, 0.493763308447, 1.12150535336, 0.0, 1.6007410617e-30
0.0259945681482, 0.00020612152207, 0.507740288627, 0.476806516097, 0.393722884148, 0.275806234879, 0.655758332383, 0.348145983623, 0.537102232105, 0.463043243991, 0.404404968497, 0.733959769235, 1.17609378094, 0.0, 5.68620500599e-159
0.999999710305, 0.0135504619216, 0.112027113523, 0.482296093022, 0.375481726844, 0.646506768799, 0.372945446703, 0.371483709958, 0.568269084483, 0.688293739038, 0.655353521159, 0.401087745828, 5.89055438058e-05, 1.45106230087e-191, 1.29449826822
0.999999649186, 1.1112722175e-05, 0.318012325501, 0.263977094827, 0.345835461865, 0.690011293317, 0.312320547486, 0.41295486571, 0.537102232105, 0.28399329098, 0.872293882167, 0.537716571148, 7.6020271453e-05, 0.0, 1.37955850045
0.235546183041, 0.0032238018459, 0.506500285722, 0.508172715591, 0.643606161224, 0.646506768799, 0.468299100576, 0.361791544252, 0.537102232105, 0.354410264079, 0.404404968497, 0.667186600351, 1.12196525032, 1.21041206915e-249, 2.84253868901e-63
0.999422175781, 0.00646926845193, 0.584875119617, 0.476806516097, 0.475874802862, 0.30509282695, 0.528727200989, 0.374044658217, 0.570817626501, 0.457470006475, 0.532409110034, 0.400622527348, 0.0952167933851, 1.82117109945e-220, 1.07655014419
0.00129867676405, 0.00760925620248, 0.418857508581, 0.515691601986, 0.374655258616, 0.402187662696, 0.377887469881, 0.52057282608, 0.562041462023, 0.485057586112, 0.532409110034, 0.691045372177, 1.08906470238, 2.3302056818e-212, 3.83072149944e-289
0.99793402255, 0.000230000522874, 0.584875119617, 0.508172715591, 0.483692486542, 0.608149010482, 0.294631808645, 0.52057282608, 0.570817626501, 0.354410264079, 0.532409110034, 0.554839851496, 0.315915376286, 0.0, 1.04541034008
0.999999710305, 0.420957389561, 0.283625435802, 0.482296093022, 0.375481726844, 0.646506768799, 0.372945446703, 0.504855198801, 0.721610264228, 0.405190952573, 0.655353521159, 0.401087745828, 5.42543791553e-05, 2.26135338568e-42, 1.19228506049
0.999999865118, 0.106330283334, 0.0814360338517, 0.482296093022, 0.374655258616, 0.19407035619, 0.0700161098764, 0.371483709958, 0.542885086584, 0.688293739038, 0.655353521159, 0.401087745828, 3.29973651962e-05, 2.40046983461e-102, 1.55742806883
0.999999865118, 0.106330283334, 0.0814360338517, 0.508172715591, 0.0220418905185, 0.19407035619, 0.0681405694879, 0.371483709958, 0.542885086584, 0.688293739038, 0.655353521159, 0.401087745828, 3.75335723235e-05, 2.73046673916e-102, 1.77153050592
0.999492906304, 0.000657150842984, 0.584875119617, 0.288866063405, 0.292740356077, 0.401762555237, 0.256367502396, 0.528423822074, 0.706536351367, 0.588636699492, 0.583369960292, 0.593232146198, 0.0955144922919, 8.76373642593e-320, 1.2269976971
0.999492906304, 0.000657150842984, 0.584875119617, 0.288866063405, 0.292740356077, 0.401762555237, 0.256367502396, 0.528423822074, 0.706536351367, 0.588636699492, 0.583369960292, 0.593232146198, 0.0955144922919, 8.76373642593e-320, 1.2269976971
0.999994504313, 0.000328214675536, 0.281477380059, 0.508172715591, 0.693781083934, 0.707584920971, 0.343305703474, 0.361791544252, 0.537102232105, 0.739759659627, 0.290724049737, 0.667186600351, 0.00112428529391, 0.0, 1.30272478398
0.999996733922, 0.00381106344326, 0.828881735254, 0.49120706542, 0.393722884148, 0.646506768799, 0.294631808645, 0.52057282608, 0.562041462023, 0.688293739038, 0.532409110034, 0.537716571148, 0.000628558003404, 1.25627031132e-245, 1.22537530945
0.00112445852348, 0.106330283334, 0.480538377495, 0.508172715591, 0.543362345054, 0.33198699228, 0.312320547486, 0.361791544252, 0.645321187307, 0.354410264079, 0.583369960292, 0.681477479314, 1.16707861036, 8.49018393481e-98, 2.27805426219e-295
0.999095832154, 0.340184286223, 0.424026120416, 0.476806516097, 0.393722884148, 0.275806234879, 0.377887469881, 0.52057282608, 0.570817626501, 0.457470006475, 0.532409110034, 0.537716571148, 0.147963693026, 3.44905343055e-48, 1.08243299763
0.235546183041, 0.0032238018459, 0.281477380059, 0.508172715591, 0.643606161224, 0.646506768799, 0.530822511905, 0.361791544252, 0.537102232105, 0.457470006475, 0.404404968497, 0.537716571148, 1.1237038218, 1.21228769577e-249, 2.84694342139e-63
0.307926340355, 0.000657150842984, 0.281477380059, 0.515691601986, 0.643606161224, 0.401762555237, 0.468299100576, 0.52057282608, 0.513708429385, 0.736716916164, 0.404404968497, 0.510046812829, 1.14516204302, 1.05074423098e-318, 1.25797170635e-51
0.500707386915, 0.000173879464747, 0.56190073139, 0.508172715591, 0.543362345054, 0.43182080911, 0.343305703474, 0.361791544252, 0.537102232105, 0.607120194357, 0.404404968497, 0.281427204432, 1.12384565735, 0.0, 1.60408141195e-30
0.999994504313, 0.000328214675536, 0.281477380059, 0.508172715591, 0.693781083934, 0.707584920971, 0.343305703474, 0.361791544252, 0.537102232105, 0.739759659627, 0.655353521159, 0.76823258971, 0.00114528758874, 0.0, 1.32706043094
0.999999710305, 0.106330283334, 0.480538377495, 0.878471063149, 0.543362345054, 0.33198699228, 0.312320547486, 0.361791544252, 0.562041462023, 0.354410264079, 0.42967429808, 0.681477479314, 5.87453652328e-05, 4.27356779326e-102, 1.29097821099
0.000462001257187, 0.00173550245503, 0.677988047815, 0.288866063405, 0.319717687703, 0.451087422782, 0.258613757121, 0.528423822074, 0.456351513928, 0.607120194357, 0.404404968497, 0.593232146198, 1.20143723811, 1.65327158431e-276, 0.0
0.00129867676405, 0.000355846528977, 0.584875119617, 0.592901664605, 0.292740356077, 0.30509282695, 0.312320547486, 0.41295486571, 0.256886726652, 0.318995339024, 0.290724049737, 0.593232146198, 1.28393571104, 0.0, 4.51616889375e-289
0.00129867676405, 0.000355846528977, 0.584875119617, 0.592901664605, 0.292740356077, 0.30509282695, 0.312320547486, 0.41295486571, 0.256886726652, 0.318995339024, 0.290724049737, 0.593232146198, 1.28393571104, 0.0, 4.51616889375e-289
0.000462001257187, 0.000355846528977, 0.495699263477, 0.798323463308, 0.251203506509, 0.451087422782, 0.258613757121, 0.849494035579, 0.489297808404, 0.607120194357, 0.382516556262, 0.329429997386, 1.38820667792, 0.0, 0.0
0.000462001257187, 6.10315777848e-05, 0.495699263477, 0.798323463308, 0.251203506509, 0.451087422782, 0.258613757121, 0.849494035579, 0.489297808404, 0.607120194357, 0.382516556262, 0.329429997386, 1.38820667792, 0.0, 0.0
0.999492906304, 0.000657150842984, 0.711361100933, 0.383075673046, 0.643606161224, 0.401762555237, 0.256367502396, 0.528423822074, 0.706536351367, 0.457470006475, 0.285670628116, 0.593232146198, 0.0968469289708, 8.8862647061e-320, 1.24411443716
0.999994504313, 0.000328214675536, 0.281477380059, 0.508172715591, 0.693781083934, 0.707584920971, 0.343305703474, 0.361791544252, 0.705657767308, 0.739759659627, 0.290724049737, 0.667186600351, 0.001159599044, 0.0, 1.34364331037
0.999999710305, 0.0032238018459, 0.0814360338517, 0.482296093022, 0.292740356077, 0.401762555237, 0.668427400029, 0.371483709958, 0.562041462023, 0.688293739038, 0.655353521159, 0.401087745828, 6.12592368215e-05, 6.60884279388e-254, 1.34622262786
0.99999746575, 0.00470012977514, 0.673315625965, 0.528877029246, 0.721666393915, 0.30509282695, 0.708493767799, 0.193168804587, 0.479192528053, 0.626793016808, 0.274380809683, 0.626793320492, 0.000533001688694, 1.36092252206e-236, 1.33910189809
0.0259945681482, 0.00020612152207, 0.677988047815, 0.482296093022, 0.393722884148, 0.275806234879, 0.655758332383, 0.348145983623, 0.537102232105, 0.463043243991, 0.532409110034, 0.733959769235, 1.19940104503, 0.0, 5.79889149739e-159
0.307926340355, 0.000568177153446, 0.281477380059, 0.515691601986, 0.643606161224, 0.401762555237, 0.294631808645, 0.52057282608, 0.513708429385, 0.736716916164, 0.404404968497, 0.510046812829, 1.18633319002, 0.0, 1.30319861407e-51
0.307926340355, 0.000568177153446, 0.281477380059, 0.515691601986, 0.643606161224, 0.401762555237, 0.294631808645, 0.52057282608, 0.513708429385, 0.736716916164, 0.404404968497, 0.510046812829, 1.18633319002, 0.0, 1.30319861407e-51
0.999994504313, 0.000328214675536, 0.281477380059, 0.508172715591, 0.693781083934, 0.707584920971, 0.343305703474, 0.361791544252, 0.537102232105, 0.739759659627, 0.290724049737, 0.232328445746, 0.00116199666728, 0.0, 1.34642146933
0.999999649186, 3.79595876159e-05, 0.318012325501, 0.263977094827, 0.610844804367, 0.283816456346, 0.660451646679, 0.290561712177, 0.537102232105, 0.405190952573, 0.186663767198, 0.941691469821, 8.38195338003e-05, 0.0, 1.52109362606
0.999999662661, 0.00020612152207, 0.318012325501, 0.263977094827, 0.345835461865, 0.283816456346, 0.660451646679, 0.250693582946, 0.537102232105, 0.405190952573, 0.186663767198, 0.941691469821, 8.21774585904e-05, 0.0, 1.55086305353
0.999999649186, 3.79595876159e-05, 0.318012325501, 0.263977094827, 0.610844804367, 0.283816456346, 0.660451646679, 0.290561712177, 0.537102232105, 0.405190952573, 0.186663767198, 0.941691469821, 8.38195338003e-05, 0.0, 1.52109362606
0.99793402255, 0.340184286223, 0.424026120416, 0.476806516097, 0.393722884148, 0.275806234879, 0.377887469881, 0.52057282608, 0.570817626501, 0.457470006475, 0.532409110034, 0.537716571148, 0.316030463715, 7.36671228422e-48, 1.04579118127
0.99793402255, 0.340184286223, 0.424026120416, 0.476806516097, 0.393722884148, 0.275806234879, 0.377887469881, 0.52057282608, 0.570817626501, 0.457470006475, 0.532409110034, 0.537716571148, 0.316030463715, 7.36671228422e-48, 1.04579118127
0.99793402255, 0.226349942045, 0.584875119617, 0.508172715591, 0.483692486542, 0.646506768799, 0.294631808645, 0.52057282608, 0.570817626501, 0.617100984574, 0.532409110034, 0.537716571148, 0.316117700919, 1.49282003521e-65, 1.04607986198
0.99793402255, 0.00381106344326, 0.584875119617, 0.49120706542, 0.474791598189, 0.646506768799, 0.685479744813, 0.52057282608, 0.562041462023, 0.656274760312, 0.532409110034, 0.537716571148, 0.316739597148, 6.33053035934e-243, 1.04813780786
0.500707386915, 0.000173879464747, 0.56190073139, 0.508172715591, 0.643606161224, 0.43182080911, 0.343305703474, 0.361791544252, 0.537102232105, 0.607120194357, 0.404404968497, 0.281427204432, 1.14258809392, 0.0, 1.63083276693e-30
0.99793402255, 0.000566733676235, 0.584875119617, 0.54993493704, 0.483692486542, 0.627698345154, 0.294631808645, 0.52057282608, 0.584465545065, 0.656274760312, 0.532409110034, 0.537716571148, 0.319038718724, 0.0, 1.05574593855
0.99793402255, 0.340184286223, 0.424026120416, 0.476806516097, 0.393722884148, 0.275806234879, 0.377887469881, 0.52057282608, 0.570817626501, 0.457470006475, 0.532409110034, 0.537716571148, 0.316030463715, 7.36671228422e-48, 1.04579118127
0.307926340355, 0.000657150842984, 0.281477380059, 0.515691601986, 0.643606161224, 0.401762555237, 0.468299100576, 0.52057282608, 0.513708429385, 0.739759659627, 0.404404968497, 0.510046812829, 1.14661183901, 1.05207326757e-318, 1.25956432143e-51
0.307926340355, 0.000657150842984, 0.281477380059, 0.515691601986, 0.643606161224, 0.401762555237, 0.468299100576, 0.52057282608, 0.513708429385, 0.739759659627, 0.404404968497, 0.510046812829, 1.14661183901, 1.05207326757e-318, 1.25956432143e-51
0.307926340355, 0.000657150842984, 0.281477380059, 0.515691601986, 0.643606161224, 0.401762555237, 0.468299100576, 0.52057282608, 0.513708429385, 0.739759659627, 0.404404968497, 0.510046812829, 1.14661183901, 1.05207326757e-318, 1.25956432143e-51
0.307926340355, 0.000657150842984, 0.281477380059, 0.515691601986, 0.643606161224, 0.401762555237, 0.468299100576, 0.52057282608, 0.513708429385, 0.739759659627, 0.404404968497, 0.510046812829, 1.14661183901, 1.05207326757e-318, 1.25956432143e-51
0.307926340355, 0.000657150842984, 0.281477380059, 0.515691601986, 0.643606161224, 0.401762555237, 0.468299100576, 0.52057282608, 0.513708429385, 0.739759659627, 0.404404968497, 0.510046812829, 1.14661183901, 1.05207326757e-318, 1.25956432143e-51
0.999999710305, 0.0135504619216, 0.0814360338517, 0.482296093022, 0.375481726844, 0.646506768799, 0.372945446703, 0.371483709958, 0.568269084483, 0.688293739038, 0.655353521159, 0.401087745828, 6.00282696418e-05, 1.47871920767e-191, 1.31917110131
0.99994324099, 0.0211842256119, 0.480538377495, 0.476806516097, 0.543362345054, 0.646506768799, 0.343305703474, 0.361791544252, 0.472909452152, 0.354410264079, 0.583369960292, 0.681477479314, 0.0100439444764, 6.29917221972e-170, 1.12968614424
0.99994324099, 0.340184286223, 0.424026120416, 0.592901664605, 0.593790178145, 0.275806234879, 0.387563381985, 0.52057282608, 0.570817626501, 0.457470006475, 0.532409110034, 0.593232146198, 0.00980712786607, 2.28605459343e-49, 1.1030503495
0.998163629348, 0.00381106344326, 0.677988047815, 0.49120706542, 0.319717687703, 0.646506768799, 0.685479744813, 0.52057282608, 0.562041462023, 0.656274760312, 0.532409110034, 0.296015446529, 0.310611608301, 6.20805303164e-243, 1.15028038345
0.000462001257187, 0.080307292738, 0.495699263477, 0.508172715591, 0.483692486542, 0.646506768799, 0.0528437915807, 0.638592463452, 0.735025937016, 0.656274760312, 0.532409110034, 0.360264285794, 1.34120741559, 6.29671991539e-110, 0.0
0.000462001257187, 0.080307292738, 0.495699263477, 0.508172715591, 0.483692486542, 0.646506768799, 0.0528437915807, 0.638592463452, 0.735025937016, 0.656274760312, 0.532409110034, 0.360264285794, 1.34120741559, 6.29671991539e-110, 0.0
0.00112445852348, 0.0032238018459, 0.0814360338517, 0.508172715591, 0.290826969041, 0.401762555237, 0.668427400029, 0.371483709958, 0.645321187307, 0.457470006475, 0.655353521159, 0.401087745828, 1.33039616375, 1.43527401842e-249, 2.59683848571e-295
0.99994324099, 0.0211842256119, 0.480538377495, 0.476806516097, 0.543362345054, 0.646506768799, 0.343305703474, 0.361791544252, 0.472909452152, 0.354410264079, 0.583369960292, 0.681477479314, 0.0100439444764, 6.29917221972e-170, 1.12968614424
0.999999710305, 0.0032238018459, 0.0814360338517, 0.637436620468, 0.192252804176, 0.401762555237, 0.668427400029, 0.371483709958, 0.562041462023, 0.688293739038, 0.655353521159, 0.149735177883, 6.95969868392e-05, 7.50834598688e-254, 1.52945161212
0.999999649186, 0.0127410676686, 0.584875119617, 0.263977094827, 0.345835461865, 0.12700590568, 0.685479744813, 0.684141655461, 0.537102232105, 0.354410264079, 0.602932722344, 0.667186600351, 7.46797776799e-05, 3.88960161233e-194, 1.35523223137
0.00223520668583, 0.340184286223, 0.424026120416, 0.476806516097, 0.393722884148, 0.275806234879, 0.377887469881, 0.52057282608, 0.570817626501, 0.457470006475, 0.532409110034, 0.537716571148, 1.09249917566, 2.54663015812e-47, 1.46659356814e-265
0.500707386915, 0.0361497464832, 0.56190073139, 0.508172715591, 0.643606161224, 0.646506768799, 0.343305703474, 0.361791544252, 0.537102232105, 0.354410264079, 0.461969392001, 0.501810762536, 1.11366268931, 1.13083474024e-144, 1.58954711213e-30
0.999999710305, 0.106330283334, 0.0814360338517, 0.482296093022, 0.374655258616, 0.402187662696, 0.584445378561, 0.371483709958, 0.537102232105, 0.688293739038, 0.655353521159, 0.401087745828, 5.89367793557e-05, 4.28749265741e-102, 1.29518469538
0.999999710305, 0.106330283334, 0.0814360338517, 0.482296093022, 0.374655258616, 0.402187662696, 0.584445378561, 0.371483709958, 0.537102232105, 0.688293739038, 0.655353521159, 0.401087745828, 5.89367793557e-05, 4.28749265741e-102, 1.29518469538
0.00129867676405, 0.00760925620248, 0.584875119617, 0.476806516097, 0.593790178145, 0.30509282695, 0.312320547486, 0.41295486571, 0.657167989513, 0.588636699492, 0.532409110034, 0.537716571148, 1.13235869112, 2.42283920333e-212, 3.98300557689e-289
0.999999710305, 0.106330283334, 0.0814360338517, 0.482296093022, 0.374655258616, 0.402187662696, 0.584445378561, 0.371483709958, 0.537102232105, 0.688293739038, 0.655353521159, 0.401087745828, 5.89367793557e-05, 4.28749265741e-102, 1.29518469538
0.00223520668583, 0.226349942045, 0.584875119617, 0.508172715591, 0.483692486542, 0.646506768799, 0.294631808645, 0.52057282608, 0.570817626501, 0.354410264079, 0.532409110034, 0.537716571148, 1.10028448028, 5.1959340202e-65, 1.47704472266e-265
0.99994324099, 0.340184286223, 0.424026120416, 0.592901664605, 0.338378005586, 0.275806234879, 0.387563381985, 0.52057282608, 0.570817626501, 0.457470006475, 0.532409110034, 0.593232146198, 0.00996115753212, 2.32195911414e-49, 1.12037473634
0.500707386915, 0.000173879464747, 0.56190073139, 0.508172715591, 0.643606161224, 0.646506768799, 0.343305703474, 0.361791544252, 0.537102232105, 0.354410264079, 0.404404968497, 0.281427204432, 1.16912556032, 0.0, 1.66871008246e-30
0.500707386915, 0.000173879464747, 0.56190073139, 0.508172715591, 0.643606161224, 0.646506768799, 0.343305703474, 0.361791544252, 0.537102232105, 0.354410264079, 0.404404968497, 0.281427204432, 1.16912556032, 0.0, 1.66871008246e-30
0.796515885624, 0.000568177153446, 0.584875119617, 0.508172715591, 0.483692486542, 0.646506768799, 0.294631808645, 0.52057282608, 0.562041462023, 0.656274760312, 0.71903208911, 0.537716571148, 1.14926862222, 0.0, 2.37676148414e-10
0.500707386915, 0.000173879464747, 0.56190073139, 0.508172715591, 0.643606161224, 0.646506768799, 0.343305703474, 0.361791544252, 0.537102232105, 0.354410264079, 0.404404968497, 0.281427204432, 1.16912556032, 0.0, 1.66871008246e-30
