0.0019707009174, 0.139355548657, 0.000522172687877, 2.74830255496e-05, 0.505430002833, 0.297190895856, 0.892785345558, 0.708333887077, 0.779072612017, 2.72291284623e-10, 9.90734447136e-06, 0.0189639242068, 0.117180286232, 68.9530297622
0.996230529024, 0.99999650546, 0.00024623277256, 0.0802673922697, 0.270087626749, 0.0202777296809, 0.504544150545, 0.717115019052, 0.0515427781373, 0.00503376941339, 0.0576787377586, 254.625185127, 0.000890020147311, 0.963674536213
0.823810465178, 0.999926045366, 0.999923808107, 0.999925668661, 0.505430002833, 0.478025416811, 0.103455354718, 0.0511172949685, 0.923634570416, 179.251208524, 0.0133249728169, 0.0136595449464, 0.0132594337195, 38.3453220666
0.999997101665, 0.99999650546, 0.958209853592, 0.0169625183856, 0.505430002833, 0.297190895856, 0.294035770081, 0.147587279001, 0.626478737414, 2.8099592922, 162.847004392, 7.22475221882, 0.000604144176792, 0.000501072309277
0.0019707009174, 0.00429646174491, 0.999985498958, 0.999986440728, 0.505430002833, 0.364803309006, 0.504544150545, 0.717677284844, 0.626478737414, 0.00145472810289, 1.97253221836e-08, 2.10956648325e-08, 0.337142199989, 171.476905791
0.0019707009174, 0.999926045366, 0.999923808107, 0.673014151843, 0.505430002833, 0.297190895856, 0.103455354718, 0.0511172949685, 0.547128003182, 0.297716736851, 0.144646527035, 3.37070627851e-05, 3.27197257764e-05, 224.061292192
0.999997101665, 0.999926045366, 0.336852217812, 2.74830255496e-05, 0.00758924721097, 0.89568667905, 0.999179469505, 0.412201258323, 0.50488249709, 0.000528466162684, 19.2282919463, 37.8550264369, 0.00422192722335, 0.00016546082009
0.0019707009174, 0.00429646174491, 0.00024623277256, 0.999968447245, 0.205669726115, 0.364803309006, 0.504544150545, 0.717677284844, 0.814078755773, 3.00661570029e-07, 9.48700012171e-12, 0.00122078397134, 0.282985947771, 143.932010611
0.999735000593, 0.000165714324893, 0.00338668601475, 0.366819780651, 0.0872188951022, 0.753629463773, 0.294035770081, 0.886225629208, 0.50488249709, 3.27627110992e-05, 5.65528406441e-05, 0.0262832360679, 159.118297872, 0.0421844221062
0.000854760496302, 0.99999650546, 0.996955817483, 0.0909047591575, 0.424965112917, 0.488353879312, 0.294035770081, 0.277420745391, 0.383422928409, 0.0107991457714, 0.107997118269, 0.000362741762208, 4.16407363221e-07, 139.287636664
0.999959433497, 0.89181987063, 0.989623059823, 0.999998469083, 0.505430002833, 0.0135664158679, 0.334390380484, 0.717677284844, 0.50488249709, 127.082650923, 0.00019455325643, 1.33255896971, 15.5771311267, 0.00584151064598
0.823810465178, 0.999926045366, 0.999923808107, 0.999925668661, 0.505430002833, 0.478025416811, 0.103455354718, 0.0511172949685, 0.923634570416, 179.251208524, 0.0133249728169, 0.0136595449464, 0.0132594337195, 38.3453220666
0.999959433497, 0.880846700152, 0.996955817483, 0.00366013235768, 0.505430002833, 0.0103813199056, 0.334390380484, 0.708333887077, 0.383422928409, 0.447175105877, 121.727397335, 0.373057352115, 16.5771802016, 0.00564403602916
0.963498621228, 0.999967846497, 0.000287856991072, 0.936285744957, 0.610313982627, 0.0565014177085, 0.890711440732, 0.708333887077, 0.929741045201, 0.0559988218202, 0.00381072042887, 207.715384752, 0.00668091519713, 7.87165104545
0.999530474444, 0.99997495173, 0.999975979801, 0.00270503918161, 0.0908942332086, 0.753080702875, 0.997991369806, 0.794397392371, 0.0940357575566, 0.40826807983, 150.520444009, 0.00362542478656, 0.00378068857806, 0.0709016549992
0.0225352694305, 4.24476738697e-05, 0.997650919908, 0.999925668661, 0.205669726115, 0.963638203454, 0.121168548853, 0.706181586533, 0.477920588805, 0.000184611852292, 1.37234662669e-08, 4.34721460073e-07, 4.35954258429, 189.102687261
0.999955993116, 0.999986873762, 0.999077167975, 0.0822401940539, 0.00758924721097, 0.467248635198, 0.504544150545, 0.794397392371, 0.30282464554, 8.52891839956, 95.1785022562, 0.0957929297475, 0.0013625635754, 0.00456831697047
0.996230529024, 0.999926045366, 0.990533448764, 0.999970008943, 0.702091297584, 0.988338870376, 0.504544150545, 0.794397392371, 0.385411276715, 56.621299379, 0.00169818354166, 0.541147306255, 0.00422786607318, 0.216309895652
0.999953144755, 0.999986873762, 0.927288941646, 0.844976873182, 0.00758924721097, 0.234658583125, 0.504544150545, 0.708333887077, 0.30282464554, 89.2086322422, 16.3666030968, 8.27841975966, 0.00149448979472, 0.00533496091855
0.999986023441, 0.00296652851093, 0.00024623277256, 0.990234204168, 0.302393411502, 0.89568667905, 0.999443379786, 0.486029288623, 0.760848494094, 9.79872081051e-05, 9.66360346301e-07, 0.401771063255, 135.066242069, 0.00189340458633
0.823810465178, 0.00429646174491, 0.00024623277256, 0.999968447245, 0.0224986934918, 0.89568667905, 0.504544150545, 0.717677284844, 0.280000235104, 0.000115813537004, 3.65435143424e-09, 0.470240708268, 109.004963723, 23.4136449636
0.999997101665, 0.99999650546, 0.336852217812, 0.786257909803, 0.813417283336, 0.873153086605, 0.405611175274, 0.486029288623, 0.50488249709, 28.8229516433, 7.83544159374, 72.1679445414, 0.000380299315674, 0.00031541718623
0.999735000593, 0.0277579563511, 0.992431613037, 0.999951155547, 0.0872188951022, 0.0202777296809, 0.406613093772, 0.794397392371, 0.0940357575566, 2.6157434219, 0.000127770798806, 0.0199489064745, 92.3214622683, 0.0251702936126
0.999530474444, 0.880846700152, 0.00024623277256, 0.000590702220536, 0.205669726115, 0.0129944734252, 0.97500515356, 0.794397392371, 0.66142501744, 2.4743373734e-05, 0.0418633228528, 170.073835325, 23.0117792284, 0.0907208938766
0.0019707009174, 0.999926045366, 0.999923808107, 0.673014151843, 0.505430002833, 0.297190895856, 0.103455354718, 0.0511172949685, 0.547128003182, 0.297716736851, 0.144646527035, 3.37070627851e-05, 3.27197257764e-05, 224.061292192
0.999735000593, 0.000165714324893, 0.00338668601475, 0.366819780651, 0.0872188951022, 0.753629463773, 0.294035770081, 0.886225629208, 0.50488249709, 3.27627110992e-05, 5.65528406441e-05, 0.0262832360679, 159.118297872, 0.0421844221062
0.999955993116, 0.999986873762, 0.135379794904, 0.936285744957, 0.00758924721097, 0.255474298528, 0.99974475461, 0.708333887077, 0.30282464554, 18.0430300879, 1.22782839209, 123.075778207, 0.00186850036266, 0.00626458982919
0.737302983177, 0.021735403285, 0.000522172687877, 0.771686679879, 0.505430002833, 0.616442489594, 0.294035770081, 0.0779274653484, 0.50488249709, 0.000556271747837, 0.000164580072392, 1.37976464075, 62.132736437, 22.6294132947
0.999853330347, 0.573181952686, 0.966222735915, 0.045947342988, 0.188080083559, 0.0135664158679, 0.405611175274, 0.486029288623, 0.50488249709, 1.82147650028, 37.8212184158, 1.38583136729, 30.5517565415, 0.0105001953138
0.999955993116, 0.999986873762, 0.999077167975, 0.936285744957, 0.00758924721097, 0.467248635198, 0.999179469505, 0.794397392371, 0.30282464554, 106.921344476, 7.27599864488, 0.105482307802, 0.00150038578879, 0.00503039856999
0.999953032448, 0.880846700152, 0.0807222375067, 0.999925668661, 0.790856629207, 0.89568667905, 0.504544150545, 0.486029288623, 0.186959729788, 4.49802635949, 0.000334369176441, 51.2280520618, 7.53818567012, 0.00297152290999
0.99940473929, 0.999967846497, 0.000287856991072, 0.820037993653, 0.702091297584, 0.217118826053, 0.996596284552, 0.0779274653484, 0.923634570416, 0.0356535451317, 0.00782437346189, 150.996517433, 0.00485662113684, 0.0899646182043
0.657553491241, 0.0988040238361, 0.000522172687877, 2.74830255496e-05, 0.505430002833, 0.297190895856, 0.892785345558, 0.708333887077, 0.779072612017, 6.44161072577e-08, 0.00234378623241, 4.48630655742, 40.9411836594, 23.6593498128
0.996230529024, 0.99999650546, 0.736989690002, 0.0802673922697, 0.0872188951022, 0.0202777296809, 0.298389337109, 0.794397392371, 0.0940357575566, 5.45602334535, 62.5170749586, 24.2576333142, 0.000322305104027, 0.348977742336
0.0019707009174, 0.999926045366, 0.958209853592, 0.0188673860504, 0.112259469263, 0.0115563423838, 0.393468696003, 0.708333887077, 0.471443019585, 0.00432434084009, 0.224872264802, 0.00999588938689, 1.76907016979e-05, 121.144092383
0.999853330347, 0.573181952686, 0.980662098952, 0.00170207208244, 0.521687010807, 0.0135664158679, 0.405611175274, 0.486029288623, 0.50488249709, 0.0889980708382, 52.1990758343, 1.03108053249, 39.7039321892, 0.0136456652548
0.996230529024, 0.00046031124367, 0.999923808107, 0.366819780651, 0.505430002833, 0.478025416811, 0.294035770081, 0.632362370346, 0.50488249709, 0.0210380395388, 0.0363144824584, 4.37013020219e-06, 124.547229497, 0.471470566505
0.996230529024, 0.99999650546, 0.990533448764, 0.0802673922697, 0.505430002833, 0.488353879312, 0.294035770081, 0.632362370346, 0.50488249709, 7.70735347327, 88.3136241034, 0.91767471869, 0.000338757178482, 0.366791322475
0.999902639361, 8.59746433995e-05, 0.958209853592, 0.000808330831596, 0.0908942332086, 0.005155210718, 0.294035770081, 0.708333887077, 0.599987094995, 3.10521930541e-06, 0.00383841508901, 0.000167539183104, 46.6267105677, 0.00454043870016
0.999986023441, 0.00296652851093, 0.00338668601475, 0.990234204168, 0.302393411502, 0.89568667905, 0.999443379786, 0.486029288623, 0.912683586646, 0.000664663940397, 6.55498700327e-06, 0.197522213968, 66.6116929933, 0.000933785401036
0.0019707009174, 0.999991545889, 0.238143727554, 0.0959396904304, 0.626776007352, 0.282962960559, 0.290046978048, 0.794397392371, 0.30282464554, 0.00481933367172, 0.0454136163212, 0.160702481768, 1.78328657455e-06, 106.825708064
0.999811298551, 0.0135117276945, 0.00024623277256, 0.999951155547, 0.0872188951022, 0.0146390197955, 0.406613093772, 0.794397392371, 0.0940357575566, 0.000264682813472, 1.2928918878e-08, 1.07471707715, 78.4841832131, 0.0150157631849
0.999953144755, 0.999986873762, 0.916978353305, 0.936285744957, 0.00758924721097, 0.234658583125, 0.999179469505, 0.708333887077, 0.30282464554, 106.763939303, 7.26528722111, 10.3240105104, 0.00163231161554, 0.00582695091429
0.999530474444, 0.880846700152, 0.000115128357494, 0.999951155547, 0.0872188951022, 0.0146390197955, 0.334390380484, 0.729061372928, 0.0940357575566, 0.0214796157078, 1.04921133856e-06, 186.558658119, 25.2389425065, 0.0995011903235
0.999838968213, 0.999986873762, 0.736989690002, 0.999925668661, 0.0872188951022, 0.468910392019, 0.999179469505, 0.794397392371, 0.0940357575566, 91.8395275968, 0.00682706252765, 32.7773082023, 0.00163586133591, 0.0200718667971
0.999953144755, 0.999986873762, 0.999166342983, 0.36166826004, 0.00758924721097, 0.234658583125, 0.996596284552, 0.708333887077, 0.30282464554, 45.2782430727, 79.9145041916, 0.104454891756, 0.00164470248906, 0.0058711832846
0.0019707009174, 0.573181952686, 0.000522172687877, 0.0909047591575, 0.790856629207, 0.89568667905, 0.699945676008, 0.632362370346, 0.50488249709, 5.3583111641e-06, 5.35859202904e-05, 0.112823695598, 0.0840576847929, 99.7372114705
0.999953144755, 0.999986873762, 0.747647642922, 0.36166826004, 0.00758924721097, 0.216444581282, 0.999179469505, 0.708333887077, 0.30282464554, 19.1280550081, 33.7603433434, 17.8513396149, 0.00092855882739, 0.00331472658574
0.0019707009174, 0.00429646174491, 0.999931566822, 0.000183473408808, 0.505430002833, 0.0948886814213, 0.555553437924, 0.412201258323, 0.0781291264074, 2.71515235877e-07, 0.00147958999516, 1.0127855642e-07, 0.342980869594, 174.446563691
0.59147604879, 0.999958612348, 0.966222735915, 0.778869413823, 0.505430002833, 0.600138413162, 0.999801025929, 0.68935337317, 0.50488249709, 13.925161973, 3.9535243971, 0.625004037439, 0.000765856004812, 12.7807602746
0.999997101665, 0.99999650546, 0.958209853592, 0.0169625183856, 0.505430002833, 0.297190895856, 0.294035770081, 0.147587279001, 0.626478737414, 2.8099592922, 162.847004392, 7.22475221882, 0.000604144176792, 0.000501072309277
0.999530474444, 0.880846700152, 0.000115128357494, 0.999951155547, 0.0872188951022, 0.0146390197955, 0.334390380484, 0.729061372928, 0.0940357575566, 0.0214796157078, 1.04921133856e-06, 186.558658119, 25.2389425065, 0.0995011903235
0.999735000593, 0.999946458909, 0.998869824695, 0.36166826004, 0.0872188951022, 0.807259721413, 0.294035770081, 0.589243994809, 0.0940357575566, 22.6857519377, 40.0395531117, 0.0709708001897, 0.00336236115083, 0.0166462781276
0.999997101665, 0.999926045366, 0.958209853592, 0.663425271611, 0.505430002833, 0.588399764057, 0.294035770081, 0.503746966294, 0.626478737414, 50.14484443, 25.439922349, 3.29645792939, 0.00583406354666, 0.000228641776094
0.999735000593, 0.573181952686, 0.816894755793, 0.00170207208244, 0.188080083559, 0.000406776301194, 0.290046978048, 0.486029288623, 0.50488249709, 0.0504424944359, 29.5854906464, 6.64283218441, 27.0148627369, 0.0167772198446
0.999735000593, 0.967062331382, 0.736989690002, 0.999925668661, 0.0872188951022, 0.000406776301194, 0.294035770081, 0.794397392371, 0.0940357575566, 43.8106223037, 0.00325674429812, 15.6359065357, 2.02483053414, 0.016295054985
0.999530474444, 0.0277579563511, 0.00024623277256, 0.999951155547, 0.0872188951022, 0.0146390197955, 0.406613093772, 0.794397392371, 0.0940357575566, 0.000543601124151, 2.65531968017e-08, 2.20723591237, 77.3290390976, 0.037362111481
0.0225352694305, 0.00046031124367, 0.997650919908, 0.999925668661, 0.205669726115, 0.941493471495, 0.121168548853, 0.706181586533, 0.50488249709, 0.001698985552, 1.26297258932e-07, 4.00074789694e-06, 3.69821215251, 160.48340087
0.99940473929, 0.999967846497, 0.000287856991072, 0.820037993653, 0.702091297584, 0.217118826053, 0.996596284552, 0.0779274653484, 0.923634570416, 0.0356535451317, 0.00782437346189, 150.996517433, 0.00485662113684, 0.0899646182043
0.999735000593, 0.880846700152, 0.684593523866, 0.000925361032214, 0.205669726115, 0.00465326680293, 0.290046978048, 0.620473223184, 0.494900919013, 0.0408740025164, 44.12999671, 20.3504389006, 8.72788301254, 0.0194161378602
0.737302983177, 0.999926045366, 0.958209853592, 0.0188673860504, 0.5081009144, 0.297190895856, 0.294035770081, 0.714479904924, 0.383422928409, 0.830467510988, 43.1855667593, 1.91965936225, 0.00339740865717, 16.3678466621
0.0225352694305, 0.021735403285, 0.00024623277256, 0.999925668661, 0.505430002833, 0.616442489594, 0.999179469505, 0.703918532876, 0.707727821149, 6.33181808559e-06, 4.70687503683e-10, 0.0257103450944, 1.15745333543, 51.3198637964
0.865955292005, 0.999958612348, 0.989623059823, 0.00182903321702, 0.0872188951022, 0.89568667905, 0.294035770081, 0.717677284844, 0.0940357575566, 0.127608197299, 69.6405054221, 0.731571009876, 0.00291793721261, 10.9133818584
0.999530474444, 0.999926045366, 0.958209853592, 0.0188673860504, 0.5081009144, 0.297190895856, 0.294035770081, 0.714479904924, 0.383422928409, 1.12582968496, 58.5448465787, 2.60240101682, 0.00460572324331, 0.0292546995847
0.996230529024, 0.000155253685462, 0.999923808107, 0.366819780651, 0.505430002833, 0.478025416811, 0.294035770081, 0.632362370346, 0.50488249709, 0.00709570582559, 0.01224814148, 1.47395665252e-06, 124.585241067, 0.471470566505
0.00124638195079, 0.851539890371, 0.696644425709, 0.999998469083, 0.203452485328, 0.090731816254, 0.504544150545, 0.717677284844, 0.0940357575566, 0.0492334917295, 7.53724924038e-08, 0.0214388811156, 0.0123212541523, 66.5047022423
0.99982711999, 0.573181952686, 0.000522172687877, 0.0909047591575, 0.790856629207, 0.0113560104185, 0.699945676008, 0.794397392371, 0.50488249709, 0.00132278921915, 0.0132285855538, 27.8524265634, 20.7510530511, 0.00840653899835
0.999953144755, 0.999986873762, 0.684593523866, 0.990263942018, 0.00758924721097, 0.807259721413, 0.290046978048, 0.708333887077, 0.30282464554, 34.7751018791, 0.341901177901, 16.1791337494, 0.000673334140212, 0.0024036372385
0.999530474444, 0.880846700152, 0.00338668601475, 0.000590702220536, 0.205669726115, 0.0129944734252, 0.97500515356, 0.794397392371, 0.912683586646, 0.00022514091388, 0.380915992558, 112.159889187, 15.2235742368, 0.0600169265073
0.987915997753, 0.928872817374, 0.00024623277256, 0.119464977895, 0.102089873345, 0.890781414218, 0.103455354718, 0.0779274653484, 0.50488249709, 0.00231530433675, 0.0170653072663, 78.689117049, 6.02699700388, 1.03646859681
0.999953144755, 0.999986873762, 0.684593523866, 0.36166826004, 0.00758924721097, 0.216444581282, 0.999179469505, 0.708333887077, 0.30282464554, 17.5148583784, 30.9131081134, 22.3117714746, 0.00092855882739, 0.00331472658574
0.996230529024, 0.880846700152, 0.000522172687877, 0.0188673860504, 0.505430002833, 0.297190895856, 0.334390380484, 0.708333887077, 0.383422928409, 0.00103496627791, 0.0538198119699, 104.996174357, 14.2103918556, 0.45125345179
0.920223636162, 0.880846700152, 0.990533448764, 0.000590702220536, 0.205669726115, 0.89568667905, 0.394457595235, 0.805788720597, 0.50488249709, 0.014922746922, 25.2478008442, 0.24143643764, 3.44998150841, 2.51010302182
0.999997101665, 0.999926045366, 0.958209853592, 0.00366013235768, 0.505430002833, 0.297190895856, 0.294035770081, 0.412201258323, 0.626478737414, 0.286230946104, 77.91611753, 3.41061780987, 0.00603610343658, 0.000236559886499
0.000853412760847, 0.438492683887, 0.958209853592, 0.00366013235768, 0.626776007352, 0.89568667905, 0.290046978048, 0.794397392371, 0.50488249709, 0.000115398413018, 0.0314130824563, 0.00137504308331, 0.0421342706599, 87.8516936244
0.999530474444, 0.880846700152, 0.00338668601475, 0.000925361032214, 0.205669726115, 0.0129944734252, 0.97500515356, 0.794397392371, 0.494900919013, 0.000294682069897, 0.318156235614, 93.7117946666, 12.7195958672, 0.0501453232001
0.897189834402, 0.62883561097, 0.00801591467902, 0.00366013235768, 0.0908942332086, 0.0113560104185, 0.294035770081, 0.794397392371, 0.0940357575566, 0.00108697798444, 0.295890802658, 36.7515428854, 21.8675458221, 6.75126970876
0.0225352694305, 0.000155253685462, 0.997650919908, 0.999925668661, 0.205669726115, 0.941493471495, 0.121168548853, 0.706181586533, 0.50488249709, 0.000573033511828, 4.25975145785e-08, 1.34937146147e-06, 3.69934083963, 160.48340087
0.996230529024, 0.999926045366, 0.736989690002, 0.999925668661, 0.0966891206454, 0.988338870376, 0.504544150545, 0.794397392371, 0.30282464554, 34.2238716355, 0.00254409531176, 12.2144181032, 0.00343476887877, 0.175732741978
0.999530474444, 0.99997495173, 0.990533448764, 0.00366013235768, 0.0908942332086, 0.0113560104185, 0.997991369806, 0.794397392371, 0.0940357575566, 0.264072054761, 71.8841534616, 0.689522271337, 0.00182450524287, 0.0342161060356
0.996230529024, 0.99999650546, 0.0807222375067, 0.0802673922697, 0.0872188951022, 0.0202777296809, 0.504544150545, 0.794397392371, 0.0940357575566, 0.595899209676, 6.82802715477, 84.5448618375, 0.000321389729091, 0.347986614754
0.999735000593, 0.999986873762, 0.157481561332, 0.990263942018, 0.00758924721097, 0.807259721413, 0.290046978048, 0.708333887077, 0.30282464554, 7.99780079669, 0.0786326240686, 43.2085129085, 0.000673187249418, 0.0135942612209
0.996230529024, 0.999926045366, 0.990533448764, 0.496388687302, 0.702091297584, 0.701147460866, 0.504544150545, 0.794397392371, 0.904395025176, 12.0598321129, 12.2353068002, 0.232189208341, 0.00181404372738, 0.0928117406245
0.999853330347, 0.573181952686, 0.966222735915, 0.00170207208244, 0.521687010807, 0.0135664158679, 0.405611175274, 0.486029288623, 0.50488249709, 0.087687654686, 51.4304916227, 1.80097516022, 39.7039321892, 0.0136456652548
0.0019707009174, 0.0212710586285, 0.958209853592, 0.000808330831596, 0.0908942332086, 0.005155210718, 0.294035770081, 0.708333887077, 0.50488249709, 1.57376996017e-06, 0.00194536416517, 8.49112760121e-05, 0.0934899227245, 48.3754415752
0.996230529024, 0.999949680573, 0.131776892484, 0.999970008943, 0.505430002833, 0.988338870376, 0.504544150545, 0.794397392371, 0.385411276715, 7.5867291146, 0.00022754084874, 49.9873001997, 0.00289724937998, 0.217856615476
0.00786818671401, 0.999994039005, 0.00801591467902, 0.990263942018, 0.205669726115, 0.952658112531, 0.393468696003, 0.706181586533, 0.50488249709, 0.00814581091161, 8.00878270702e-05, 1.01796999631, 6.11718490379e-06, 129.398004928
0.0019707009174, 0.999926045366, 0.238143727554, 0.00366013235768, 0.626776007352, 0.89568667905, 0.290046978048, 0.794397392371, 0.50488249709, 0.000151023825278, 0.04111082425, 0.132002627538, 1.28146585559e-05, 87.7534541287
0.0019707009174, 0.999926045366, 0.990533448764, 0.999925668661, 0.626776007352, 0.89568667905, 0.504544150545, 0.794397392371, 0.50488249709, 0.152793918814, 1.13582208542e-05, 0.00146036359092, 1.14095027531e-05, 78.1310927723
0.999924282271, 0.880846700152, 0.0807222375067, 0.179792139166, 0.505430002833, 0.000104754362375, 0.290046978048, 0.486029288623, 0.494900919013, 0.615616213689, 2.80842788826, 38.9935623435, 5.73788580776, 0.00364650060633
0.0019707009174, 0.999926045366, 0.990533448764, 0.999968447245, 0.626776007352, 0.89568667905, 0.504544150545, 0.794397392371, 0.50488249709, 0.152800455607, 4.8214274302e-06, 0.00146036359092, 1.14095027531e-05, 78.1310927723
0.999953144755, 0.999991545889, 0.684593523866, 0.990263942018, 0.00758924721097, 0.282962960559, 0.999179469505, 0.708333887077, 0.30282464554, 47.9236086034, 0.471174413456, 22.2964831575, 0.000597636844858, 0.00331243981546
