0.459108217551, 0.640367697503, 0.496446475648, 0.305359987468, 0.103766478966, 0.806922541135, 0.842614465253, 36.9366671716, 20.7437363147, 67.9553426869
0.678636687533, 0.648025855389, 0.608566712309, 0.674087259607, 0.410073911364, 0.390789241936, 0.279542209078, 52.6508880722, 28.5972405856, 38.4744418286
0.995739837395, 0.38989218415, 0.619474337277, 0.49131842203, 0.117738183606, 0.175583278753, 0.265779864399, 81.6382848168, 127.748535785, 0.895838319977
0.745399585245, 0.262565938777, 0.595213587375, 0.694730316288, 0.789668512806, 0.273778705254, 0.679399500583, 22.8067600195, 64.0543161952, 29.6684710699
0.967605839691, 0.640367697503, 0.496446475648, 0.305359987468, 0.103766478966, 0.806922541135, 0.842614465253, 77.8468637407, 43.7190179304, 4.06986450205
0.967605839691, 0.640367697503, 0.496446475648, 0.305359987468, 0.103766478966, 0.806922541135, 0.842614465253, 77.8468637407, 43.7190179304, 4.06986450205
0.84352006906, 0.98689514912, 0.316950389316, 0.385126119984, 0.293034601042, 0.693976244591, 0.220078036041, 83.1439301754, 1.10405731298, 15.628696634
0.84352006906, 0.98689514912, 0.316950389316, 0.385126119984, 0.293034601042, 0.693976244591, 0.220078036041, 83.1439301754, 1.10405731298, 15.628696634
0.94093304301, 0.0384761019496, 0.283348928374, 0.857488906067, 0.791169388455, 0.218705429857, 0.601712197546, 6.37178886986, 159.232015752, 10.3957586331
0.832245578372, 0.337607210973, 0.203402133916, 0.0314417895918, 0.100652662656, 0.390863033482, 0.502693664121, 29.2338263367, 57.3574116064, 17.4540585336
0.779965144067, 0.0637032220685, 0.792990038098, 0.366802640758, 0.410764209505, 0.696577690034, 0.0726703719741, 8.24751361041, 121.220248657, 36.5239660196
0.911393202033, 0.322494718496, 0.601353322918, 0.522728546662, 0.0136382276292, 0.206730801575, 0.00724085281477, 29.1359626847, 61.2095872226, 8.78350844615
0.911393202033, 0.322494718496, 0.601353322918, 0.522728546662, 0.0136382276292, 0.206730801575, 0.00724085281477, 29.1359626847, 61.2095872226, 8.78350844615
0.982999681947, 0.186143239469, 0.785368134515, 0.586074885558, 0.752511535922, 0.470684989825, 0.505170984455, 38.6434088397, 168.95697971, 3.59030902874
0.779965144067, 0.0485373984874, 0.981822193304, 0.116947872657, 0.784423530693, 0.618606633331, 0.177582539603, 6.77059365975, 132.721712701, 39.3519758764
0.409596720609, 0.000959842330352, 0.700089381651, 0.221157745157, 0.807811212819, 0.296215572815, 0.261272430238, 0.058729693466, 61.1280836079, 88.1962511198
0.671858456998, 0.000959842330352, 0.700089381651, 0.221157745157, 0.807811212819, 0.296215572815, 0.261272430238, 0.0963338797572, 100.267941284, 49.0187892576
0.885671727824, 0.262565938777, 0.595213587375, 0.694730316288, 0.789668512806, 0.273778705254, 0.679399500583, 27.0986232786, 76.1083022075, 13.3226217985
0.199839761569, 0.531004463216, 0.500590176971, 0.472247121518, 0.5878123045, 0.110011781374, 0.304523067011, 10.0399519841, 8.86751994804, 75.7056910523
0.199839761569, 0.531004463216, 0.500590176971, 0.472247121518, 0.5878123045, 0.110011781374, 0.304523067011, 10.0399519841, 8.86751994804, 75.7056910523
0.199839761569, 0.531004463216, 0.500590176971, 0.472247121518, 0.5878123045, 0.110011781374, 0.304523067011, 10.0399519841, 8.86751994804, 75.7056910523
0.199839761569, 0.531004463216, 0.500590176971, 0.472247121518, 0.5878123045, 0.110011781374, 0.304523067011, 10.0399519841, 8.86751994804, 75.7056910523
0.000603029620247, 0.758695952587, 0.508669535006, 0.101338332437, 0.196941565288, 0.0268320574263, 0.516086936772, 0.0511347040083, 0.0162634465077, 111.698505634
0.970071808326, 0.0724579645237, 0.705210743787, 0.0832833323671, 0.527566152796, 0.781920522187, 0.809975894062, 10.1473569153, 129.897384639, 4.32059341604
0.000183116394362, 0.672777971728, 0.293518755844, 0.721517645179, 0.839202428395, 0.228072844666, 0.703453282856, 0.0258140017402, 0.0125552713706, 209.496518329
0.000183116394362, 0.672777971728, 0.293518755844, 0.721517645179, 0.839202428395, 0.228072844666, 0.703453282856, 0.0258140017402, 0.0125552713706, 209.496518329
0.000183116394362, 0.672777971728, 0.293518755844, 0.721517645179, 0.839202428395, 0.228072844666, 0.703453282856, 0.0258140017402, 0.0125552713706, 209.496518329
0.000183116394362, 0.672777971728, 0.293518755844, 0.721517645179, 0.839202428395, 0.228072844666, 0.703453282856, 0.0258140017402, 0.0125552713706, 209.496518329
0.582251532443, 0.781383002999, 0.608566712309, 0.116947872657, 0.410073911364, 0.390789241936, 0.279542209078, 44.7894765296, 12.5312949201, 41.1259792341
0.832245578372, 0.396663501842, 0.203402133916, 0.0314417895918, 0.0911393696832, 0.390863033482, 0.502693664121, 36.9532381476, 56.2069290371, 18.7781471852
0.967605839691, 0.937250017897, 0.496446475648, 0.305359987468, 0.103766478966, 0.806922541135, 0.842614465253, 113.937624772, 7.62825689916, 4.06986450205
0.536777301403, 0.83671436334, 0.0788276799331, 0.614852920703, 0.301174543793, 0.498392470588, 0.322409417944, 51.2903436174, 10.0093613532, 52.8998053485
0.988234778867, 0.102168600926, 0.785368134515, 0.586074885558, 0.752511535922, 0.886588150314, 0.866441911272, 25.409509487, 223.292237005, 2.96086629024
0.931191477259, 0.688580442993, 0.0263465028822, 0.330776987697, 0.293034601042, 0.495957811906, 0.909296583706, 102.754061998, 46.4718752817, 11.026750727
0.945083834534, 0.641082298472, 0.996610285416, 0.413927503796, 0.495932346738, 0.476595712887, 0.861521369638, 104.773368248, 58.6586411798, 9.49657474204
0.84352006906, 0.98689514912, 0.316950389316, 0.0168789413112, 0.293034601042, 0.693976244591, 0.220078036041, 96.7123934093, 1.28423115162, 18.1791822224
0.896116758463, 0.0367113365154, 0.537852358202, 0.679510357884, 0.875668197681, 0.605860349078, 0.663192894174, 8.82695146578, 231.615165429, 27.8734955787
0.982999681947, 0.186143239469, 0.785368134515, 0.586074885558, 0.752511535922, 0.973323300942, 0.505170984455, 39.1971038555, 171.377848892, 3.641752115
0.779965144067, 0.0485373984874, 0.981822193304, 0.674087259607, 0.784423530693, 0.618606633331, 0.177582539603, 7.57604256121, 148.510661657, 44.0333978215
0.846445757724, 0.0367113365154, 0.10401791124, 0.756529109424, 0.875668197681, 0.554323216382, 0.514325472814, 8.74029385061, 229.341309279, 43.1905291447
0.380683781747, 0.0198493894945, 0.303057502851, 0.226798026213, 0.495932346738, 0.685947391227, 0.861521369638, 1.34755142166, 66.5412580571, 110.44505378
0.671858456998, 0.000959842330352, 0.700089381651, 0.221157745157, 0.807811212819, 0.296215572815, 0.240151538313, 0.0984496362502, 102.470100569, 50.0953764553
0.81465355678, 0.262565938777, 0.595213587375, 0.694730316288, 0.789668512806, 0.0370842471032, 0.679399500583, 33.2127360715, 93.2801983364, 28.7791237021
0.211692844598, 0.62506769845, 0.493662390046, 0.699098604685, 0.494925022368, 0.734743184549, 0.0151437109524, 16.3044234066, 9.77982866246, 97.1331959209
0.000603029620247, 0.758695952587, 0.106336115749, 0.11469896406, 0.196941565288, 0.0268320574263, 0.516086936772, 0.0619179568416, 0.0196930714372, 135.25341322
0.00114394689694, 0.758695952587, 0.303057502851, 0.614852920703, 0.196941565288, 0.0268320574263, 0.516086936772, 0.104287226188, 0.0331686622115, 120.021870359
0.94093304301, 0.175552414303, 0.88171680738, 0.857488906067, 0.791169388455, 0.218705429857, 0.601712197546, 30.6414339186, 143.901502675, 10.9569115522
0.970071808326, 0.0899440908573, 0.705210743787, 0.0832833323671, 0.527566152796, 0.00769829130432, 0.232750136226, 16.7495653762, 169.47240003, 5.74523105064
0.911393202033, 0.0790627998248, 0.601353322918, 0.522728546662, 0.0136382276292, 0.470684989825, 0.717577882073, 11.9987196386, 139.763166674, 14.7544822252
0.93426146451, 0.0384761019496, 0.283348928374, 0.0417615402111, 0.239952824352, 0.287673947439, 0.364550866982, 11.6269238685, 290.558673927, 21.2630397376
0.582251532443, 0.781383002999, 0.608566712309, 0.674087259607, 0.410073911364, 0.390789241936, 0.279542209078, 54.4691543766, 15.2394957572, 50.0139203527
0.726722834564, 0.337607210973, 0.187758975673, 0.099199169745, 0.519600477247, 0.392577084069, 0.758955485654, 39.8652070271, 78.216414844, 44.4034635769
0.896116758463, 0.357510836773, 0.700089381651, 0.679510357884, 0.875668197681, 0.605860349078, 0.663192894174, 58.9858931464, 106.004610858, 19.1266910444
0.885671727824, 0.262565938777, 0.595213587375, 0.694730316288, 0.789668512806, 0.273778705254, 0.240511741477, 40.3022682312, 113.191625222, 19.813990982
0.726722834564, 0.447737512832, 0.187758975673, 0.099199169745, 0.519600477247, 0.00419361516997, 0.758955485654, 55.5050441549, 68.4627775355, 46.6169126737
0.853992305176, 0.337607210973, 0.203402133916, 0.0314417895918, 0.762089456777, 0.392577084069, 0.502693664121, 52.7687586018, 103.533467437, 26.7231069665
0.853992305176, 0.311600124523, 0.203402133916, 0.0314417895918, 0.762089456777, 0.00419361516997, 0.502693664121, 50.8591429518, 112.360120936, 27.9057180336
0.931191477259, 0.829114785855, 0.269158343075, 0.330776987697, 0.182201227013, 0.00147985127011, 0.909296583706, 156.567789952, 32.2695008829, 13.9537520886
0.415828677799, 0.772949150432, 0.389752832015, 0.0168789413112, 0.992027773488, 0.490265833607, 0.964851251295, 53.4365909357, 15.6967937195, 97.1211051049
0.536777301403, 0.83671436334, 0.0788276799331, 0.11469896406, 0.301174543793, 0.498392470588, 0.322409417944, 54.1540056731, 10.5682078395, 55.8533274864
0.988234778867, 0.186143239469, 0.785368134515, 0.586074885558, 0.752511535922, 0.973323300942, 0.866441911272, 54.0679769541, 236.396383225, 3.45806229631
0.931191477259, 0.688580442993, 0.0263465028822, 0.330776987697, 0.182201227013, 0.495957811906, 0.909296583706, 119.640931326, 54.1091839194, 12.83891557
0.84352006906, 0.98689514912, 0.316950389316, 0.0168789413112, 0.182201227013, 0.693976244591, 0.220078036041, 118.636499788, 1.57535847657, 22.3002913262
0.658510038555, 0.990435360879, 0.619474337277, 0.49131842203, 0.117738183606, 0.175583278753, 0.265779864399, 137.148795248, 1.32444658612, 71.8094170879
0.779965144067, 0.0485373984874, 0.981822193304, 0.861734318079, 0.410764209505, 0.618606633331, 0.177582539603, 8.50131513679, 166.648474545, 49.4112577113
0.579521273511, 0.0323416072299, 0.493662390046, 0.902122816695, 0.715865828045, 0.738729798071, 0.455583621631, 4.23600010052, 126.740796148, 95.0318116065
0.678636687533, 0.0503400810262, 0.389752832015, 0.286467611115, 0.992027773488, 0.725457358526, 0.240634407834, 6.75011206846, 127.340098572, 63.4974133471
0.588572937115, 0.268416707292, 0.416194352262, 0.417517320498, 0.511162209228, 0.460917135734, 0.82945502038, 35.0851631475, 95.626384213, 91.3706095276
0.211692844598, 0.62506769845, 0.89249346693, 0.699098604685, 0.494925022368, 0.432742541915, 0.0151437109524, 16.4845792174, 9.88789092987, 98.2064696718
0.211692844598, 0.62506769845, 0.89249346693, 0.699098604685, 0.494925022368, 0.432742541915, 0.0151437109524, 16.4845792174, 9.88789092987, 98.2064696718
0.0231516936131, 0.0161240268265, 0.497551528892, 0.420761297229, 0.947047646089, 0.0360119936159, 0.999901693346, 0.0942730403946, 5.75246992332, 246.693872917
0.168442468557, 0.559581260607, 0.92078038512, 0.694210834565, 0.12969341776, 0.206730801575, 0.00724085281477, 14.0187773729, 11.0334864533, 123.676640711
0.00114394689694, 0.758695952587, 0.303057502851, 0.11469896406, 0.196941565288, 0.0268320574263, 0.516086936772, 0.109821033462, 0.034928695448, 126.390607198
0.94093304301, 0.319786277902, 0.88171680738, 0.857488906067, 0.791169388455, 0.218705429857, 0.328806146022, 74.6233549246, 158.730481939, 14.6487586423
0.94093304301, 0.319786277902, 0.88171680738, 0.857488906067, 0.791169388455, 0.218705429857, 0.328806146022, 74.6233549246, 158.730481939, 14.6487586423
0.93426146451, 0.220846106906, 0.125690165167, 0.950212512234, 0.815546781574, 0.698993670443, 0.684106808785, 46.1142255686, 162.69283114, 14.6925359007
0.93426146451, 0.220846106906, 0.125690165167, 0.950212512234, 0.815546781574, 0.698993670443, 0.684106808785, 46.1142255686, 162.69283114, 14.6925359007
0.970071808326, 0.0899440908573, 0.705210743787, 0.0832833323671, 0.527566152796, 0.781920522187, 0.232750136226, 18.0633392643, 182.76518757, 6.19586570092
0.970071808326, 0.0899440908573, 0.705210743787, 0.0832833323671, 0.527566152796, 0.781920522187, 0.232750136226, 18.0633392643, 182.76518757, 6.19586570092
0.911393202033, 0.0790627998248, 0.601353322918, 0.522728546662, 0.0136382276292, 0.973323300942, 0.717577882073, 12.2167655481, 142.303003232, 15.0226070412
0.71360968745, 0.641082298472, 0.996610285416, 0.289169250138, 0.465707355744, 0.476595712887, 0.481794872122, 82.0165044146, 45.9179349079, 51.3434510599
0.650716494764, 0.730213833012, 0.00558253836066, 0.116947872657, 0.784423530693, 0.130690458962, 0.206252619852, 74.8159966197, 27.6416578883, 54.9959452278
0.779112008144, 0.238132347532, 0.125690165167, 0.341476292862, 0.773975288918, 0.698993670443, 0.885809020444, 44.3447522609, 141.87418322, 52.795395622
0.851778354386, 0.302085819226, 0.520720948896, 0.276484251263, 0.715865828045, 0.0424785170429, 0.806370853579, 57.6109683712, 133.0996334, 33.1863789272
0.851778354386, 0.302085819226, 0.520720948896, 0.276484251263, 0.715865828045, 0.0424785170429, 0.806370853579, 57.6109683712, 133.0996334, 33.1863789272
0.844936762241, 0.38989218415, 0.99970919763, 0.0847336513688, 0.32348096701, 0.422146400647, 0.355369868902, 75.5438525258, 118.211897389, 35.5581568453
0.931191477259, 0.829114785855, 0.269158343075, 0.330776987697, 0.182201227013, 0.471310488988, 0.909296583706, 194.311293097, 40.04864887, 17.3175569044
0.549876721276, 0.648025855389, 0.177396067279, 0.674087259607, 0.410073911364, 0.390789241936, 0.279542209078, 56.9307779018, 30.9218554899, 71.9152381922
0.536777301403, 0.83671436334, 0.557027753677, 0.614852920703, 0.301174543793, 0.498392470588, 0.322409417944, 73.0312933928, 14.2521292334, 75.3229737287
0.576101509882, 0.730213833012, 0.00558253836066, 0.116947872657, 0.784423530693, 0.130690458962, 0.206252619852, 66.2371539107, 24.4721026334, 66.7443431917
0.844936762241, 0.990435360879, 0.99970919763, 0.0847336513688, 0.32348096701, 0.422146400647, 0.355369868902, 191.902546089, 1.85320382564, 35.5581568453
0.409596720609, 0.000959842330352, 0.537852358202, 0.338156259321, 0.807811212819, 0.296215572815, 0.261272430238, 0.109979339273, 114.470651036, 165.159476443
