0.00227449977099, 0.00035290081561, 0.273000311732, 0.981394208023, 0.205838532808, 0.0339480580371, 0.205412311256, 0.860303012931, 0.0656385990032, 6.15956244116e-05, 1.16776252102e-06, 0.000167138866784, 0.651234315303, 285.769412084
0.00178501073723, 0.000441060713401, 0.999972966903, 0.0894565020381, 0.205838532808, 0.984487647003, 0.205412311256, 0.860303012931, 0.11598829938, 1.23913542079e-05, 0.000126126852133, 3.74467736142e-09, 0.313926972458, 175.631931837
0.00050287840337, 0.999952076572, 0.055468534109, 0.850393530227, 0.0182014638308, 0.399321669256, 0.480845000638, 0.100950957552, 0.498397661719, 0.00195247097384, 0.000343490724411, 0.0390961849509, 1.98374862054e-06, 82.2729986142
0.999958511102, 0.000441060713401, 4.83889213991e-05, 0.981394208023, 0.205838532808, 0.0339480580371, 0.205412311256, 0.860303012931, 0.0656385990032, 5.99893917016e-06, 1.13731070927e-07, 0.126317642114, 286.282669261, 0.0118832864639
0.999958511102, 0.999869703562, 2.92567072957e-06, 0.00584483164497, 0.445526114969, 0.37287678962, 0.639834871472, 0.550183383664, 0.902538609188, 6.0887102692e-06, 0.00103563680708, 356.062785562, 0.0463998941999, 0.0147752338283
0.999958511102, 0.000441060713401, 2.92567072957e-06, 0.0409066901128, 0.189751925923, 0.186731960521, 0.582828582791, 0.573990250178, 0.172419428216, 9.51334678427e-09, 2.23048778336e-07, 0.079489958446, 180.145564077, 0.00747764909647
0.999979181503, 0.999869703562, 0.999972966903, 0.98969785218, 0.189751925923, 0.159915742572, 0.960156381842, 0.027993242386, 0.882067797841, 315.425741575, 3.28338857047, 0.00861592779791, 0.0415331987247, 0.00663622728818
0.999958511102, 0.999869703562, 0.999740827412, 0.000104803193468, 0.586881734164, 0.159915742572, 0.582828582791, 0.027993242386, 0.880323438396, 0.0263304377192, 251.210648588, 0.0651306182503, 0.0327480367453, 0.0104280388711
0.00227449977099, 0.000441060713401, 4.83889213991e-05, 0.981394208023, 0.205838532808, 0.0339480580371, 0.205412311256, 0.860303012931, 0.0656385990032, 1.3645151891e-08, 2.58692027626e-10, 0.000287321368707, 0.651176882284, 285.769412084
0.999958511102, 0.999869703562, 0.055468534109, 0.62502409854, 0.205838532808, 0.399321669256, 0.793488638181, 0.599111078134, 0.498397661719, 0.62259517834, 0.37351869918, 16.9620653591, 0.0023401917093, 0.000745193072188
0.999958511102, 0.000441060713401, 0.99962144846, 0.993889389444, 0.269110272284, 0.186731960521, 0.582828582791, 0.573990250178, 0.838786053835, 0.11679830218, 0.000718096949016, 4.45028604854e-05, 266.423752839, 0.0110589641488
0.93647074576, 0.999977103852, 0.993789523828, 0.998261045209, 0.755587104992, 0.30810601524, 0.772539833828, 0.0662190126248, 0.082900089887, 270.175047171, 0.470640615508, 1.6913426383, 0.00623561186035, 18.4754992796
0.980599200933, 0.999952076572, 2.92567072957e-06, 0.45529501212, 0.445526114969, 0.399321669256, 0.960156381842, 0.343608306026, 0.574110618025, 0.000457536707677, 0.000547386903382, 343.483858531, 0.0164617609671, 6.79604897011
0.00227449977099, 0.999869703562, 0.998850293112, 0.981394208023, 0.505837010674, 0.0443741364254, 0.480845000638, 0.170594960282, 0.880323438396, 0.564213972357, 0.0106966677755, 0.000661739529505, 7.50048038414e-05, 252.511819058
0.986752053544, 0.999952076572, 2.92567072957e-06, 0.862589846233, 0.868027144892, 0.476371056798, 0.480845000638, 0.24880250332, 0.189751392527, 0.000682574217087, 0.000108733749344, 270.469825373, 0.012962500285, 3.63146138012
0.902619807841, 0.999869703562, 0.99962144846, 0.0340721530448, 0.189751925923, 0.159915742572, 0.480845000638, 0.027993242386, 0.880323438396, 7.84095445591, 222.286987433, 0.0871482769004, 0.0300001151711, 24.8402604735
0.000487190193738, 0.499201620672, 0.999958268326, 0.428816700754, 0.505837010674, 0.983219071047, 0.480845000638, 0.0736112298299, 0.672375520764, 0.0204422694203, 0.0272290768317, 1.98948808488e-06, 0.0478258248514, 195.924785769
0.675674379054, 0.547037871083, 0.999958268326, 0.0222794023428, 0.925348664605, 0.0124659303131, 0.30246238566, 0.354150774324, 0.604119610511, 1.57464221581, 69.1023980199, 0.0029495942632, 58.5249401505, 62.0187333487
0.680473618105, 0.000441060713401, 0.999998463292, 0.0894565020381, 0.205838532808, 0.984487647003, 0.547051976786, 0.109288817714, 0.11598829938, 0.00503500285093, 0.0512493670519, 8.64927956439e-08, 127.555299812, 59.921893699
0.997133858784, 0.91910878847, 0.000454143457127, 0.98969785218, 0.625964253155, 0.361912320017, 0.301106182487, 0.800426101108, 0.094567879557, 0.0657605945306, 0.000684527468782, 146.242217827, 12.8766965911, 0.457559149046
0.999979181503, 0.538124285781, 0.99998795871, 0.98969785218, 0.189751925923, 0.159915742572, 0.960156381842, 0.027993242386, 0.882067797841, 169.762916157, 1.7671278692, 0.00206546782887, 147.227169778, 0.00663622728818
0.999979181503, 0.999869703562, 0.999972966903, 0.98969785218, 0.189751925923, 0.159915742572, 0.960156381842, 0.027993242386, 0.882067797841, 315.425741575, 3.28338857047, 0.00861592779791, 0.0415331987247, 0.00663622728818
0.980599200933, 0.842262067883, 0.999960297591, 0.989745705437, 0.0534653258419, 0.697338620299, 0.27442923631, 0.519726921092, 0.082681699775, 192.524130643, 1.99465290455, 0.00772317093349, 36.4307144794, 4.56940474474
0.585513276482, 0.999790022175, 0.9237740105, 0.0222794023428, 0.119352572064, 0.235339497738, 0.301106182487, 0.599111078134, 0.919857556288, 2.04486171613, 89.7377491753, 7.57351933977, 0.0208669656993, 70.3492945689
0.93647074576, 0.999977103852, 0.993789523828, 0.326477820017, 0.755587104992, 0.30810601524, 0.772539833828, 0.697953216348, 0.082900089887, 63.0676879049, 130.10833827, 1.20721247192, 0.00445072940123, 13.1870696393
0.46196687606, 0.396620846572, 0.999958268326, 0.993889389444, 0.807145144174, 0.927599749177, 0.0658564745958, 0.0971323646967, 1.110464569e-05, 33.7726586438, 0.207640373872, 0.00141811392653, 51.6963742379, 99.785620012
0.999958511102, 0.781817085432, 2.92567072957e-06, 0.600177305677, 0.697494023535, 0.186731960521, 0.582828582791, 0.0736112298299, 0.000108291337936, 0.000174393133224, 0.000116176222822, 99.3168858678, 27.7165994776, 0.0052707100217
0.999958511102, 0.999952076572, 0.93903369193, 0.457054845942, 0.0143232847927, 0.439649100855, 0.659161026393, 0.19750741953, 0.403427801841, 94.9306788326, 112.770168616, 13.4848770186, 0.0106004861143, 0.00917757248651
0.813252705075, 0.999869703562, 0.99962144846, 0.0340721530448, 0.189751925923, 0.159915742572, 0.480845000638, 0.027993242386, 0.880323438396, 7.06463271274, 200.278669117, 0.0785198500147, 0.0270298464575, 47.6364992283
0.999958511102, 0.999952076572, 0.93903369193, 0.981394208023, 0.0143232847927, 0.439649100855, 0.659161026393, 0.519726921092, 0.403427801841, 230.161224356, 4.36351858046, 15.2264054537, 0.0119695047541, 0.0103628264142
0.999958511102, 0.650912780082, 0.99962144846, 0.0409066901128, 0.189751925923, 0.159915742572, 0.582828582791, 0.027993242386, 0.880323438396, 6.6471757304, 155.848878389, 0.0615364262305, 87.1803090928, 0.0103617800931
0.999958511102, 0.999952076572, 0.93903369193, 0.981394208023, 0.0143232847927, 0.439649100855, 0.659161026393, 0.519726921092, 0.403427801841, 230.161224356, 4.36351858046, 15.2264054537, 0.0119695047541, 0.0103628264142
0.990843251773, 0.9884298278, 0.9237740105, 0.998261045209, 0.807145144174, 0.391361874953, 0.480845000638, 0.0662190126248, 0.785188986506, 144.349045988, 0.251453731805, 11.9318318637, 1.83230612869, 1.46350607228
0.723608994322, 0.999952076572, 2.34559406298e-06, 0.893724796334, 0.174147383084, 0.30810601524, 0.23874194481, 0.24880250332, 0.102676047454, 0.000409095075594, 4.86465885873e-05, 195.14910859, 0.00935268437008, 74.5432551517
0.999958511102, 0.999869703562, 0.999376928454, 0.00871515750776, 0.484623325734, 0.37287678962, 0.480845000638, 0.860303012931, 0.880323438396, 2.16665626154, 246.441158298, 0.154997029722, 0.0324171321376, 0.010322668093
0.984092921607, 0.999980960805, 0.993789523828, 0.981394208023, 0.890041134382, 0.186731960521, 0.480845000638, 0.0933419500748, 0.082681699775, 114.236408808, 2.16575443492, 0.727430551333, 0.00223009558592, 1.89334265494
0.788029481428, 0.999981760019, 0.998083763511, 0.787956441185, 0.205838532808, 0.98751105499, 0.301106182487, 0.519726921092, 0.924591933799, 79.4760044206, 21.3874447075, 0.193649299462, 0.00184331314258, 27.1836483177
0.00227449977099, 0.000441060713401, 0.999740827412, 0.981394208023, 0.205838532808, 0.0339480580371, 0.205412311256, 0.860303012931, 0.0656385990032, 0.000281916088379, 5.34471474598e-06, 7.44694263527e-08, 0.651176882284, 285.769412084
0.000487190193738, 0.785331892282, 0.999352802403, 0.920044524897, 0.925348664605, 0.359000010999, 0.27442923631, 0.519726921092, 6.46657408511e-05, 0.089508895313, 0.00777867381087, 6.30050576707e-05, 0.0266104862799, 254.316834454
0.00050287840337, 0.999952076572, 0.933896990899, 0.98969785218, 0.927778373764, 0.186731960521, 0.480845000638, 0.0933419500748, 0.208543185111, 0.0676516887667, 0.00070421260028, 0.00483836099081, 3.5078880594e-06, 145.484395786
0.953206625498, 0.396620846572, 0.999958268326, 0.993889389444, 0.807145144174, 0.927599749177, 0.0658564745958, 0.0971323646967, 5.42855653345e-05, 69.6846403569, 0.428433690384, 0.00292605802811, 106.667446129, 8.67838492104
0.990843251773, 0.9884298278, 0.996200886939, 0.356994433824, 0.807145144174, 0.391361874953, 0.480845000638, 0.0662190126248, 0.785188986506, 55.668872202, 100.268775356, 0.594684025359, 1.83230612869, 1.46350607228
0.990843251773, 0.9884298278, 0.9237740105, 0.407096327146, 0.807145144174, 0.566267695006, 0.480845000638, 0.697953216348, 0.785188986506, 53.4439074722, 77.8368334937, 10.8327407663, 1.66352472306, 1.32869638729
0.788029481428, 0.999981760019, 0.627461567324, 0.0894565020381, 0.0217815950308, 0.115908159197, 0.306622286871, 0.392899181745, 0.604119610511, 4.24827317835, 43.2415468074, 28.1958035788, 0.00138052949067, 20.3589001238
0.788029481428, 0.999981760019, 2.92567072957e-06, 0.0222794023428, 0.505837010674, 0.927599749177, 0.30246238566, 0.24880250332, 0.919857556288, 1.12796568946e-05, 0.000495002186804, 173.047621992, 0.00315645208609, 46.548728731
0.625617333078, 0.999952076572, 0.164918596744, 0.0171440061537, 0.116194581029, 0.999825886462, 0.831930201467, 0.999030353802, 0.094567879557, 0.255290810115, 14.6356750368, 75.4018582552, 0.00432734902047, 54.035728533
0.00050287840337, 0.601027172761, 0.889268010752, 0.0894565020381, 0.975464232354, 0.997521887785, 0.480845000638, 0.599111078134, 0.208543185111, 0.00281890235178, 0.0286925282045, 0.00392381525857, 0.0235225641159, 117.181730069
0.999958511102, 0.650912780082, 0.99962144846, 0.0409066901128, 0.189751925923, 0.159915742572, 0.582828582791, 0.027993242386, 0.880323438396, 6.6471757304, 155.848878389, 0.0615364262305, 87.1803090928, 0.0103617800931
0.999992948791, 0.9884298278, 0.99962144846, 0.732689539278, 0.0182014638308, 0.231677144379, 0.582828582791, 0.00226134868843, 0.284458829385, 129.804173446, 47.3570476271, 0.0670900500973, 2.07456515445, 0.00126431100336
0.999961881299, 0.9884298278, 0.99962144846, 0.0409066901128, 0.189751925923, 0.231677144379, 0.582828582791, 0.00594330275961, 0.825586361851, 7.6311590713, 178.919232815, 0.070645681157, 2.1845127292, 0.00719729662521
0.999958511102, 0.999973440471, 7.05126774694e-05, 0.0849851595497, 0.505837010674, 0.159915742572, 0.786965602393, 0.342595746328, 0.000382661999978, 0.00136982774201, 0.0147486069267, 228.573055132, 0.00607138205639, 0.00948455825854
0.999958511102, 0.999977103852, 0.998860394628, 0.0954157273164, 0.189751925923, 0.697338620299, 0.582828582791, 0.027993242386, 0.880323438396, 14.8673224996, 140.948945089, 0.17777164512, 0.00357174446556, 0.0064724374728
0.999958511102, 0.000441060713401, 0.99962144846, 0.0409066901128, 0.189751925923, 0.186731960521, 0.582828582791, 0.573990250178, 0.880323438396, 0.00284252591845, 0.0666455189617, 2.6314767893e-05, 157.537720962, 0.00653922178348
0.995823456705, 0.944899619605, 0.889268010752, 0.600177305677, 0.697494023535, 0.186731960521, 0.998619339551, 0.599111078134, 0.00131981153692, 25.1910554672, 16.7816336514, 5.22645513387, 2.75234612089, 0.209499546124
0.980599200933, 0.999952076572, 0.647300689544, 0.99938155755, 0.205838532808, 0.927599749177, 0.30246238566, 0.718194379904, 0.604119610511, 70.9347718434, 0.0438962213529, 38.6746494912, 0.00525521469768, 2.1695550376
0.46196687606, 0.9884298278, 0.982699142758, 0.770415865851, 0.822257005885, 0.387263614399, 0.30246238566, 0.0933419500748, 0.782285745803, 38.0071869235, 11.3261518721, 0.86853545978, 0.58764346598, 59.1523858075
0.999958511102, 0.601027172761, 0.995939941826, 0.0409066901128, 0.807145144174, 0.914675669678, 0.181719221867, 0.0933419500748, 0.910450209397, 2.55967832323, 60.0139084464, 0.255088074863, 41.7068232028, 0.0043372425421
0.997133858784, 0.711457918146, 0.000454143457127, 0.577017964653, 0.625964253155, 0.391361874953, 0.301106182487, 0.800426101108, 0.094567879557, 0.0148403287756, 0.0108786777106, 56.6061801932, 22.9678884409, 0.22880000524
0.980599200933, 0.842262067883, 0.999960297591, 0.989745705437, 0.0534653258419, 0.697338620299, 0.27442923631, 0.519726921092, 0.082681699775, 192.524130643, 1.99465290455, 0.00772317093349, 36.4307144794, 4.56940474474
0.920723963866, 0.547037871083, 0.999972966903, 0.0222794023428, 0.505837010674, 0.981649733595, 0.30246238566, 0.354150774324, 0.870100542886, 2.45808831178, 107.871994783, 0.00298264448668, 91.3587577551, 17.3660390246
0.00227449977099, 0.999952076572, 0.93903369193, 0.0461064917664, 0.0143232847927, 0.984487647003, 0.30246238566, 0.406250779775, 0.465863615536, 0.0146604999479, 0.303309906957, 0.0206440748093, 1.62283443932e-05, 148.542769226
0.374444920932, 0.714110015408, 0.999958268326, 0.0222794023428, 0.505837010674, 0.927599749177, 0.30246238566, 0.595434274128, 0.919857556288, 0.709408217974, 31.1320302128, 0.00132885196967, 12.7480752985, 74.4943421511
0.93647074576, 0.9884298278, 2.92567072957e-06, 0.998261045209, 0.807145144174, 0.391361874953, 0.480845000638, 0.0662190126248, 0.102676047454, 0.000389903880767, 6.79206330691e-07, 133.501675507, 1.56272286636, 9.16266242738
0.675674379054, 0.547037871083, 0.999958268326, 0.920044524897, 0.925348664605, 0.0124659303131, 0.30246238566, 0.210476082465, 0.525118745913, 52.6010438881, 4.57123687077, 0.00238599452917, 47.342167959, 50.1683775028
0.999958511102, 0.014775943884, 4.41175598925e-05, 0.00871515750776, 0.209260043636, 0.984487647003, 0.301106182487, 0.0933419500748, 0.102676047454, 3.97073611834e-07, 4.51641926625e-05, 1.03267851471, 68.8595335071, 0.00289987304423
0.920723963866, 0.547037871083, 0.999958268326, 0.457054845942, 0.505837010674, 0.927599749177, 0.216675971179, 0.354150774324, 5.42855653345e-05, 48.8036078943, 57.9748418422, 0.00445622937414, 88.4191295978, 16.8072562811
0.778561814066, 0.714110015408, 2.92567072957e-06, 0.0222794023428, 0.505837010674, 0.927599749177, 0.30246238566, 0.24880250332, 0.919857556288, 7.95828648346e-06, 0.000349245482316, 122.092592351, 48.8792352915, 48.627828611
0.945841446662, 0.000441060713401, 0.499722773964, 0.0894565020381, 0.205838532808, 0.984487647003, 0.547051976786, 0.109288817714, 0.11598829938, 0.00349732972227, 0.0355979807648, 0.0391386874893, 177.2987021, 10.1565418691
0.584202737128, 0.999873384305, 2.92567072957e-06, 0.600177305677, 0.174147383084, 0.208829633967, 0.788953334332, 0.0967360072075, 0.102676047454, 0.000106409100506, 7.08870076601e-05, 60.5999806009, 0.00767390273216, 43.1366869228
0.920723963866, 0.426611400247, 0.999997977459, 0.0222794023428, 0.829828679922, 0.981649733595, 0.30246238566, 0.354150774324, 0.870100542886, 2.50377492209, 109.876929172, 0.000227295027381, 151.045998422, 22.6815458554
0.374444920932, 0.714110015408, 2.92567072957e-06, 0.998261045209, 0.505837010674, 0.391361874953, 0.30246238566, 0.595434274128, 0.919857556288, 4.65348301108e-05, 8.10629305527e-08, 15.9333571572, 6.37884984234, 37.2752914897
0.999958511102, 0.999869703562, 0.99962144846, 0.0409066901128, 0.189751925923, 0.121766137427, 0.582828582791, 0.027993242386, 0.880323438396, 8.19412410487, 192.118442917, 0.0758573466317, 0.026113300417, 0.00831532326407
0.999958511102, 0.999869703562, 4.83889213991e-05, 0.000104803193468, 0.586881734164, 0.0372187146738, 0.582828582791, 0.027993242386, 0.880323438396, 1.26958738452e-06, 0.0121127447141, 250.334741242, 0.0326235542814, 0.0103883996102
0.000487190193738, 0.785331892282, 7.05126774694e-05, 0.920044524897, 0.925348664605, 0.125645519367, 0.299844035483, 0.519726921092, 6.46657408511e-05, 4.16836007232e-06, 3.6224682715e-07, 0.0642478430381, 0.0175631928389, 167.851709237
0.584202737128, 0.999873384305, 0.957013759653, 0.600177305677, 0.393346415805, 0.208829633967, 0.724507177595, 0.0831994619276, 0.102676047454, 37.1527334397, 24.7501960585, 2.78049733221, 0.00819097413448, 46.0432584519
0.00050287840337, 0.00879117106328, 7.05126774694e-05, 0.519483964607, 0.0032463246086, 0.125645519367, 0.24329147, 0.0967360072075, 0.00131981153692, 3.13532560855e-08, 2.90013616152e-08, 0.000855879596421, 0.0965076473205, 193.515220725
0.675674379054, 0.999952076572, 0.158371832107, 0.0222794023428, 0.0143232847927, 0.0105498912498, 0.30246238566, 0.354150774324, 0.604119610511, 0.376444030118, 16.5200608368, 89.7923213098, 0.00511313930028, 51.2133938958
0.00178501073723, 0.000441060713401, 0.999972966903, 0.0894565020381, 0.205838532808, 0.984487647003, 0.205412311256, 0.860303012931, 0.11598829938, 1.23913542079e-05, 0.000126126852133, 3.74467736142e-09, 0.313926972458, 175.631931837
0.986752053544, 0.999952076572, 2.92567072957e-06, 0.981394208023, 0.505837010674, 0.448690883089, 0.480845000638, 0.24880250332, 0.410154068947, 0.000705738098531, 1.3379757231e-05, 245.795175989, 0.0117799463745, 3.30016735801
0.980599200933, 0.999981760019, 0.647300689544, 0.0894565020381, 0.0217815950308, 0.115908159197, 0.306622286871, 0.392899181745, 0.604119610511, 5.4535643854, 55.5097447219, 33.2175099341, 0.00171788765182, 1.8633672889
0.00227449977099, 0.9884298278, 0.982699142758, 0.770415865851, 0.822257005885, 0.387263614399, 0.30246238566, 0.0933419500748, 0.0970199878631, 0.148163439933, 0.0441527447414, 0.00338581231187, 0.00229081088135, 86.8509532474
0.93647074576, 0.9884298278, 0.999978464369, 0.0222794023428, 0.807145144174, 0.927599749177, 0.480845000638, 0.0662190126248, 0.100805655527, 4.18956810995, 183.857132851, 0.00404979153608, 2.20124839145, 12.906508482
0.584202737128, 0.999980342465, 0.93903369193, 0.0461064917664, 0.998773578235, 0.984487647003, 0.205412311256, 0.993098297317, 0.987345658505, 2.46867947275, 51.0743115068, 3.47625278104, 0.00112087981354, 40.5833626559
0.986752053544, 0.000441060713401, 2.92567072957e-06, 0.862589846233, 0.868027144892, 0.476371056798, 0.480845000638, 0.24880250332, 0.189751392527, 3.01071099497e-07, 4.79604834875e-08, 0.119299331365, 270.364279501, 3.63146138012
0.986752053544, 0.999952076572, 2.92567072957e-06, 0.862589846233, 0.868027144892, 0.476371056798, 0.480845000638, 0.24880250332, 0.189751392527, 0.000682574217087, 0.000108733749344, 270.469825373, 0.012962500285, 3.63146138012
0.920723963866, 0.396620846572, 0.999958268326, 0.457054845942, 0.505837010674, 0.927599749177, 0.0658564745958, 0.0971323646967, 5.42855653345e-05, 29.8945597468, 35.5123821381, 0.00272965506073, 99.5077101492, 14.1996915722
0.999958511102, 0.000441060713401, 4.83889213991e-05, 0.981394208023, 0.205838532808, 0.0339480580371, 0.205412311256, 0.860303012931, 0.0656385990032, 5.99893917016e-06, 1.13731070927e-07, 0.126317642114, 286.282669261, 0.0118832864639
0.999727409073, 0.999952076572, 0.9237740105, 0.986197030234, 0.868027144892, 0.972424075424, 0.480845000638, 0.0933419500748, 0.403427801841, 176.652625228, 2.47245810958, 14.780656921, 0.00929307310426, 0.0528738917061
0.920723963866, 0.396620846572, 0.999958268326, 0.993889389444, 0.807145144174, 0.927599749177, 0.0658564745958, 0.0971323646967, 5.42855653345e-05, 67.309979362, 0.41383384789, 0.00282634601363, 103.032512771, 14.7026788282
0.984092921607, 0.999980960805, 0.993789523828, 0.0222794023428, 0.890041134382, 0.186731960521, 0.480845000638, 0.119673841047, 0.082681699775, 3.20845980642, 140.801678215, 0.899960715336, 0.00275902409528, 2.34240094397
0.625617333078, 0.999981760019, 0.164918596744, 0.0171440061537, 0.116194581029, 0.98751105499, 0.831930201467, 0.999030353802, 0.094567879557, 0.280078049247, 16.0567131731, 82.7229360909, 0.00180688046755, 59.280520855
0.999958511102, 0.999869703562, 0.998850293112, 0.98969785218, 0.79700745704, 0.159915742572, 0.205412311256, 0.392899181745, 0.990657555008, 133.687760396, 1.39160761675, 0.155480436775, 0.0176229152734, 0.00561170878492
