0.9997910077, 0.000187691116839, 5.82788388492e-06, 0.895772050446, 0.857757116463, 0.269726601435, 0.410770901739, 0.998813329551, 0.559266595851, 2.80103837243e-07, 3.25916047544e-08, 0.0536547442981, 285.815265631, 0.0597568918801
0.999999970624, 0.866235792743, 0.999999920763, 0.524064431187, 0.857757116463, 0.718156103047, 0.410770901739, 0.998813329551, 0.559266595851, 112.83139417, 102.469220517, 1.7059772779e-05, 33.2467424792, 7.30120590444e-06
0.00144720922332, 0.00239078775893, 0.999999920763, 0.963331889734, 0.699453021245, 0.390852607527, 0.689945342664, 0.413845604903, 0.771273308121, 0.000353342775219, 1.3449582622e-05, 2.90635226052e-11, 0.153052257688, 105.856857558
0.021280645406, 0.00216633793719, 5.82788388492e-06, 0.000208735680529, 0.699453021245, 0.816330403433, 0.689945342664, 0.413845604903, 0.784110161404, 4.94343950989e-12, 2.3677828463e-08, 0.00406367634458, 1.8717747634, 86.271791819
0.190537881826, 0.999999788814, 4.69867523767e-06, 0.981394208023, 0.130327271722, 0.936446466459, 0.125263254865, 0.264208327909, 0.469053191789, 0.000330811038785, 6.27169115213e-06, 71.739613624, 1.51504946782e-05, 304.772910059
0.9997910077, 0.999999788814, 0.998083763511, 0.0259628903938, 0.857757116463, 0.390852607527, 0.457180249897, 0.998813329551, 0.559266595851, 8.01358194734, 300.641649647, 0.592591963591, 6.53089033225e-05, 0.0646439375595
0.00144720922332, 0.999999989925, 0.999998730778, 0.92827762856, 0.857757116463, 0.718156103047, 0.410770901739, 0.999508285657, 0.559266595851, 0.333793127808, 0.0257901666058, 4.56391762162e-07, 3.62272785988e-09, 248.107430298
0.999999437922, 0.999997384667, 0.00127105969936, 0.999994559424, 0.85729380192, 0.184262832524, 0.952736980985, 0.0420720857144, 0.721847541667, 0.49032598774, 2.66767023213e-06, 385.273342127, 0.00100890316372, 0.000216829987256
0.00144720922332, 0.000187691116839, 5.82788388492e-06, 0.895772050446, 0.857757116463, 0.718156103047, 0.410770901739, 0.999508285657, 0.559266595851, 3.52332072977e-10, 4.09957527815e-11, 6.74902831381e-05, 0.359516263752, 248.107430298
0.999999437922, 0.999997384667, 0.855743256292, 0.999994559424, 0.699453021245, 0.184262832524, 0.952736980985, 0.0420720857144, 0.721847541667, 245.219575494, 0.00133414295435, 41.3380644874, 0.000749449151084, 0.00016106902597
0.769046471658, 0.000378486549954, 0.999968989062, 0.983284027101, 0.630548856953, 0.984487647003, 0.410770901739, 0.931220965827, 0.981538906659, 0.0668239031348, 0.0011360161693, 2.10756620033e-06, 179.494632413, 53.9247188204
0.999990671546, 0.999994066412, 0.999998730778, 0.000822273387566, 0.98579757985, 0.344544998767, 0.520717225353, 0.998813329551, 0.782407795937, 0.172737212322, 209.899989127, 0.000266629354715, 0.00124649402378, 0.00195968607921
0.994922409611, 0.000187691116839, 5.82788388492e-06, 0.000208735680529, 0.11629445616, 0.269726601435, 0.879522376317, 0.999949442059, 0.559266595851, 5.64259260202e-11, 2.70265954403e-07, 0.046384040976, 247.084711073, 1.26123450697
0.999999437922, 0.999997384667, 0.999999920763, 0.524064431187, 0.857757116463, 0.183521510283, 0.952736980985, 0.0420720857144, 0.721847541667, 202.873408633, 184.241985124, 3.06738588107e-05, 0.00101243845913, 0.000217589780748
0.9997910077, 0.999999788814, 0.998083763511, 0.0259628903938, 0.857757116463, 0.390852607527, 0.457180249897, 0.998813329551, 0.559266595851, 8.01358194734, 300.641649647, 0.592591963591, 6.53089033225e-05, 0.0646439375595
0.081805044082, 0.000277574073443, 0.999984654518, 0.00252128670934, 0.491561989524, 0.897890809811, 0.520717225353, 0.264208327909, 0.452993600354, 1.35008456063e-05, 0.00534124344281, 8.2172390976e-08, 19.2861675927, 216.531618264
0.994922409611, 0.999999978104, 0.000196028130131, 0.000208735680529, 0.857757116463, 0.657130144346, 0.496731681397, 0.998813329551, 0.559266595851, 1.23330089751e-05, 0.0590720024715, 301.348348572, 6.599739138e-06, 1.53823404041
0.021280645406, 0.999999930626, 0.314478396833, 0.000208735680529, 0.699453021245, 0.0779448832119, 0.689945342664, 0.998813329551, 0.981538906659, 0.00016467565486, 0.788754853784, 1.71974096166, 1.74036407892e-07, 115.375953136
0.9997910077, 0.999999963054, 0.559627557532, 0.895772050446, 0.857757116463, 0.989827024541, 0.496731681397, 0.999888711744, 0.559266595851, 114.487178793, 13.3212058692, 100.572764447, 8.43769213521e-06, 0.0477398805933
0.190537881826, 0.000277574073443, 0.999984654518, 0.00252128670934, 0.491561989524, 0.897890809811, 0.520717225353, 0.264208327909, 0.469053191789, 2.73214213952e-05, 0.0108089794618, 1.6629080773e-07, 39.029074716, 165.853261813
0.190537881826, 0.000277574073443, 0.999984654518, 0.00252128670934, 0.491561989524, 0.897890809811, 0.520717225353, 0.264208327909, 0.469053191789, 2.73214213952e-05, 0.0108089794618, 1.6629080773e-07, 39.029074716, 165.853261813
0.769046471658, 0.890017414489, 0.999968989062, 0.983284027101, 0.805301002869, 0.577645879915, 0.410770901739, 0.999912248469, 0.981538906659, 77.7144277417, 1.32115668736, 0.00245104361617, 9.76700832307, 26.6691792434
0.987364320755, 0.90194766343, 0.999990695682, 0.983284027101, 0.630548856953, 0.610856354265, 0.410770901739, 0.999912248469, 0.771273308121, 148.363021256, 2.52219315494, 0.00140389707682, 16.4031529568, 2.14087125309
0.00144720922332, 0.999999788814, 0.998083763511, 0.00132193829904, 0.699581434623, 0.987956918807, 0.457180249897, 0.264208327909, 0.559266595851, 0.000571363961159, 0.431645450979, 0.00082981976278, 9.14535160654e-08, 298.795785689
0.86474481428, 0.000378486549954, 3.60358714757e-07, 0.879134416247, 0.409860352205, 0.690468799273, 0.62135574143, 0.5790919809, 0.0260480125653, 1.68204531289e-08, 2.31251768655e-09, 0.0530942173374, 140.227284226, 21.9413268844
0.999958967117, 0.999999788814, 0.524385832561, 0.524064431187, 0.0306904497976, 0.987956918807, 0.496731681397, 0.997262915301, 0.685463345493, 38.4386656956, 34.908547754, 66.5253935036, 2.95391781901e-05, 0.00573961305422
0.00162533037683, 0.999999788814, 0.998083763511, 0.114314630957, 0.857757116463, 0.390852607527, 0.0786751910581, 0.390846702074, 0.559266595851, 0.0477914903762, 0.370278270038, 0.000802658613503, 8.84601159161e-08, 257.296428614
0.9997910077, 0.999999977124, 5.82788388492e-06, 0.895772050446, 0.857757116463, 0.989827024541, 0.496731681397, 0.999888711744, 0.559266595851, 0.00119225364213, 0.000138725195106, 228.379821344, 5.22442238113e-06, 0.0477398805933
0.999968925324, 0.999999788814, 4.69867523767e-06, 0.981394208023, 0.130327271722, 0.984780836916, 0.125263254865, 0.996941559708, 0.685463345493, 0.000917431881969, 1.73931602705e-05, 198.954088656, 4.20165750709e-05, 0.00618265628533
0.716368439597, 0.999999712292, 0.000817338387318, 0.000303906603728, 0.806291452528, 0.184262832524, 0.358842753684, 0.184395768313, 0.784569375606, 3.25516504091e-05, 0.107078152789, 130.941064814, 3.7703657228e-05, 51.8858832267
0.99004268481, 0.999999788814, 0.999990695682, 0.962759437574, 0.78908339668, 0.993666091509, 0.82088680891, 0.390846702074, 0.998747247797, 91.1992682837, 3.52768501788, 0.000881377896137, 2.00052208156e-05, 0.95272165623
0.9997910077, 0.999999989925, 0.999998730778, 0.92827762856, 0.857757116463, 0.718156103047, 0.410770901739, 0.998813329551, 0.559266595851, 230.672459903, 17.822659236, 0.000315395979385, 2.50353730313e-06, 0.0519444888519
0.891316612367, 0.999981672882, 9.8603152987e-07, 0.999277975526, 0.994056374596, 0.852867031949, 0.537671535633, 0.998813329551, 0.850417449583, 0.000286364074766, 2.0691126546e-07, 290.630365036, 0.00532651999692, 35.4389251054
0.999955289529, 0.763613724609, 0.999998730778, 0.644846270471, 0.898398947357, 0.990096435439, 0.516578993244, 0.286255963474, 0.483568511364, 48.7565808971, 26.8530382164, 9.59655463412e-05, 23.4059425006, 0.00442723467224
0.863822026619, 0.999999986299, 0.999998730778, 0.92827762856, 0.728022550783, 0.987956918807, 0.410770901739, 0.999382534811, 0.685463345493, 106.790694266, 8.25106800479, 0.000146013770442, 1.57616662587e-06, 18.1358817627
0.999958967117, 0.763613724609, 0.988581414672, 0.000426598314098, 0.755801582943, 0.987956918807, 0.290941807145, 0.999455297363, 0.685463345493, 0.0546701015332, 128.098910741, 1.48023478519, 40.1297853265, 0.00696617583399
0.999958967117, 0.999999911394, 0.524385832561, 0.895772050446, 0.40725157918, 0.989546877046, 0.82088680891, 0.997262915301, 0.522966787406, 59.9083307143, 6.97066007861, 60.6587622129, 1.13006320979e-05, 0.00523345691678
0.769046471658, 0.999981672882, 0.999968989062, 0.983284027101, 0.630548856953, 0.984487647003, 0.410770901739, 0.999912248469, 0.981538906659, 126.758780786, 2.15491789342, 0.00399785869198, 0.00236273319683, 38.7161812193
0.999990671546, 0.999994066412, 0.999998730778, 0.00698980458934, 0.98579757985, 0.987956918807, 0.520717225353, 0.998813329551, 0.782407795937, 0.959863227995, 136.363464731, 0.000174294069293, 0.000814825944377, 0.00128103547206
0.999999970624, 0.722990949024, 0.00127105969936, 0.999994559424, 0.85729380192, 0.718156103047, 0.410770901739, 0.999603269672, 0.559266595851, 0.22892177733, 1.24547306514e-06, 179.875145195, 69.005645342, 7.31772490924e-06
0.999989640283, 0.859931344658, 0.496117966441, 0.895772050446, 0.00566809764113, 0.987956918807, 0.496731681397, 0.997262915301, 0.685463345493, 29.3201724482, 3.4115615165, 33.2439737879, 10.7463563545, 0.000794827098905
0.999958967117, 0.999999788814, 0.988581414672, 0.000196965938191, 0.755801582943, 0.987956918807, 0.496731681397, 0.999455297363, 0.685463345493, 0.0313003316098, 158.881108064, 1.83551386671, 3.39477587701e-05, 0.00659622275692
0.999990671546, 0.496708665175, 0.772923001959, 0.00698980458934, 0.98579757985, 0.987956918807, 0.384363884177, 0.999696500183, 0.782407795937, 0.331223619528, 47.0554544048, 13.9217290282, 62.1209014152, 0.0011514153196
0.999958967117, 0.999997384667, 0.00127105969936, 0.999994559424, 0.806291452528, 0.344544998767, 0.952736980985, 0.998813329551, 0.782407795937, 0.331710115853, 1.80470385801e-06, 260.641018725, 0.000682532424734, 0.0107089309721
0.537227482647, 0.969874515865, 0.999968734433, 0.00262068006939, 0.805301002869, 0.897890809811, 0.301269332642, 0.347439322566, 0.792967905342, 0.174787026067, 66.5205063478, 0.00208533139055, 2.07170184513, 59.2382957878
0.590477991239, 0.999981672882, 5.82788388492e-06, 0.999277975526, 0.994056374596, 0.610856354265, 0.384363884177, 0.998813329551, 0.967044900451, 0.000510036274763, 3.68524756913e-07, 87.5792714849, 0.00160511445363, 60.7414773592
0.994922409611, 0.999999978104, 0.00127105969936, 0.000208735680529, 0.857757116463, 0.657130144346, 0.496731681397, 0.999299487664, 0.982747319534, 6.57823085111e-05, 0.315080666753, 247.624780542, 5.42899298883e-06, 1.26536240993
0.999958967117, 0.999999986299, 0.988581414672, 0.000426598314098, 0.755801582943, 0.987956918807, 0.496731681397, 0.999455297363, 0.685463345493, 0.0677917788986, 158.844647999, 1.8355142292, 2.20237619542e-06, 0.00659622275692
0.590477991239, 0.999981672882, 1.00853727703e-06, 0.999277975526, 0.994056374596, 0.852867031949, 0.384363884177, 0.998813329551, 0.850417449583, 0.000156617869316, 1.13163641635e-07, 155.404146638, 0.00284816527413, 107.781576649
0.9997910077, 0.999999978104, 0.999968734433, 0.903671435551, 0.857757116463, 0.657130144346, 0.496731681397, 0.999299487664, 0.502185108622, 191.00183851, 20.360201935, 0.00660856074565, 4.62821348476e-06, 0.044183655053
0.999911145866, 0.763613724609, 0.988581414672, 0.163842368812, 0.0234513528, 0.990096435439, 0.207502001926, 0.998813329551, 0.685463345493, 15.0700632491, 76.9089734211, 1.06240160199, 28.8021526347, 0.0108272688329
0.891316612367, 0.999983319674, 0.999998730778, 0.190020238637, 0.699453021245, 0.713075757792, 0.62135574143, 0.390846702074, 0.792967905342, 13.1859361566, 56.2063362203, 8.80743403893e-05, 0.00115750650302, 8.46155283856
0.999990671546, 0.789777498632, 0.999998730778, 0.00698980458934, 0.98579757985, 0.987956918807, 0.384363884177, 0.999696500183, 0.782407795937, 0.68137710281, 96.8001896707, 0.000123725948144, 25.9476179682, 0.0011514153196
0.953154857322, 0.999999989925, 0.999998730778, 0.981394208023, 0.541187633382, 0.718156103047, 0.410770901739, 0.998813329551, 0.685463345493, 158.845814214, 3.0114832057, 0.000205433173164, 1.6306790382e-06, 7.95488564404
0.740869241973, 0.929786155303, 5.82788388492e-06, 0.000290883501975, 0.602168689799, 0.990096435439, 0.496731681397, 0.0262058027625, 0.993619477898, 1.22701622033e-07, 0.000421701228575, 72.3798689517, 5.46587886543, 27.2279314699
0.999996835724, 0.559831763993, 0.999998730778, 0.000822273387566, 0.857757116463, 0.183957309343, 0.410770901739, 0.999327046033, 0.733016266642, 0.105954540646, 128.749657532, 0.000163546640714, 101.312971327, 0.000728319861076
0.999898913208, 0.999981672882, 0.999989921322, 0.895772050446, 0.0306904497976, 0.887733259041, 0.62135574143, 0.598435107025, 0.981538906659, 163.364226229, 19.0083161469, 0.00183809257647, 0.00334245813069, 0.0184378426837
0.999911145866, 0.999981672882, 0.999989921322, 0.895772050446, 0.0306904497976, 0.985043169461, 0.62135574143, 0.598435107025, 0.981538906659, 172.875799657, 20.115039442, 0.00194511204402, 0.00353706644043, 0.017150044895
0.9997910077, 0.999999989925, 0.999998730778, 0.92827762856, 0.857757116463, 0.718156103047, 0.410770901739, 0.998813329551, 0.559266595851, 230.672459903, 17.822659236, 0.000315395979385, 2.50353730313e-06, 0.0519444888519
0.999990671546, 0.789777498632, 0.000817338387318, 0.999277975526, 0.697443267152, 0.931806882852, 0.679148568293, 0.0380068371354, 0.693477909619, 0.145147368258, 0.000104875675027, 177.568466073, 47.3037310594, 0.00209908442011
0.38012488722, 0.999999986299, 0.999998730778, 0.278829255077, 0.0234513528, 0.990096435439, 0.496731681397, 0.998813329551, 0.483568511364, 12.3357381908, 31.905452309, 5.61519826033e-05, 6.06140644733e-07, 72.1448372774
0.440822287807, 0.999981672882, 5.82788388492e-06, 0.999277975526, 0.994056374596, 0.984487647003, 0.384363884177, 0.998813329551, 0.616401665978, 0.000283090796272, 2.04546170621e-07, 48.6100438897, 0.000890903551902, 61.6627390892
0.999911145866, 0.789777498632, 0.999999745776, 0.278829255077, 0.805112949141, 0.985043169461, 0.496731681397, 0.0130442990589, 0.693477909619, 16.4639443105, 42.5827446962, 1.50110867102e-05, 15.7170162959, 0.00664365595891
0.769046471658, 0.999981672882, 0.999968989062, 0.983284027101, 0.630548856953, 0.984487647003, 0.410770901739, 0.999912248469, 0.981538906659, 126.758780786, 2.15491789342, 0.00399785869198, 0.00236273319683, 38.7161812193
0.891316612367, 0.554731734327, 5.82788388492e-06, 0.00262068006939, 0.704589119523, 0.690468799273, 0.62135574143, 0.998813329551, 0.326927894888, 9.4152536131e-07, 0.000358326045033, 61.6459565288, 49.4818421613, 13.5504987798
0.99004268481, 0.61039000908, 0.999990695682, 0.962759437574, 0.78908339668, 0.993666091509, 0.82088680891, 0.390846702074, 0.998747247797, 55.6671339519, 2.15326414484, 0.000537984375641, 36.9069186036, 0.95272165623
0.999958967117, 0.999983319674, 0.998083763511, 0.156365138846, 0.805112949141, 0.897890809811, 0.496731681397, 0.0262058027625, 0.685463345493, 16.1194206749, 86.9689070296, 0.197920878328, 0.00172287703761, 0.00423837717084
0.590477991239, 0.554731734327, 3.1754688562e-06, 0.190020238637, 0.699453021245, 0.690468799273, 0.62135574143, 0.390846702074, 0.792967905342, 1.3865772263e-05, 5.91042037905e-05, 22.9792032749, 18.4448479271, 28.7294205605
0.999898913208, 0.999981672882, 0.999968989062, 0.981394208023, 0.0306904497976, 0.998455835824, 0.62135574143, 0.609537621051, 0.981538906659, 178.580532524, 3.38562446371, 0.00564311620729, 0.00333507985744, 0.0183971422662
0.999704045071, 0.999999989925, 0.0435236161956, 0.000303906603728, 0.806291452528, 0.987956918807, 0.358842753684, 0.998813329551, 0.617341821364, 0.00222412142483, 7.31621317986, 160.830212581, 1.69406097234e-06, 0.0497791546186
0.716368439597, 0.999994066412, 0.999998730778, 0.00698980458934, 0.98579757985, 0.987956918807, 0.810060110645, 0.998813329551, 0.782407795937, 0.576154885291, 81.851741049, 0.000104619467203, 0.000489096711722, 32.6358893677
0.784663262881, 0.014775943884, 0.00118778836443, 0.00262068006939, 0.805301002869, 0.897890809811, 0.301269332642, 0.0662190126248, 0.792967905342, 4.08202498155e-06, 0.00155353846797, 1.30980435239, 87.4384318253, 24.3557866419
0.979032958633, 0.840153163353, 0.692111052321, 0.610469266045, 0.806291452528, 0.985043169461, 0.496731681397, 0.998986803086, 0.788726239797, 24.7128049456, 15.7688479732, 18.008459012, 11.1282796698, 1.49095256062
0.85163535332, 0.014775943884, 0.999998730778, 0.895772050446, 0.711443179588, 0.718156103047, 0.496731681397, 0.998813329551, 0.489599117346, 0.795651749499, 0.0925784080542, 1.12736307028e-06, 59.2251050872, 10.4724326871
0.38012488722, 0.999999986299, 0.999998730778, 0.278829255077, 0.0234513528, 0.990096435439, 0.496731681397, 0.998813329551, 0.483568511364, 12.3357381908, 31.905452309, 5.61519826033e-05, 6.06140644733e-07, 72.1448372774
0.842366610068, 0.0674453103057, 5.82788388492e-06, 0.999994559424, 0.805112949141, 0.998670317472, 0.125263254865, 0.413845604903, 0.469053191789, 5.44978331203e-05, 2.96501206881e-10, 9.35121788436, 129.298432691, 25.9457375952
0.999968925324, 0.000277574073443, 0.999994146359, 0.00252128670934, 0.491561989524, 0.897890809811, 0.520717225353, 0.996941559708, 0.685463345493, 6.08029285326e-05, 0.0240550297958, 1.41166256893e-07, 86.8571031236, 0.00269988961571
0.9997910077, 0.999999978104, 0.999968734433, 0.903671435551, 0.857757116463, 0.657130144346, 0.496731681397, 0.999299487664, 0.502185108622, 191.00183851, 20.360201935, 0.00660856074565, 4.62821348476e-06, 0.044183655053
0.021280645406, 0.00239078775893, 5.82788388492e-06, 0.000208735680529, 0.699453021245, 0.816330403433, 0.689945342664, 0.413845604903, 0.784110161404, 5.4556191185e-12, 2.6131039611e-08, 0.00448470549959, 1.87135373179, 86.271791819
0.999958967117, 0.999999788814, 0.524385832561, 0.895772050446, 0.0210261041898, 0.987956918807, 0.496731681397, 0.997262915301, 0.685463345493, 51.8950318729, 6.03826917962, 52.5450861487, 2.33315217095e-05, 0.00453343372374
0.999965999008, 0.00160698322075, 0.00127105969936, 0.963331889734, 0.898398947357, 0.180702274596, 0.516578993244, 0.286255963474, 0.00243290411196, 0.000204214002532, 7.77316897997e-06, 0.166567882899, 103.617670345, 0.00352889426797
0.979032958633, 0.840153163353, 0.692111052321, 0.610469266045, 0.806291452528, 0.985043169461, 0.496731681397, 0.998986803086, 0.788726239797, 24.7128049456, 15.7688479732, 18.008459012, 11.1282796698, 1.49095256062
0.999898913208, 6.37233050486e-05, 0.0627522458264, 0.966858223998, 0.806291452528, 0.987956918807, 0.496731681397, 0.998956080853, 0.483568511364, 0.000280580712901, 9.61769048093e-06, 0.00433431183621, 72.5671015807, 0.00733678459999
0.9997910077, 0.999999989925, 0.999998730778, 0.460526349703, 0.857757116463, 0.987956918807, 0.410770901739, 0.999382534811, 0.559266595851, 111.648885666, 130.788676784, 0.000307707582804, 2.44250866325e-06, 0.0506782398931
0.999826907649, 0.999983319674, 0.999998730778, 0.278829255077, 0.805112949141, 0.995655411563, 0.496731681397, 0.810671425513, 0.483568511364, 17.5421955724, 45.3715598999, 7.98516509813e-05, 0.00104944078921, 0.0108919706191
0.85163535332, 0.000187691116839, 0.999998730778, 0.895772050446, 0.857757116463, 0.718156103047, 0.496731681397, 0.998813329551, 0.489599117346, 0.0224155977878, 0.00260817670555, 3.17607761939e-08, 133.29938001, 23.226640356
0.999911145866, 0.000187691116839, 0.998083763511, 0.0259628903938, 0.894331284919, 0.390852607527, 0.174336305225, 0.999082654452, 0.784569375606, 0.000562829402383, 0.0211153964749, 4.16203618952e-05, 115.699506629, 0.010283223101
0.740869241973, 0.999983319674, 0.188882751243, 0.278829255077, 0.805112949141, 0.990096435439, 0.496731681397, 0.413845604903, 0.993619477898, 2.51356119219, 6.50113560315, 38.7117193862, 0.000796105460839, 16.6933488365
0.999911145866, 0.999999963054, 0.0435236161956, 0.493549622469, 0.806291452528, 0.184262832524, 0.358842753684, 0.184395768313, 0.195007539676, 3.5281692738, 3.62039110023, 157.096991786, 6.0681602186e-06, 0.0145951937259
0.891316612367, 0.554731734327, 5.82788388492e-06, 0.190020238637, 0.699453021245, 0.690468799273, 0.62135574143, 0.390846702074, 0.792967905342, 3.84127483899e-05, 0.000163738078625, 34.6866294688, 27.8421882168, 7.62452489598
0.999958967117, 0.763613724609, 0.163397787083, 0.927087978386, 0.70279590278, 0.215733458236, 0.19003524943, 0.999878399685, 0.906410371354, 7.97140979775, 0.626921734528, 44.023749132, 16.2898298585, 0.00282777039989
0.999898913208, 0.999981672882, 0.999968989062, 0.931260477558, 0.0306904497976, 0.887733259041, 0.62135574143, 0.609537621051, 0.981538906659, 177.827822535, 13.1260800737, 0.00592184327292, 0.00349980746328, 0.0193058213172
