0.149010839599, 0.837804928036, 81.4200532695, 0.468227826371, 39.6423055038, 10.2888063805, 0.130743587723, 2.84866314954, 5.46192827283, 834.895129197, 0.203555635219, 0.6
0.149010839599, 0.837804928036, 81.4200532695, 0.468227826371, 39.6423055038, 10.2888063805, 0.130743587723, 2.84866314954, 5.46192827283, 834.895129197, 0.203555635219, 0.6
0.149010839599, 0.837804928036, 81.4200532695, 0.468227826371, 39.6423055038, 10.2888063805, 0.130743587723, 2.84866314954, 5.46192827283, 834.895129197, 0.203555635219, 0.6
0.149010839599, 0.837804928036, 81.4200532695, 0.468227826371, 39.6423055038, 10.2888063805, 0.130743587723, 2.84866314954, 5.46192827283, 834.895129197, 0.203555635219, 0.6
0.149010839599, 0.837804928036, 81.4200532695, 0.468227826371, 39.6423055038, 10.2888063805, 0.130743587723, 2.84866314954, 5.46192827283, 834.895129197, 0.203555635219, 0.6
0.149010839599, 0.837804928036, 81.4200532695, 0.468227826371, 39.6423055038, 10.2888063805, 0.130743587723, 2.84866314954, 5.46192827283, 834.895129197, 0.203555635219, 0.6
0.298102652772, 0.837804928036, 81.4200532695, 0.468227826371, 35.7934663119, 10.2888063805, 0.130743587723, 2.84866314954, 5.19741238094, 787.300988436, 0.298068091829, 0.666666666667
0.298102652772, 0.837804928036, 81.4200532695, 0.468227826371, 35.7934663119, 10.2888063805, 0.130743587723, 2.84866314954, 5.19741238094, 787.300988436, 0.298068091829, 0.666666666667
0.298102652772, 0.837804928036, 81.4200532695, 0.468227826371, 35.7934663119, 10.2888063805, 0.130743587723, 2.84866314954, 5.19741238094, 787.300988436, 0.298068091829, 0.666666666667
0.298102652772, 0.837804928036, 81.4200532695, 0.468227826371, 35.7934663119, 10.2888063805, 0.130743587723, 2.84866314954, 5.19741238094, 787.300988436, 0.298068091829, 0.666666666667
0.151929673438, 0.837804928036, 81.4200532695, 0.468227826371, 39.6423055038, 10.2888063805, 0.130743587723, 3.046249316, 5.46192827283, 1277.10653237, 0.0704730467287, 0.333333333333
0.298102652772, 0.856883773738, 81.4200532695, 0.468227826371, 35.7934663119, 12.0536635801, 0.130743587723, 2.84866314954, 5.19741238094, 754.964011616, 0.267259270935, 0.5
0.298102652772, 0.856883773738, 81.4200532695, 0.468227826371, 35.7934663119, 12.0536635801, 0.130743587723, 2.84866314954, 5.19741238094, 754.964011616, 0.267259270935, 0.5
0.298102652772, 0.856883773738, 81.4200532695, 0.468227826371, 35.7934663119, 12.0536635801, 0.130743587723, 2.84866314954, 5.19741238094, 754.964011616, 0.267259270935, 0.5
0.298102652772, 0.856883773738, 81.4200532695, 0.468227826371, 35.7934663119, 12.0536635801, 0.130743587723, 2.84866314954, 5.19741238094, 754.964011616, 0.267259270935, 0.5
0.298102652772, 0.856883773738, 81.4200532695, 0.468227826371, 35.7934663119, 12.0536635801, 0.130743587723, 2.84866314954, 5.19741238094, 754.964011616, 0.267259270935, 0.5
0.298102652772, 0.856883773738, 81.4200532695, 0.468227826371, 35.7934663119, 12.0536635801, 0.130743587723, 2.84866314954, 5.19741238094, 754.964011616, 0.267259270935, 0.5
0.298102652772, 0.856883773738, 82.7857481902, 0.473493094658, 35.7934663119, 12.1866743534, 0.130743587723, 2.71006239519, 6.63461815002, 616.722637875, 0.128115372041, 0.705882352941
0.298102652772, 0.856883773738, 82.7857481902, 0.473493094658, 35.7934663119, 12.1866743534, 0.130743587723, 2.71006239519, 6.63461815002, 616.722637875, 0.128115372041, 0.705882352941
0.298102652772, 0.856883773738, 82.7857481902, 0.473493094658, 35.7934663119, 12.1866743534, 0.130743587723, 2.71006239519, 6.63461815002, 616.722637875, 0.128115372041, 0.705882352941
0.298102652772, 0.856883773738, 82.7857481902, 0.473493094658, 35.7934663119, 12.1866743534, 0.130743587723, 2.71006239519, 6.63461815002, 616.722637875, 0.128115372041, 0.705882352941
0.298102652772, 0.856883773738, 82.7857481902, 0.473493094658, 35.7934663119, 12.1866743534, 0.130743587723, 2.71006239519, 6.63461815002, 616.722637875, 0.128115372041, 0.705882352941
0.298102652772, 0.856883773738, 82.7857481902, 0.473493094658, 35.7934663119, 12.1866743534, 0.130743587723, 2.71006239519, 6.63461815002, 616.722637875, 0.128115372041, 0.705882352941
0.298102652772, 0.856883773738, 82.7857481902, 0.473493094658, 35.7934663119, 12.1866743534, 0.130743587723, 2.71006239519, 6.63461815002, 616.722637875, 0.128115372041, 0.705882352941
0.298102652772, 0.856883773738, 82.7857481902, 0.473493094658, 35.7934663119, 12.1866743534, 0.130743587723, 2.71006239519, 6.63461815002, 616.722637875, 0.128115372041, 0.705882352941
0.298102652772, 0.856883773738, 82.7857481902, 0.473493094658, 35.7934663119, 12.1866743534, 0.130743587723, 2.71006239519, 6.63461815002, 616.722637875, 0.128115372041, 0.705882352941
0.298102652772, 0.856883773738, 82.7857481902, 0.473493094658, 35.7934663119, 12.1866743534, 0.130743587723, 2.71006239519, 6.63461815002, 616.722637875, 0.128115372041, 0.705882352941
0.298102652772, 0.856883773738, 82.7857481902, 0.473493094658, 35.7934663119, 12.1866743534, 0.130743587723, 2.71006239519, 6.63461815002, 616.722637875, 0.128115372041, 0.705882352941
0.298102652772, 0.856883773738, 82.7857481902, 0.473493094658, 35.7934663119, 12.1866743534, 0.130743587723, 2.71006239519, 6.63461815002, 616.722637875, 0.128115372041, 0.705882352941
0.298102652772, 0.856883773738, 82.7857481902, 0.473493094658, 35.7934663119, 12.1866743534, 0.130743587723, 2.71006239519, 6.63461815002, 616.722637875, 0.128115372041, 0.705882352941
0.298102652772, 0.856883773738, 82.7857481902, 0.473493094658, 35.7934663119, 12.1866743534, 0.130743587723, 2.71006239519, 6.63461815002, 616.722637875, 0.128115372041, 0.705882352941
0.298102652772, 0.856883773738, 82.7857481902, 0.473493094658, 35.7934663119, 12.1866743534, 0.130743587723, 2.71006239519, 6.63461815002, 616.722637875, 0.128115372041, 0.705882352941
0.298102652772, 0.856883773738, 82.7857481902, 0.473493094658, 35.7934663119, 12.1866743534, 0.130743587723, 2.71006239519, 6.63461815002, 616.722637875, 0.128115372041, 0.705882352941
0.298102652772, 0.856883773738, 82.7857481902, 0.473493094658, 35.7934663119, 12.1866743534, 0.130743587723, 2.71006239519, 6.63461815002, 616.722637875, 0.128115372041, 0.705882352941
0.298102652772, 0.856883773738, 82.7857481902, 0.473493094658, 35.7934663119, 12.1866743534, 0.130743587723, 2.71006239519, 6.63461815002, 616.722637875, 0.128115372041, 0.705882352941
0.303785197837, 0.837804928036, 81.4207835085, 0.47825376747, 35.7934663119, 10.2888063805, 0.130743587723, 2.85398768898, 5.19741238094, 1064.25510871, 0.269340976079, 0.65
0.302438183759, 0.856883773738, 82.7857481902, 0.473493094658, 35.7934663119, 12.1866743534, 0.130743587723, 2.71006239519, 6.63461815002, 604.862587147, 0.0663299286108, 0.0
0.302438183759, 0.856883773738, 82.7857481902, 0.473493094658, 35.7934663119, 12.1866743534, 0.130743587723, 2.71006239519, 6.63461815002, 604.862587147, 0.0663299286108, 0.0
0.302438183759, 0.856883773738, 82.7857481902, 0.473493094658, 35.7934663119, 12.1866743534, 0.130743587723, 2.71006239519, 6.63461815002, 604.862587147, 0.0663299286108, 0.0
0.302438183759, 0.856883773738, 82.7857481902, 0.473493094658, 35.7934663119, 12.1866743534, 0.130743587723, 2.71006239519, 6.63461815002, 604.862587147, 0.0663299286108, 0.0
0.302438183759, 0.856883773738, 82.7857481902, 0.473493094658, 35.7934663119, 12.1866743534, 0.130743587723, 2.71006239519, 6.63461815002, 604.862587147, 0.0663299286108, 0.0
0.302438183759, 0.856883773738, 82.7857481902, 0.473493094658, 35.7934663119, 12.1866743534, 0.130743587723, 2.71006239519, 6.63461815002, 604.862587147, 0.0663299286108, 0.0
0.302438183759, 0.856883773738, 82.7857481902, 0.473493094658, 35.7934663119, 12.1866743534, 0.130743587723, 2.71006239519, 6.63461815002, 604.862587147, 0.0663299286108, 0.0
0.302438183759, 0.856883773738, 82.7857481902, 0.473493094658, 35.7934663119, 12.1866743534, 0.130743587723, 2.71006239519, 6.63461815002, 604.862587147, 0.0663299286108, 0.0
0.302438183759, 0.856883773738, 82.7857481902, 0.450726171001, 35.7934663119, 12.1866743534, 0.130743587723, 2.71006239519, 6.5353367298, 913.925736756, 0.169774637689, 0.125
0.298102652772, 0.856883773738, 82.7857481902, 0.46902321742, 35.7934663119, 12.1866743534, 0.130743587723, 2.71006239519, 6.63461815002, 806.483449529, 0.211353786326, 0.0
0.298102652772, 0.856883773738, 81.0622061913, 0.473493094658, 35.7934663119, 12.1866743534, 0.130743587723, 2.71006239519, 6.63461815002, 512.518728428, 0.265304309971, 0.25
0.298102652772, 0.856883773738, 81.0622061913, 0.473493094658, 35.7934663119, 12.1866743534, 0.130743587723, 2.71006239519, 6.63461815002, 512.518728428, 0.265304309971, 0.25
0.298102652772, 0.856883773738, 81.0622061913, 0.473493094658, 35.7934663119, 12.1866743534, 0.130743587723, 2.71006239519, 6.63461815002, 512.518728428, 0.265304309971, 0.25
0.298102652772, 0.856883773738, 81.0622061913, 0.473493094658, 35.7934663119, 12.1866743534, 0.130743587723, 2.71006239519, 6.63461815002, 512.518728428, 0.265304309971, 0.25
0.298102652772, 0.856883773738, 81.0622061913, 0.473493094658, 35.7934663119, 12.1866743534, 0.130743587723, 2.71006239519, 6.63461815002, 512.518728428, 0.265304309971, 0.25
0.298102652772, 0.856883773738, 81.0622061913, 0.473493094658, 35.7934663119, 12.1866743534, 0.130743587723, 2.71006239519, 6.63461815002, 512.518728428, 0.265304309971, 0.25
0.298102652772, 0.856883773738, 81.0622061913, 0.473493094658, 35.7934663119, 12.1866743534, 0.130743587723, 2.71006239519, 6.63461815002, 512.518728428, 0.265304309971, 0.25
0.298102652772, 0.856883773738, 81.0622061913, 0.473493094658, 35.7934663119, 12.1866743534, 0.130743587723, 2.71006239519, 6.63461815002, 512.518728428, 0.265304309971, 0.25
0.298102652772, 0.856883773738, 81.0622061913, 0.473493094658, 35.7934663119, 12.1866743534, 0.130743587723, 2.71006239519, 6.63461815002, 512.518728428, 0.265304309971, 0.25
0.298102652772, 0.856883773738, 81.0622061913, 0.473493094658, 35.7934663119, 12.1866743534, 0.130743587723, 2.71006239519, 6.63461815002, 512.518728428, 0.265304309971, 0.25
0.298102652772, 0.856883773738, 81.0622061913, 0.473493094658, 35.7934663119, 12.1866743534, 0.130743587723, 2.71006239519, 6.63461815002, 512.518728428, 0.265304309971, 0.25
0.298102652772, 0.856883773738, 81.0622061913, 0.473493094658, 35.7934663119, 12.1866743534, 0.130743587723, 2.71006239519, 6.63461815002, 512.518728428, 0.265304309971, 0.25
0.298102652772, 0.856883773738, 81.0622061913, 0.473493094658, 35.7934663119, 12.1866743534, 0.130743587723, 2.71006239519, 6.63461815002, 512.518728428, 0.265304309971, 0.25
0.298102652772, 0.856883773738, 81.0622061913, 0.457136068756, 35.7934663119, 12.1866743534, 0.130743587723, 2.71006239519, 6.63461815002, 1058.31789377, 0.205736316731, 0.416666666667
0.298102652772, 0.856883773738, 81.0622061913, 0.457136068756, 35.7934663119, 12.1866743534, 0.130743587723, 2.71006239519, 6.63461815002, 1058.31789377, 0.205736316731, 0.416666666667
0.298102652772, 0.856883773738, 82.7857481902, 0.491073523402, 35.7934663119, 12.1866743534, 0.130743587723, 2.90575551041, 6.63461815002, 363.708222336, 0.00836754243039, 0.0
0.298102652772, 0.856883773738, 82.7857481902, 0.491073523402, 35.7934663119, 12.1866743534, 0.130743587723, 2.90575551041, 6.63461815002, 363.708222336, 0.00836754243039, 0.0
0.298102652772, 0.856883773738, 82.7857481902, 0.491073523402, 35.7934663119, 12.1866743534, 0.130743587723, 2.90575551041, 6.63461815002, 363.708222336, 0.00836754243039, 0.0
0.298102652772, 0.856883773738, 82.7857481902, 0.491073523402, 35.7934663119, 12.1866743534, 0.130743587723, 2.90575551041, 6.63461815002, 363.708222336, 0.00836754243039, 0.0
0.298102652772, 0.856883773738, 82.7857481902, 0.491073523402, 35.7934663119, 12.1866743534, 0.130743587723, 2.90575551041, 6.63461815002, 363.708222336, 0.00836754243039, 0.0
0.298102652772, 0.856883773738, 82.7857481902, 0.491073523402, 35.7934663119, 12.1866743534, 0.130743587723, 2.90575551041, 6.63461815002, 363.708222336, 0.00836754243039, 0.0
0.298102652772, 0.856883773738, 82.7857481902, 0.491073523402, 35.7934663119, 12.1866743534, 0.130743587723, 2.90575551041, 6.63461815002, 363.708222336, 0.00836754243039, 0.0
0.298102652772, 0.856883773738, 82.7857481902, 0.491073523402, 35.7934663119, 12.1866743534, 0.130743587723, 2.90575551041, 6.63461815002, 363.708222336, 0.00836754243039, 0.0
0.298102652772, 0.856883773738, 82.7857481902, 0.491073523402, 35.7934663119, 12.1866743534, 0.130743587723, 2.90575551041, 6.63461815002, 363.708222336, 0.00836754243039, 0.0
0.298102652772, 0.856883773738, 82.7857481902, 0.491073523402, 35.7934663119, 12.1866743534, 0.130743587723, 2.90575551041, 6.63461815002, 363.708222336, 0.00836754243039, 0.0
0.298102652772, 0.856883773738, 82.7857481902, 0.491073523402, 35.7934663119, 12.1866743534, 0.130743587723, 2.90575551041, 6.63461815002, 363.708222336, 0.00836754243039, 0.0
0.298102652772, 0.856883773738, 82.7857481902, 0.491073523402, 35.7934663119, 12.1866743534, 0.130743587723, 2.90575551041, 6.63461815002, 363.708222336, 0.00836754243039, 0.0
0.298102652772, 0.856883773738, 82.7857481902, 0.491073523402, 35.7934663119, 12.1866743534, 0.130743587723, 2.90575551041, 6.63461815002, 363.708222336, 0.00836754243039, 0.0
0.298102652772, 0.856883773738, 82.7857481902, 0.491073523402, 35.7934663119, 12.1866743534, 0.130743587723, 2.90575551041, 6.63461815002, 363.708222336, 0.00836754243039, 0.0
0.298102652772, 0.856883773738, 82.7857481902, 0.491073523402, 35.7934663119, 12.1866743534, 0.130743587723, 2.90575551041, 6.63461815002, 363.708222336, 0.00836754243039, 0.0
0.298102652772, 0.856883773738, 82.7857481902, 0.491073523402, 35.7934663119, 12.1866743534, 0.130743587723, 2.90575551041, 6.63461815002, 363.708222336, 0.00836754243039, 0.0
0.298102652772, 0.856883773738, 82.7857481902, 0.491073523402, 35.7934663119, 12.1866743534, 0.130743587723, 2.90575551041, 6.63461815002, 363.708222336, 0.00836754243039, 0.0
0.298102652772, 0.856883773738, 82.7857481902, 0.491073523402, 35.7934663119, 12.1866743534, 0.130743587723, 2.90575551041, 6.63461815002, 363.708222336, 0.00836754243039, 0.0
0.298102652772, 0.856883773738, 82.7857481902, 0.491073523402, 35.7934663119, 12.1866743534, 0.130743587723, 2.90575551041, 6.63461815002, 363.708222336, 0.00836754243039, 0.0
0.298102652772, 0.856883773738, 82.7857481902, 0.491073523402, 35.7934663119, 12.1866743534, 0.130743587723, 2.90575551041, 6.63461815002, 363.708222336, 0.00836754243039, 0.0
0.149010839599, 0.837804928036, 81.4200532695, 0.468223098459, 39.6423055038, 10.2888063805, 0.130743587723, 2.84866314954, 5.46192827283, 933.950483508, 0.075575730276, 0.0
0.298102652772, 0.83426493905, 82.7857481902, 0.476868450363, 35.7934663119, 6.57893451633, 0.130743587723, 2.71006239519, 6.63461815002, 987.398478795, 0.203785604162, 0.363636363636
0.298102652772, 0.83426493905, 82.7857481902, 0.476868450363, 35.7934663119, 6.57893451633, 0.130743587723, 2.71006239519, 6.63461815002, 987.398478795, 0.203785604162, 0.363636363636
0.298102652772, 0.83426493905, 82.7857481902, 0.476868450363, 35.7934663119, 6.57893451633, 0.130743587723, 2.71006239519, 6.63461815002, 987.398478795, 0.203785604162, 0.363636363636
0.298102652772, 0.856883773738, 82.7857481902, 0.50760144118, 35.7934663119, 12.1866743534, 0.130743587723, 2.90575551041, 6.63461815002, 881.032339821, 0.169958212538, 0.363636363636
0.298102652772, 0.856883773738, 82.7857481902, 0.50760144118, 35.7934663119, 12.1866743534, 0.130743587723, 2.90575551041, 6.63461815002, 881.032339821, 0.169958212538, 0.363636363636
0.298102652772, 0.856883773738, 82.7857481902, 0.485504630106, 35.7934663119, 12.1866743534, 0.130743587723, 2.71006239519, 6.63461815002, 948.804058269, 0.461507234883, 0.5
0.298102652772, 0.856883773738, 82.7857481902, 0.485504630106, 35.7934663119, 12.1866743534, 0.130743587723, 2.71006239519, 6.63461815002, 948.804058269, 0.461507234883, 0.5
0.298102652772, 0.856883773738, 82.7857481902, 0.485504630106, 35.7934663119, 12.1866743534, 0.130743587723, 2.71006239519, 6.63461815002, 948.804058269, 0.461507234883, 0.5
0.298102652772, 0.856883773738, 82.7857481902, 0.485504630106, 35.7934663119, 12.1866743534, 0.130743587723, 2.71006239519, 6.63461815002, 948.804058269, 0.461507234883, 0.5
0.298102652772, 0.856883773738, 82.7857481902, 0.485504630106, 35.7934663119, 12.1866743534, 0.130743587723, 2.71006239519, 6.63461815002, 948.804058269, 0.461507234883, 0.5
