0.500513764982, 0.829704655031, 2.00585180896, 0.318095475612, 16.3949891289, 41.7317738283, 2.52026283198, 1.62739300867, 22.3229700046, 255.283144965, 0.390958082942, 0.570850202429
0.504112652762, 0.838619909147, 2.05924286586, 0.474144959026, 32.6018140193, 44.3359622728, 2.16124859978, 1.94961578442, 22.303709446, 194.870053063, 0.421124931516, 0.197604790419
0.502865859572, 0.822282088489, 2.01587978767, 0.442547456412, 25.5452803025, 47.8859969861, 2.04666231245, 2.09381726831, 22.2103490744, 200.180026531, 0.470865686252, 0.169590643275
0.566980795101, 0.829704655031, 2.00584750182, 0.319730015701, 16.3949891289, 42.2601832759, 2.60650522094, 1.82623056802, 22.3229700046, 227.80781961, 0.410217687976, 0.632707774799
0.540595895051, 1.02384577926, 4.66545618096, 0.453825474913, 3.03748728219, 41.7870573626, 2.14788557079, 1.62010431731, 39.8855301892, 666.886608794, 0.384793962915, 0.0
0.50090551466, 0.834971004825, 2.18394187464, 0.445666350889, 27.8598948746, 43.6237979079, 2.52705129975, 1.25914770608, 27.3869460033, 283.861908799, 0.355172661304, 0.321917808219
0.50472088152, 0.839461325413, 2.06811830398, 0.294984814905, 35.2978090351, 43.6442141828, 2.93721196746, 1.6109121377, 30.4097854147, 239.866353385, 0.394414191197, 0.0671641791045
0.503246421445, 0.838619909147, 2.20622012005, 0.474144959026, 33.7640134118, 44.3359622728, 2.94014846453, 1.83350246644, 22.3229700046, 274.095212545, 0.431229010752, 0.0384615384615
0.503246421445, 0.838619909147, 2.20622012005, 0.410032078699, 33.2203232913, 42.4803507729, 2.94014846453, 1.83350246644, 21.9621119712, 284.352947225, 0.389296402676, 0.204545454545
0.500355579036, 0.838014786639, 2.07194372387, 0.456491683805, 44.2735665147, 41.7438089236, 2.02465557641, 1.26362948623, 24.2640109276, 228.851360451, 0.404498285897, 0.514285714286
0.50469425034, 0.827213509509, 2.00587099667, 0.447299004655, 33.8806622766, 42.3628677841, 2.61254867763, 1.95691118596, 32.6642952831, 238.884570137, 0.461233476655, 0.0555555555556
0.517468560517, 0.838619909147, 2.01751300132, 0.466498371721, 34.2185040612, 44.3239253454, 2.39493570537, 1.82712511127, 22.3711357035, 210.506231046, 0.491815782074, 0.0
0.50469425034, 0.939257512342, 2.0215116496, 0.432628184397, 33.8806622766, 42.3636477004, 2.12445818098, 4.2759642365, 32.7087131026, 277.103214444, 0.400137624318, 0.0
0.541039102519, 0.837368772453, 2.01723556881, 0.444247071766, 46.0315971623, 43.3757444602, 2.15722712372, 1.93099550406, 23.4022509636, 233.288511974, 0.448427071206, 0.189393939394
0.601786788199, 0.935998123291, 2.01723049358, 0.444247071766, 46.1573473948, 42.384905089, 2.58863955635, 1.93099550406, 24.342632318, 229.161784532, 0.465630174074, 0.0
0.502070781776, 0.822237297201, 2.01801659221, 0.447314688756, 33.6755482749, 48.0042564248, 2.61264103854, 1.95419825748, 32.2854232552, 189.527585701, 0.520475256536, 0.0105263157895
0.502070781776, 0.822282088489, 2.01705661881, 0.445197937274, 34.2457501876, 47.8859969861, 2.04666231245, 1.95190797855, 22.202810218, 207.072289058, 0.496458882622, 0.0
0.532338579906, 0.838611085563, 2.01723429757, 0.266389873808, 47.4859358874, 42.3355154271, 2.14974883016, 2.05802252969, 24.3977840874, 209.367085003, 0.485244075996, 0.012987012987
0.582083851375, 0.838619909147, 2.00861072512, 0.471708871781, 33.1227718712, 44.4171176829, 2.15408855129, 1.5827295278, 21.9219238536, 194.867431025, 0.45737319291, 0.554726368159
0.532319301696, 0.829900856162, 2.0170720443, 0.464034854207, 40.0983778874, 43.0418345779, 2.52493577666, 2.23749562466, 30.2076567297, 203.415785893, 0.512438090785, 0.0136054421769
0.500891609033, 0.838586896658, 2.06983960305, 0.302827560312, 25.5576979432, 44.7221893721, 2.04848569527, 1.6109121377, 21.8850433165, 238.961869815, 0.426454360126, 0.0808823529412
0.502070781776, 0.822237297201, 2.01705661881, 0.445108371933, 45.1690545506, 48.0042564248, 2.61092881689, 1.95419825748, 33.9647731686, 230.189271051, 0.407545640977, 0.423529411765
0.504090859508, 0.830922100035, 2.02564960167, 0.320148712827, 10.4963586806, 43.8667400094, 2.78934335727, 1.82621856945, 35.952139832, 226.871542679, 0.386069385046, 0.655378486056
0.541579342845, 0.838626791163, 2.01723556881, 0.444247071766, 46.0315971623, 43.3757444602, 2.16268826066, 1.93099550406, 22.3108370225, 235.26547884, 0.3771399777, 0.607344632768
0.503795236855, 0.838619909147, 2.20979558386, 0.466478318889, 10.7478021631, 44.3359622728, 2.03601792095, 1.82712511127, 22.3229700046, 223.732347205, 0.414680335511, 0.495495495495
0.501231699963, 0.838671632174, 2.01372827722, 0.473060626656, 2.89031292804, 43.6600017653, 2.53372546833, 1.18829640743, 32.9552538465, 196.277324776, 0.490499993052, 0.0810810810811
0.532338579906, 0.838611085563, 2.01723049358, 0.444951816378, 25.5389011659, 42.3701577065, 2.59362176961, 2.12745349125, 24.5225038656, 240.867239004, 0.433703927858, 0.0
0.502410623529, 0.837886786893, 2.01681041028, 0.46624321973, 2.67559505229, 42.3347595236, 2.14682475666, 1.6302406917, 27.34909348, 201.470587538, 0.455997124393, 0.111111111111
0.540743210622, 1.02384577926, 4.66545618096, 0.325634592091, 3.04272744386, 41.7870573626, 2.14788557079, 1.62217142651, 39.8855301892, 831.090848904, 0.347195640198, 0.721674876847
0.503909522234, 0.832472565147, 2.03350490857, 0.256468435759, 19.6069387829, 42.8339464697, 2.1582324011, 1.99829980255, 34.2643047635, 244.182774049, 0.393119047666, 0.55035971223
0.505432006546, 0.8305415556, 2.01151842879, 0.417671124957, 25.8481257212, 42.3641675638, 2.58864606023, 1.72918328148, 34.4909381823, 239.716250647, 0.419173220152, 0.247126436782
0.503246421445, 0.83603675309, 2.20622012005, 0.474144959026, 33.7640134118, 41.7029958959, 2.94014846453, 1.82891064703, 22.3229700046, 213.170070526, 0.476439933102, 0.0
0.531275381545, 1.01605935389, 2.03500298395, 0.449293484214, 33.0857669177, 42.1705333911, 2.15717505179, 1.95431286517, 23.1497485511, 281.298103717, 0.388343246982, 0.341772151899
0.532488887266, 0.941010985807, 2.01348716076, 0.449989314611, 33.7594896702, 40.0363340577, 2.28378567129, 1.95695494052, 27.2184217563, 315.391045848, 0.385806550992, 0.0408163265306
0.500777183274, 0.823320471349, 2.01608422188, 0.295653928899, 7.56645743378, 47.0733593386, 2.52378159886, 2.06488755192, 22.0961050555, 204.992483817, 0.552057098705, 0.0797101449275
0.504267855286, 0.935894980925, 2.01723185743, 0.444285008269, 33.8806622766, 41.8764981896, 2.16480903308, 1.93120609871, 32.7087131026, 263.26578381, 0.402528833173, 0.230769230769
0.517468560517, 0.838619909147, 2.21089951208, 0.466498371721, 10.7478021631, 44.3359622728, 2.04153278765, 1.82712511127, 22.3229700046, 236.177349354, 0.464921223832, 0.127272727273
0.502375739566, 0.842189649897, 2.01723424702, 0.267893755734, 46.26067694, 42.3677281172, 2.1473014481, 1.96324414286, 24.342632318, 263.571929933, 0.411875211192, 0.197080291971
0.502118104789, 0.82573419751, 2.07245041462, 0.3080320766, 18.263924004, 41.7867010476, 2.1245189566, 4.2663743546, 32.3815874537, 235.20758771, 0.488653878303, 0.0227272727273
0.500962861217, 0.825841940831, 2.02364964686, 0.3080320766, 45.6261651949, 43.9130289236, 2.12452560753, 4.2663743546, 24.0589144812, 244.251490612, 0.459441986251, 0.0515463917526
0.504197413781, 1.03127543535, 2.01567820266, 0.458402196864, 26.536581474, 40.0050421354, 2.38674362699, 1.28386039941, 27.1218314923, 314.193986784, 0.355962714246, 0.478947368421
0.501231699963, 0.831269059029, 2.01327550239, 0.443894021116, 3.66582109058, 43.6524850954, 2.66969431725, 1.75243805152, 33.0361627634, 268.885272772, 0.446388345133, 0.0
0.550097696981, 0.832970942285, 2.03138690768, 0.325676708426, 33.1419451118, 42.1935184759, 2.59455968157, 1.90691563821, 22.1704769538, 276.288072698, 0.411212913229, 0.144230769231
0.502070781776, 0.838560305129, 2.01597173261, 0.263725559179, 31.0861115668, 43.6377862043, 2.15947615899, 1.96486740404, 27.2083609775, 262.35769307, 0.427573751762, 0.188679245283
0.563695895181, 0.841555806365, 2.5004111011, 0.295045438656, 24.4868321202, 41.7262789618, 2.96705775777, 1.59337451147, 25.8092443852, 299.297809833, 0.388887402365, 0.497737556561
0.573187852378, 0.8276155669, 2.0314293018, 0.326028292222, 33.6251311263, 41.7206134195, 2.38661508033, 1.80259403547, 32.4609228203, 236.533257836, 0.430311882708, 0.426086956522
0.500581290254, 1.03320597931, 2.01143026572, 0.466521413559, 25.3393517384, 42.3641675638, 2.59325029851, 1.79983913458, 34.5015643697, 285.310505625, 0.396847673159, 0.102941176471
0.50469425034, 0.939257512342, 2.0215116496, 0.449334932295, 33.8806622766, 42.3628677841, 2.16480903308, 1.95691118596, 32.7087131026, 304.47443607, 0.4212509559, 0.0
0.515341805056, 0.936504626381, 2.0214816248, 0.449320422266, 10.7478021631, 43.9079646897, 2.04153278765, 1.9568785164, 37.9607305587, 281.579001956, 0.37808156051, 0.64406779661
0.505741281911, 0.829869081993, 2.08454348212, 0.395693159643, 2.08713647317, 42.2192161614, 2.18211161732, 1.95695817157, 26.8673824515, 229.085167261, 0.436129885678, 0.258333333333
0.505279756607, 0.822625604496, 2.01589119583, 0.306751459013, 2.89031292804, 43.6357054853, 2.53372546833, 1.59337451147, 32.8350646109, 248.297861235, 0.432302846723, 0.11801242236
0.541039102519, 0.939149162202, 2.01723049358, 0.444247071766, 46.1573473948, 43.3757444602, 2.58863955635, 1.93099550406, 24.342632318, 197.242309778, 0.487939313328, 0.292929292929
0.504185928763, 0.838619909147, 2.05924286586, 0.474144959026, 32.6018140193, 44.3359622728, 2.94014846453, 1.75084247393, 22.303709446, 207.806983861, 0.478066896061, 0.145833333333
0.502423873703, 0.832517552373, 2.03374418514, 0.268034493576, 45.9520497003, 42.3067651737, 2.1582324011, 1.96356538578, 34.9937825203, 284.868698916, 0.42375808803, 0.132743362832
0.517468560517, 0.838619909147, 2.03127760382, 0.46754747659, 10.7478021631, 43.9079646897, 2.04153278765, 4.09474064003, 20.1825228049, 280.893516148, 0.4456874376, 0.0326086956522
0.535623658086, 0.829723172562, 2.02564960167, 0.322031467607, 10.7478021631, 43.9079646897, 2.04000511684, 1.82621856945, 35.9849373205, 235.776368934, 0.455302107871, 0.236263736264
0.500925725106, 0.834924829522, 2.01589119583, 0.446419792887, 2.89031292804, 43.6359082097, 2.53372546833, 1.25521420466, 32.9552538465, 256.982029577, 0.460144191278, 0.0
0.50090551466, 0.838014786639, 2.07194372387, 0.456510693276, 3.67152587573, 41.7832163934, 2.04288633974, 1.26362948623, 27.34909348, 205.459706384, 0.462714589643, 0.309623430962
0.509700506277, 0.838619909147, 2.42123602884, 0.466425874308, 34.6074933314, 40.0891245517, 2.04153278765, 1.95189090727, 22.1211437759, 248.377329903, 0.422895462586, 0.242038216561
0.505622200745, 0.832479549012, 2.03343611086, 0.410975054743, 44.7469526183, 42.2411855219, 2.14535164829, 1.9627754417, 33.5998720192, 262.999687926, 0.408041078727, 0.412322274882
0.504090859508, 0.829723172562, 2.02564960167, 0.322031467607, 10.4963586806, 43.8667400094, 2.78934335727, 1.82621856945, 35.9950298523, 247.833638645, 0.433973473882, 0.309278350515
0.505610307836, 0.832472565147, 2.03343611086, 0.417620549619, 2.08500340169, 41.7760144815, 2.1438362872, 1.95695817157, 34.9736931802, 320.548098155, 0.368016073502, 0.463276836158
0.556373378238, 0.838649323756, 2.01597173261, 0.263725559179, 33.6548362335, 43.9245399158, 2.15947615899, 1.9885148897, 24.0727674732, 222.46964521, 0.493888725004, 0.116279069767
0.502375739566, 0.842215778147, 2.01722615205, 0.267893755734, 47.1829788739, 40.1778937376, 2.1473014481, 1.96376294695, 26.9159643893, 211.008108017, 0.432274513502, 0.362745098039
0.56344579151, 1.01720167744, 2.03282935738, 0.254701444095, 46.1573473948, 42.4763701266, 2.57058215076, 1.95695494052, 24.3410549425, 286.399775545, 0.383083465527, 0.51953125
0.504112652762, 0.838619909147, 2.05924286586, 0.474144959026, 32.6018140193, 44.3359622728, 2.1627453266, 1.94961578442, 22.303709446, 214.762027389, 0.468443233941, 0.25
0.504197413781, 1.03361205835, 2.01567820266, 0.321899081879, 26.536581474, 40.0050421354, 2.38972533372, 1.28386039941, 27.1218314923, 248.926167277, 0.45703175382, 0.063829787234
0.502092232437, 0.822282088489, 2.01589116335, 0.461752259199, 25.3622864134, 43.6631123248, 2.04798800721, 1.95190797855, 22.2103490744, 235.455482558, 0.48003593672, 0.126126126126
0.549694318518, 0.832965248161, 2.03131930574, 0.325676708426, 1.63178487013, 42.5028358846, 2.59455968157, 4.12496575242, 22.1704769538, 203.903911958, 0.549071358974, 0.101123595506
0.503246421445, 0.839807956134, 2.1615039133, 0.499824477793, 2.83961716433, 44.314020651, 2.93967957606, 1.8327318931, 22.4066893928, 242.062622192, 0.445602846447, 0.163522012579
0.532354427183, 0.829900856162, 2.0170673438, 0.446425607544, 39.1355745339, 43.6557678145, 2.52493577666, 2.24057269421, 30.1246470175, 255.945119568, 0.46299434091, 0.0
0.502108007686, 0.940070729063, 2.01632149239, 0.266184934277, 33.7652520536, 41.7867010476, 2.15298277653, 1.96486740404, 33.8934659832, 266.615544987, 0.451011506814, 0.099173553719
0.566378350602, 1.01780961944, 2.01093788463, 0.454371848038, 10.6292664994, 44.5626147831, 2.60260577668, 1.14317994381, 22.12147379, 234.380948895, 0.455489226033, 0.208333333333
0.502375739566, 0.841847340001, 2.01715099294, 0.447255765213, 47.1695705456, 40.1778937376, 2.1473014481, 1.93134895351, 33.6311925045, 239.207510711, 0.469168717808, 0.0659340659341
0.504102553486, 0.82424149706, 2.01591662899, 0.295485530638, 25.9941548227, 41.7262789618, 2.53654112826, 1.59337451147, 27.0970300663, 210.566173841, 0.444274409227, 0.472392638037
0.505279756607, 0.822625604496, 2.05977236688, 0.306610973379, 2.89031292804, 43.643153296, 2.54693865984, 1.59337451147, 21.2632953268, 243.674624423, 0.467331818373, 0.11811023622
0.506336491904, 1.10956468941, 2.01759862688, 0.477355446309, 19.3478270286, 40.1544989322, 2.96200588286, 1.21048698938, 33.5960242865, 300.35792029, 0.390119489143, 0.381165919283
0.532319301696, 0.829900856162, 2.0170720443, 0.464034854207, 40.0983778874, 43.048569635, 2.52493577666, 2.24057269421, 30.1246470175, 202.626022529, 0.550643339377, 0.189473684211
0.502410623529, 0.837886786893, 2.01678892377, 0.46624321973, 6.53321865412, 41.8009612052, 2.0406878027, 1.6302406917, 25.7877059007, 227.136167071, 0.43417504372, 0.337662337662
0.505585321011, 0.823387326187, 2.0312334142, 0.32052172466, 2.6507610631, 42.3628677841, 2.7094747296, 1.9569104212, 32.7238627963, 217.888360362, 0.491671725841, 0.127516778523
0.500891609033, 0.839461325413, 2.06811830398, 0.303730384284, 33.5402516107, 44.7221893721, 2.04334000058, 1.6109121377, 21.8850433165, 197.68540974, 0.463621740021, 0.578692493947
0.500905489136, 0.838019427048, 2.01103937416, 0.454390153125, 44.9371076075, 42.657935504, 2.20326933671, 1.26362948623, 22.163291936, 191.239116073, 0.581408337937, 0.0272727272727
0.58163717284, 1.01780961944, 2.01093788463, 0.466669780543, 10.6292664994, 44.6046232762, 2.60260577668, 1.82172775271, 22.1234304174, 243.861118977, 0.483633863816, 0.0
0.501231699963, 0.833941074615, 2.01372827722, 0.444248520332, 2.89031292804, 43.6524850954, 2.53372546833, 1.18829640743, 32.9552538465, 265.889732505, 0.39101258585, 0.607407407407
0.500430623621, 0.838013231328, 2.07194372387, 0.452636010047, 2.64310829671, 41.7490487341, 2.94602964126, 1.6302406917, 27.34909348, 230.100981056, 0.475733687237, 0.213333333333
0.502375739566, 0.842189649897, 2.01723424702, 0.466639608951, 46.26067694, 42.3179343913, 2.14302690754, 1.9846127525, 24.342632318, 229.007096155, 0.41968589994, 0.563829787234
0.502375739566, 0.842289109481, 2.16898349211, 0.267893755734, 47.1829788739, 40.1778937376, 2.1473014481, 1.96312053556, 33.6311925045, 246.216120307, 0.394509953941, 0.504166666667
0.503246421445, 0.839459308363, 2.1615039133, 0.498487980443, 35.2891930454, 44.3359622728, 2.94014846453, 1.83350246644, 22.4066893928, 242.702335691, 0.408477407498, 0.60989010989
0.504197413781, 0.828048977456, 2.01567820266, 0.458402196864, 26.2090431191, 41.7951523574, 2.04013473284, 1.28450268649, 27.3464092655, 221.629612984, 0.49996079733, 0.0
0.502070781776, 0.838560305129, 2.01597173261, 0.263725559179, 33.6739927043, 41.7867010476, 2.15947615899, 1.96486740404, 33.8721948702, 251.759153733, 0.40553505054, 0.466431095406
0.500581290254, 0.941921906061, 2.01151842879, 0.466521413559, 25.3393517384, 42.3641675638, 2.59325029851, 1.55151958869, 34.4909381823, 256.586159538, 0.394245079166, 0.620588235294
0.504279144043, 0.838364281352, 2.0599887891, 0.474144959026, 32.6018140193, 44.3359622728, 2.16124859978, 1.94961578442, 22.303709446, 209.662077919, 0.500243524026, 0.0
