2.51449971844e-07, 0.0268417460281, 0.779129165765, 0.543046605336, 0.534291401278, 0.499400773924, 0.516474572823, 0.555712981016, 0.649549435538, 0.553088646292, 0.318665117392, 0.549696983037, 0.466925354582, 0.510472328378, 0.238252444913, 0.272865719716, 1.00186629552, 0.0449446093333, 4.21160003853e-07
0.000240541829816, 0.936008000229, 0.406292158218, 0.84490370845, 0.791228962201, 0.0526791088903, 0.934877127345, 0.954911600632, 0.454689416982, 0.808384752219, 0.682335604282, 0.879280078049, 0.952014061337, 0.469473675618, 0.0420035836307, 0.168986422683, 0.129160324046, 2.14956975864, 0.000816318804425
0.869214690363, 0.483359870074, 0.999908937348, 0.999999094266, 0.658487695324, 0.77142528376, 0.657311703879, 0.875767822547, 0.498070453873, 0.56037539076, 0.482251532549, 0.849978202788, 0.440484565489, 0.899821388208, 4.68123308879e-11, 3.29033202165e-05, 0.230027389381, 0.218306067965, 1.52189637987
0.297733688027, 0.0268417460281, 0.0340176645677, 0.00393779370511, 0.439589658975, 0.94469235835, 0.743716857049, 0.9411665835, 0.715265761163, 0.495193072677, 0.614375590507, 0.30836062472, 0.121463695154, 0.812540784514, 1.59634234919, 0.00987425665419, 0.0853831817568, 0.0674439117633, 0.80811780233
0.99983713637, 0.00050528442212, 0.779129165765, 0.00393779370511, 0.534291401278, 0.94469235835, 0.638739120412, 0.555712981016, 0.649549435538, 0.495193072677, 0.614375590507, 0.30836062472, 0.0871816487264, 0.325877573606, 0.000129974570252, 8.03964303672e-07, 0.000359481517496, 3.03397634459e-07, 1.49421280127
0.99983713637, 0.0268417460281, 0.846749637984, 0.842856044481, 0.471593563766, 0.94469235835, 0.76739797333, 0.856648173996, 0.0616433619245, 0.688869520961, 0.614375590507, 0.448669729982, 0.121463695154, 0.677039706737, 2.70306014026e-05, 0.000107272883998, 0.000450642170958, 1.95761256472e-05, 1.81543535821
0.999877582175, 0.61936306515, 0.00511891733532, 0.388325079263, 0.534291401278, 0.326882053265, 0.485012259317, 0.258349046896, 0.486642091069, 0.226748740381, 0.614375590507, 0.602789514806, 0.642539322959, 0.325877573606, 0.000109915150025, 7.68184353869e-05, 1.0782794478e-06, 0.000196902308691, 1.23889373892
0.952628005931, 0.507322663427, 0.999994856392, 0.000128541019446, 0.886831867662, 0.666171558042, 0.832955872503, 0.456888726573, 0.649549435538, 0.454751867323, 0.415859299592, 0.094194195049, 0.220880440332, 0.0424684563536, 7.44496639355e-07, 1.50322629694e-10, 0.0921456779956, 0.0942902354179, 1.7684759099
0.000240541829816, 0.190387603965, 0.999908937348, 0.84490370845, 0.791228962201, 0.0526791088903, 0.934877127345, 0.954911600632, 0.454689416982, 0.998943704005, 0.682335604282, 0.879280078049, 0.952014061337, 0.899821388208, 8.15504246629e-05, 0.000328089018624, 2.36346626044, 0.728672642644, 0.000934496117011
0.000534269042731, 0.0786069531261, 0.00224013490012, 0.993512613994, 0.507262421229, 0.77142528376, 0.809830077172, 0.0485890654071, 0.740364727395, 0.105035458527, 0.224220725776, 0.549696983037, 0.29132843999, 0.646923942759, 0.0175039688724, 1.7176389603, 0.00604435931725, 0.213183191787, 0.00145263407708
0.0211548685534, 0.114763283458, 0.997175395902, 0.928213172024, 0.0185404397883, 0.467847923444, 0.352305277507, 0.758911361638, 0.790280947688, 0.756503457455, 0.0911790996374, 0.354939409426, 0.943990747547, 0.66913901289, 0.000925651040222, 0.00817403385863, 1.85405708332, 0.337901927016, 0.062648792867
0.11927195856, 0.00607212877696, 0.54064319011, 0.133963722718, 0.387237391988, 0.338154146177, 0.485012259317, 0.313450473485, 0.243773512469, 0.51771478117, 0.313933717237, 0.553783825971, 0.766462093264, 0.0368293954931, 0.928456387501, 0.198310607284, 1.07907752445, 0.0137092802064, 0.272484625324
0.0517488710624, 0.114763283458, 0.990888495984, 0.554199741669, 0.292811982341, 0.565594953203, 0.638739120412, 0.842721662793, 0.647083681411, 0.49688139485, 0.557216446245, 0.13153458056, 0.27445207522, 0.986106331621, 0.0147569125909, 0.0175107318214, 1.59988404531, 0.291605883734, 0.132497289932
0.287489162392, 0.740753659122, 0.148250358827, 0.793022385887, 0.543278764485, 0.467847923444, 0.412173783347, 0.522863131933, 0.593149616689, 0.41647604481, 0.972913919203, 0.553783825971, 0.766462093264, 0.0368293954931, 0.170438970171, 0.505632051816, 0.126552510112, 1.27137585163, 0.671551513154
0.0538954149644, 0.0193686977275, 0.310584938233, 0.999999094266, 0.425899678276, 0.0827312345807, 0.955496376046, 0.78888523084, 0.376667348281, 0.167456199923, 0.380736389983, 0.635853540886, 0.622179178326, 0.156864317433, 2.20502953571e-06, 1.54986499335, 0.822435424564, 0.0533977063789, 0.148963643394
0.0764801196034, 0.435063193696, 0.00224013490012, 0.62655538692, 0.507262421229, 0.690745355436, 0.841138774012, 0.78888523084, 0.593149616689, 0.539841264328, 0.380736389983, 0.869433703808, 0.108924231117, 0.903392480019, 0.729926888081, 1.09821176582, 0.0046401117831, 1.07378177175, 0.205284315183
0.0211548685534, 0.114763283458, 0.317565915622, 0.928213172024, 0.390444839089, 0.355810043333, 0.568612830762, 0.758911361638, 0.784711480965, 0.483864020938, 0.0911790996374, 0.354939409426, 0.943990747547, 0.66913901289, 0.155428687677, 1.37252517469, 0.752511748889, 0.286672298348, 0.0531505505119
0.00132788879832, 0.945709152903, 0.264260857939, 0.491689504179, 0.791228962201, 0.338154146177, 0.934877127345, 0.987550027629, 0.573861274987, 0.539841264328, 0.682335604282, 0.879280078049, 0.302264374458, 0.469473675618, 0.0983703740257, 0.0958350536531, 0.0605249479235, 1.75559806769, 0.00367526334566
0.287489162392, 0.435063193696, 0.148250358827, 0.547000183034, 0.543278764485, 0.693876430215, 0.311059165138, 0.696001348436, 0.593149616689, 0.21112230857, 0.534052325286, 0.553783825971, 0.87692402852, 0.0303103342123, 0.697087502605, 0.808439503916, 0.253177524159, 0.893351967396, 0.686201440234
0.460803860388, 0.598519509953, 0.294118858773, 0.115417674603, 0.543278764485, 0.310598631407, 0.412173783347, 0.291449920069, 0.740364727395, 0.41647604481, 0.972913919203, 0.553783825971, 0.544118859338, 0.0368293954931, 0.621155119589, 0.113864240037, 0.314453698358, 0.96625487601, 1.05743988885
0.186978621908, 0.185219116559, 0.065055622928, 0.00558087927542, 0.543278764485, 0.0899985511808, 0.412173783347, 0.272634717882, 0.525841504299, 0.400350512918, 0.9121764817, 0.553783825971, 0.956600413521, 0.458342382078, 1.48037542162, 0.0129779320651, 0.151812904402, 0.445623029197, 0.469854667451
0.287489162392, 0.435063193696, 0.148250358827, 0.793022385887, 0.543278764485, 0.467847923444, 0.412173783347, 0.522863131933, 0.593149616689, 0.41647604481, 0.972913919203, 0.553783825971, 0.507965878889, 0.0368293954931, 0.318313281723, 0.944322754339, 0.236350552715, 0.833976996831, 0.640594342692
0.110066480189, 0.187705954029, 0.00511891733532, 0.554199741669, 0.448178689284, 0.485728414198, 0.555826955389, 0.458959405968, 0.812194902584, 0.357118792219, 0.998989134357, 0.553783825971, 0.326692419185, 0.237639576144, 0.896712501303, 1.06404995181, 0.0111890491986, 0.422614760206, 0.253974612704
0.216130128019, 0.246335342997, 0.899621822148, 0.11448647215, 0.810884019256, 0.408097273674, 0.478405701611, 0.416845855157, 0.55203542288, 0.75792942737, 0.995865002199, 0.849978202788, 0.422211440483, 0.597128959639, 0.211196331627, 0.0383952814988, 1.35010647399, 0.557058932388, 0.521351759262
0.383374481459, 0.949475566439, 0.260885009543, 0.546572884948, 0.543278764485, 0.355810043333, 0.474019978669, 0.130763251991, 0.129535573728, 0.167456199923, 0.458596549559, 0.693013893113, 0.406060174374, 0.237639576144, 0.0596888951399, 0.0691296598422, 0.0396740522473, 1.25206623004, 0.863357976307
0.000240541829816, 0.936008000229, 0.543718321232, 0.84490370845, 0.791228962201, 0.0526791088903, 0.934877127345, 0.954911600632, 0.647083681411, 0.454751867323, 0.682335604282, 0.879280078049, 0.952014061337, 0.469473675618, 0.0331868157305, 0.133515304786, 0.157901262133, 2.07646743466, 0.000788557527326
0.292964309093, 0.470335300598, 0.846749637984, 0.842856044481, 0.773425504795, 0.94469235835, 0.76739797333, 0.775059383902, 0.593149616689, 0.688869520961, 0.614375590507, 0.603683235852, 0.121463695154, 0.677039706737, 0.0641467986218, 0.254571179712, 1.06942691213, 1.00305649969, 0.738336221203
0.514129504052, 0.0541816097882, 0.310584938233, 0.189791671275, 0.543278764485, 0.107451269071, 0.352305277507, 0.78888523084, 0.63734850071, 0.495193072677, 0.361518475232, 0.553783825971, 0.466925354582, 0.469473675618, 0.758468984042, 0.23306386083, 0.421054406541, 0.0766349420984, 0.942461830348
0.0123817293611, 0.0786069531261, 0.00224013490012, 0.468372379804, 0.507262421229, 0.958767993097, 0.955496376046, 0.875767822547, 0.740364727395, 0.167456199923, 0.224220725776, 0.549696983037, 0.29132843999, 0.469473675618, 1.36120018888, 1.23225004846, 0.00646092853357, 0.227875494226, 0.0359895860127
0.056508324003, 0.187705954029, 0.750563566703, 0.119476261645, 0.322554498047, 0.872856372935, 0.68833920538, 0.609554466448, 0.310549580304, 0.672274284269, 0.624572945546, 0.354939409426, 0.559037974134, 0.617749809322, 0.478220327215, 0.0908177283751, 1.17810929794, 0.387129244597, 0.118561575905
0.751904222739, 0.483359870074, 0.00511891733532, 0.388325079263, 0.534291401278, 0.326882053265, 0.485012259317, 0.867067124402, 0.647083681411, 0.56037539076, 0.614375590507, 0.594376790453, 0.642539322959, 0.325877573606, 0.28549994596, 0.199532631732, 0.00280078518754, 0.330577080477, 1.16923669578
0.869214690363, 0.483359870074, 0.999908937348, 0.999999094266, 0.658487695324, 0.77142528376, 0.657311703879, 0.875767822547, 0.498070453873, 0.56037539076, 0.482251532549, 0.849978202788, 0.440484565489, 0.899821388208, 4.68123308879e-11, 3.29033202165e-05, 0.230027389381, 0.218306067965, 1.52189637987
0.396151736234, 0.318149500777, 0.635580412403, 0.95761957461, 0.628313268372, 0.338881193823, 0.548274137625, 0.842721662793, 0.647083681411, 0.495193072677, 0.147982862524, 0.163528140066, 0.27445207522, 0.574606609144, 0.037967574167, 0.569489134997, 0.885711819042, 0.575284227618, 0.861174168019
0.952628005931, 0.507322663427, 0.999994856392, 0.000266417367871, 0.886831867662, 0.377633152745, 0.606823835536, 0.456888726573, 0.649549435538, 0.454751867323, 0.415859299592, 0.95346029649, 0.220880440332, 0.0424684563536, 7.14630915455e-07, 2.99064067554e-10, 0.0884492302104, 0.0905077581551, 1.69753303984
0.000240541829816, 0.936008000229, 0.543718321232, 0.491689504179, 0.791228962201, 0.0526791088903, 0.934877127345, 0.954911600632, 0.647083681411, 0.539841264328, 0.682335604282, 0.879280078049, 0.726650100221, 0.469473675618, 0.0913003939759, 0.0889472896885, 0.146294622806, 1.92383528807, 0.000730594071654
0.383374481459, 0.949475566439, 0.385187286085, 0.222377948183, 0.235534209565, 0.752247603862, 0.474019978669, 0.456888726573, 0.512498818315, 0.539841264328, 0.458596549559, 0.756174048109, 0.974346932828, 0.000642703572717, 0.0848011303856, 0.0308885808931, 0.0624159030396, 1.37974317696, 0.951397177325
0.869214690363, 0.483359870074, 0.406292158218, 0.999999094266, 0.658487695324, 0.556499220146, 0.657311703879, 0.875767822547, 0.498070453873, 0.56037539076, 0.482251532549, 0.849978202788, 0.440484565489, 0.603902211048, 2.2572918205e-07, 0.158659896193, 0.117686485457, 0.187476560531, 1.30697191078
0.186978621908, 0.519713969015, 0.430208686389, 0.107201149988, 0.773425504795, 0.303438215726, 0.746509315064, 0.609554466448, 0.593149616689, 0.495193072677, 0.998989134357, 0.265771425182, 0.466925354582, 0.801272320865, 0.802033198052, 0.136346481657, 0.652206545227, 1.10936229053, 0.46047404098
8.9049603418e-05, 0.187705954029, 0.260885009543, 0.0875138553021, 0.982725338805, 0.485728414198, 0.485012259317, 0.612714257494, 0.812194902584, 0.483864020938, 0.973886691954, 0.553783825971, 0.58657357848, 0.237639576144, 1.43239017459, 0.198155338787, 0.628141824132, 0.47880395528, 0.000230474346292
0.287489162392, 0.435063193696, 0.148250358827, 0.429014691567, 0.481893190211, 0.693876430215, 0.311059165138, 0.696001348436, 0.593149616689, 0.21112230857, 0.534052325286, 0.448669729982, 0.87692402852, 0.677039706737, 0.732767680162, 0.585197871605, 0.222413642199, 0.784799778316, 0.602820341623
0.142646345918, 0.277164567431, 0.361443385031, 0.177474373888, 0.71946585435, 0.355810043333, 0.409347547695, 0.205440791376, 0.558635322025, 0.40869653214, 0.904355146693, 0.340153707772, 0.105091827679, 0.237639576144, 1.13903332462, 0.326025148814, 0.755653885644, 0.653627460563, 0.353195619673
0.00132788879832, 0.061717704105, 0.0786551331549, 0.985988497531, 0.447411738605, 0.0420960364984, 0.861083433801, 0.522863131933, 0.593149616689, 0.225345440017, 0.457191050955, 0.411354991086, 0.565113383766, 0.625054416679, 0.0316715076765, 1.43877876799, 0.178716186584, 0.141031335783, 0.00303912592367
0.292964309093, 0.409930743806, 0.56943381422, 0.0231025885018, 0.773425504795, 0.555996885751, 0.746509315064, 0.458959405968, 0.593149616689, 0.495193072677, 0.534052325286, 0.549696983037, 0.839817253357, 0.469473675618, 0.568829917643, 0.0206515975328, 0.709190068898, 0.68261579507, 0.563620936098
0.000263568181849, 0.519713969015, 0.264260857939, 0.491689504179, 0.694679559377, 0.334950338045, 0.934877127345, 0.987550027629, 0.573861274987, 0.539841264328, 0.682335604282, 0.915412892265, 0.861938744688, 0.469473675618, 0.824517553192, 0.8032670886, 0.507306010201, 1.33837024275, 0.000760437692716
0.0134844368462, 0.107652690855, 0.198591677395, 0.257543879829, 0.810629651465, 0.303438215726, 0.746509315064, 0.609554466448, 0.64959744712, 0.495193072677, 0.500653686192, 0.620415069349, 0.466925354582, 0.469473675618, 1.07506324481, 0.460305226066, 0.377123164121, 0.209788190174, 0.0264074012373
0.186978621908, 0.187705954029, 0.599524523202, 0.401027917862, 0.810629651465, 0.303438215726, 0.746509315064, 0.609554466448, 0.593149616689, 0.495193072677, 0.389871151785, 0.620415069349, 0.466925354582, 0.469473675618, 0.542254958849, 0.395310584977, 0.922174777007, 0.346366782822, 0.360501022291
0.230565211117, 0.061717704105, 0.0786551331549, 0.985988497531, 0.447411738605, 0.0420960364984, 0.761714030517, 0.522863131933, 0.356550342826, 0.225345440017, 0.457191050955, 0.442168571787, 0.565113383766, 0.689001284452, 0.0289174476545, 1.31366684955, 0.163175559034, 0.128767670672, 0.504038069613
0.0538954149644, 0.0786069531261, 0.00224013490012, 0.468372379804, 0.507262421229, 0.235499193108, 0.955496376046, 0.875767822547, 0.740364727395, 0.167456199923, 0.224220725776, 0.549696983037, 0.29132843999, 0.469473675618, 1.25358058609, 1.13482553895, 0.00595011273433, 0.209859136034, 0.144597950851
0.00132788879832, 0.114763283458, 0.601950563122, 0.983004424875, 0.673503442801, 0.107451269071, 0.550915954525, 0.997234426314, 0.477691611426, 0.539841264328, 0.461400216609, 0.459186510581, 0.466925354582, 0.469473675618, 0.0221535498887, 0.829629894409, 1.14968588312, 0.25841706049, 0.00300632086939
0.99994871369, 0.77757919394, 0.654717785025, 0.0231025885018, 0.773425504795, 0.555996885751, 0.746509315064, 0.339636558694, 0.593149616689, 0.495193072677, 0.534052325286, 0.549696983037, 0.839817253357, 0.714105164432, 1.90332442491e-05, 6.91009540436e-07, 3.1603228152e-05, 0.000101279731486, 1.338026525
0.532250160198, 0.00607212877696, 0.148250358827, 0.839191513298, 0.543278764485, 0.338881193823, 0.808065694124, 0.522863131933, 0.593149616689, 0.41647604481, 0.458596549559, 0.553783825971, 0.956600413521, 0.0981724033021, 0.246717997174, 0.955861947028, 0.234135460728, 0.00967738295861, 1.12300190137
0.000240541829816, 0.936008000229, 0.543718321232, 0.468954653099, 0.791228962201, 0.0526791088903, 0.934877127345, 0.954911600632, 0.710578331716, 0.539841264328, 0.682335604282, 0.879280078049, 0.726650100221, 0.469473675618, 0.0955268922405, 0.0866364797911, 0.14801281859, 1.94643027904, 0.000739174726429
0.206734469288, 0.435063193696, 0.00224013490012, 0.62655538692, 0.507262421229, 0.690745355436, 0.841138774012, 0.78888523084, 0.593149616689, 0.539841264328, 0.380736389983, 0.869433703808, 0.615688443173, 0.903392480019, 0.640028233634, 0.962954712463, 0.00406863015583, 0.941533545212, 0.501991984071
0.58957532095, 0.0200943515254, 0.0340176645677, 0.543046605336, 0.242677948915, 0.499400773924, 0.516474572823, 0.130283411048, 0.649549435538, 0.553088646292, 0.318665117392, 0.549696983037, 0.978327289229, 0.574928606376, 0.591002522099, 0.676863268309, 0.0480606740931, 0.0284125565119, 1.19742616749
0.124898375727, 0.0193686977275, 0.528564613053, 0.999999094266, 0.425899678276, 0.0411743712233, 0.955496376046, 0.78888523084, 0.376667348281, 0.167456199923, 0.380736389983, 0.635853540886, 0.622179178326, 0.156864317433, 1.69205861119e-06, 1.18930942453, 1.30112840034, 0.0536478535193, 0.350508359695
0.99983713637, 0.0268417460281, 0.145897330815, 0.000775745536576, 0.471593563766, 0.310598631407, 0.445079355841, 0.856648173996, 0.130270834887, 0.378911247187, 0.532665289613, 0.448669729982, 0.642539322959, 0.853598552432, 0.000365235121607, 4.4505318232e-07, 8.51996624304e-05, 1.58222059978e-05, 1.46730730743
8.9049603418e-05, 0.187705954029, 0.430208686389, 0.554199741669, 0.507262421229, 0.485728414198, 0.808065694124, 0.458959405968, 0.812194902584, 0.357118792219, 0.998989134357, 0.553783825971, 0.326692419185, 0.237639576144, 0.753141303277, 0.893686623411, 0.936947422204, 0.454918683208, 0.000218977067697
0.130395271006, 0.187705954029, 0.846749637984, 0.189791671275, 0.181569753497, 0.107451269071, 0.16552991884, 0.856648173996, 0.593149616689, 0.495193072677, 0.389871151785, 0.553783825971, 0.466925354582, 0.469473675618, 0.324582822203, 0.0997384564082, 1.38322353838, 0.432557631407, 0.309223275974
0.00738531808809, 0.568656642253, 0.362393304652, 0.651047113122, 0.628313268372, 0.752247603862, 0.706872503702, 0.527144396941, 0.0948403205089, 0.495193072677, 0.458596549559, 0.168293415189, 0.406060174374, 0.469473675618, 0.387751391959, 0.635095180517, 0.476158857231, 1.09792778288, 0.0163487269481
0.0554665834581, 0.187705954029, 0.260885009543, 0.868601817802, 0.543278764485, 0.355810043333, 0.808065694124, 0.326595115658, 0.812194902584, 0.482572942864, 0.310714823986, 0.573802522024, 0.105091827679, 0.237639576144, 0.270817561369, 1.29341661346, 0.57403118381, 0.437557874198, 0.131522682775
0.000263568181849, 0.00607212877696, 0.264260857939, 0.491689504179, 0.694679559377, 0.338154146177, 0.934877127345, 0.987550027629, 0.573861274987, 0.539841264328, 0.682335604282, 0.915412892265, 0.861938744688, 0.469473675618, 1.20315453491, 1.17214537963, 0.740272325798, 0.017508837598, 0.00076000409368
0.386382661574, 0.598519509953, 0.430208686389, 0.115417674603, 0.543278764485, 0.310598631407, 0.412173783347, 0.522863131933, 0.740364727395, 0.41647604481, 0.972913919203, 0.608078291316, 0.956600413521, 0.0368293954931, 0.657583775911, 0.120541994332, 0.53596207852, 1.17361184116, 1.00898579856
0.471409694229, 0.62494784982, 0.0592195427973, 0.464191003637, 0.471593563766, 0.338154146177, 0.515389630385, 0.522863131933, 0.380404342316, 0.167456199923, 0.458596549559, 0.555460422551, 0.39114365352, 0.469473675618, 0.356372870149, 0.318378921314, 0.0445816940259, 0.718172135659, 0.7894878491
0.287489162392, 0.00607212877696, 0.240209707472, 0.777446696911, 0.582032590934, 0.355810043333, 0.474019978669, 0.522863131933, 0.600991643611, 0.41647604481, 0.888419069744, 0.553783825971, 0.981060587014, 0.222944610593, 0.431968539598, 1.18490609972, 0.49982093231, 0.0129399477332, 0.658009764662
8.9049603418e-05, 0.187705954029, 0.260885009543, 0.241479470209, 0.507262421229, 0.485728414198, 0.485012259317, 0.555712981016, 0.812194902584, 0.483864020938, 0.973886691954, 0.553783825971, 0.618067575645, 0.237639576144, 1.15074590972, 0.458708879152, 0.53812329421, 0.410186922439, 0.000197445241971
0.224474057612, 0.409930743806, 0.654717785025, 0.321181394064, 0.628313268372, 0.555996885751, 0.746509315064, 0.458959405968, 0.593149616689, 0.495193072677, 0.534052325286, 0.549696983037, 0.618067575645, 0.714105164432, 0.391422297346, 0.216133102017, 0.741935369753, 0.650253265012, 0.398580237916
0.327284745427, 0.0391262459754, 0.317565915622, 0.115417674603, 0.390444839089, 0.310598631407, 0.352305277507, 0.758911361638, 0.482787457244, 0.756503457455, 0.0911790996374, 0.354939409426, 0.943990747547, 0.447582969271, 1.19423008589, 0.218914884336, 0.661440551827, 0.0850815360382, 0.78230771702
8.9049603418e-05, 0.39762481087, 0.430208686389, 0.554199741669, 0.507262421229, 0.485728414198, 0.746509315064, 0.609554466448, 0.812194902584, 0.357118792219, 0.998989134357, 0.553783825971, 0.326692419185, 0.237639576144, 0.628790036404, 0.746129898897, 0.782247901095, 0.901503914259, 0.000215645185883
0.292964309093, 0.0057979028401, 0.846749637984, 0.842856044481, 0.471593563766, 0.94469235835, 0.76739797333, 0.775059383902, 0.0616433619245, 0.688869520961, 0.614375590507, 0.603683235852, 0.121463695154, 0.677039706737, 0.0924822767323, 0.36702256069, 1.54182340751, 0.0144592001408, 0.786978063403
0.168646639842, 0.114763283458, 0.990888495984, 0.690047405912, 0.292811982341, 0.565594953203, 0.638739120412, 0.842721662793, 0.573861274987, 0.49688139485, 0.557216446245, 0.251278536095, 0.27445207522, 0.986106331621, 0.00980170158805, 0.0185155267958, 1.46366686207, 0.266778001854, 0.403653197893
0.0211548685534, 0.114763283458, 0.83487884447, 0.928213172024, 0.332601478589, 0.467847923444, 0.352305277507, 0.758911361638, 0.662370318887, 0.756503457455, 0.0911790996374, 0.354939409426, 0.943990747547, 0.66913901289, 0.0460819237729, 0.406930029593, 1.54336780291, 0.291009934205, 0.0539547709931
0.287489162392, 0.855925708533, 0.927621251159, 0.669469394244, 0.767316379035, 0.838416260346, 0.412173783347, 0.522863131933, 0.647083681411, 0.810295340769, 0.972913919203, 0.553783825971, 0.507965878889, 0.0368293954931, 0.0199251652628, 0.0348649803541, 0.351684052759, 1.53728682521, 0.765115207386
0.0336560437092, 0.354115527354, 0.941567844663, 0.99711332929, 0.628313268372, 0.338881193823, 0.654197271341, 0.758911361638, 0.647083681411, 0.495193072677, 0.534052325286, 0.0833565150142, 0.117649208716, 0.777347907158, 0.000547276383165, 0.120694257736, 1.3112856757, 0.818709959394, 0.0820510720577
0.287489162392, 0.86330259855, 0.927621251159, 0.669469394244, 0.767316379035, 0.838416260346, 0.412173783347, 0.522863131933, 0.647083681411, 0.924522960956, 0.972913919203, 0.553783825971, 0.507965878889, 0.0368293954931, 0.0198269554073, 0.034693133113, 0.349950624729, 1.61507321548, 0.801744605973
0.0455796749341, 0.689165020294, 0.997175395902, 0.737991861555, 0.242677948915, 0.77142528376, 0.638739120412, 0.320557786068, 0.0902667205115, 0.0112333016565, 0.325210137657, 0.849978202788, 0.326692419185, 0.16094081139, 0.00157467849354, 0.00360760304127, 0.887170799665, 1.67028938826, 0.135640926482
0.186978621908, 0.00607212877696, 0.430208686389, 0.107201149988, 0.332223879321, 0.303438215726, 0.746509315064, 0.609554466448, 0.593149616689, 0.495193072677, 0.998989134357, 0.0241122095366, 0.466925354582, 0.801272320865, 1.26303498496, 0.2147172671, 1.0270892602, 0.0156623155814, 0.496659762817
0.169052565845, 0.187705954029, 0.581990394874, 0.69623921628, 0.810629651465, 0.303438215726, 0.746509315064, 0.609554466448, 0.593149616689, 0.495193072677, 0.389871151785, 0.620415069349, 0.466925354582, 0.469473675618, 0.322319937313, 0.623455975029, 0.910679110357, 0.349178925673, 0.326800083674
0.264092656238, 0.265612387077, 0.00511891733532, 0.468621138486, 0.425899678276, 0.999964501748, 0.412173783347, 0.688738984536, 0.647083681411, 0.495193072677, 0.534052325286, 0.355955786198, 0.302264374458, 0.502162479028, 0.856546540213, 0.776012787725, 0.00929370958985, 0.51231895203, 0.556783251254
0.180351202502, 0.0193686977275, 0.385187286085, 0.394262130294, 0.810884019256, 0.408097273674, 0.474019978669, 0.458959405968, 0.55203542288, 0.672274284269, 0.263464679423, 0.0728167498762, 0.852929909403, 0.0628483420036, 1.08874667253, 0.776125120255, 0.924682998901, 0.0494748723465, 0.473490382537
0.186978621908, 0.187705954029, 0.750563566703, 0.119476261645, 0.322554498047, 0.872856372935, 0.68833920538, 0.609554466448, 0.310549580304, 0.672274284269, 0.624572945546, 0.354939409426, 0.559037974134, 0.617749809322, 0.459551043595, 0.0872722874304, 1.13211698986, 0.372016073422, 0.387196987207
0.00132788879832, 0.568656642253, 0.264260857939, 0.55858613023, 0.791228962201, 0.752247603862, 0.748061943186, 0.987550027629, 0.573861274987, 0.539841264328, 0.458596549559, 0.879280078049, 0.406060174374, 0.469473675618, 0.590306079457, 0.710339472824, 0.407039565552, 1.25440215777, 0.00335830864025
0.287489162392, 0.00607212877696, 0.581990394874, 0.777446696911, 0.582032590934, 0.355810043333, 0.474019978669, 0.522863131933, 0.600991643611, 0.41647604481, 0.68437197206, 0.553783825971, 0.956600413521, 0.222944610593, 0.25734061956, 0.705895086957, 0.974900512872, 0.0117401103304, 0.596996788156
0.0134844368462, 0.899339950956, 0.310584938233, 0.00139570584653, 0.425899678276, 0.0736691519745, 0.352305277507, 0.757289309789, 0.376667348281, 0.167456199923, 0.361518475232, 0.668347193754, 0.466925354582, 0.16094081139, 0.217572782488, 0.00047700072205, 0.115455213546, 1.54476528705, 0.0331384183843
0.000534269042731, 0.0786069531261, 0.00224013490012, 0.972668644719, 0.507262421229, 0.77142528376, 0.809830077172, 0.456888726573, 0.740364727395, 0.105035458527, 0.224220725776, 0.549696983037, 0.29132843999, 0.646923942759, 0.0651229976683, 1.51595531383, 0.00533927882089, 0.188315161481, 0.00128318287434
0.0336560437092, 0.354115527354, 0.635580412403, 0.95761957461, 0.628313268372, 0.338881193823, 0.654197271341, 0.758911361638, 0.647083681411, 0.495193072677, 0.534052325286, 0.163528140066, 0.117649208716, 0.777347907158, 0.0456045541195, 0.684038910762, 1.06386814201, 0.786874683589, 0.0788605422748
0.287489162392, 0.855925708533, 0.115702718523, 0.793022385887, 0.543278764485, 0.467847923444, 0.412173783347, 0.522863131933, 0.593149616689, 0.810295340769, 0.972913919203, 0.553783825971, 0.507965878889, 0.0368293954931, 0.0987697196038, 0.293014771977, 0.056825223984, 1.36540213395, 0.679567351877
0.186978621908, 0.187705954029, 0.489125079287, 0.466209082421, 0.982725338805, 0.303438215726, 0.746509315064, 0.609554466448, 0.593149616689, 0.495193072677, 0.389871151785, 0.620415069349, 0.580732465205, 0.470008810526, 0.679358017515, 0.610813094046, 0.882884737645, 0.385843099741, 0.401588254992
0.0764801196034, 0.187705954029, 0.148250358827, 0.00558087927542, 0.543278764485, 0.297759158797, 0.412173783347, 0.522863131933, 0.711870130293, 0.494247496796, 0.9121764817, 0.553783825971, 0.956600413521, 0.458342382078, 1.36693909822, 0.0119834756068, 0.324214776952, 0.426672162246, 0.177244226457
0.00313050967467, 0.568656642253, 0.362393304652, 0.000266417367871, 0.610520549461, 0.752247603862, 0.726413840367, 0.527144396941, 0.0179537675477, 0.495193072677, 0.458596549559, 0.168293415189, 0.406060174374, 0.469473675618, 0.782395052264, 0.000327422508184, 0.500658857006, 1.15441991786, 0.00728624615837
0.292964309093, 0.409930743806, 0.654717785025, 0.0231025885018, 0.773425504795, 0.555996885751, 0.746509315064, 0.458959405968, 0.593149616689, 0.495193072677, 0.534052325286, 0.549696983037, 0.839817253357, 0.714105164432, 0.485673004088, 0.0176325525467, 0.806422413044, 0.706771544312, 0.583565810064
0.264092656238, 0.265612387077, 0.362393304652, 0.401027917862, 0.628313268372, 0.74881303305, 0.412173783347, 0.492388011216, 0.647083681411, 0.495193072677, 0.534052325286, 0.355955786198, 0.302264374458, 0.990426953568, 0.802577613782, 0.585089026511, 0.635558467123, 0.522653265042, 0.568014482064
0.243251806998, 0.187705954029, 0.260885009543, 0.868601817802, 0.543278764485, 0.688402294213, 0.808065694124, 0.326595115658, 0.790280947688, 0.482572942864, 0.310714823986, 0.573802522024, 0.105091827679, 0.237639576144, 0.252494752803, 1.20590742504, 0.535193733835, 0.407953851751, 0.564139579431
