0.0219017336055, 0.0236416279472, 0.007064039919, 3.43035111596e-05, 0.721184291579, 0.159828105746, 0.955496376046, 0.457180224591, 0.585552016398, 0.919531877701, 0.6077138946, 0.30836062472, 0.234287604734, 0.0448380700936, 1.88085141245, 0.000101347476593, 0.0208710997965, 0.0698840698893, 0.0647814281042
0.999999675813, 0.550105578406, 0.999998326451, 7.4452625265e-07, 0.241804905282, 0.391423912381, 0.955496376046, 0.920430655988, 0.649549435538, 0.599833288673, 0.616829579902, 0.779281632438, 0.104859767951, 0.0440276569492, 1.69561826592e-12, 1.98302404079e-18, 6.450150705e-07, 7.55469280316e-07, 1.95071803959
0.999999739243, 0.000157630185908, 0.0970073456195, 0.0310520153652, 0.471593563766, 0.456018204685, 0.692186331576, 0.920430655988, 0.649549435538, 0.599833288673, 0.614375590507, 0.520550051105, 0.604449916887, 0.428804055152, 5.16886193241e-07, 2.52318565969e-08, 7.94723263024e-08, 1.29638104494e-10, 1.27825329368
3.20857959123e-05, 0.00320768439404, 0.158154417023, 0.986751158232, 0.196339901209, 0.545365586472, 0.972956835969, 0.97616381253, 0.878539205666, 0.316881671887, 0.366580695836, 0.549696983037, 0.601834460512, 0.0524015846351, 0.0393830670945, 1.89212158429, 0.480075601942, 0.00983784652091, 9.84063370354e-05
0.0398868430858, 0.00457817292978, 0.999998866216, 0.986751158232, 0.908354754838, 0.189267206054, 0.419721266022, 0.448147094972, 0.926187891535, 0.0592930357983, 0.0951569277761, 0.0524899638958, 0.241579077734, 0.873956416991, 8.20780914884e-08, 3.94336297195e-06, 2.21467714074, 0.0159268533011, 0.138944063388
0.999999602228, 0.999879056553, 0.00899805020798, 0.104058196578, 0.710917110661, 0.0129992375979, 0.486028242311, 0.920430655988, 0.649549435538, 0.0045314142497, 0.614375590507, 0.30836062472, 0.466925354582, 0.707767354794, 2.13198890156e-10, 3.51619643271e-11, 3.05428637288e-12, 1.13750600955e-06, 1.82053570154
0.999999675813, 0.550105578406, 0.999998326451, 0.359953412206, 0.471593563766, 0.607806439423, 0.955496376046, 0.920430655988, 0.649549435538, 0.919531877701, 0.318665117392, 0.779281632438, 0.104859767951, 0.0524015846351, 1.51369359125e-12, 9.60463786294e-13, 6.81943550907e-07, 7.98721498431e-07, 2.06240078345
0.999988803174, 0.00050528442212, 0.9999991598, 0.999999998682, 0.534291401278, 0.878514419961, 0.397931530025, 0.679871498326, 0.498070453873, 0.518975993456, 0.465881723811, 0.526406568922, 0.466925354582, 0.540621983956, 5.72947813862e-20, 2.76734137044e-11, 2.09681522858e-05, 1.66424031978e-08, 1.19219004749
0.115203727314, 0.821590393468, 0.0236955024018, 0.141888350995, 0.663500797288, 0.499400773924, 0.227802813793, 0.0798738913818, 0.718150684988, 0.939826963831, 0.457139415265, 0.553783825971, 0.302264374458, 0.198253314444, 0.43837744727, 0.0993551698676, 0.0167383174735, 1.5628081332, 0.297544171537
2.29023466858e-11, 0.345416848159, 0.13027946522, 0.9494256556, 0.471593563766, 0.890726254524, 0.749044248632, 0.448147094972, 0.964688560994, 0.184548696789, 0.415859299592, 0.30836062472, 0.241579077734, 0.519749274384, 0.109436900994, 1.37467072683, 0.286212689801, 0.849187685057, 5.91646226951e-11
0.999999602228, 0.000157630185908, 0.00729682520687, 0.104058196578, 0.710917110661, 0.550052151707, 0.486028242311, 0.920430655988, 0.649549435538, 0.0498456218991, 0.415859299592, 0.30836062472, 0.466925354582, 0.241727990788, 9.62005901892e-07, 1.58659443208e-07, 1.11757886388e-08, 2.41431060717e-10, 1.5605560603
0.307549296457, 0.550105578406, 0.999999837888, 1.51598776976e-07, 0.766593338289, 0.607806439423, 0.991199828697, 0.00767886345344, 0.999330830502, 0.919531877701, 0.6077138946, 0.779281632438, 0.861531957126, 0.540621983956, 3.24131994424e-07, 7.71858117927e-14, 1.27287691708, 1.49084797, 1.02829220138
0.00204544809113, 0.0739577415118, 0.00769013165709, 0.934961667104, 0.37220645058, 0.498905399665, 0.692186331576, 0.457180224591, 0.996911464964, 0.0447965628553, 0.450898752978, 0.576367837724, 0.601834460512, 0.0524015846351, 0.175046701369, 1.70745805088, 0.0207345757348, 0.200315940999, 0.00555263524523
0.000263568181849, 0.00231375159022, 0.00450843820407, 0.141640177412, 0.0443555936859, 0.467847923444, 0.888590864107, 0.677903168132, 0.751327842428, 0.137752861132, 0.803222694496, 0.65287604858, 0.191751005126, 0.577522008641, 1.75755570956, 0.397617380289, 0.0127614846116, 0.00654933721969, 0.000746061422275
1.21286827248e-08, 0.000240894734337, 0.646505888575, 0.0416580240101, 0.92617042948, 0.693245125463, 0.925442047076, 0.458317254642, 0.964688560994, 0.742780187781, 0.498545679915, 0.928116266397, 0.302264374458, 0.75377885189, 1.03281519988, 0.0676802030786, 1.66839211105, 0.000742932335723, 3.74055116889e-08
0.0398868430858, 0.00457817292978, 0.999998866216, 0.891579573293, 0.758764322751, 0.189267206054, 0.419721266022, 0.555712981016, 0.926187891535, 0.0592930357983, 0.0951569277761, 0.0524899638958, 0.466925354582, 0.827739449896, 6.08988542377e-07, 3.54120186437e-06, 2.01757263763, 0.0145093760318, 0.126578152317
0.0869066993813, 0.0891467349539, 0.178163860368, 0.991807299821, 0.628313268372, 0.538914472504, 0.184453647961, 0.981912100915, 0.913530465515, 0.869933808843, 0.482251532549, 0.402501727443, 0.495450468631, 0.377853044186, 0.0204127177884, 1.58609763232, 0.455885098731, 0.232635984808, 0.228957333323
0.999999739243, 0.000157630185908, 0.0970073456195, 3.43035111596e-05, 0.221580690617, 0.391423912381, 0.692186331576, 0.920430655988, 0.585552016398, 0.599833288673, 0.614375590507, 0.520550051105, 0.490880591318, 0.428804055152, 5.42072969502e-07, 2.9208967399e-11, 8.32457208893e-08, 1.35793400866e-10, 1.3389455407
5.1665970846e-07, 0.320724075967, 0.148250358827, 0.746978576375, 0.628313268372, 0.642081735966, 0.275005700968, 0.91845254177, 0.946091269035, 0.466576063527, 0.412221035004, 0.5325219241, 0.676880854434, 0.850369274762, 0.536063873296, 1.27699659119, 0.328473887087, 0.784613344513, 1.31903959453e-06
0.423487857647, 0.000240894734337, 0.646505888575, 0.16328043187, 0.214698913778, 0.870184481872, 0.29326253235, 0.458317254642, 0.964688560994, 0.742780187781, 0.575066134884, 0.928116266397, 0.302264374458, 0.76853260938, 0.737376208389, 0.193381537117, 1.22879089308, 0.000547178617223, 1.13441136395
0.000243021949144, 0.000157630185908, 0.0236955024018, 0.104058196578, 0.710917110661, 0.550052151707, 0.486028242311, 0.920430655988, 0.649549435538, 0.0498456218991, 0.318665117392, 0.30836062472, 0.466925354582, 0.241727990788, 1.56413003027, 0.257965153041, 0.0590319157139, 0.000392790192157, 0.000605573375207
0.0219017336055, 0.0172798694798, 0.999999521851, 0.324631147105, 0.0848767682414, 0.430802535331, 0.620699628855, 0.827393923387, 0.649549435538, 0.919531877701, 0.876406931339, 0.526406568922, 0.495450468631, 0.078921555044, 1.18990802644e-06, 6.65475158789e-07, 1.81520601081, 0.0492825226027, 0.0624964978299
0.340950338278, 0.712304313057, 0.999998866216, 0.991807299821, 0.455926059661, 0.467847923444, 0.931534982197, 0.161803955241, 0.411073036777, 0.185475083886, 0.845491070915, 0.904139606608, 0.191751005126, 0.577522008641, 1.54417692343e-08, 1.19984775547e-06, 0.673770079046, 1.38803019598, 0.915590339599
0.163014858514, 0.000240894734337, 0.646505888575, 0.16328043187, 0.214698913778, 0.693245125463, 0.184919883332, 0.458317254642, 0.991834591249, 0.742780187781, 0.575066134884, 0.928116266397, 0.302264374458, 0.75377885189, 0.894361354105, 0.234551876542, 1.49039672632, 0.000663671275896, 0.459190460945
0.352529701674, 0.619583456232, 0.148250358827, 0.964334147983, 0.471593563766, 0.968028577141, 0.940425843828, 0.606296492734, 0.59853219867, 0.369179248356, 0.614375590507, 0.469582919629, 0.604449916887, 0.639245397427, 0.0390113390181, 0.695606570464, 0.165238991685, 1.05211990909, 0.786857110454
5.1665970846e-07, 0.619583456232, 0.546034665697, 0.746978576375, 0.534291401278, 0.510016152553, 0.275005700968, 0.91845254177, 0.750710426444, 0.642483504191, 0.482251532549, 0.654325982752, 0.466925354582, 0.850369274762, 0.207727027723, 0.494841602867, 0.620496124066, 1.20546483794, 1.18338061195e-06
2.66434900809e-08, 0.224016971562, 0.148250358827, 0.997720010965, 0.628313268372, 0.642081735966, 0.275005700968, 0.364451077877, 0.913530465515, 0.944295057849, 0.482251532549, 0.469582919629, 0.495450468631, 0.850369274762, 0.00522760497476, 1.45964844996, 0.346192780622, 0.55080438329, 6.68817269762e-08
0.156858147162, 0.712304313057, 0.999998866216, 0.991807299821, 0.455926059661, 0.467847923444, 0.931534982197, 0.161803955241, 0.411073036777, 0.185475083886, 0.845491070915, 0.65287604858, 0.191751005126, 0.577522008641, 1.60552295411e-08, 1.24751450667e-06, 0.700537167269, 1.44317293364, 0.403463531241
0.146826425708, 0.290984261141, 0.779129165765, 0.71589403919, 0.765194101159, 0.499400773924, 0.890920797478, 0.706256286393, 0.700031962396, 0.538236737068, 0.498545679915, 0.65287604858, 0.466925354582, 0.711064008056, 0.176432520667, 0.36874608968, 1.13057880337, 0.591263479329, 0.314587883446
0.115203727314, 0.501175075421, 0.0236955024018, 0.141888350995, 0.663500797288, 0.499400773924, 0.227802813793, 0.0798738913818, 0.718150684988, 0.939826963831, 0.457139415265, 0.553783825971, 0.302264374458, 0.198253314444, 1.11864341004, 0.253532673083, 0.0427125269639, 1.15205443163, 0.297544171537
0.287489162392, 0.15915261455, 0.0295763819578, 0.554199741669, 0.663500797288, 0.467847923444, 0.618217545327, 0.963541439569, 0.706608496631, 0.632087923464, 0.457139415265, 0.469582919629, 0.996483976608, 0.75526773752, 0.915390607192, 1.08621361926, 0.0660414496022, 0.36309762637, 0.711831278445
0.287489162392, 0.15915261455, 0.0999037231263, 0.554199741669, 0.663500797288, 0.467847923444, 0.618217545327, 0.280854911844, 0.706608496631, 0.632087923464, 0.457139415265, 0.469582919629, 0.996483976608, 0.711064008056, 0.801099300397, 0.950594165629, 0.196700829651, 0.321369109193, 0.630025004946
0.146826425708, 0.15915261455, 0.779129165765, 0.638255331085, 0.534291401278, 0.499400773924, 0.918737834666, 0.555712981016, 0.567016736513, 0.538236737068, 0.498545679915, 0.469582919629, 0.466925354582, 0.711064008056, 0.212665288008, 0.333085667623, 1.09298013796, 0.296761468486, 0.281662209241
0.0398868430858, 0.00457817292978, 0.999998866216, 0.746978576375, 0.766593338289, 0.690745355436, 0.419721266022, 0.555712981016, 0.926187891535, 0.416433928413, 0.599531211012, 0.0524899638958, 0.466925354582, 0.827739449896, 1.11746970116e-06, 2.66200553744e-06, 1.62107358502, 0.0116579526216, 0.101702657607
0.326907313287, 0.000240894734337, 0.646505888575, 0.0775943545623, 0.214698913778, 0.693245125463, 0.29326253235, 0.458317254642, 0.964688560994, 0.742780187781, 0.194301448775, 0.928116266397, 0.676880854434, 0.75377885189, 0.825188127631, 0.101079032432, 1.34008379044, 0.000596737166221, 0.889388026943
0.146826425708, 0.290984261141, 0.0399537950087, 0.000535305593118, 0.765194101159, 0.499400773924, 0.890920797478, 0.706256286393, 0.700031962396, 0.538236737068, 0.494518766889, 0.65287604858, 0.466925354582, 0.829347625926, 1.25559907577, 0.00105577833985, 0.0789041359921, 0.618738949685, 0.3292064932
0.0848161199108, 0.265612387077, 0.0999037231263, 0.638255331085, 0.534291401278, 0.693245125463, 0.516474572823, 0.458317254642, 0.649549435538, 0.553088646292, 0.334008683972, 0.469582919629, 0.466925354582, 0.711064008056, 0.548970860064, 0.859822151242, 0.16141441584, 0.457793264693, 0.151409677422
0.156858147162, 0.319683210635, 0.0999037231263, 0.432203799325, 0.472852272362, 0.467847923444, 0.831492570815, 0.438288483477, 0.772130214278, 0.343852238606, 0.616606205055, 0.887686889766, 0.39114365352, 0.644047552068, 0.921626182507, 0.743614546713, 0.187377133469, 0.658348536325, 0.344006251707
0.0219017336055, 0.221933773427, 0.104271287793, 0.141888350995, 0.663500797288, 0.499400773924, 0.227802813793, 0.0798738913818, 0.718150684988, 0.632087923464, 0.457139415265, 0.30836062472, 0.302264374458, 0.198253314444, 1.36571177281, 0.30952898244, 0.231434937631, 0.515870999692, 0.0519756831876
2.3883561997e-06, 0.634805495732, 0.362393304652, 0.393970025134, 0.480348124082, 0.169050133743, 0.352305277507, 0.606296492734, 0.649549435538, 0.924895722685, 0.916871507948, 0.68972843444, 0.471684279343, 0.588712453221, 0.582488854672, 0.414830675614, 0.457600706554, 1.31396497315, 5.86895548583e-06
1.20358934252e-06, 0.547484908851, 0.617210817897, 0.0220395363692, 0.526994811725, 0.44380247584, 0.994941068546, 0.606296492734, 0.964688560994, 0.242265560077, 0.614375590507, 0.26489078489, 0.50228038409, 0.644047552068, 0.601857344944, 0.0208444023763, 0.877839398432, 1.23650361104, 3.08474565418e-06
0.201097919976, 0.547484908851, 0.00450843820407, 0.0982101009158, 0.226133054379, 0.27148841498, 0.275005700968, 0.606296492734, 0.655306201813, 0.242265560077, 0.614375590507, 0.288662246534, 0.302264374458, 0.644047552068, 0.856234627163, 0.133147583024, 0.00613669420907, 1.00651683861, 0.434075554444
0.0136118810795, 0.0349109761501, 0.638984399905, 0.772508140555, 0.527286546408, 0.598166074562, 0.179974826873, 0.458959405968, 0.49360324599, 0.184548696789, 0.516833562223, 0.849978202788, 0.970906391575, 0.193459037031, 0.309964300851, 0.830173617438, 1.39144129392, 0.0905548482059, 0.0353306592063
0.340376345949, 0.159698559235, 0.148250358827, 0.496401559989, 0.471593563766, 0.467847923444, 0.809555404405, 0.696001348436, 0.411073036777, 0.185475083886, 0.457139415265, 0.65287604858, 0.466925354582, 0.577522008641, 0.735428905046, 0.727161646252, 0.245291023201, 0.272373674846, 0.649792330756
0.148192668715, 0.209418641087, 0.365018447585, 0.0982101009158, 0.226133054379, 0.27148841498, 0.275005700968, 0.606296492734, 0.655306201813, 0.242265560077, 0.614375590507, 0.288662246534, 0.302264374458, 0.644047552068, 1.06808844863, 0.166091618908, 0.697988964397, 0.439222353804, 0.322330851035
0.115203727314, 0.221933773427, 0.104271287793, 0.141888350995, 0.663500797288, 0.499400773924, 0.227802813793, 0.0798738913818, 0.718150684988, 0.632087923464, 0.457139415265, 0.553783825971, 0.302264374458, 0.198253314444, 1.31410992346, 0.297833785664, 0.222690434563, 0.496379406999, 0.265868378432
0.283169745622, 0.15915261455, 0.779129165765, 0.638255331085, 0.534291401278, 0.499400773924, 0.796848375174, 0.555712981016, 0.649549435538, 0.538236737068, 0.498545679915, 0.469582919629, 0.466925354582, 0.711064008056, 0.186094836385, 0.291469865152, 0.956422939774, 0.259684020088, 0.500326659755
0.0219017336055, 0.000157630185908, 0.203318150326, 0.104058196578, 0.766593338289, 0.751692226367, 0.880755494859, 0.97616381253, 0.279231989532, 0.599833288673, 0.6077138946, 0.520550051105, 0.604449916887, 0.428804055152, 1.49125093824, 0.245945521831, 0.499806524343, 0.000394160682117, 0.0547877919004
0.156858147162, 0.265612387077, 0.779129165765, 0.432203799325, 0.507262421229, 0.499400773924, 0.880164944228, 0.555712981016, 0.662062298194, 0.410432545676, 0.498545679915, 0.469582919629, 0.466925354582, 0.692987790138, 0.286527393533, 0.231184770905, 1.01824097749, 0.479926747563, 0.297867289658
0.283169745622, 0.476686450775, 0.0538440947656, 0.993823427418, 0.439589658975, 0.499400773924, 0.197458113262, 0.968064246882, 0.498070453873, 0.369179248356, 0.732716937643, 0.549696983037, 0.126130922437, 0.6058332082, 0.00983791132814, 1.01396239911, 0.085968143628, 0.945715632086, 0.662194886112
1.20358934252e-06, 0.437279088871, 0.617210817897, 0.0220395363692, 0.526994811725, 0.44380247584, 0.994941068546, 0.606296492734, 0.964688560994, 0.242265560077, 0.614375590507, 0.26489078489, 0.50228038409, 0.644047552068, 0.713275420321, 0.0247031958507, 1.04034830039, 1.03465611828, 3.08474565418e-06
0.0438903550321, 0.209418641087, 0.365018447585, 0.638255331085, 0.226133054379, 0.27148841498, 0.275005700968, 0.606296492734, 0.655306201813, 0.242265560077, 0.614375590507, 0.288662246534, 0.861886730532, 0.139931773145, 0.682080875454, 1.0683048743, 0.818454549211, 0.515027531842, 0.110086497253
0.0497482021138, 0.0021544971371, 0.148250358827, 0.453390654535, 0.721184291579, 0.407299258511, 0.419721266022, 0.141026416644, 0.926187891535, 0.416433928413, 0.599531211012, 0.0312382154115, 0.466925354582, 0.276446963778, 1.22044313464, 1.05365003344, 0.38240645433, 0.00560801779075, 0.129755851818
0.423487857647, 0.476686450775, 0.638984399905, 0.000535305593118, 0.534291401278, 0.499400773924, 0.796848375174, 0.197809647442, 0.649549435538, 0.578034099799, 0.498545679915, 0.469582919629, 0.466925354582, 0.829347625926, 0.408526125367, 0.000343511748889, 0.641470148602, 0.706754894207, 0.814467690078
0.00232611686653, 0.0739577415118, 0.00769013165709, 0.934961667104, 0.174545865638, 0.498905399665, 0.692186331576, 0.457180224591, 0.996911464964, 0.316881671887, 0.366580695836, 0.576367837724, 0.601834460512, 0.0524015846351, 0.168088005923, 1.63958084743, 0.0199103065735, 0.192352708243, 0.00606352880919
0.423487857647, 0.506909573489, 0.0294451686415, 0.817193892046, 0.455926059661, 0.510016152553, 0.210252104387, 0.601691824984, 0.212952819934, 0.871013193496, 0.680629036611, 0.549696983037, 0.401626857668, 0.217039216771, 0.22437218047, 0.759777816759, 0.0366679845039, 0.810468187522, 0.889563098447
0.460745945193, 0.548117432099, 0.706593402622, 0.787692000461, 0.378064122248, 0.728120384755, 0.495481763926, 0.745838137686, 0.389409454116, 0.742780187781, 0.63837289903, 0.553783825971, 0.213213736416, 0.644047552068, 0.0940975253124, 0.271619073829, 0.578910164044, 0.7522625908, 0.876456839653
0.00337307207795, 0.159698559235, 0.148250358827, 0.496401559989, 0.142852281528, 0.467847923444, 0.809555404405, 0.696001348436, 0.411073036777, 0.185475083886, 0.498545679915, 0.65287604858, 0.466925354582, 0.577522008641, 0.938420252158, 0.927871084143, 0.312995671322, 0.347553612425, 0.00741848024749
1.27682198148e-10, 0.285511543153, 0.13027946522, 0.9494256556, 0.471593563766, 0.890726254524, 0.451439045541, 0.448147094972, 0.964688560994, 0.823122658586, 0.415859299592, 0.30836062472, 0.241579077734, 0.519749274384, 0.111317989847, 1.39829966513, 0.291132342088, 0.689350058334, 3.18862897421e-10
2.3883561997e-06, 5.71233598433e-05, 0.362393304652, 0.393970025134, 0.480348124082, 0.169050133743, 0.352305277507, 0.606296492734, 0.649549435538, 0.924895722685, 0.916871507948, 0.68972843444, 0.875778695815, 0.588712453221, 1.16965389525, 0.832991587239, 0.918875004386, 0.000152969053913, 6.3957125381e-06
1.27682198148e-10, 0.00684309028828, 0.00899805020798, 0.0310520153652, 0.471593563766, 0.890726254524, 0.423473890407, 0.448147094972, 0.436222713983, 0.823122658586, 0.614375590507, 0.30836062472, 0.241579077734, 0.922039701529, 1.56309299934, 0.0763025573575, 0.0221206995208, 0.0168241798264, 3.13920983012e-10
0.283169745622, 0.476686450775, 0.963007490732, 0.638255331085, 0.18107322002, 0.499400773924, 0.261521042025, 0.197809647442, 0.900464283898, 0.538236737068, 0.498545679915, 0.469582919629, 0.466925354582, 0.829347625926, 0.0314576224828, 0.0492703030411, 1.00486758408, 0.935417555188, 0.654984120394
0.423487857647, 0.712304313057, 0.148250358827, 0.204843568916, 0.455926059661, 0.467847923444, 0.796848375174, 0.161803955241, 0.649549435538, 0.185475083886, 0.457139415265, 0.65287604858, 0.357152917648, 0.577522008641, 0.437150706564, 0.145725145549, 0.109289726272, 0.975625727034, 0.850776757129
0.0219017336055, 0.00144600521811, 0.999999521851, 0.324631147105, 0.0848767682414, 0.430802535331, 0.620699628855, 0.827393923387, 0.784241730219, 0.919531877701, 0.876406931339, 0.636460452247, 0.495450468631, 0.078921555044, 1.24036442852e-06, 6.93693711352e-07, 1.89217730801, 0.00429786048923, 0.0651227463398
0.201097919976, 0.948060610236, 0.521074436435, 0.488035289295, 0.226133054379, 0.27148841498, 0.275005700968, 0.606296492734, 0.655306201813, 0.242265560077, 0.614375590507, 0.288662246534, 0.302264374458, 0.644047552068, 0.0532719724329, 0.0513062843022, 0.0790273824534, 1.32373118721, 0.434075554444
0.00337307207795, 0.476686450775, 0.638984399905, 0.000535305593118, 0.534291401278, 0.499400773924, 0.796848375174, 0.197809647442, 0.649549435538, 0.538236737068, 0.498545679915, 0.469582919629, 0.466925354582, 0.829347625926, 0.517406563546, 0.000435064546657, 0.812434859355, 0.895119304187, 0.00696701743471
0.114764199654, 0.634805495732, 0.365018447585, 0.927397317726, 0.884158734594, 0.310598631407, 0.226527939012, 0.320557786068, 0.499888491784, 0.456036794572, 0.6077138946, 0.364793482217, 0.471684279343, 0.469473675618, 0.067576691891, 0.58997802124, 0.383459148013, 1.09403258294, 0.237386023047
0.326907313287, 0.712304313057, 0.148250358827, 0.204843568916, 0.455926059661, 0.467847923444, 0.796848375174, 0.161803955241, 0.649549435538, 0.185475083886, 0.457139415265, 0.65287604858, 0.357152917648, 0.577522008641, 0.483957467027, 0.161328281673, 0.120991635846, 1.08008828199, 0.677108658266
0.083282078133, 0.181066614979, 0.779129165765, 0.76722406138, 0.271560689858, 0.499400773924, 0.516474572823, 0.941490733914, 0.649549435538, 0.553088646292, 0.498545679915, 0.469582919629, 0.893006912985, 0.87404541101, 0.181391160566, 0.473779588323, 1.40310025639, 0.436177761042, 0.20451975438
0.00337307207795, 0.461030416623, 0.0931735870051, 0.000535305593118, 0.534291401278, 0.499400773924, 0.309497746673, 0.197809647442, 0.411073036777, 0.538236737068, 0.262551501051, 0.469582919629, 0.466925354582, 0.819197711876, 0.962174698498, 0.000809050616093, 0.141834955147, 0.860240029002, 0.00687965829181
0.114764199654, 0.000185367838527, 0.365018447585, 0.927397317726, 0.825242173408, 0.310598631407, 0.226527939012, 0.320557786068, 0.550574120401, 0.456036794572, 0.63837289903, 0.364793482217, 0.875778695815, 0.469473675618, 0.134744380226, 1.17638523867, 0.764597434339, 0.000410406928851, 0.256878208326
0.408960098383, 0.159698559235, 0.148250358827, 0.204843568916, 0.142852281528, 0.467847923444, 0.888590864107, 0.696001348436, 0.411073036777, 0.465558395078, 0.457139415265, 0.65287604858, 0.0432171320864, 0.263047945747, 1.15774792084, 0.385937805291, 0.289442408442, 0.32139982709, 0.968829994537
0.283169745622, 0.265612387077, 0.362393304652, 0.638255331085, 0.534291401278, 0.499400773924, 0.516474572823, 0.555712981016, 0.649549435538, 0.553088646292, 0.498545679915, 0.469582919629, 0.466925354582, 0.711064008056, 0.402616082917, 0.630594903522, 0.478754294406, 0.393704919481, 0.463111303906
0.237586475393, 0.15915261455, 0.779129165765, 0.830546095748, 0.534291401278, 0.499400773924, 0.242776525196, 0.555712981016, 0.649549435538, 0.588095783785, 0.498545679915, 0.469582919629, 0.495450468631, 0.711064008056, 0.092483180614, 0.339204516608, 0.972392644783, 0.264020048663, 0.41785222654
0.0543589881179, 0.297187919495, 0.337336106841, 0.817193892046, 0.439589658975, 0.510016152553, 0.998943068648, 0.601691824984, 0.212952819934, 0.518975993456, 0.837870555797, 0.549696983037, 0.842729249844, 0.30675759915, 0.351646505841, 1.19075909464, 0.727283066856, 0.725180327023, 0.137921967571
0.287489162392, 0.575806758787, 0.0999037231263, 0.529645088103, 0.663500797288, 0.467847923444, 0.618217545327, 0.280854911844, 0.706608496631, 0.632087923464, 0.457139415265, 0.469582919629, 0.466925354582, 0.711064008056, 0.443270458228, 0.48660262125, 0.104151840486, 0.847559386381, 0.522932885759
0.283169745622, 0.0857667722656, 0.779129165765, 0.0982101009158, 0.534291401278, 0.64093066562, 0.899970344691, 0.555712981016, 0.649549435538, 0.538236737068, 0.498545679915, 0.553783825971, 0.466925354582, 0.644047552068, 0.370477326066, 0.0576105648686, 1.03695506802, 0.149457358446, 0.530397834902
0.537997714875, 0.0857667722656, 0.779129165765, 0.638255331085, 0.563624902422, 0.499400773924, 0.241673934854, 0.555712981016, 0.649549435538, 0.538236737068, 0.639344376508, 0.553783825971, 0.466925354582, 0.711064008056, 0.140273388912, 0.219702311708, 0.720926435153, 0.103907839361, 0.871948154959
0.283169745622, 0.501175075421, 0.0999037231263, 0.563979851502, 0.534291401278, 0.499400773924, 0.796848375174, 0.197809647442, 0.42287003291, 0.538236737068, 0.498545679915, 0.469582919629, 0.466925354582, 0.829347625926, 0.516923952956, 0.632867854769, 0.129296973366, 0.830374587822, 0.558724539608
0.000243021949144, 0.221933773427, 0.104271287793, 0.104058196578, 0.710917110661, 0.550052151707, 0.486028242311, 0.920430655988, 0.649549435538, 0.0498456218991, 0.318665117392, 0.30836062472, 0.466925354582, 0.241727990788, 1.45137471503, 0.239368910025, 0.243108333483, 0.541891126341, 0.000605573375207
0.237586475393, 0.628323296171, 0.342904739271, 0.432203799325, 0.989596907204, 0.891409645968, 0.216362912784, 0.555712981016, 0.697872346491, 0.308588101831, 0.512001842571, 0.469582919629, 0.495450468631, 0.692987790138, 0.545420390662, 0.440072715238, 0.418791017384, 1.23576783603, 0.579923151329
0.0879833872108, 0.561762611587, 0.0215398157672, 0.902615808223, 0.471593563766, 0.356302480002, 0.979730377293, 0.809194328267, 0.647083681411, 0.416433928413, 0.680892597492, 0.723217198484, 0.466925354582, 0.574606609144, 0.140384484756, 0.910551783382, 0.0311841187879, 1.12061316446, 0.201828120158
0.0136118810795, 0.0349109761501, 0.158154417023, 0.772508140555, 0.527286546408, 0.598166074562, 0.179974826873, 0.458959405968, 0.405290346655, 0.184548696789, 0.181650998772, 0.849978202788, 0.970906391575, 0.193459037031, 0.596541916552, 1.59771096045, 0.432617668782, 0.0965821769919, 0.0376822671377
0.000263568181849, 0.548117432099, 0.521074436435, 0.141640177412, 0.468469888129, 0.728120384755, 0.495481763926, 0.677903168132, 0.751327842428, 0.218429444999, 0.803222694496, 0.65287604858, 0.191751005126, 0.558713851028, 0.625848552375, 0.141587695059, 0.685618593347, 1.09291997142, 0.000596562410972
0.500287421346, 0.575806758787, 0.0999037231263, 0.529645088103, 0.663500797288, 0.117690288878, 0.618217545327, 0.280854911844, 0.706608496631, 0.632087923464, 0.457139415265, 0.469582919629, 0.466925354582, 0.711064008056, 0.390374400372, 0.428535678306, 0.0917232617757, 0.746418988896, 0.950378416714
0.156858147162, 0.265612387077, 0.393617699938, 0.432203799325, 0.507262421229, 0.499400773924, 0.880164944228, 0.555712981016, 0.662062298194, 0.410432545676, 0.498545679915, 0.469582919629, 0.466925354582, 0.692987790138, 0.686662829454, 0.554034247682, 0.627613929756, 0.479926747563, 0.297867289658
0.55782190276, 0.3363960123, 0.0538440947656, 0.993823427418, 0.439589658975, 0.499400773924, 0.957758193301, 0.281494597329, 0.498070453873, 0.369179248356, 0.732716937643, 0.549696983037, 0.126130922437, 0.6058332082, 0.00793891021862, 0.818238362096, 0.0693738082363, 0.479409533645, 1.14147435939
0.0879833872108, 0.561762611587, 0.0955157908747, 0.496401559989, 0.471593563766, 0.356302480002, 0.241673934854, 0.809194328267, 0.647083681411, 0.416433928413, 0.680892597492, 0.723217198484, 0.466925354582, 0.574606609144, 0.575853077974, 0.569379676683, 0.122421231922, 0.995619833996, 0.179316186764
0.326907313287, 0.000240894734337, 0.0295763819578, 0.16328043187, 0.214698913778, 0.693245125463, 0.422011234061, 0.458317254642, 0.273379246325, 0.527222563591, 0.575066134884, 0.928116266397, 0.302264374458, 0.75377885189, 1.23809989752, 0.324699466247, 0.0595082325955, 0.000484859125683, 0.72264294156
0.237586475393, 0.0891467349539, 0.342904739271, 0.432203799325, 0.534291401278, 0.891409645968, 0.216362912784, 0.555712981016, 0.697872346491, 0.553088646292, 0.512001842571, 0.469582919629, 0.495450468631, 0.692987790138, 0.81202413904, 0.655182083077, 0.623497803073, 0.171326893551, 0.480625401563
0.326907313287, 0.000240894734337, 0.646505888575, 0.16328043187, 0.214698913778, 0.693245125463, 0.29326253235, 0.458317254642, 0.964688560994, 0.742780187781, 0.575066134884, 0.928116266397, 0.302264374458, 0.75377885189, 0.768626522053, 0.201577127947, 1.28086756764, 0.000570368277025, 0.850087350426
0.114764199654, 5.71233598433e-05, 0.365018447585, 0.927397317726, 0.884158734594, 0.310598631407, 0.226527939012, 0.320557786068, 0.499888491784, 0.456036794572, 0.6077138946, 0.364793482217, 0.875778695815, 0.469473675618, 0.137725081263, 1.20240823641, 0.781511211091, 0.000129269600609, 0.262560640376
