1.67876074548, 1.24620828978, 1.6306513292, 0.96696569305, 2.22395263585, 1.15317483367, 2.53470531808, 1.0574304772, 1.02393910086, 3.21926635637, 3.60265146355, 1.20827739329, 1.73465204385, 1.08904868771, 1.01603767436, 1.50622871423, 1.07707880524, 1.2225929013, 6.49989085669, 0.911806694706, 0.978158945127, 65.2973074056, 0.956756295874, 2.64301709383, 1.12397190621, 2.59891426486, 1.23833817708, 34.489144649, 7.79880469063, 38.6932509345
1.33435692654, 1.33590498004, 0.879956138945, 1.07915119409, 6.15162537221, 0.820402391176, 1.96047148354, 1.10844039822, 1.00417771071, 6.18107516196, 2.45722892404, 0.913468011132, 2.28827953651, 0.968837339549, 0.933846951307, 1.5842690208, 1.10575285743, 1.20387735367, 6.80128754672, 1.12640719518, 0.874408962487, 255.06902107, 1.11305129589, 4.27477588349, 1.10391579834, 2.71037172469, 1.1040536487, 28.4408006998, 14.4646425753, 82.0704565423
4.23297225365, 1.15623626735, 1.27540306778, 0.923351158857, 3.02760868333, 1.06341372529, 5.92158061177, 1.05845101492, 0.973477651825, 5.12861798382, 1.62424937478, 0.88813911739, 3.1445953965, 1.09957782676, 0.857410571239, 1.54832809061, 1.08487748274, 1.04095102825, 8.67225174579, 0.911091832576, 0.762386694305, 148.208779924, 0.927247884231, 3.15344754225, 0.969520618579, 5.45017869008, 1.10939010869, 12.2020827582, 7.87086553288, 143.050647441
4.699229511, 1.42474105121, 0.81889620554, 1.14145495915, 6.94403505742, 0.811065704693, 1.80495938301, 0.904374230187, 1.09965577241, 4.05338752913, 2.97328642331, 0.978866505403, 1.68441333107, 1.01089030707, 0.97728943402, 1.24403333846, 1.08378051593, 0.866661218136, 3.06453585896, 0.915064823615, 0.996632916454, 328.362611453, 0.944966489131, 4.73391563376, 0.963667007494, 4.91592031559, 1.02165947196, 15.8779178373, 7.20198343861, 162.69588045
3.81422462879, 1.2470552415, 1.6306513292, 0.966188628518, 4.01333053958, 1.17638127511, 2.2192689089, 1.16597105161, 1.01780874568, 4.35839716164, 3.60265146355, 1.18473100076, 3.03519978657, 1.22467093585, 0.915544462428, 1.30867805295, 1.07741303461, 0.848301822192, 4.79937279858, 0.936778106089, 0.932517528253, 66.4107849899, 0.872265981498, 3.63766026048, 1.03430426042, 4.75195381479, 0.972624093296, 47.7273447297, 12.3056215831, 70.4787321568
5.95514287691, 1.31455941741, 1.66258228984, 0.923181450101, 2.82342633087, 1.10168104135, 3.31196200875, 1.05810406198, 0.93124833993, 4.59091961851, 1.5912460755, 0.826404255513, 1.73139363588, 0.829769501351, 0.929209026603, 1.57388622205, 1.00208212025, 1.22252486442, 8.66609535466, 0.912469702127, 0.788988783568, 347.473539506, 0.916206565996, 1.33216490804, 1.05001066144, 1.71304853075, 1.25301992552, 41.3225722754, 8.15886113094, 198.047701513
4.29404568656, 1.19587491661, 0.951021049391, 1.04964432334, 4.48451248199, 1.10988925922, 5.62124819681, 1.22201708437, 1.10115191446, 5.83451796987, 5.12974125406, 1.16186497981, 4.95284614535, 1.24960365935, 0.961579728865, 1.08925799592, 1.13562437144, 0.929941615187, 5.52841418684, 1.05311477417, 0.770663084034, 368.036288968, 0.935472627938, 3.9538881963, 0.967681818742, 4.66851704284, 0.974589293808, 63.8375127133, 10.8358995886, 179.204468654
1.88047468489, 1.15389552603, 1.08019469571, 0.821632643109, 4.28924040899, 1.01971746645, 3.36352430601, 0.852100350774, 1.02659537017, 5.80852750304, 7.77812012793, 0.992527755213, 2.5891842822, 1.11257481065, 1.03736903661, 1.32232839312, 1.01304426707, 1.0793662506, 5.75165478656, 1.16436835902, 0.964517461867, 171.785510899, 0.873895016321, 4.15612040746, 1.1005140309, 5.36933784361, 1.03815678213, 93.0381966947, 14.542670471, 173.215389614
4.33619494317, 1.29103585642, 1.59181523276, 1.18523522172, 2.56758776308, 0.907064169816, 4.8529606536, 1.13097293829, 1.01303114441, 1.32490160502, 5.47724881995, 1.09640438657, 1.62463428508, 1.19534714266, 0.91677499371, 1.02018906764, 1.12065409466, 0.866267612147, 7.49496698932, 1.14083520226, 0.767426971483, 370.688379359, 0.92681956061, 5.47956813816, 1.0897445301, 5.08262005346, 0.871094233108, 115.220330328, 16.3021681492, 152.338284712
4.71230411045, 1.14964812819, 0.974846077376, 1.20714558764, 2.55301657632, 0.966630610701, 3.19975074348, 0.856916970783, 1.10361444678, 3.4527743445, 6.42645838845, 0.993364756528, 1.59857712014, 1.19628385046, 0.843869746833, 1.4723537979, 1.01712213958, 1.13973312446, 5.5630322411, 1.1045504842, 0.894314178693, 389.539224322, 0.871143852292, 5.41322956703, 1.10060523906, 5.276615017, 0.904670389579, 154.424525444, 13.7123202729, 175.186895718
4.64467479509, 1.11530654549, 1.54831989946, 0.911879845642, 2.50524844938, 1.0384543938, 1.77032510044, 1.1807666173, 1.09988769363, 5.03348756584, 2.92581566551, 0.978706717941, 3.11149532642, 1.21151271505, 0.810968324952, 1.01636537518, 1.15692762737, 0.92811754832, 4.23854528774, 1.16083326531, 0.974221971814, 321.837211035, 1.14860650746, 5.91406178645, 1.16661312294, 4.36920493747, 1.01967510861, 93.4104818107, 15.2787982573, 164.715960928
3.57520856933, 1.33548158806, 1.21568646402, 1.11461567508, 1.66858346029, 0.717692613644, 1.7185308622, 1.0570567948, 0.968932294602, 4.5994101435, 5.7403722001, 1.09055244763, 3.21341370675, 0.997537937259, 1.08255207188, 1.22905202313, 1.0379393371, 1.02767370701, 7.09423610699, 0.910586505135, 0.762782815957, 66.1626637617, 1.14523697329, 2.16449573456, 1.00902957543, 3.28797437703, 0.880735175427, 45.8478570836, 16.4700439269, 221.510665179
4.65916886944, 1.42475924087, 1.26002991441, 1.14832564537, 6.97109165402, 0.807475293233, 1.80495938301, 0.904374230187, 1.08615126304, 4.05368376889, 4.34474766262, 1.01621943112, 1.68435882052, 1.00964181558, 1.06448909185, 1.51351878683, 1.08359205809, 1.15854571738, 3.06453585896, 0.915064823615, 0.839163630908, 80.7652272163, 0.944966489131, 4.73391563376, 0.962869590137, 4.91592031559, 1.08849580825, 51.0932805344, 8.81698718279, 237.774598156
3.79891672209, 1.00363933404, 1.18580435326, 1.06115667498, 4.01480951008, 1.16607600268, 4.62690982771, 0.967710884983, 0.977444185453, 4.55930208464, 3.21715719482, 1.09693165507, 3.42996047293, 0.881841387678, 1.02982847231, 1.09770409869, 1.03526835762, 0.836910508583, 7.5467212101, 0.938770867192, 0.900380330458, 156.910327519, 1.19236976275, 4.50935353229, 1.16373517087, 4.71080195029, 0.937553934875, 213.433187014, 19.0845768086, 230.875131608
4.64467479509, 1.13787284061, 1.5433434066, 0.911879845642, 2.52254139835, 1.0384543938, 1.77032510044, 1.18177591849, 0.975116955539, 5.24646506605, 4.88919971926, 0.912003056931, 4.91751721944, 0.896253480857, 0.810593168656, 1.0313477072, 1.02521159925, 0.854111938904, 9.05191698702, 1.16083326531, 0.823768205983, 387.418459374, 1.19432009666, 5.5517921839, 1.1961329213, 4.36920493747, 0.950133518493, 77.3277551402, 11.4161766976, 1035.89809601
5.55374601027, 1.14694195354, 1.4694926684, 1.10146782548, 6.2322307092, 1.09235964584, 2.94068584883, 1.10061557797, 1.12009103009, 5.76851484436, 2.84092507504, 1.02282447021, 4.9395769547, 1.25553839636, 0.963253465015, 1.39514086072, 1.12800489211, 0.945583277061, 3.79941356244, 1.07529266379, 0.774364765096, 368.778548459, 1.0193173534, 2.40331828864, 1.15031123458, 4.21205911469, 0.97415834325, 70.4097732314, 13.5863244479, 246.09117447
4.71314443824, 1.3064898451, 1.54613759377, 0.934542122873, 2.11886852301, 0.872663203597, 4.86589452138, 0.843171361412, 1.09294571777, 3.65967409419, 2.64875265086, 0.968530691154, 1.18755101403, 1.09910724903, 1.0081828729, 1.54789570272, 1.10902815266, 0.941358834333, 8.94283776197, 1.08254489978, 0.994302357181, 236.968080876, 1.16166288365, 2.27568115202, 1.13451538076, 2.97103186302, 1.13301735794, 97.425945806, 10.6204614957, 256.465762677
1.2767137704, 1.06980102487, 1.59174693008, 1.04952772288, 2.71253215813, 0.998510494482, 3.5262852991, 0.885102537936, 1.06824647482, 5.6319662901, 3.48105885408, 0.849792513052, 1.53815340035, 0.937131843302, 0.797415793982, 1.58563682766, 1.03543154546, 1.1033512159, 8.19607581682, 0.973531474837, 0.864745861245, 128.525300754, 1.10656550224, 1.51647848328, 1.14142206223, 3.39863646973, 1.05124465798, 75.1729620137, 14.5660863274, 643.289983622
1.70120793738, 1.24354871806, 1.52752797892, 1.05983643464, 2.28089928918, 1.18544427099, 2.24300442176, 1.03107800298, 1.01792241206, 3.21926635637, 5.15392431486, 1.16915425243, 1.17545010732, 1.22228664226, 1.01603767436, 1.49514312424, 1.10820215022, 1.0688416639, 6.91081543796, 1.1038157826, 0.852549434725, 65.2973074056, 1.17071996316, 2.64301709383, 1.04498803258, 2.95747811544, 1.03568262514, 85.8907423429, 19.1338025106, 263.587826949
2.51869857913, 1.24674514145, 1.6306513292, 0.966188628518, 2.28089928918, 1.17638127511, 2.5501752386, 1.15198723748, 1.01820792682, 3.21763577707, 3.60265146355, 1.18716207273, 3.02260669971, 1.08633423703, 0.915544462428, 1.30867805295, 1.07741303461, 0.878706568803, 4.78857740889, 0.936752402534, 0.932517528253, 65.1518162481, 0.873704740613, 3.63786113006, 1.03431233889, 2.59048234007, 1.04044539359, 113.687195291, 11.1342832435, 468.759355276
4.34092589306, 1.40651134625, 1.57053077552, 1.05018216018, 4.51253561896, 1.18733262549, 5.21348331437, 1.04773020713, 1.09947606697, 4.70352509068, 2.99787813194, 0.978509528111, 1.67513352215, 1.2125819695, 0.979693371329, 1.24291716455, 1.15602964795, 0.930575574619, 7.75159676155, 1.06603660212, 0.995550101628, 321.285437174, 1.14829350623, 2.0725804914, 1.06200860431, 3.1687559159, 1.02110548613, 225.249818129, 15.6263522375, 312.416049956
5.90070420824, 1.40686081876, 1.25219474498, 0.809765613414, 7.02078306912, 0.80668789532, 3.22146031748, 0.89963952913, 0.921168112384, 3.73220604428, 7.33706971056, 0.960594387628, 2.02189285084, 1.21269793122, 0.780374457209, 1.11340498734, 1.08408433353, 1.09670261598, 7.14044761839, 1.03081108018, 0.909090091393, 275.403886384, 1.06029133549, 2.80984031145, 0.987628822708, 4.65763114619, 1.18740487491, 111.938825627, 15.5343238566, 315.675086828
4.70842500207, 1.40017459138, 0.983506455693, 1.20863784433, 3.79418106138, 0.966630610701, 3.19975074348, 1.13460418236, 1.10290996012, 3.57298062894, 3.99176982915, 0.832391792583, 1.61456725172, 0.873359466952, 0.952471331125, 1.46957804156, 1.01111236788, 1.13795282599, 6.91228540589, 1.09786800002, 0.933896199086, 392.356929687, 1.16954180845, 2.30111924911, 1.15292019931, 3.96789515109, 0.906842193286, 105.688989174, 21.024668095, 2953.84344237
4.96653525055, 1.29655196739, 1.34743351994, 1.00785150808, 6.76065846239, 0.947151101503, 5.60072491421, 1.08603225256, 1.09503840293, 2.18820740066, 6.2655521071, 1.2171313995, 2.65577129691, 1.18745465727, 0.880579011095, 1.58053690521, 1.03080448287, 1.01272941034, 4.04215355163, 1.03027843868, 0.778218929219, 231.715333969, 0.997675027734, 5.69749096309, 1.16197742138, 4.42551374337, 1.11258600949, 124.328248444, 11.6365465594, 542.939509007
4.64467479509, 1.11259431348, 1.54831989946, 0.911879845642, 2.50524844938, 1.0384543938, 1.77032510044, 1.1807666173, 1.01137556004, 5.23489190796, 4.84613826275, 0.913554253833, 3.11149532642, 0.896253480857, 0.810593168656, 1.03555396577, 1.02521159925, 0.854111938904, 4.24021862967, 1.16083326531, 0.974221971814, 389.728549289, 1.19432009666, 5.54576712259, 1.16673522148, 4.36920493747, 0.943544251856, 117.045395312, 12.9943844506, 601.79755705
4.33514500618, 1.18425831293, 1.59054085627, 1.04964432334, 4.51429495945, 1.00852531426, 5.99432747952, 1.13095987144, 1.09987851683, 1.29806979963, 5.59010468251, 1.17078972542, 1.197519149, 1.04473052532, 0.91731670058, 1.18077183196, 1.00332530494, 0.929884112526, 3.84809191103, 0.974675693439, 0.850653208348, 208.264629572, 0.935207560037, 3.45713021504, 0.967681818742, 5.01967696811, 1.04715758683, 136.39907135, 16.2094032498, 478.133569094
5.54948269262, 1.14966257105, 1.45764138536, 1.20684030043, 3.83391167749, 0.966630610701, 3.19975074348, 1.10668168207, 1.10361444678, 5.15352939649, 6.43155653318, 1.02281749689, 5.03756133021, 1.19628385046, 0.843869746833, 1.37988789976, 1.01751763212, 1.13864328274, 3.8108687555, 1.10905476771, 0.894314178693, 387.183699455, 0.871143852292, 5.41322956703, 1.10060523906, 5.276615017, 0.904670389579, 122.992395579, 16.5377929391, 539.953454895
1.29090929839, 1.02347413706, 1.59174693008, 1.04952772288, 2.70968811884, 0.98667979775, 3.52006308585, 0.88331508614, 1.06819073921, 5.6319662901, 6.79901996272, 0.850665696322, 1.53697765924, 0.937131843302, 0.797415793982, 1.53982459953, 1.03543154546, 1.10296748183, 8.22570937549, 0.961405483828, 0.863878288364, 128.525300754, 0.908993892796, 1.08879421346, 1.14142206223, 3.39863646973, 1.05124465798, 175.117035404, 12.587702439, 733.845316695
5.95586854513, 1.30405330434, 1.52973228553, 0.825737095514, 2.11886852301, 0.904609216877, 4.86589452138, 0.845540482361, 1.09294571777, 3.73522575742, 3.52121978277, 0.968911912706, 2.04146412585, 1.09910724903, 0.780141702437, 1.54789570272, 1.10877945324, 0.941358834333, 3.25320012982, 1.02440138787, 0.991621687318, 236.968080876, 1.16121254444, 2.25611953027, 0.988700722742, 2.97103186302, 1.18741777509, 141.75100941, 13.8302513449, 675.675063407
4.33665107751, 1.42408746839, 1.59054085627, 1.04964432334, 4.51429495945, 1.00852531426, 5.92856837673, 1.13095987144, 1.09987601215, 1.29806979963, 5.54319283817, 0.975078031906, 1.68323491513, 1.01126420923, 0.975700448948, 1.18077183196, 1.00332530494, 0.865244836109, 3.84394980929, 0.913434142144, 0.852088337027, 208.264629572, 0.935280547875, 3.45713021504, 0.967609857963, 5.0190308519, 1.04715758683, 322.164629686, 20.5939794903, 492.947110227
3.62564329029, 1.13153006651, 1.12277842883, 1.04268485893, 1.59084005036, 0.715282043185, 4.64442805672, 1.17139075415, 1.04732408361, 5.01998433526, 7.71534982098, 0.958290113964, 3.51989424379, 0.881841387678, 1.03475804958, 1.00620446722, 1.03481738711, 1.22362157133, 7.56103548205, 0.929998833801, 0.977360857259, 161.639287706, 1.19236976275, 1.09709455568, 1.0058332809, 4.71080195029, 1.24429851327, 140.334422804, 24.3397470731, 611.019677888
4.71540405365, 1.13805539667, 1.36881658758, 0.930447944325, 6.48803609439, 0.847517813566, 2.96539949496, 1.11636953936, 0.921679116709, 3.98404440508, 5.68591664804, 0.89154616018, 4.66757586873, 0.909430318639, 0.818500763859, 1.39825270856, 1.08309260976, 0.906480337939, 9.06689625975, 1.0313293508, 0.913932795898, 311.106440514, 1.01393181336, 4.23744295205, 0.988717353034, 4.65584196706, 0.950276044767, 696.157791446, 18.4403612774, 629.967195548
3.76491070714, 1.00205736142, 1.18916801062, 0.837175877975, 3.1635888741, 0.921848369893, 1.70390072924, 1.11309444628, 0.968363473257, 4.54252452767, 7.77436683513, 0.924342380669, 4.20879758162, 0.902445538407, 1.03423106416, 1.17441670074, 1.03732981576, 0.83427785352, 8.80716633508, 1.0257414272, 0.900516587591, 331.934480853, 1.0877904725, 2.41187427246, 1.16622760337, 4.84481808435, 0.874417234638, 658.389165723, 18.5274211854, 653.763848872
5.95514287691, 1.31455941741, 1.66258228984, 0.918553197629, 3.92652901911, 1.09891559276, 3.31176097528, 1.05810406198, 0.930605350531, 4.45521203422, 1.5912460755, 0.826404255513, 1.73139363588, 1.08794412755, 0.92937566947, 1.55418382235, 1.00158806009, 1.22252501599, 8.6464312714, 0.912469702127, 0.977779244229, 363.168998385, 0.916206565996, 1.33216490804, 1.04928838801, 1.71339225908, 1.23822685609, 190.949032547, 13.499776975, 1599.10072454
5.71291532668, 1.13790557747, 1.37036570897, 0.940049331029, 6.49862123963, 0.847517813566, 5.02024600714, 1.11575366129, 0.974711828506, 3.98404440508, 2.86867298418, 1.06302643271, 4.98368022984, 0.91799276286, 0.929533599616, 1.40414256801, 1.05141433396, 0.906480337939, 9.09288945188, 1.08325795418, 0.822390377042, 157.549069226, 1.01388085018, 4.23744295205, 1.1956449472, 3.99946458258, 0.950276044767, 199.123798363, 13.3309181976, 993.113552154
5.63511174101, 1.19957174167, 0.944788852498, 1.10146782548, 6.1747775757, 1.08754893453, 5.68949637067, 1.22163059833, 1.10088398768, 2.95002077261, 2.85858207868, 0.940737647618, 4.93196310332, 0.893590753079, 0.963253465015, 1.45045305959, 1.13066090188, 0.986976129532, 5.13862232253, 1.05179247307, 0.772550217491, 368.805779048, 1.00720904387, 2.40514444782, 1.23981318318, 2.25412294944, 0.975304980316, 184.058472659, 13.2066907873, 3077.61904583
2.2886971106, 1.29674792174, 1.46929504634, 0.915010640582, 5.7842166058, 1.15899691994, 4.54080415388, 1.214690053, 1.13865889267, 5.4093769367, 7.20157505204, 1.19226308768, 1.24425275942, 0.967131238249, 0.909935285369, 1.00620910115, 1.10823256493, 1.16858986976, 4.79182726543, 0.959731287304, 0.798882897524, 152.656333639, 1.07976912383, 4.89681933088, 1.22625825849, 1.03332317438, 0.924733234702, 200.228710737, 19.1668830446, 856.41739397
4.33619494317, 1.06871893643, 1.52655089827, 1.18523522172, 2.58666298209, 0.907064169816, 4.82803427023, 1.13097293829, 1.01273923897, 1.57396494084, 7.66970018668, 1.09640438657, 1.61793972415, 1.20211479273, 0.91643829082, 1.01392467059, 1.02211325146, 0.940325671558, 7.49496698932, 1.14083520226, 0.823438383428, 236.007785305, 0.92681956061, 5.42265329464, 1.08980788259, 5.19402749035, 0.871094233108, 187.87723657, 14.9103465622, 1001.71204659
5.71291532668, 1.01678235101, 1.37036570897, 1.04720018135, 6.45511994779, 0.843255131588, 5.47544646474, 1.11575366129, 0.974711828506, 3.98404440508, 2.86867298418, 1.06160394503, 4.98368022984, 0.910382357232, 0.930327482158, 1.40101830264, 1.0521636914, 0.906480337939, 8.84170841847, 0.99534939032, 0.822390377042, 157.549069226, 1.01108660514, 4.21694394977, 1.1956449472, 1.71122740761, 0.949727937428, 293.096094026, 14.573419716, 887.142552819
5.20549309596, 1.14964812819, 0.974846077376, 1.20714558764, 2.56316193574, 0.99676761475, 3.19975074348, 1.13460418236, 1.10361444678, 3.5581763095, 5.10934701087, 0.993363227679, 1.59857712014, 0.912333956375, 0.936649493797, 1.46967503711, 1.04442164163, 1.13973312446, 5.5630322411, 0.952181286726, 0.765643665202, 389.539224322, 0.989382685382, 2.28598835539, 1.09892578434, 3.96789515109, 0.904670389579, 319.798005441, 15.7518872925, 708.290738694
2.30088123196, 1.30544560494, 0.801320436621, 1.05801572862, 3.2330722684, 1.05618429148, 2.74450958093, 0.898746499886, 1.07531072023, 5.38783276313, 6.59308164567, 1.09573239928, 4.82924868196, 1.21805342102, 0.916136669422, 1.31185337385, 1.10889054917, 1.21835149446, 6.8904856868, 0.940788589833, 0.801373381018, 331.238595486, 0.86098095708, 1.71552129884, 0.952660522096, 4.75765748099, 1.03685687562, 163.137132773, 14.2306072205, 1169.53586419
2.37834726445, 1.41385877312, 0.939212436598, 1.12268172967, 7.04112375807, 0.986540655333, 5.62908669959, 1.06046323871, 0.957535768561, 1.66077855166, 7.16853894379, 0.842077055621, 1.76695509535, 1.17632606367, 0.862275999215, 1.073860453, 1.01085822443, 0.935815471746, 5.07006046872, 1.18546232292, 0.972694186213, 85.1740597416, 1.07517046179, 3.44124878928, 1.05132469446, 2.01354317299, 1.25035420703, 233.353004571, 27.4940324067, 688.642851884
5.95514287691, 1.19975017383, 1.60871651632, 0.803558466505, 2.82342633087, 0.718473911717, 3.31196200875, 1.2226845981, 0.931246195602, 4.59091961851, 1.57486594811, 1.20630862974, 1.09394996068, 0.894613437231, 0.927995045156, 1.45128614831, 1.00296854493, 1.22252486442, 8.66155721448, 1.05334947669, 0.760601509261, 347.636530044, 0.910098254887, 3.36390307449, 1.00470427075, 2.25801735369, 1.25241914117, 254.804741699, 13.9195063831, 1051.41399049
1.67876074548, 1.09909829741, 1.6306513292, 1.06187730141, 2.4609962858, 1.15808721124, 5.43078305187, 1.17153148178, 0.943410940931, 3.21926635637, 2.26589165198, 1.21000741491, 2.17561161579, 1.22115516272, 1.01603767436, 1.09879756936, 1.0395184202, 1.1016991594, 9.98426453777, 1.12354964385, 0.852839494034, 63.4007440668, 0.983294538092, 3.63786113006, 1.06994409647, 2.59941292133, 1.21299864963, 263.712424069, 20.7264692906, 892.344141259
4.71230411045, 1.14964812819, 0.974846077376, 1.20714558764, 2.55301657632, 0.966630610701, 3.19975074348, 1.13460418236, 1.10361444678, 3.56949918384, 6.50255026646, 0.993363227679, 1.59857712014, 1.19628385046, 0.936649493797, 1.46967503711, 1.01641511294, 1.13973312446, 5.5630322411, 1.10569211554, 0.894314178693, 389.539224322, 0.989382685382, 2.28598835539, 1.09259517645, 3.96789515109, 0.904670389579, 253.273119721, 16.4652392029, 1006.02132038
1.2767137704, 1.14588194016, 1.59174693008, 1.04952772288, 1.83708930512, 0.860038675279, 3.5262852991, 0.885102537936, 1.06824647482, 5.1201122147, 3.4801847311, 1.15712266873, 1.52242485082, 0.937131843302, 0.797415793982, 1.58563682766, 1.03752926964, 1.1033512159, 3.66251928805, 0.910973480727, 0.936717727512, 128.525300754, 1.10656550224, 2.18614376611, 1.14142206223, 3.39863646973, 0.918190599301, 597.53901587, 18.3992864239, 785.127175431
4.32795493138, 1.07366373774, 1.52824895124, 1.04964432334, 2.01552603712, 1.11171166914, 5.66927272399, 1.15465747892, 1.10109604677, 3.05832687345, 5.14523395483, 1.17083149921, 1.197519149, 0.920058499046, 1.00492943025, 1.06938767471, 1.10963803388, 0.941384787101, 3.44068773392, 1.155912082, 0.850474281846, 236.203861244, 0.935239662106, 3.94860405436, 1.14130798383, 2.94778732585, 1.04715758683, 441.00265937, 18.7863836947, 846.396163671
2.35321708596, 1.40433286871, 1.56718882269, 1.05664153251, 2.12987185578, 0.740420291164, 2.32774507032, 0.895459571177, 1.10043754539, 4.32243613072, 4.01968260784, 0.830927551566, 3.44397202188, 1.21938947283, 0.98761437623, 1.32975898301, 1.13873141557, 0.848052368609, 6.89259751199, 0.93950799641, 0.934371781433, 359.029967941, 1.1708438931, 3.81823589834, 1.1530063626, 4.75874043216, 1.03387257143, 202.603152513, 18.6827375661, 1794.70706966
4.07081316254, 1.10329408118, 1.65839351543, 1.06142291283, 2.45830272413, 0.990558374031, 5.50494284353, 1.01523393372, 0.944458163998, 4.18742080086, 2.27098427557, 1.09469865402, 4.11605970073, 0.931215952012, 1.07241166758, 1.41687282167, 1.03946426677, 1.10139244309, 9.99054719264, 0.975233781328, 0.893775154422, 278.731187182, 0.984773495481, 4.28035708, 1.07139549703, 1.41799856883, 1.19377026703, 169.03614479, 17.9394780042, 2500.93448525
1.67876074548, 1.24467409352, 1.56755809219, 1.05983643464, 2.28089928918, 1.15266969515, 2.27301228667, 1.03107800298, 1.01792241206, 3.21926635637, 4.01802861582, 0.829657042079, 2.17561161579, 1.22228664226, 1.01603767436, 1.44698577807, 1.0771187197, 1.06870210197, 6.91081543796, 1.1038157826, 0.852549434725, 65.2973074056, 1.17071996316, 2.64301709383, 1.04498803258, 2.59891426486, 1.03568262514, 203.411365758, 18.2561877721, 1426.62369401
5.63511174101, 1.19957174167, 1.5714943279, 1.09834996399, 6.07446191374, 1.08759113219, 5.55553469911, 1.22163059833, 1.10088398768, 1.30587201516, 2.85858207868, 0.941878677535, 4.93196310332, 0.889028631424, 0.964398403739, 1.02462084803, 1.13066090188, 0.958204376102, 7.48336800926, 1.14037409899, 0.767467208286, 370.686620751, 1.00720904387, 2.40514444782, 1.09117886302, 2.28318695584, 0.975304980316, 191.490027253, 25.6688461333, 1503.36569946
3.11047847154, 1.40651134625, 0.817317162171, 1.11022006619, 4.68952445597, 1.18733262549, 5.21348331437, 1.04819085037, 1.09947267627, 4.61106233321, 2.99787813194, 0.978509528111, 1.67513352215, 1.2125819695, 0.977507932676, 1.24386854037, 1.15517462318, 0.863520853948, 7.75159676155, 1.06603660212, 0.995560126475, 318.850894179, 1.14829350623, 2.0725804914, 1.06577035834, 3.18880735592, 1.02110548613, 256.517344017, 16.2803496071, 2243.17577005
1.01702973623, 1.05685730392, 1.19855204442, 0.940909077828, 3.09873223144, 1.17370236391, 2.15645526753, 1.25968756521, 0.937000546696, 5.22863537322, 5.43748740131, 1.18127628969, 1.46282036627, 1.0557207692, 0.864692437748, 1.2964685702, 1.01541089475, 1.06386911073, 7.60005029469, 0.934254415051, 0.878131797751, 382.179947692, 0.994468905776, 4.55626948907, 1.14457873448, 4.78561299889, 1.16159984299, 394.062702995, 15.2650054651, 2564.45078587
5.97668785116, 1.01463913383, 1.66258228984, 0.923181450101, 2.82342633087, 0.71648813863, 4.05501099204, 1.05810406198, 0.931002686524, 4.58288465592, 1.61491526439, 1.09226989588, 3.99179128765, 0.996888562583, 1.08516737766, 1.13427504235, 1.00208212025, 1.22252486442, 8.66842237127, 0.912311325092, 0.761197121397, 111.256268646, 1.14632005975, 1.3522701294, 1.00847530183, 1.68542080434, 0.989404664158, 368.03259872, 16.0523520425, 1235.77675723
3.13111664797, 1.33141842973, 1.34205668805, 1.19453236247, 2.4826784913, 1.10122146924, 3.42409374746, 0.922078574079, 0.901293275626, 4.5788600807, 3.94932822765, 0.99503686885, 1.76487175072, 1.14815393719, 0.916641736597, 1.57001280993, 1.00324825903, 1.22697961319, 6.59617878241, 1.11979770922, 0.789196357498, 41.4932123708, 0.945328713891, 3.36517879549, 1.11680692986, 5.17287515299, 0.954919394152, 408.708096696, 32.707746116, 942.512532336
1.35279591394, 1.34061066385, 0.879797880637, 1.07909733126, 6.08529600709, 1.06598652657, 3.88425656512, 1.19205428886, 1.00420634989, 2.574305826, 5.76164445031, 0.913245931895, 2.81641797795, 0.965917003664, 0.89140584564, 1.58171379728, 1.02052021581, 1.20013527845, 5.71891306541, 0.981159323823, 0.946628722148, 255.062410516, 0.945896868517, 4.24320599503, 1.19278809866, 5.40547994325, 1.10404290605, 376.108230935, 17.6013747834, 1092.886092
3.09816704035, 1.41385877312, 0.94008310903, 1.12337910694, 6.97628636672, 0.966820250966, 3.20283286894, 1.06095475408, 0.948888277455, 1.67223540281, 7.16853894379, 0.993645663966, 1.79233404669, 1.17632606367, 0.861949752361, 1.19695702013, 1.0162322169, 1.13986964721, 5.56319496676, 1.10644466657, 0.839430264755, 84.9841189069, 0.989392846322, 4.48486388681, 1.05132469446, 2.01354317299, 1.25499065687, 525.397808157, 35.238699355, 876.518669447
5.55477730893, 1.14679967754, 1.46932443638, 1.08070989048, 3.83690469746, 0.90765298819, 5.22311109946, 1.10027541158, 0.983761657778, 5.15646820451, 4.65925805488, 1.02266686717, 5.03470059357, 0.876182834887, 0.952136804126, 1.37994691522, 1.0605536765, 1.17163800208, 3.79355272022, 1.07532303576, 0.987006505719, 387.214041506, 1.02396084901, 3.40006477813, 1.15022994595, 4.27237427268, 1.24943030602, 193.875933918, 26.5036943956, 1568.87691592
5.3144086165, 1.2675177546, 1.46410510312, 0.981226589655, 5.49848308195, 1.05326571657, 4.78382406436, 0.94896100128, 0.920089172111, 5.22625436945, 3.25751532415, 1.13318116725, 3.74291436444, 0.860750528671, 0.814384593731, 1.2685385302, 1.01590206868, 0.938459830298, 3.19345958035, 1.15828649766, 0.994152285518, 120.033443105, 1.18736258213, 2.92205343679, 1.04487367175, 5.38687482915, 0.954805261639, 318.268457203, 18.3561195655, 7498.56179069
2.84514021492, 1.40745819692, 1.18580435326, 1.04532629809, 4.04747379877, 1.16451240625, 5.60734019929, 1.02137972813, 0.977444185453, 4.45808868766, 3.21715719482, 1.15367443395, 3.42373257876, 0.879415933895, 0.910530699278, 1.10529383606, 1.03482532648, 0.86702003964, 7.55860314614, 1.17130335391, 0.977360857259, 309.091519807, 1.0913942817, 3.60823731282, 0.963869976936, 4.71725992588, 0.895278873794, 326.221680975, 17.4399569848, 3584.40164372
5.95514287691, 1.19975017383, 1.60865154964, 0.803558466505, 2.82342633087, 1.101793086, 3.31196200875, 1.2226845981, 0.93124833993, 4.59091961851, 1.57486594811, 1.18718605564, 1.07371646665, 0.893667227985, 0.927995045156, 1.45128614831, 1.00296854493, 1.22252486442, 8.66155721448, 1.05334947669, 0.788988783568, 347.636530044, 0.916206565996, 3.24140521937, 1.05203114386, 2.25371311649, 1.25301992552, 265.567047408, 21.2544152584, 3008.47825008
5.71276948179, 1.13790557747, 1.32174266467, 0.908981862834, 6.48851108364, 0.847517813566, 5.02110614995, 1.11575366129, 1.02056821914, 6.06027326214, 2.86867298418, 1.06302643271, 4.98368022984, 1.17707754766, 0.929533599616, 1.40414256801, 1.05141433396, 0.90159149321, 9.09288945188, 1.08323344431, 0.97161124703, 157.549069226, 1.01388085018, 5.97480614688, 1.1956449472, 3.99946458258, 0.959168056576, 313.272866194, 21.2324632917, 2505.92641048
3.87816726494, 1.28511407101, 1.39292935206, 0.908199487218, 2.50542804313, 1.02103495682, 1.50068136859, 1.06964372355, 1.01237645744, 4.37499622972, 4.87898891202, 0.836604301787, 2.68222265592, 0.872800699157, 0.856698821867, 1.07355513617, 1.05373681783, 1.20977299603, 3.81397295247, 0.912041827892, 0.97437162654, 393.517128331, 1.07514009903, 3.4436306467, 1.21518643785, 4.31163639553, 0.946872302942, 452.064709594, 17.188516948, 1320.57263133
4.33086053616, 1.07306020648, 1.52824895124, 1.0478381561, 4.46546087004, 1.10964657636, 5.66927272399, 1.15369059903, 1.10019276837, 3.03259440722, 7.64082615348, 0.916247339274, 1.19437079208, 0.89606194819, 1.00492943025, 1.43740628599, 1.02121604053, 0.94044166667, 4.25034159653, 1.155912082, 0.823135269374, 235.041764063, 0.956054381364, 3.9645926532, 1.14189552999, 2.67677209239, 1.04715758683, 372.457838687, 16.1050953787, 1493.10188855
3.21359745433, 1.12218847179, 1.51502898706, 1.07909677607, 3.81607244893, 1.1085578334, 5.70418034456, 1.15481416431, 1.10083698318, 3.05166840866, 5.14544576146, 0.968441485241, 2.81641797795, 0.965917003664, 1.00269326641, 1.58171379728, 1.03139298386, 1.20011421474, 5.71942951481, 0.97986185078, 0.946628722148, 255.80926062, 0.945896868517, 1.29358933453, 1.19278809866, 5.39498246604, 1.10412089572, 555.35663021, 31.896004378, 1274.52567349
1.35282633123, 1.02595625728, 1.20712468816, 1.04834295667, 6.15329229112, 0.987373264737, 3.89003996632, 1.19752189367, 0.940821718245, 1.75007842995, 2.95816718828, 0.848997978325, 1.5428867454, 1.00388445036, 0.893210333571, 1.50467998073, 1.01861251451, 1.12488775223, 8.31533218715, 0.961229807594, 0.863878288364, 129.364935145, 0.900456337709, 1.01921950649, 1.1921685937, 3.39863646973, 1.10469578057, 712.558965567, 19.2643703009, 1106.06334356
1.2767137704, 1.02181450965, 1.59174693008, 1.04952772288, 2.71253215813, 0.986445610633, 3.5262852991, 0.883301242753, 1.06818944302, 5.6319662901, 6.81211309302, 0.849792513052, 1.53698307751, 0.937131843302, 0.797415793982, 1.58563682766, 1.03543154546, 1.1033512159, 8.19607581682, 0.973342170773, 0.864745861245, 128.525300754, 1.10656550224, 1.48184728381, 1.14142206223, 3.39863646973, 1.05124465798, 285.784285161, 28.3500873423, 1967.94660479
3.57527667334, 1.3399098585, 1.21568646402, 1.11461567508, 1.66858346029, 0.717692613644, 4.06905084776, 1.17782742084, 0.976098928468, 5.17726293132, 5.7403722001, 1.09055244763, 3.5667340062, 0.997537937259, 1.08255207188, 1.22905202313, 1.00170133428, 1.03422124832, 7.09423610699, 0.928333434584, 0.762782815957, 109.840107187, 1.14523697329, 2.16063601059, 1.00845564569, 3.28797437703, 0.989809388678, 367.808907033, 32.3732764088, 1666.06113452
5.84878814489, 1.34982945734, 0.769042381936, 0.968433909868, 6.48846061602, 1.07097351674, 5.10110709693, 0.909063021185, 1.01913500378, 6.12129561231, 2.89988847344, 1.20461634574, 3.00074722632, 1.16799033455, 0.912596944553, 1.19692380412, 1.01719937003, 1.20990620106, 7.61901374629, 1.12106507435, 0.970381964532, 130.511228012, 0.988934518305, 5.95672323694, 0.950871640031, 4.49138266096, 0.959320338969, 239.872598902, 28.2236055982, 2714.53028996
1.88047468489, 1.30888577221, 0.782705172018, 0.821632643109, 4.25059500694, 0.872667744781, 3.84939125788, 0.854050737261, 1.02642278343, 5.80445957769, 7.77812012793, 0.992527755213, 2.97279047692, 1.11257481065, 0.843076363886, 1.32232839312, 1.10894744601, 1.0793662506, 5.75165478656, 1.16436835902, 0.789634950635, 176.358934322, 0.871770609013, 5.42509519684, 1.1005140309, 5.34831146453, 1.03815678213, 360.398047846, 23.1443693579, 3071.58297674
4.33514500618, 1.18301670612, 1.59054085627, 1.04964432334, 4.80942532468, 1.00852531426, 5.97080159002, 1.13095987144, 1.09925598282, 1.29806979963, 2.70544898384, 1.16935541663, 1.10508913276, 1.04473052532, 0.91731670058, 1.18124219733, 1.15405249478, 0.99459458595, 3.86871326777, 1.02034824521, 0.85113513985, 351.597937207, 0.971325482433, 3.45713021504, 1.22811189531, 5.05270435918, 0.939775709976, 516.94214068, 17.950827034, 1388.06679068
2.90091890645, 1.2881740433, 1.58885817713, 1.11058041611, 3.02254186777, 0.868849606795, 3.50055470716, 0.884279942615, 1.09490132041, 5.13717110244, 5.7412137762, 1.08943271522, 1.96713961857, 1.09915887937, 1.0803630659, 1.32657026497, 1.08861681179, 1.04858353209, 6.73351251014, 0.927503752724, 0.93903042033, 149.587185932, 0.994483005492, 1.89847045171, 0.960653841414, 3.28965376617, 1.06707188346, 475.542993865, 17.73943398, 1432.44118259
2.51901719705, 1.39115388576, 1.56718882269, 1.05801572862, 1.68536183617, 1.05491025352, 2.30067415643, 0.896490390897, 1.10043754539, 4.35773366405, 3.20074901325, 1.09910483298, 4.82924868196, 1.21805342102, 0.916247969735, 1.44673013148, 1.11470202905, 1.21835149446, 6.90930966073, 0.938723704497, 0.934371781433, 331.238595486, 1.1708438931, 3.86601144355, 0.952660522096, 4.75874043216, 0.895963370067, 417.994366817, 23.672951964, 1580.74784765
1.88047468489, 1.15528572711, 1.08019469571, 0.825485561864, 5.77911071565, 1.15608246186, 3.36352430601, 0.848053469218, 1.13399570743, 5.81173097409, 7.19950612885, 0.994465330791, 2.5891842822, 1.11313101413, 0.911089710442, 1.0003781894, 1.01304426707, 1.0793662506, 5.64157757618, 0.961745712223, 0.965968637605, 171.813130045, 0.873895016321, 4.1579806007, 1.1005140309, 5.36933784361, 1.03815678213, 520.104438114, 16.8902345194, 3152.98091738
3.74429909201, 1.42046105495, 0.960037808275, 0.978594278181, 5.59169129016, 0.928194105756, 4.30766626198, 0.924002033961, 1.1009336817, 4.82078284828, 6.03068166125, 1.18676019108, 1.35315549222, 0.965631734262, 1.07724162047, 1.21838494958, 1.0398185603, 0.985976865078, 3.89327591653, 1.03400127454, 0.803255045761, 318.007986318, 0.873855640575, 4.14492554722, 1.00679646091, 4.37596380873, 0.93566281585, 446.860433287, 16.901441738, 2350.45269802
4.78411401398, 1.13805539667, 1.36912184707, 0.938410888484, 6.48803609439, 0.847517813566, 5.0165439802, 1.11490075745, 0.974711828506, 3.98404440508, 5.29058696012, 0.89154616018, 4.66757586873, 0.907794346083, 0.818500763859, 1.40414256801, 1.05141433396, 0.906480337939, 9.06689625975, 1.08216661538, 0.822390377042, 311.106440514, 1.01393181336, 4.23744295205, 1.19584571715, 3.9927479958, 0.950276044767, 404.09001201, 22.7388845494, 2844.28865124
1.67876074548, 1.24674514145, 1.6306513292, 0.966188628518, 2.28089928918, 1.15808721124, 2.55081607786, 1.17130444042, 1.01818266247, 3.21926635637, 3.60265146355, 1.21074290314, 2.17561161579, 1.22115516272, 1.01603767436, 1.10775786182, 1.0771187197, 0.878706568803, 6.48205857181, 1.12354964385, 0.852923921828, 65.2973074056, 1.0962916111, 3.63786113006, 1.03431233889, 2.59941292133, 1.21299864963, 462.936247602, 16.5164686158, 6510.19225379
3.90763684102, 1.02347413706, 1.59174693008, 1.04952772288, 1.93428183078, 0.714273366325, 4.8466954484, 0.883416849153, 1.06910059093, 5.62377248179, 6.82935707929, 1.04418780145, 1.46542438655, 0.937131843302, 0.797415793982, 1.5623688352, 1.03509069795, 1.10296748183, 8.4509977786, 0.96286380249, 0.863878288364, 128.525300754, 0.907339759437, 1.08879421346, 1.02257245117, 3.39863646973, 1.05124465798, 415.030138582, 16.7233444345, 5289.19070944
1.01702973623, 1.24382728256, 1.20194501295, 0.940909077828, 2.28563460026, 1.17363125712, 2.15645526753, 1.25968756521, 0.937000546696, 3.20120784864, 5.42436642311, 1.18127628969, 1.46282036627, 1.05432653764, 0.914728585929, 1.2964685702, 1.07852139299, 1.06386911073, 7.52601357172, 0.934254415051, 0.932179994893, 380.153542882, 0.994468905776, 4.55626948907, 1.03524531011, 2.59745408893, 1.16159984299, 818.274439143, 20.2181164443, 1205.73690124
4.21322765298, 1.33981703034, 0.976471213562, 1.18164393423, 4.87394954742, 1.15728843, 4.19496573486, 0.92627602166, 1.09375733933, 2.67461330737, 2.18970165971, 0.863514755273, 3.94505131607, 1.15034729028, 0.923295750559, 1.36913594739, 1.15386448486, 1.09859379765, 9.06678630307, 0.977620393527, 0.862231387087, 158.15578742, 1.1971590626, 3.58467004894, 1.05848455599, 3.57139862193, 0.937404494542, 865.978917217, 23.7225941253, 1155.53549056
2.28457579163, 1.00199910007, 1.18368747386, 1.07864854913, 3.25627934527, 1.16599653325, 2.11894981479, 1.11306994377, 1.09042997742, 4.5609532552, 2.48611564328, 1.00143989509, 2.80107807439, 1.06848968509, 1.03602400738, 1.58150019876, 1.16564380309, 0.83427785352, 5.67037402717, 1.15777028397, 0.946985366138, 331.934480853, 1.19300613526, 2.41010274245, 1.19288592034, 4.84904543566, 1.23741540151, 326.882153167, 30.8515665193, 2019.56431743
3.76491070714, 1.00205736142, 1.18916801062, 0.837175877975, 3.15371348485, 0.921848369893, 1.70390072924, 1.13153920677, 0.968601685094, 4.576818197, 7.77436683513, 0.925473236165, 4.215589373, 1.1942293782, 1.03493420547, 1.17441670074, 1.03695739496, 0.834328129469, 8.80716633508, 1.0257414272, 0.900516587591, 331.934480853, 1.0877904725, 5.37863257982, 1.09044431526, 4.84481808435, 0.871122033603, 380.641687614, 30.5240237676, 2231.42649734
3.79209915583, 1.39119288639, 1.33847447533, 1.11075987928, 1.6873479293, 0.718127249032, 4.63776825302, 0.922826402829, 0.977446117103, 5.19959158769, 3.21715719482, 1.09685495734, 3.56190207414, 0.881406984805, 1.08094580849, 1.09072382991, 1.03434297483, 1.22362157133, 7.5386117701, 0.92272431256, 0.762056991827, 101.771408805, 1.19595506704, 3.37263248414, 0.965335246607, 4.71346660731, 0.870358887753, 2004.08714943, 37.8669688568, 1303.11123737
3.87960562857, 1.14658357004, 1.16231637155, 1.09333823104, 1.9311729236, 0.716722881542, 4.76649847853, 1.0370342886, 0.963672045175, 5.12058982604, 3.6123058359, 1.0434125129, 5.04544901638, 0.878028135267, 0.950689169043, 1.56225619019, 1.01345170754, 1.2162044165, 3.76858558077, 0.910466726732, 0.949356093147, 403.028121326, 1.07886528015, 2.16225762456, 1.02298215482, 3.93481549656, 0.917421597122, 585.334812416, 18.1987427923, 2528.8583791
1.78212771951, 1.10775013452, 0.782764489934, 0.817324497584, 4.25059500694, 0.900722065169, 3.84939125788, 0.853847781373, 1.02689166568, 5.80445957769, 7.75326650906, 0.992527755213, 2.99144243218, 1.11198061709, 0.843076363886, 1.32232839312, 1.02980892578, 0.86256981446, 5.75165478656, 1.16554063025, 0.79073247362, 175.970372032, 0.948623914499, 5.42509519684, 1.1005140309, 5.34831146453, 1.24775825456, 433.117283596, 23.1798263944, 6177.41903821
5.97198209055, 1.15295810918, 1.07299760591, 0.957131176334, 2.2446590562, 1.01772423588, 3.36239644437, 1.19979657252, 0.903236215774, 3.10747183979, 1.86896964848, 0.834891086208, 2.60354421175, 1.21416386332, 1.03628647654, 1.01052715023, 1.01315070132, 0.914023872234, 9.84944407434, 1.00471116114, 0.97248063112, 93.490156084, 1.08324152841, 4.14883358013, 1.20456701852, 4.84355927067, 1.16364799505, 1982.62332951, 39.135764705, 1219.50847098
2.90707541389, 1.28866967098, 1.58885817713, 0.841467796846, 3.02254186777, 0.868026999663, 3.50055470716, 0.896246390606, 1.09490132041, 3.22233647572, 4.03207522862, 0.888343087738, 1.99215002592, 1.09915887937, 0.915945540294, 1.31672176664, 1.08525621635, 1.04858353209, 6.73351251014, 0.991931021522, 0.939360958884, 149.587185932, 0.997049470041, 1.89847045171, 0.960653841414, 5.32134939218, 1.06707188346, 452.568136535, 19.0292744965, 4309.89326737
1.67876074548, 1.24468174832, 1.56589171896, 0.96696569305, 2.22395263585, 1.15317483367, 2.53470531808, 1.0574304772, 1.02393910086, 3.21926635637, 3.60447903084, 1.20827739329, 1.73465204385, 1.22278702144, 1.01603767436, 1.44613977055, 1.07711845014, 1.22306095832, 6.49989085669, 0.913427382455, 0.978158945127, 81.1703203538, 0.956309043095, 2.64301709383, 1.04584116076, 2.59891426486, 1.16865949648, 701.087672437, 28.0683973102, 1494.85675816
1.29090929839, 1.02595625728, 1.20712468816, 1.04901457417, 2.71101168118, 0.98667979775, 3.52036083755, 0.88331508614, 0.940821718245, 1.75007842995, 2.95816718828, 0.848997978325, 1.53697765924, 1.00388445036, 0.797415793982, 1.5324590446, 1.13657690816, 1.12445903789, 8.31533218715, 0.961405483828, 0.863878288364, 129.364935145, 0.900263880659, 1.00784151891, 1.14416352497, 3.39863646973, 1.05124465798, 465.411310143, 17.1631342308, 3050.71537011
1.01103421508, 1.3064898451, 1.52817751, 0.828878946212, 2.11886852301, 0.872663203597, 4.86589452138, 0.845540482361, 1.09294571777, 4.05727781424, 2.62986682577, 0.968911912706, 1.18755101403, 1.09910724903, 1.0081828729, 1.54789570272, 1.10902815266, 0.941358834333, 3.42335930355, 1.16160278407, 0.993137373044, 236.968080876, 1.16121254444, 2.25611953027, 1.13451538076, 2.97103186302, 1.13335589477, 856.247492354, 20.5441797598, 1653.55547836
3.77656906441, 1.01558838309, 1.06129975878, 0.844263389394, 3.1817997641, 0.920034629512, 1.70752753269, 1.0581174745, 0.968854867275, 4.59514543165, 3.95462380208, 0.8222813689, 3.2106118098, 1.17489712973, 1.02244304079, 1.15392422341, 1.03726610478, 1.18209543148, 6.08981464186, 0.910392868204, 0.975008192353, 65.8616141422, 1.08767101974, 1.35357654411, 1.1117483036, 1.58168742146, 0.88701585961, 781.490915143, 27.7245431376, 1554.95151364
2.36763563168, 1.13448092545, 0.936080747988, 1.12268172967, 7.04112375807, 0.986540655333, 5.62825410488, 1.05430905219, 1.01954803289, 1.66077855166, 7.16853894379, 0.842077055621, 1.79013009108, 1.17707972108, 0.861544263305, 1.073860453, 1.05030192445, 0.900621753598, 5.07006046872, 1.18546232292, 0.972694186213, 85.1740597416, 1.07517046179, 3.44124878928, 1.05079816251, 3.96659272424, 0.959753894913, 642.643022487, 26.8857978473, 1584.24433377
