0.00109602663748, 0.04739929066, 4.21390324409e-05, 0.00116487817968, 0.0792880033534, 0.987902151065, 0.0347680890526, 0.715566369636, 0.94862421844, 0.0789801205509, 0.168200627893, 0.515411207856, 0.676848121498, 0.909221432085, 0.0576912701742, 0.000143700972828, 0.933915746467, 0.0444550971168, 0.00243026898454, 2.34255200898, 0.293324750158, 0.00432061497066, 0.000156296717934, 0.176132980385, 0.00407653997449
0.0109363466227, 0.00176514927925, 0.000101971951947, 0.187107526578, 0.0011956884351, 0.0584515011464, 0.996174946774, 0.220396583218, 0.813455238092, 0.012442654607, 0.728668948215, 0.348829709413, 0.0116358010048, 0.994886987414, 0.354707744028, 0.0191852480637, 0.998067105945, 0.0141597691879, 2.3566418636, 0.216990018693, 0.00444501251104, 0.716324584934, 0.000396068188229, 0.00685601538656, 0.0424820916378
0.999988052387, 5.05133982244e-05, 0.998548473852, 0.0473635619715, 0.921584446008, 0.465966774039, 0.427248871941, 0.715566369636, 0.277632297374, 0.541778316753, 0.161585163054, 0.709310443149, 0.630343628484, 0.488079721821, 0.958660435611, 0.905312381102, 0.0933476035737, 5.53772803538e-09, 4.39740098532e-09, 6.35298225452e-09, 7.67841048159e-08, 5.76687876164e-09, 3.4027638899e-05, 2.69997292011e-09, 1.8131423933
2.16727272728e-06, 0.999927324021, 1.22611717389e-05, 0.402959756131, 0.480767677042, 0.12425446289, 0.124701833449, 0.583849163743, 0.575305489623, 0.0290127469547, 0.747066838968, 0.551319931532, 0.630343628484, 0.994886987414, 0.664253126631, 0.466742876151, 0.136425718034, 0.000110949237708, 2.20151604773e-05, 2.23617691298e-05, 0.000108537314158, 0.00011617681296, 3.78257097747e-09, 1.72038031483, 5.85676650809e-06
0.0138781283805, 5.05133982244e-05, 0.998548473852, 0.0210797519052, 0.48743978959, 0.640559926369, 0.124701833449, 0.074628192518, 0.277632297374, 0.000263406100784, 0.161585163054, 0.948957330512, 0.995102813709, 0.994886987414, 0.978636332915, 0.220012576023, 0.933915746467, 0.00239820495741, 0.00047586507204, 0.00386014241782, 0.00439246893211, 0.000209945986284, 2.78135275915, 0.000220690514357, 0.060642456552
0.999997510195, 0.999999509965, 0.999967191958, 0.961688829372, 0.998424566661, 0.894993786713, 0.413595991791, 0.478358001001, 0.0620005421433, 0.413704200849, 0.996732417831, 0.387534132402, 0.897508975428, 0.481512016253, 0.625777852712, 0.209313169503, 0.418495738073, 5.20618925025e-21, 3.95509931812e-21, 3.92785399839e-20, 1.60904911902e-17, 2.67054942745e-16, 5.19143368656e-12, 6.74435288078e-06, 1.7244675699
0.0138781283805, 0.012759909503, 0.000293068976867, 0.951290778371, 0.0233571460666, 0.0584515011464, 0.413595991791, 0.731924943715, 0.955555032205, 0.0290127469547, 0.809069242254, 0.948957330512, 0.726587823339, 0.998517594555, 0.972071418029, 0.953171596282, 0.998695856169, 0.166915116729, 0.126804046612, 0.0193004738999, 0.00772675906838, 2.74773887239, 0.00126863784675, 0.0552425333748, 0.0600972743679
0.999988052387, 5.05133982244e-05, 0.998548473852, 0.0984122785668, 0.44686143991, 0.640559926369, 0.124701833449, 0.00441751963643, 0.575305489623, 0.718254439554, 0.161585163054, 0.948957330512, 0.995102813709, 0.994886987414, 0.978636332915, 0.141742635524, 0.0447334540475, 4.52383182735e-08, 8.97643694618e-09, 7.28154408734e-08, 7.28836380936e-08, 1.75894828166e-08, 5.01036649741e-05, 3.97554878932e-09, 2.66974383072
0.182274807128, 0.000289113000509, 0.000955641692167, 0.0068661869414, 0.985811144761, 0.502342847546, 0.0250091852018, 0.0248831592258, 0.722175924426, 0.0290127469547, 0.0736946533804, 0.948957330512, 0.995102813709, 0.903137174296, 0.570497882394, 0.937365712299, 0.294820739866, 0.0380166789728, 0.0014942287397, 0.0383270974388, 2.42264276164, 0.0261366303253, 0.00363779152197, 0.00110055190984, 0.713459549544
0.0109363466227, 0.00176514927925, 0.00061113570145, 0.187107526578, 0.0011956884351, 0.0584515011464, 0.0347680890526, 0.220396583218, 0.813455238092, 0.012442654607, 0.728668948215, 0.948957330512, 0.0212497765011, 0.994886987414, 0.354707744028, 0.220012576023, 0.998067105945, 2.36898633863, 0.129507624478, 0.218448406544, 0.00447488739784, 0.721138995655, 0.00238966013081, 0.00690209769249, 0.042767632529
0.0138781283805, 0.999972747149, 0.000293068976867, 0.951290778371, 0.982623011845, 0.34724693798, 0.413595991791, 0.731924943715, 0.955555032205, 0.0290127469547, 0.156262920842, 0.948957330512, 0.995438261583, 0.994886987414, 0.495858908558, 0.953171596282, 0.998695856169, 1.66979175591e-07, 1.26852711604e-07, 1.27259594419e-07, 8.98427239042e-06, 0.0001172370872, 5.41286536938e-08, 2.74666504911, 0.0598859968516
0.999997510195, 0.999976083733, 0.999967191958, 0.00113537336494, 0.0105108523634, 0.894993786713, 0.376342935256, 0.478358001001, 0.277632297374, 0.329447951039, 0.996732417831, 0.387534132402, 0.897508975428, 0.481512016253, 0.497635317381, 0.953171596282, 0.418495738073, 1.76367067353e-15, 1.18383612692e-15, 1.27610398566e-14, 2.13608289963e-16, 2.30748592531e-17, 2.51061734484e-10, 6.6829352553e-06, 1.70876366218
0.999998049441, 0.999972747149, 1.32666682306e-07, 0.243920477237, 0.480767677042, 0.689244512992, 0.124701833449, 0.0375247440219, 0.575305489623, 0.789202912723, 0.700889842686, 0.00631903622911, 0.446160213526, 0.751386024339, 0.497635317381, 0.823219839027, 0.265202070829, 7.38745957141e-11, 1.46586052634e-11, 1.41837767604e-10, 1.51172204599e-10, 8.8897828518e-11, 4.95545157317e-17, 5.55481598452e-06, 1.81297060621
0.108104622455, 0.0149128953223, 0.0203660569012, 0.525600802782, 0.236012891335, 0.0233419878564, 0.0182464197589, 0.984394736716, 0.179138483834, 0.012442654607, 0.98475617671, 0.879634875108, 0.942692270549, 0.907621271696, 0.767476407273, 0.76901541464, 0.916809828439, 1.63789963728, 0.0469573704529, 0.0601060357521, 0.637343384493, 1.90668477957, 0.0830211158794, 0.0608130955872, 0.445165823997
0.182274807128, 0.000289113000509, 0.00156353372208, 0.0130897412892, 0.0763007993042, 0.502342847546, 0.503178431057, 0.461809177435, 0.858185207388, 0.0290127469547, 0.161585163054, 0.948957330512, 0.941734215207, 0.91300992604, 0.318782367984, 0.00112514231875, 0.84340706895, 1.14832030241, 1.1598442973, 1.64419659919, 0.279004893647, 0.047986078204, 0.00573222094229, 0.00105994603942, 0.687135806192
0.0098521842994, 0.18735436645, 0.781571658249, 0.374868347882, 0.351173722377, 0.553372729016, 0.251941371653, 0.322677524324, 4.14286050161e-05, 0.126077202527, 0.201078410096, 0.403806489836, 0.156596589666, 0.534696315353, 0.9568424833, 0.536674178627, 0.997191551826, 0.284611269903, 0.118907970962, 0.365049555585, 0.294080781191, 0.374779445735, 1.88893132135, 0.607964955801, 0.0324391270085
0.999988052387, 5.05133982244e-05, 0.998548473852, 0.26648883143, 0.543279727455, 0.813970713912, 0.427248871941, 0.00244460457277, 0.254745668283, 0.321497091416, 0.161585163054, 0.709310443149, 0.995102813709, 0.488079721821, 0.958660435611, 0.905312381102, 0.0933476035737, 1.32391862921e-08, 1.05129776099e-08, 5.61972764969e-08, 6.72604780388e-08, 3.97126273017e-08, 4.28491697899e-05, 3.39993022806e-09, 2.28319239236
0.530513639391, 0.998067624692, 1.32666682306e-07, 0.000153457233599, 0.179135950638, 0.202170202062, 0.661443304645, 0.223222556422, 0.556005578399, 0.0290127469547, 0.019630692747, 0.80275399587, 0.0767206863102, 0.999453319144, 0.140780330566, 0.411962894952, 0.597219859992, 0.00207694284665, 0.00353016024783, 0.00134626550388, 0.00124623390444, 1.08180874943e-06, 9.35244143926e-10, 1.47853143206, 1.62752834
0.00937429080414, 0.264882255552, 0.227812636291, 0.437370948023, 0.000929370609543, 0.874551260973, 0.477873532366, 0.220396583218, 0.144065546309, 0.0290127469547, 0.00813522269715, 0.36273558578, 0.00957616112861, 0.989962915464, 0.858111022831, 0.980536391333, 0.872770869092, 0.252804224854, 0.235814853547, 1.73164488106, 0.00257783441829, 1.44857184094, 0.854080717629, 1.07747886386, 0.0392581305687
0.00678406215081, 0.125404389782, 0.00061113570145, 0.000555936649847, 0.0100706481922, 0.973872728863, 0.242080484307, 0.457300547108, 0.955555032205, 0.110821321162, 0.283071570872, 0.948957330512, 0.0767206863102, 0.199471568636, 0.140780330566, 0.837256752147, 0.418495738073, 0.0795035892606, 0.0317786363112, 2.08504262713, 0.0330137089829, 0.0018225540769, 0.00200351667448, 0.416520941695, 0.0226799794203
0.360897475073, 0.241430516144, 0.149250870918, 0.279828057478, 0.764435668939, 0.202170202062, 0.0477379008595, 0.000282021067957, 0.174204150772, 0.567069979066, 0.161585163054, 0.83853271607, 0.97875987845, 0.999453319144, 0.132029535202, 0.830770707672, 0.294820739866, 0.556498243947, 0.0418082580179, 0.183432402149, 1.51444863813, 0.763843742185, 0.428712859964, 0.735488802136, 1.26470785387
0.229835027192, 0.0830626977638, 0.19463650372, 0.791762983193, 0.35316782743, 0.0584515011464, 0.0347680890526, 0.220396583218, 0.813455238092, 0.0290127469547, 0.809878004717, 0.347790406621, 0.0767206863102, 0.996458953284, 0.946629582484, 0.955629403367, 0.998672311957, 0.624265690037, 0.0341273249415, 0.0575646397893, 0.389052812315, 2.17696363378, 0.725587681543, 0.316324578171, 0.917994713794
0.0138781283805, 0.012759909503, 0.000293068976867, 0.951290778371, 0.0436550403322, 0.0584515011464, 0.413595991791, 0.731924943715, 0.955555032205, 0.0290127469547, 0.29316400289, 0.948957330512, 0.726587823339, 0.998517594555, 0.570497882394, 0.953171596282, 0.998695856169, 0.150278324027, 0.114165211504, 0.0173767536904, 0.0130166492617, 2.47802480815, 0.0011441101949, 0.0498200063854, 0.0541982130406
0.182274807128, 0.000289113000509, 0.492102664521, 0.0244121790198, 0.543279727455, 0.502342847546, 0.477873532366, 0.0874994180641, 0.209825392586, 0.0299551436037, 0.161585163054, 0.948957330512, 0.998771917901, 0.994886987414, 0.719723872987, 0.773387912277, 0.264113356252, 0.572576866163, 0.534097600293, 0.788794387084, 1.2738521943, 0.0648590402661, 1.65034405143, 0.00107332656534, 0.695810057643
2.16727272728e-06, 0.999927324021, 1.22611717389e-05, 0.402959756131, 0.86135820335, 0.12425446289, 0.86321868518, 0.583849163743, 0.00212851993077, 0.0290127469547, 0.747066838968, 0.551319931532, 0.630343628484, 0.994886987414, 0.664253126631, 0.466742876151, 0.136425718034, 8.16344440213e-06, 3.74085685703e-05, 7.5695404673e-06, 0.000176376885724, 0.000132532856717, 4.31510320009e-09, 1.96258540715, 6.68131597576e-06
0.377244358975, 0.00562186555136, 0.0446128585731, 0.0813735171298, 0.137868344942, 0.283016774309, 0.109014216788, 0.897280910974, 0.350531414714, 0.00586328203194, 0.227452449899, 0.179215798007, 0.053351858938, 0.705368488652, 0.898209970453, 0.953171596282, 0.0903329764265, 1.69341019851, 0.292846061914, 0.818655205252, 0.418811753722, 0.25050227732, 0.137937906252, 0.0173968589578, 1.32641182879
0.0126924329651, 0.0830626977638, 0.0203660569012, 0.183860712385, 0.199412713598, 0.449550143473, 0.98728224851, 0.575039928119, 0.933333851017, 0.00929244877672, 0.899171600795, 0.314742827709, 0.630343628484, 0.00480808071894, 0.0980150591003, 0.953171596282, 0.250068306264, 0.0318530973168, 1.5942766257, 1.35996505873, 0.678819008797, 0.654532038449, 0.0735447032827, 0.301716330249, 0.0462410962645
0.999998049441, 0.999972747149, 1.32666682306e-07, 0.220948138898, 0.86135820335, 0.689244512992, 0.828989816472, 0.0375247440219, 0.00212851993077, 0.789202912723, 0.700889842686, 0.00631903622911, 0.446160213526, 0.751386024339, 0.497635317381, 0.823219839027, 0.265202070829, 6.81703557612e-12, 2.47644258297e-11, 4.83727091844e-11, 2.47502570971e-10, 9.16887171297e-11, 5.6174786405e-17, 6.29691556545e-06, 2.05517570011
0.360897475073, 0.000289113000509, 0.21589864292, 0.0244121790198, 0.8030193579, 0.202170202062, 0.36236475667, 0.0874994180641, 0.866108994369, 0.0290127469547, 0.161585163054, 0.83853271607, 0.995102813709, 0.994886987414, 0.974145606987, 0.980536391333, 0.294820739866, 0.531324763556, 0.339963999868, 0.207332308, 2.07698421272, 0.0836570163982, 0.769774498275, 0.00105084384559, 1.47304621075
0.108104622455, 0.0149128953223, 0.0203660569012, 0.525600802782, 0.236012891335, 0.0409762992389, 0.0182464197589, 0.976929514023, 0.179138483834, 0.012442654607, 0.909034068154, 0.879634875108, 0.942692270549, 0.907621271696, 0.613357384837, 0.614970460691, 0.916809828439, 1.51595632994, 0.043461346077, 0.0977502853707, 0.590719271856, 1.76720347626, 0.0769478028864, 0.0563643844411, 0.412600236866
0.182274807128, 0.000279688393096, 0.000955641692167, 0.442720863487, 0.985811144761, 0.502342847546, 0.0477379008595, 0.0248831592258, 0.700088865351, 0.00610457876251, 0.0736946533804, 0.948957330512, 0.995102813709, 0.903137174296, 0.958660435611, 0.402613447076, 0.532525729119, 0.0290768262619, 0.00218446593124, 0.0293741775993, 1.85673175104, 1.5498209506, 0.00363106860796, 0.00106270812508, 0.712141017598
0.126479098471, 0.243055987036, 0.463009724204, 0.579665980992, 0.385809868108, 0.639216223496, 0.547203776468, 0.938391505581, 0.000132399898881, 0.306267312868, 0.481135855111, 0.005274601713, 0.0959313998757, 0.516786828395, 0.946629582484, 0.94986204244, 0.19504751242, 0.28610010247, 0.332016059409, 0.688740472078, 0.565760347753, 1.27909774621, 1.44140374253, 0.870437910606, 0.470348755869
0.182274807128, 0.300072872201, 0.163917884856, 0.0244121790198, 0.543279727455, 0.502342847546, 0.477873532366, 0.0874994180641, 0.209825392586, 0.0290127469547, 0.161585163054, 0.948957330512, 0.998771917901, 0.994886987414, 0.719723872987, 0.980536391333, 0.294820739866, 0.729313294485, 0.680300765654, 1.00471791145, 1.62255479642, 0.0826134675167, 0.567447672986, 1.13573690511, 0.736342262024
0.0126924329651, 0.266256371827, 0.856583037989, 0.183860712385, 0.0374291606943, 0.119793487545, 0.923106958575, 0.220396583218, 0.933333851017, 0.00929244877672, 0.899171600795, 0.540357411249, 0.986534245316, 0.516786828395, 0.665677089948, 0.953171596282, 0.916809828439, 0.0534259805157, 0.440176090935, 0.0844352529784, 0.0265685269269, 0.134342071041, 2.05826816478, 0.938525797974, 0.0460770245264
0.00937429080414, 0.0830626977638, 0.000410216674265, 0.0244121790198, 0.35316782743, 0.0584515011464, 0.0347680890526, 0.220396583218, 0.813455238092, 0.0290127469547, 0.809878004717, 0.347790406621, 0.0767206863102, 0.996458953284, 0.0483748490325, 0.955629403367, 0.998067105945, 2.17925182637, 0.119135227828, 0.200952652688, 1.35814616328, 0.0989222178136, 0.00166267401137, 0.338589993149, 0.0383239980423
0.377244358975, 0.222775622135, 0.28160413294, 0.0813735171298, 0.0816073022586, 0.283016774309, 0.109014216788, 0.897280910974, 0.350531414714, 0.00586328203194, 0.227452449899, 0.179215798007, 0.053351858938, 0.705368488652, 0.898209970453, 0.953171596282, 0.0903329764265, 1.46362634886, 0.253108911682, 0.707569453693, 0.212067759256, 0.21320286597, 0.792185492744, 0.675404072117, 1.32641182879
0.174582424219, 0.000289113000509, 0.330598724757, 0.00116487817968, 0.0577063476025, 0.0241297947455, 0.547203776468, 0.741636346886, 0.833657571191, 0.0290127469547, 0.227452449899, 0.948957330512, 0.630343628484, 0.406709810943, 0.164973667326, 0.030945002895, 0.586014659518, 1.10360219823, 1.28071835643, 0.0641100526222, 0.153777158392, 0.00310845176059, 0.97110090326, 0.000888646755594, 0.550483286642
0.126479098471, 0.278772896344, 0.261743640553, 0.579665980992, 0.385809868108, 0.469776491548, 0.547203776468, 0.764889130506, 0.000361237847775, 0.306267312868, 0.481135855111, 0.332050815973, 0.104549090085, 0.516786828395, 0.665677089948, 0.957645422084, 0.235442523191, 0.366453620523, 0.425265443779, 0.510449406549, 0.52583012585, 1.18882161243, 0.656239030508, 0.76880098741, 0.365021694849
0.00937429080414, 0.0073194707649, 0.000410216674265, 0.207182721619, 0.000929370609543, 0.0864494275019, 0.999758010774, 0.220396583218, 0.813455238092, 0.654040594603, 0.809878004717, 0.512837927713, 0.00957616112861, 0.996458953284, 0.0483748490325, 0.995071594775, 0.476863088329, 0.000796677108553, 2.09587998304, 0.286371284879, 0.00308810566318, 0.713805464705, 0.0014385771169, 0.0256695754581, 0.0328789838172
0.20247950835, 0.115853615228, 0.781571658249, 0.293839551783, 0.965740255597, 0.013051456872, 0.324408814539, 0.0147629502097, 0.036923338493, 0.0290127469547, 0.46698574408, 0.241308881953, 0.00339673833801, 0.0234963301544, 0.863371793286, 0.0687981901942, 0.595953925877, 0.0335597457142, 0.018753443083, 0.000788259694351, 0.713834192003, 0.355572893535, 2.23498582431, 0.436733794934, 0.794489296639
0.360897475073, 0.0149128953223, 0.149250870918, 0.279828057478, 0.764435668939, 0.202170202062, 0.189224051271, 0.000282021067957, 0.174204150772, 0.567069979066, 0.161585163054, 0.83853271607, 0.97875987845, 0.999453319144, 0.132029535202, 0.00243648075513, 0.102303961679, 0.636240797558, 0.194884663867, 0.21871837091, 1.80577550682, 0.910780521668, 0.511182196934, 0.0515568007843, 1.40123024541
0.0016047294901, 0.0478594579042, 0.394816307149, 0.34061428436, 0.210469690613, 0.972546584679, 0.503178431057, 0.902599822033, 0.955555032205, 0.00556192154385, 0.345211767135, 0.980550942851, 0.0332462687513, 0.909221432085, 0.140780330566, 0.11216554157, 0.933915746467, 0.0545131750491, 0.0550602432752, 1.79560182657, 0.616825808344, 1.12623629029, 1.5775134901, 0.204442183711, 0.00686143015355
0.0126924329651, 0.180766387948, 0.0203660569012, 0.183860712385, 0.199412713598, 0.117285654759, 0.109014216788, 0.220396583218, 0.942221712376, 0.424348847339, 0.475666887921, 0.604021790203, 0.630343628484, 0.0246709958244, 0.593126128484, 0.700001732736, 0.595953925877, 1.34882249305, 0.233255566582, 0.255076892919, 0.451000449623, 0.434864433387, 0.0488623533196, 0.445816029084, 0.0317316090803
0.0070098723813, 0.998067624692, 0.000955641692167, 0.000153457233599, 0.44686143991, 0.949110898301, 0.0347680890526, 0.0145282471413, 0.575305489623, 0.0290127469547, 0.602015737237, 0.650352205793, 0.508447898991, 0.909221432085, 0.030945234914, 0.00192142439702, 0.998067105945, 0.000439785335794, 2.40421623335e-05, 0.00549816378813, 0.00466408625794, 1.74120081646e-06, 1.08431862192e-05, 2.37973952289, 0.0262046862948
0.0301760088441, 0.00562186555136, 0.0564174676299, 0.0813735171298, 0.0342615783772, 0.283016774309, 0.987100084035, 0.715566369636, 0.350531414714, 0.439211674804, 0.0954895214299, 0.1197368593, 0.27452172908, 0.124767313385, 0.898209970453, 0.00243648075513, 0.928821045222, 0.0389767171586, 1.92326467095, 0.916364673785, 0.114784660139, 0.274248022687, 0.191159665503, 0.0190740548441, 0.102460257343
0.138728650352, 0.372683967562, 4.14597158463e-05, 0.368419766424, 0.44686143991, 0.0252725785882, 0.413595991791, 0.0623031682558, 0.813455238092, 0.42202935607, 0.156262920842, 0.948957330512, 0.995102813709, 0.994886987414, 0.53714020856, 0.953171596282, 0.0267129237102, 1.04984477755, 0.797558475928, 0.0523668826513, 1.11573549934, 1.12893440137, 0.000134421917115, 1.36833042869, 0.548357261851
0.360897475073, 0.0149128953223, 0.149250870918, 0.279828057478, 0.764435668939, 0.202170202062, 0.888341906311, 0.000282021067957, 0.556005578399, 0.567069979066, 0.161585163054, 0.83853271607, 0.97875987845, 0.999453319144, 0.132029535202, 0.00243648075513, 0.871768148536, 0.110640274983, 0.624334886224, 0.208411749727, 1.72068231592, 0.867861996908, 0.487093862528, 0.0491273001764, 1.33520035835
0.0098521842994, 0.18735436645, 0.0119890652291, 0.374868347882, 0.351173722377, 0.553372729016, 0.165720676676, 0.764889130506, 4.14286050161e-05, 0.00929244877672, 0.201078410096, 0.0564385243717, 0.156596589666, 0.534696315353, 0.985656106557, 0.536674178627, 0.99966981942, 1.03662283591, 0.276111935896, 1.26960528277, 1.02278309245, 1.30344485262, 0.0442022810647, 0.711453684871, 0.0379609650589
0.999989233762, 5.05133982244e-05, 0.998855474146, 0.0605069132494, 0.977702893823, 0.640559926369, 0.124701833449, 0.00441751963643, 0.277632297374, 0.000263406100784, 0.161585163054, 0.948957330512, 0.995102813709, 0.860966593388, 0.555566312711, 0.993519274525, 0.0933476035737, 1.47315891031e-09, 2.9231232669e-10, 2.37119149483e-09, 8.010641379e-08, 7.64133201647e-09, 4.47870334156e-05, 3.55368936573e-09, 2.64831207804
0.0301760088441, 0.00264528691313, 0.0446128585731, 0.183860712385, 0.317467291175, 0.635115123971, 0.0520930246211, 0.897280910974, 0.350531414714, 0.711712364395, 0.227452449899, 0.179215798007, 0.053351858938, 0.516786828395, 0.898209970453, 0.953171596282, 0.150467820663, 0.946656198445, 0.077635894225, 1.47161749097, 0.953855098858, 0.592569609993, 0.146041576699, 0.00866657030207, 0.0989379611481
0.00678406215081, 0.125404389782, 0.840126667767, 0.00116487817968, 0.488521495046, 0.972546584679, 0.503178431057, 0.0145282471413, 0.263029116001, 0.0290127469547, 0.0237658091027, 0.948957330512, 0.630343628484, 0.909221432085, 0.613357384837, 0.953171596282, 0.933915746467, 0.0134744129651, 0.0136096357473, 0.44383179865, 0.428507041184, 0.00112939860765, 2.40593981129, 0.495709237866, 0.0269918608834
0.0913670495419, 0.0122962764578, 0.311611787178, 0.275046726157, 0.351173722377, 0.997796740304, 0.32911284412, 0.93577365604, 0.354823490493, 0.126077202527, 0.0118070723854, 0.0564385243717, 0.551158616619, 0.623203381399, 0.987497190657, 0.588772536451, 0.998417012719, 0.0046691864704, 0.00265464016097, 1.55193558066, 0.954973271129, 0.84021977384, 1.06895758019, 0.0439194532152, 0.328621632642
0.298650600057, 0.384195764295, 0.28160413294, 0.044581742286, 0.271464607718, 0.202170202062, 0.661443304645, 0.223222556422, 0.556005578399, 0.0122683102854, 0.0236142446857, 0.80275399587, 0.0767206863102, 0.696990074526, 0.0495667879758, 0.411962894952, 0.647415286078, 0.605923998359, 1.0298833286, 0.392757354053, 0.571405923402, 0.0969039149248, 0.655953413401, 1.05624470195, 0.943340255042
0.00416906835718, 0.0354783240313, 3.48683610926e-05, 0.000632720161779, 0.236012891335, 0.344073228689, 0.0347680890526, 0.401724385679, 0.813455238092, 0.0290127469547, 0.481135855111, 0.948957330512, 0.630343628484, 0.000737667742833, 0.946629582484, 0.838364221417, 0.933915746467, 1.83269287069, 0.100189560494, 1.10138111758, 0.832023954042, 0.00228247533515, 0.000125784181002, 0.128117222994, 0.0150631038329
0.120804080152, 0.0384183524229, 0.28210031939, 0.0753989068425, 0.143634144026, 0.338349630839, 0.996174946774, 0.715566369636, 0.512869669976, 0.410844646054, 0.252674667772, 0.948957330512, 0.97860246266, 0.53614410042, 0.575755392705, 0.158581147794, 0.992497498562, 0.00849046204423, 1.41308647261, 0.830775048967, 0.37624889808, 0.200129339494, 0.803840003866, 0.113276400993, 0.360747166676
0.138728650352, 0.372683967562, 0.00156353372208, 0.368419766424, 0.278186631113, 0.233714572965, 0.413595991791, 0.0623031682558, 0.813455238092, 0.42202935607, 0.156262920842, 0.948957330512, 0.941734215207, 0.91300992604, 0.53714020856, 0.953171596282, 0.0267129237102, 1.10654735552, 0.840634959834, 0.534389902379, 0.695428546709, 1.07359143625, 0.00482083447589, 1.30125564056, 0.521477097248
0.0486909026614, 0.125404389782, 0.394816307149, 0.26648883143, 0.0644017093925, 0.117285654759, 0.920527565726, 0.11415316468, 0.955555032205, 0.321497091416, 0.764546104322, 0.9962397973, 0.630343628484, 0.909221432085, 0.140780330566, 0.999178576205, 0.933915746467, 0.217389900128, 1.73236239466, 0.325348740042, 0.180279442415, 0.794193793798, 1.39537283813, 0.479161755162, 0.187619304578
0.00188499433388, 0.0122962764578, 0.311611787178, 0.017748131706, 0.351173722377, 0.997796740304, 0.32911284412, 0.93577365604, 4.14286050161e-05, 0.126077202527, 0.0118070723854, 0.0564385243717, 0.0332462687513, 0.494023718121, 0.987497190657, 0.953171596282, 0.998417012719, 0.00660892372432, 0.00375746705568, 2.19666186876, 1.35170131835, 0.071924485793, 1.37454325893, 0.056474821332, 0.0086580396204
0.0983868594193, 0.0149128953223, 0.149250870918, 0.338977006231, 0.271464607718, 0.202170202062, 0.888341906311, 0.000282021067957, 0.556005578399, 0.567069979066, 0.161585163054, 0.83853271607, 0.97875987845, 0.999453319144, 0.132029535202, 0.00243648075513, 0.871768148536, 0.310622539995, 1.75282001238, 0.585115927041, 0.851260207194, 1.21271065398, 0.570536519195, 0.0575431574823, 0.38272387424
0.0098521842994, 0.0478594579042, 0.394816307149, 0.330269097608, 0.236012891335, 0.649878186749, 0.36340205146, 0.902599822033, 0.630019789238, 0.0290127469547, 0.0297527307138, 0.106943253647, 0.630343628484, 0.909221432085, 0.339836731606, 0.11216554157, 0.579516373516, 0.619059018686, 0.397523196616, 1.20004254321, 0.547138897357, 0.862252484567, 1.24196635365, 0.160956033041, 0.0331677370917
0.0138781283805, 5.05133982244e-05, 0.149250870918, 0.279828057478, 0.764435668939, 0.202170202062, 0.820217529992, 0.31384241834, 0.556005578399, 0.0290127469547, 0.161585163054, 0.724563187161, 0.97875987845, 0.999453319144, 0.132029535202, 0.00243648075513, 0.65603921584, 0.194654046721, 0.670859148726, 0.229601268392, 1.89562653138, 0.956098759019, 0.536617387497, 0.000183290582203, 0.0503655138962
0.0098521842994, 0.0598551847567, 0.373673206693, 0.0565718502895, 0.351173722377, 0.553372729016, 0.165720676676, 0.596826816757, 4.14286050161e-05, 0.00929244877672, 0.201078410096, 0.0564385243717, 0.156596589666, 0.534696315353, 0.996397266642, 0.649605652885, 0.99966981942, 1.06288224766, 0.283106318775, 1.30176653441, 1.04869192007, 0.178288946118, 1.33631048385, 0.227525498507, 0.0375090042646
0.00572399167239, 0.00015477322036, 4.21390324409e-05, 0.01347834225, 0.985811144761, 0.773785842106, 0.0477379008595, 0.0248831592258, 0.813455238092, 0.0070213244359, 0.0465086187515, 0.980275172377, 0.508447898991, 0.556640273983, 0.379312077228, 0.937365712299, 0.294820739866, 0.0174268692519, 0.00130923512168, 0.0470939251075, 2.25341294159, 0.047727634888, 0.000149228041466, 0.000548102404819, 0.0202710660802
0.182274807128, 0.000289113000509, 0.492102664521, 0.207182721619, 0.543279727455, 0.502342847546, 0.477873532366, 0.0874994180641, 0.209825392586, 0.0299551436037, 0.161585163054, 0.948957330512, 0.998771917901, 0.994886987414, 0.703494307762, 0.773387912277, 0.469792647089, 0.529346978033, 0.493772919232, 0.729239949722, 1.17767560892, 0.527392762575, 1.60908192033, 0.00104649110554, 0.678413317975
0.0098521842994, 0.125404389782, 0.394816307149, 0.178671056617, 0.199412713598, 0.117285654759, 0.453528942384, 0.902599822033, 0.284844076683, 0.0290127469547, 0.0297527307138, 0.9962397973, 0.630343628484, 0.488079721821, 0.140780330566, 0.563798291006, 0.544833048967, 1.11240029028, 0.960794794889, 0.273905562216, 0.48429134564, 0.453054586365, 1.1681466835, 0.401133804424, 0.0317216683128
0.0098521842994, 0.125404389782, 0.187455894395, 0.368419766424, 0.0644017093925, 0.472416577055, 0.547203776468, 0.11415316468, 0.813455238092, 0.239993624788, 0.764546104322, 0.948957330512, 0.630343628484, 0.909221432085, 0.140780330566, 0.222010412094, 0.933915746467, 0.814234628938, 0.944910437292, 1.14366870388, 0.171780771237, 1.11129840277, 0.616193047661, 0.423733917301, 0.0335088856368
0.0138781283805, 5.05133982244e-05, 0.631462860379, 0.279828057478, 0.764435668939, 0.202170202062, 0.820217529992, 0.31384241834, 0.3592377244, 0.0290127469547, 0.161585163054, 0.724563187161, 0.97875987845, 0.999453319144, 0.132029535202, 0.00243648075513, 0.65603921584, 0.11028090973, 0.380074077413, 0.130080197047, 1.07396389601, 0.541676079756, 1.947588517, 0.000184613556583, 0.0507290474926
0.041940981144, 0.278772896344, 0.261743640553, 0.579665980992, 0.385809868108, 0.472416577055, 0.547203776468, 0.764889130506, 0.000361237847775, 0.306267312868, 0.481135855111, 0.00521913900255, 0.104549090085, 0.516786828395, 0.665677089948, 0.980536391333, 0.235442523191, 0.419419933344, 0.486732274138, 0.589114530999, 0.604115548928, 1.36581299865, 0.753939690129, 0.883259835628, 0.137427861847
0.298650600057, 0.0854088665598, 1.32666682306e-07, 0.00540683285693, 0.179135950638, 0.202170202062, 0.661443304645, 0.223222556422, 0.556005578399, 0.012442654607, 0.0236142446857, 0.80275399587, 0.0767206863102, 0.999453319144, 0.140780330566, 0.411962894952, 0.597219859992, 0.904412942051, 1.5372221825, 0.58623661557, 0.542677461647, 0.0165981133312, 4.07270422295e-07, 0.263779211257, 0.999557922595
0.298650600057, 0.0854088665598, 1.32666682306e-07, 0.00540683285693, 0.890483350291, 0.202170202062, 0.661443304645, 0.223222556422, 0.556005578399, 0.012442654607, 0.0236142446857, 0.80275399587, 0.0767206863102, 0.999453319144, 0.140780330566, 0.411962894952, 0.597219859992, 0.161156461008, 0.273916123041, 0.10446093138, 1.92542812677, 0.0165981133312, 4.07270422295e-07, 0.263779211257, 0.999557922595
0.229835027192, 0.264882255552, 0.0812238967671, 0.437370948023, 0.35316782743, 0.198785814746, 0.576917836038, 0.715566369636, 0.144065546309, 0.507780853018, 0.0701339623087, 0.320894652975, 0.0767206863102, 0.999514008125, 0.854577292377, 0.980536391333, 0.872770869092, 0.757661203122, 0.967066674656, 0.396582428935, 0.799956950345, 1.24585718266, 0.251991670992, 0.875104912369, 0.817507092672
0.17886280485, 0.0384183524229, 0.28210031939, 0.0753989068425, 0.143634144026, 0.338349630839, 0.996174946774, 0.715566369636, 0.512869669976, 0.410844646054, 0.252674667772, 0.948957330512, 0.97860246266, 0.53614410042, 0.613357384837, 0.158581147794, 0.992497498562, 0.00833754665525, 1.38763642449, 0.815812578243, 0.369472559371, 0.196524958998, 0.789362640181, 0.111236264092, 0.532272309036
0.0454595095268, 0.372683967562, 4.14597158463e-05, 0.368419766424, 0.00061777465059, 0.0252725785882, 0.413595991791, 0.0623031682558, 0.813455238092, 0.42202935607, 0.219688428304, 0.948957330512, 0.995102813709, 0.994886987414, 0.53714020856, 0.523508748518, 0.0267129237102, 1.26924206939, 0.964232800972, 0.0633105502118, 0.00154799954367, 1.04220548281, 0.000124095127986, 1.26321022136, 0.16352880577
0.0109363466227, 0.00176514927925, 0.000101971951947, 0.187107526578, 0.0011956884351, 0.0584515011464, 0.996174946774, 0.220396583218, 0.813455238092, 0.012442654607, 0.728668948215, 0.348829709413, 0.0116358010048, 0.994886987414, 0.354707744028, 0.0191852480637, 0.998067105945, 0.0141597691879, 2.3566418636, 0.216990018693, 0.00444501251104, 0.716324584934, 0.000396068188229, 0.00685601538656, 0.0424820916378
0.229835027192, 0.264882255552, 0.0812238967671, 0.437370948023, 0.000929370609543, 0.198785814746, 0.576917836038, 0.715566369636, 0.144065546309, 0.0290127469547, 0.0701339623087, 0.320894652975, 0.00957616112861, 0.998237702755, 0.858111022831, 0.980536391333, 0.872770869092, 1.00085158449, 1.27747099845, 0.523875514206, 0.00248950162484, 1.39893467406, 0.28295368926, 0.982628364142, 0.917953545676
0.298650600057, 0.384195764295, 0.0446128585731, 0.044581742286, 0.76761065413, 0.202170202062, 0.661443304645, 0.223222556422, 0.556005578399, 0.012442654607, 0.0236142446857, 0.80275399587, 0.0767206863102, 0.80446719822, 0.0495667879758, 0.0292100193823, 0.176742390453, 0.306270882156, 0.520565741614, 0.198523480873, 1.66360365081, 0.124922059282, 0.125316689283, 1.23361192192, 1.10174828133
0.0138781283805, 0.15520862735, 0.000293068976867, 0.961688829372, 0.013869661084, 0.0584515011464, 0.413595991791, 0.731924943715, 0.833657571191, 0.0290127469547, 0.156262920842, 0.812994337867, 0.997910410248, 0.937123559613, 0.140780330566, 0.953171596282, 0.603897948627, 0.110426103286, 0.0838898059244, 0.0127686225557, 0.0030345430927, 2.31191535101, 0.00106622426575, 0.576130191189, 0.0520373743621
0.00678406215081, 0.125404389782, 0.840126667767, 0.00116487817968, 0.488521495046, 0.117285654759, 0.36340205146, 0.0145282471413, 0.263029116001, 0.0290127469547, 0.0237658091027, 0.948957330512, 0.891625354122, 0.909221432085, 0.613357384837, 0.953171596282, 0.933915746467, 0.387271159989, 0.248682702019, 0.0857636294434, 0.451578780874, 0.00119020785505, 2.53548077958, 0.5223992882, 0.0284451606619
0.0098521842994, 0.0598551847567, 0.373673206693, 0.374868347882, 0.604213535979, 0.553372729016, 0.165720676676, 0.764889130506, 4.14286050161e-05, 0.00929244877672, 0.201078410096, 0.0564385243717, 0.156596589666, 0.534696315353, 0.996397266642, 0.812003008045, 0.99966981942, 0.640820741134, 0.170687205864, 0.784846108023, 1.43410606974, 1.17827828139, 1.41115538966, 0.240268887645, 0.0396098318232
0.0138781283805, 0.999972747149, 0.000293068976867, 0.951290778371, 0.0105108523634, 0.0522902456767, 0.413595991791, 0.731924943715, 0.99695813715, 0.353155177746, 0.156262920842, 0.948957330512, 0.995102813709, 0.693971561693, 0.740904117773, 0.99255291598, 0.998695856169, 6.42241810026e-06, 4.87905841067e-06, 6.63974359491e-07, 1.33627692051e-07, 0.000105579278022, 4.87462143066e-08, 2.47354245812, 0.0539310593796
0.0486909026614, 0.125404389782, 0.394816307149, 0.26648883143, 0.00130814645426, 0.0873336382729, 0.94425179377, 0.0248831592258, 0.955555032205, 0.196919111647, 0.764546104322, 0.9962397973, 0.630343628484, 0.909221432085, 0.140780330566, 0.869865929156, 0.933915746467, 0.156196933585, 1.77913798351, 0.246555531042, 0.00370470145769, 0.802109823402, 1.40928104641, 0.483937741412, 0.189489377073
0.0301760088441, 0.00562186555136, 0.0564174676299, 0.0813735171298, 0.00130814645426, 0.283016774309, 0.987100084035, 0.715566369636, 0.350531414714, 0.439211674804, 0.0954895214299, 0.179215798007, 0.0123257348672, 0.124767313385, 0.898209970453, 0.00243648075513, 0.928821045222, 0.0416557208616, 2.05545726054, 0.979349566647, 0.00467932582281, 0.292674291378, 0.204003365614, 0.0203556088774, 0.109344391688
0.224193176215, 0.180728812255, 0.00284856799217, 0.525600802782, 0.236012891335, 0.0409762992389, 0.0182464197589, 0.444545779781, 0.546797618678, 0.012442654607, 0.227673365043, 0.879634875108, 0.630343628484, 0.975065396674, 0.575755392705, 0.953171596282, 0.928591854158, 1.19226191488, 0.0341812667513, 0.0768781660226, 0.464586001793, 1.38986154084, 0.00846165958148, 0.551758781989, 0.723911174294
0.108104622455, 0.0149128953223, 0.781571658249, 0.525600802782, 0.236012891335, 0.0409762992389, 0.002884536936, 0.976929514023, 0.179138483834, 0.012442654607, 0.915780946489, 0.879634875108, 0.942692270549, 0.907621271696, 0.613357384837, 0.614970460691, 0.916809828439, 0.511618040497, 0.00231816745004, 0.0329764002348, 0.199281209883, 0.596172265976, 2.27065599966, 0.0564928567937, 0.413540683987
0.00937429080414, 0.0830626977638, 0.251013917331, 0.207182721619, 0.35316782743, 0.0584515011464, 0.0347680890526, 0.220396583218, 0.813455238092, 0.0290127469547, 0.809878004717, 0.347790406621, 0.0767206863102, 0.996458953284, 0.946629582484, 0.955629403367, 0.998672311957, 1.90497858821, 0.104141272417, 0.175661433885, 1.18721449692, 0.76056008831, 0.989762843897, 0.338084713412, 0.038266806926
0.00416906835718, 0.999972747149, 0.000293068976867, 0.951290778371, 0.574679430096, 0.344073228689, 0.413595991791, 0.731924943715, 0.99695813715, 0.0290127469547, 0.156262920842, 0.948957330512, 0.995102813709, 0.693971561693, 0.740904117773, 0.99255291598, 0.998695856169, 3.7014587056e-06, 2.81196785189e-06, 2.78937447284e-06, 6.86954344239e-06, 0.000114149944754, 5.27033123761e-08, 2.67433856557, 0.0175138444856
0.0301760088441, 0.00562186555136, 0.0564174676299, 0.177701956806, 0.00130814645426, 0.283016774309, 0.987100084035, 0.715566369636, 0.350531414714, 0.439211674804, 0.0954895214299, 0.179215798007, 0.0123257348672, 0.124767313385, 0.898209970453, 0.00243648075513, 0.928821045222, 0.0403727778466, 1.9921518014, 0.949186850463, 0.0045352085622, 0.632590272919, 0.204003365614, 0.0203556088774, 0.109344391688
0.182274807128, 0.000289113000509, 0.00156353372208, 0.0130897412892, 0.0763007993042, 0.374697425854, 0.250548965972, 0.461809177435, 0.979547400398, 0.0290127469547, 0.161585163054, 0.948957330512, 0.941734215207, 0.91300992604, 0.318782367984, 0.00112514231875, 0.84340706895, 1.85395680269, 0.769807706091, 1.3399396441, 0.290663713572, 0.0499912797523, 0.00597175413064, 0.00110423816578, 0.715849254634
0.00937429080414, 0.0830626977638, 0.000410216674265, 0.207182721619, 0.35316782743, 0.0584515011464, 0.0347680890526, 0.220396583218, 0.813455238092, 0.0290127469547, 0.809878004717, 0.347790406621, 0.0767206863102, 0.996458953284, 0.0483748490325, 0.955629403367, 0.998067105945, 2.06638098371, 0.112964810352, 0.190544633308, 1.28780316756, 0.82499977332, 0.00166267401137, 0.338589993149, 0.0383239980423
0.20247950835, 0.115853615228, 0.0203660569012, 0.293839551783, 0.965740255597, 0.013051456872, 0.324408814539, 0.00753035896096, 0.036923338493, 0.0290127469547, 0.46698574408, 0.241308881953, 0.00339673833801, 0.0234963301544, 0.863371793286, 0.0687981901942, 0.595953925877, 0.0999837300861, 0.055871674576, 0.00234844283949, 2.12670875957, 1.05934963023, 0.076122937231, 0.437949379771, 0.79670064175
0.298650600057, 0.384195764295, 0.28160413294, 0.402959756131, 0.271464607718, 0.202170202062, 0.661443304645, 0.223222556422, 0.556005578399, 0.012442654607, 0.0236142446857, 0.80275399587, 0.0767206863102, 0.999453319144, 0.140780330566, 0.411962894952, 0.647415286078, 0.52181004126, 0.886915625797, 0.338235045449, 0.492083741978, 0.87286821503, 0.69890479087, 1.12540687714, 1.00510952485
0.182274807128, 0.300072872201, 0.163917884856, 0.0244121790198, 0.543279727455, 0.461842912004, 0.665564728659, 0.0874994180641, 0.209825392586, 0.012442654607, 0.161585163054, 0.948957330512, 0.998771917901, 0.995549369118, 0.719723872987, 0.980536391333, 0.294820739866, 0.534559932844, 0.922194900363, 0.945238063771, 1.63284754046, 0.083137529494, 0.57104730097, 1.14294149955, 0.741013279879
