2.16727272728e-06, 0.999927324021, 1.22611717389e-05, 0.402959756131, 0.96883529646, 0.12425446289, 0.124701833449, 0.747832806696, 0.575305489623, 0.0290127469547, 0.747066838968, 0.551319931532, 0.630343628484, 0.751386024339, 0.455091582377, 0.466742876151, 0.47679838598, 6.22559668119e-06, 1.23531727513e-06, 1.25476622062e-06, 0.000132057127282, 9.7002554325e-05, 3.15828122138e-09, 1.43644227017, 4.89014371195e-06
0.000979411177102, 0.264882255552, 0.227812636291, 0.808659827013, 0.35316782743, 0.986027809371, 0.888341906311, 0.000282021067957, 0.144065546309, 0.148454696754, 0.00813522269715, 0.347790406621, 0.00957616112861, 0.989962915464, 0.0483748490325, 0.980536391333, 0.0432870703158, 0.00238533160659, 0.0134602497819, 0.622749664053, 0.385990007482, 2.36427470248, 0.925606840969, 1.16771376148, 0.00444480630165
0.999998682955, 0.125404389782, 0.394816307149, 0.0381052983185, 0.00130814645426, 0.0873336382729, 0.453528942384, 0.0248831592258, 0.277632297374, 0.196919111647, 0.0954895214299, 0.9962397973, 0.593878124397, 0.909221432085, 0.140780330566, 0.00066306708548, 0.711067864051, 2.93570859214e-06, 2.53561021091e-06, 5.35516611231e-07, 8.0465814815e-09, 2.34671202972e-07, 2.80167918036e-06, 9.62078002937e-07, 2.37612516557
0.999999404726, 9.57708111571e-06, 1.32666682306e-07, 0.243920477237, 0.480767677042, 0.345439906163, 0.0395831166681, 0.812789577966, 0.575305489623, 0.608670689133, 0.700889842686, 0.566368544989, 0.446160213526, 0.751386024339, 0.789935883846, 0.823219839027, 0.998695856169, 8.97797226391e-07, 5.58943984198e-08, 5.4241163009e-07, 9.88792922165e-07, 5.81466307696e-07, 3.24128066709e-13, 2.33984956359e-11, 1.66340416207
0.0119622342885, 0.00871436165661, 0.000293068976867, 0.191853002708, 0.0011956884351, 0.0584515011464, 0.033733103891, 0.220396583218, 0.903508337127, 0.00787005579085, 0.809878004717, 0.948957330512, 0.0767206863102, 0.996458953284, 0.898209970453, 0.588772536451, 0.998067105945, 2.48810087905, 0.131962607943, 0.229412082152, 0.00469947687683, 0.777738639273, 0.00120622596331, 0.0358691880175, 0.0492450915732
0.00937429080414, 0.012759909503, 0.000410216674265, 0.0244121790198, 0.966482773405, 0.0584515011464, 0.112920219245, 0.220396583218, 0.813455238092, 0.0383754842456, 0.809878004717, 0.347790406621, 0.0767206863102, 0.999297015525, 0.00972565215315, 0.955629403367, 0.998067105945, 0.135681279857, 0.0243220296359, 0.0126918878357, 2.62682750538, 0.100919039491, 0.00169623637563, 0.052768998189, 0.0387730661585
0.999997510195, 0.999999797442, 0.999967191958, 0.961688829372, 0.998424566661, 0.894993786713, 0.413595991791, 0.478358001001, 0.599975097632, 0.413704200849, 0.996732417831, 0.387534132402, 0.755364262991, 0.719199768069, 0.490760002896, 0.209313169503, 0.418495738073, 1.84915402644e-21, 1.40478716342e-21, 1.39511006751e-20, 5.71508163487e-18, 9.48535865528e-17, 1.84391308941e-12, 5.79524113911e-06, 1.48178862832
0.999997510195, 0.999976083733, 0.999967191958, 0.000104719471518, 0.0105108523634, 0.894993786713, 0.547599815398, 0.478358001001, 0.277632297374, 0.329447951039, 0.371187774807, 0.348829709413, 0.757769876102, 0.481512016253, 0.497635317381, 0.953171596282, 0.418495738073, 1.13300382538e-15, 1.31649388773e-15, 1.04346658626e-14, 1.74666888929e-16, 1.74028279174e-18, 2.05292139892e-10, 5.4646084643e-06, 1.39724896548
0.0138781283805, 0.999980237584, 0.000293068976867, 0.951290778371, 0.995645100339, 0.904459044927, 0.413595991791, 0.258350838639, 0.918035555172, 0.237165079221, 0.0314215229186, 0.00631903622911, 0.995438261583, 0.719199768069, 0.495858908558, 0.978752754941, 0.998695856169, 4.90132332625e-09, 3.72349517348e-09, 4.07061606679e-08, 6.01817112392e-06, 7.85045802957e-05, 3.62457592704e-08, 2.53634064667, 0.05530025875
0.0624328720241, 9.57708111571e-06, 0.999171147448, 0.186949654681, 0.543279727455, 0.0584515011464, 0.503178431057, 0.902599822033, 0.955555032205, 0.611971057085, 0.258411693295, 0.999876500431, 0.0123257348672, 0.899557201177, 0.898209970453, 0.11216554157, 0.999616965872, 0.00151181650397, 0.00152698837338, 0.000197847952201, 0.00247319864068, 0.000992560675565, 2.63375357275, 3.96212842893e-05, 0.259121899543
0.999998682955, 0.999995699746, 1.32666682306e-07, 0.243920477237, 0.480767677042, 0.904459044927, 0.0395831166681, 0.812789577966, 0.575305489623, 0.789202912723, 0.700889842686, 0.948957330512, 0.446160213526, 0.751386024339, 0.497635317381, 0.823219839027, 0.222721871444, 2.36106402112e-12, 1.4699338471e-13, 1.56444611549e-11, 1.48940805119e-11, 8.75856390925e-12, 4.88230590401e-18, 3.46840055048e-06, 1.67651944757
0.0109363466227, 0.00176514927925, 0.000101971951947, 0.187107526578, 0.0011956884351, 0.0584515011464, 0.996174946774, 0.220396583218, 0.813455238092, 0.012442654607, 0.728668948215, 0.348829709413, 0.0116358010048, 0.16250759962, 0.440223338197, 0.0191852480637, 0.998695856169, 0.0133128275216, 2.2156834793, 0.204011142726, 0.00417914191295, 0.673478890944, 0.000372378066811, 0.00644593489593, 0.0399411001144
0.000888095373196, 0.0478594579042, 0.12122470801, 0.186949654681, 0.0820672062551, 0.986027809371, 0.503178431057, 0.902599822033, 0.955555032205, 0.567069979066, 0.809878004717, 0.999876500431, 0.0123257348672, 0.899557201177, 0.140780330566, 0.11216554157, 0.839849106982, 0.0360562494448, 0.0364180927681, 2.3346435267, 0.30271210386, 0.712081549228, 0.474187609945, 0.188700826528, 0.00350489549907
0.0138781283805, 0.999975047808, 6.0200961626e-05, 0.951290778371, 0.000929370609543, 0.34724693798, 0.413595991791, 0.220396583218, 0.887825308502, 0.237165079221, 0.418303503342, 0.353932845717, 0.995438261583, 0.998227942485, 0.490007265562, 0.260406665592, 0.134835834537, 4.09876080521e-06, 3.11379500179e-06, 3.12378256656e-06, 8.78991248635e-09, 7.85409583809e-05, 7.44889672397e-09, 2.00974087121, 0.0438187159031
0.00182003685159, 0.264882255552, 0.696287432515, 0.437370948023, 0.0233571460666, 0.874551260973, 0.94425179377, 0.220396583218, 0.144065546309, 0.507780853018, 0.000851205954036, 0.36273558578, 0.00928623930776, 0.989962915464, 0.911032621843, 0.980536391333, 0.872770869092, 0.0138495648758, 0.157751412656, 0.79319797221, 0.0296895246148, 0.663979554384, 2.02536210728, 1.00744260205, 0.0071261132448
0.0624328720241, 9.57708111571e-06, 0.999171147448, 0.186949654681, 0.543279727455, 0.986027809371, 0.503178431057, 0.902599822033, 0.955555032205, 0.567069979066, 0.258411693295, 0.999876500431, 0.0123257348672, 0.899557201177, 0.140780330566, 0.11216554157, 0.839849106982, 3.11566793866e-05, 3.14693529615e-05, 0.00201739617857, 0.00231274859457, 0.000928167786314, 2.46288744204, 3.70508328962e-05, 0.242311231751
0.360897475073, 8.30317897155e-05, 0.21589864292, 0.0244121790198, 0.0817657031766, 0.202170202062, 0.108587910768, 0.976929514023, 0.542998151706, 0.019127935426, 0.161585163054, 0.241308881953, 0.989763376838, 0.994886987414, 0.974145606987, 0.0687981901942, 0.294820739866, 1.90402469449, 0.327955214085, 0.635054820734, 0.262655787651, 0.0786737725521, 0.723920914242, 0.000283819702251, 1.3853003199
0.188674523963, 8.30317897155e-05, 0.21589864292, 0.0244121790198, 0.0817657031766, 0.202170202062, 0.108587910768, 0.976929514023, 0.542998151706, 0.019127935426, 0.161585163054, 0.241308881953, 0.989763376838, 0.994886987414, 0.974145606987, 0.0687981901942, 0.294820739866, 2.15869641656, 0.371820674115, 0.719996211081, 0.297787160656, 0.0891967375092, 0.820748537541, 0.000321781842416, 0.753378101787
0.108104622455, 0.0149128953223, 0.0203660569012, 0.483303903472, 0.159144866666, 0.0409762992389, 0.0182464197589, 0.0729904617266, 0.784110026224, 0.012442654607, 0.161585163054, 0.157124085357, 0.995102813709, 0.923619098653, 0.613357384837, 0.614970460691, 0.916809828439, 1.62764019031, 0.046663239701, 0.104951765392, 0.416610775305, 1.59794034776, 0.0742924254103, 0.0544193163393, 0.398361891721
0.0412130641853, 0.125404389782, 0.394816307149, 0.26648883143, 0.0644017093925, 0.117285654759, 0.920527565726, 0.11415316468, 0.955555032205, 0.321497091416, 0.764546104322, 0.9962397973, 0.630343628484, 0.909221432085, 0.140780330566, 0.999178576205, 0.933915746467, 0.217570580969, 1.73380222556, 0.325619149496, 0.180429279373, 0.794853877836, 1.39653258446, 0.479560004341, 0.158849082182
0.0138781283805, 0.125404389782, 0.000293068976867, 0.26648883143, 0.0644017093925, 0.117285654759, 0.920527565726, 0.11415316468, 0.955555032205, 0.321497091416, 0.764546104322, 0.997279530087, 0.630343628484, 0.909221432085, 0.140780330566, 0.999487683795, 0.933915746467, 0.26800313335, 2.13569512472, 0.40109720696, 0.222252530671, 0.979099880444, 0.0011088582668, 0.480715000805, 0.0535533861167
0.0258005965051, 0.305538606028, 0.163917884856, 0.0244121790198, 0.797574699556, 0.198785814746, 0.477873532366, 0.0874994180641, 0.00864314983765, 0.0141227262618, 0.335902000579, 0.992497342989, 0.998771917901, 0.906653572783, 0.956538917063, 0.856613629298, 0.454577755565, 0.49730657264, 0.463885746619, 0.219537078289, 2.17123409942, 0.0876961974999, 0.602359454178, 1.23130977542, 0.108136280697
0.0138781283805, 0.1436295899, 0.000293068976867, 0.00113537336494, 0.000929370609543, 0.0584515011464, 0.413595991791, 0.390278450063, 0.995631570015, 0.196919111647, 0.809069242254, 0.948957330512, 0.726587823339, 0.998517594555, 0.972071418029, 0.955764367504, 0.999844994084, 2.0296732769, 1.54192615896, 0.234692081064, 0.00373682164422, 0.00456512582385, 0.00117837673449, 0.587510635911, 0.0572614230571
0.000979411177102, 0.264882255552, 0.227812636291, 0.808659827013, 0.35316782743, 0.986027809371, 0.721746185509, 0.220396583218, 0.144065546309, 0.507780853018, 0.00813522269715, 0.347790406621, 0.00957616112861, 0.989962915464, 0.0483748490325, 0.980536391333, 0.0432870703158, 0.0051954808618, 0.0111200279665, 0.559149097899, 0.346569379222, 2.12281458086, 0.831075888132, 1.04845676204, 0.00399086435106
0.113236221302, 0.00562186555136, 0.0564174676299, 0.0813735171298, 0.00130814645426, 0.178057007789, 0.987100084035, 0.398612138846, 0.506731291837, 0.42202935607, 0.841583209234, 0.179215798007, 0.0123257348672, 0.124767313385, 0.755504905029, 0.0251336858556, 0.928821045222, 0.0395613387497, 1.95211220183, 0.560801033895, 0.00417430163464, 0.261086921317, 0.181985955841, 0.0181586952113, 0.369665905559
0.229835027192, 0.264882255552, 0.0812238967671, 0.437370948023, 0.35316782743, 0.461842912004, 0.0347680890526, 0.715566369636, 0.144065546309, 0.507780853018, 0.0701339623087, 0.343342799918, 0.0767206863102, 0.999514008125, 0.854577292377, 0.980536391333, 0.872770869092, 0.961297763966, 0.0525521771898, 0.853729258409, 0.79735170641, 1.24179976199, 0.251171002115, 0.872254931799, 0.81484469266
0.355400556505, 0.000199574849976, 0.373673206693, 0.240501666112, 0.0716338744876, 0.502342847546, 0.453528942384, 0.461809177435, 0.629790314811, 0.711712364395, 0.161585163054, 0.869742658093, 0.941734215207, 0.719199768069, 0.0722134237077, 0.00199524748897, 0.736006215734, 0.710912421894, 0.614024430368, 0.94631306161, 0.150672534522, 0.532510133873, 0.960287337974, 0.000543557647837, 1.08286380058
0.00485589404561, 0.18735436645, 0.149250870918, 0.374868347882, 0.543279727455, 0.0265105125576, 0.888341906311, 0.29926509414, 0.802657558166, 0.0299551436037, 0.0162947509149, 0.83853271607, 0.630343628484, 0.815259189659, 0.132029535202, 0.0535922919785, 0.129220699778, 0.203164807589, 1.14644397847, 0.0485128155254, 1.33560067703, 1.18382331716, 0.50907237243, 0.664216950663, 0.0174667051977
0.00416906835718, 0.0830626977638, 0.0123245349102, 0.20600596171, 0.982623011845, 0.0457835486809, 0.307365470703, 0.731924943715, 0.170705934752, 0.0290127469547, 0.812093092233, 0.540224288541, 0.630343628484, 0.904349538005, 0.495858908558, 0.969815399648, 0.999614595665, 0.0483541898012, 0.0253465821311, 0.00393304688026, 2.0048041932, 0.672626215999, 0.0409566843357, 0.277626980097, 0.0139744193512
0.229835027192, 0.137705074208, 0.509715685349, 0.62203558426, 0.35316782743, 0.198785814746, 0.576917836038, 0.715566369636, 0.144065546309, 0.507780853018, 0.899171600795, 0.241308881953, 0.630343628484, 0.999921213686, 0.854577292377, 0.953171596282, 0.294820739866, 0.362131075104, 0.462218328122, 0.189550185182, 0.382346712846, 1.07548232969, 1.33774360313, 0.409522892706, 0.720444568609
0.229835027192, 0.264882255552, 0.0812238967671, 0.632690643351, 0.236012891335, 0.198785814746, 0.576917836038, 0.715566369636, 0.144065546309, 0.0130698914116, 0.115276464235, 0.948957330512, 0.0767206863102, 0.999514008125, 0.743376671251, 0.993880651693, 0.684968868924, 0.639725183233, 0.816535019997, 0.334851205224, 0.423684777897, 1.79682029423, 0.275022031868, 0.955083674588, 0.892221797679
0.00416906835718, 0.392652045751, 0.28160413294, 0.178671056617, 0.982623011845, 0.0348136098975, 0.94425179377, 0.902599822033, 0.284844076683, 0.0290127469547, 0.858806025691, 0.9962397973, 0.373659551686, 0.488079721821, 2.55965727858e-05, 0.787962089153, 0.933915746467, 0.00395480598349, 0.0450466304372, 0.00247532229733, 1.65873511183, 0.478332676831, 0.817948521915, 1.354885286, 0.0153402679696
0.0486909026614, 0.125404389782, 0.0687320545315, 0.00981015524177, 0.179334496085, 0.723303286073, 0.453528942384, 0.0248831592258, 0.955555032205, 0.196919111647, 0.775382728773, 0.9962397973, 0.400114620306, 0.909221432085, 0.0712188514025, 0.000605623783175, 0.711067864051, 0.744564229665, 0.643089940353, 2.11923928822, 0.676160915926, 0.0374848321416, 0.263662412968, 0.488331118055, 0.191209635965
0.00363938651986, 2.91027025086e-05, 0.373673206693, 0.0753989068425, 0.143634144026, 0.553372729016, 0.165720676676, 0.764889130506, 0.865773861249, 0.00929244877672, 0.201078410096, 0.00730379850457, 0.113307376528, 0.534696315353, 0.551445336119, 0.905767587582, 0.999845056608, 1.1783803115, 0.313870057421, 1.44322295127, 0.433679459867, 0.230677044632, 1.29857410893, 0.000107186142713, 0.0134041177969
0.0098521842994, 0.18735436645, 0.0189952621893, 0.374868347882, 0.166281586898, 0.382486232169, 0.404439619738, 0.764889130506, 4.14286050161e-05, 0.00929244877672, 0.112499873278, 0.0564385243717, 0.219936370941, 0.999453319144, 0.988910833602, 0.536674178627, 0.99966981942, 1.39062168678, 1.02523846273, 1.18403264516, 0.559858448199, 1.44797725176, 0.0778128445044, 0.790554918923, 0.0421815619098
0.00293174275365, 0.0314593599647, 0.781571658249, 0.402959756131, 0.199412713598, 0.635115123971, 0.453528942384, 0.692031698852, 0.106325210647, 0.507780853018, 0.769419223368, 0.179215798007, 0.053351858938, 0.476978095904, 0.271904979709, 0.953171596282, 0.845340103767, 0.205628139844, 0.177603735069, 0.42097062681, 0.162287297076, 0.386400680049, 1.82851524868, 0.0960291217412, 0.00895279776805
0.999997510195, 0.0830626977638, 0.000410216674265, 0.20600596171, 0.000929370609543, 0.0584515011464, 0.0347680890526, 0.220396583218, 0.985853235278, 0.299272373913, 0.809878004717, 0.36273558578, 0.00962633689666, 0.996458953284, 0.495858908558, 0.955629403367, 0.636933846279, 7.97889386626e-06, 4.36189763418e-07, 7.35747869311e-07, 1.17147478955e-08, 2.69131363212e-06, 5.4538586983e-09, 1.11063381436e-06, 2.18269291585
0.138728650352, 0.372683967562, 0.718246871485, 0.368419766424, 0.0133666241855, 0.474347842757, 0.888341906311, 0.0623031682558, 0.449153219677, 0.234921969912, 0.156262920842, 0.956083838525, 0.941734215207, 0.91300992604, 0.339746969341, 0.90698108009, 0.294820739866, 0.0819227003017, 0.46228373691, 0.433097797235, 0.0134131531221, 0.417401105823, 1.61024708352, 1.18129627159, 0.473403481605
0.138728650352, 0.372683967562, 0.718246871485, 0.368419766424, 0.0975903452204, 0.474347842757, 0.888341906311, 0.29926509414, 0.449153219677, 0.234921969912, 0.156262920842, 0.956083838525, 0.941734215207, 0.91300992604, 0.339746969341, 0.90698108009, 0.294820739866, 0.0753851052515, 0.425392571713, 0.398535728297, 0.0908142704469, 0.388563542217, 1.49899773117, 1.09968243326, 0.440696804929
0.101727984887, 0.000289113000509, 0.373673206693, 0.0100247201702, 0.0763007993042, 0.839376779456, 0.548394537846, 0.461809177435, 0.858185207388, 0.711712364395, 0.161585163054, 0.948957330512, 0.941734215207, 0.719199768069, 0.318782367984, 0.153987126101, 0.84340706895, 0.265953222233, 0.309805749218, 1.58379387954, 0.196972955467, 0.0259433421781, 1.09593104252, 0.000898647689263, 0.318919386865
0.360897475073, 0.000289113000509, 0.21589864292, 0.0244121790198, 0.8030193579, 0.202170202062, 0.108587910768, 0.347101102417, 0.542998151706, 0.019127935426, 0.161585163054, 0.241308881953, 0.995102813709, 0.994886987414, 2.55965727858e-05, 0.0687981901942, 0.294820739866, 0.545240064088, 0.0939138670116, 0.181855483365, 1.82176608937, 0.0733773105635, 0.675185236764, 0.000921717012293, 1.29203949572
0.0429588648578, 0.337140386739, 0.156357554715, 0.26648883143, 0.000238619907885, 0.874551260973, 0.255115440326, 0.220396583218, 0.209825392586, 0.507780853018, 0.161585163054, 0.36273558578, 0.998771917901, 0.989962915464, 0.858111022831, 0.980536391333, 0.872770869092, 0.314027932629, 0.133040810388, 1.70826766744, 0.000652934410175, 0.774996203516, 0.477919975235, 1.15055723405, 0.153922914826
0.000185376507453, 0.264882255552, 0.227812636291, 0.827867886823, 0.35316782743, 0.0223224159644, 0.721746185509, 0.747196635241, 0.144065546309, 0.00226959667376, 0.00813522269715, 0.76431136793, 0.00957616112861, 0.999683268985, 0.0483748490325, 0.955629403367, 0.0581480793047, 0.234053486458, 0.500950996509, 0.0193959128283, 0.342843642, 2.34830509883, 0.911249117255, 1.14960055096, 0.000828233350102
0.229835027192, 0.264882255552, 0.19463650372, 0.437370948023, 0.735690972828, 0.198785814746, 0.463506858345, 0.715566369636, 0.329205727975, 0.507780853018, 0.0701339623087, 0.314742827709, 0.0767206863102, 0.999921213686, 0.854577292377, 0.953171596282, 0.872770869092, 0.396600146045, 0.353551804074, 0.171513533501, 1.26658253739, 1.13549307654, 0.565082907208, 0.829571410197, 0.77497052311
0.229835027192, 0.264882255552, 0.370893050597, 0.00256607392247, 0.236012891335, 0.198785814746, 0.576917836038, 0.715566369636, 0.551073963627, 0.0290127469547, 0.115276464235, 0.423637852959, 0.0767206863102, 0.999514008125, 0.854577292377, 0.955629403367, 0.998695856169, 0.951970617415, 1.21508011174, 0.498289760876, 0.630482385523, 0.00701460014219, 1.14663740459, 0.920891362333, 0.860279961462
0.0301760088441, 0.0314593599647, 0.0446128585731, 0.183860712385, 0.14559466941, 0.635115123971, 0.453528942384, 0.983754691503, 0.350531414714, 0.0290127469547, 0.227452449899, 0.387534132402, 0.755364262991, 0.516786828395, 0.898209970453, 0.953171596282, 0.150467820663, 0.807158895751, 0.697153778603, 1.65244983754, 0.457805259402, 0.599973679332, 0.147866344528, 0.104440369589, 0.100295745957
0.360897475073, 0.241430516144, 0.28494875432, 0.279828057478, 0.764435668939, 0.202170202062, 0.0347680890526, 0.000147114657847, 0.766828219124, 0.0299551436037, 0.439580532298, 0.83853271607, 0.978142295713, 0.59528053254, 0.439177530394, 0.538673797603, 0.294820739866, 0.426594701443, 0.0233210574068, 0.140427947121, 1.15939665392, 0.584765872219, 0.659740605386, 0.607500380316, 1.04462569652
0.0486909026614, 0.125404389782, 0.394816307149, 0.0381052983185, 0.00130814645426, 0.14532996796, 0.94425179377, 0.0248831592258, 0.955555032205, 0.196919111647, 0.346371465832, 0.9962397973, 0.630343628484, 0.239945977827, 0.140780330566, 0.0191852480637, 0.996949081609, 0.168263398365, 1.91657925923, 0.446998877651, 0.00405869959929, 0.11836826852, 1.4131683365, 0.485272610982, 0.190012055057
0.377244358975, 0.278772896344, 0.21290061871, 0.944275890579, 0.385809868108, 0.511733425187, 0.547203776468, 0.390278450063, 0.000361237847775, 0.306267312868, 0.227452449899, 0.179215798007, 0.0562287834439, 0.516786828395, 0.576690283146, 0.999578477054, 0.0903329764265, 0.0484326215764, 0.0562055309446, 0.0769808034211, 0.0740946847241, 1.48230270478, 0.517042421634, 0.737560341632, 1.17111266232
0.0098521842994, 0.18735436645, 0.0189952621893, 0.0696202278047, 0.166281586898, 0.382486232169, 0.404439619738, 0.764889130506, 4.14286050161e-05, 0.00929244877672, 0.112499873278, 0.0564385243717, 0.219936370941, 0.899557201177, 0.988910833602, 0.536674178627, 0.552645172877, 1.45693039347, 1.07412468187, 1.24049061222, 0.586554054908, 0.249393348767, 0.0682008247249, 0.692899710893, 0.0369709824741
0.00416906835718, 0.0354783240313, 0.173260584134, 0.759102930382, 0.236012891335, 0.21779405672, 0.633728188826, 0.401724385679, 0.813455238092, 0.0290127469547, 0.481135855111, 0.948957330512, 0.630343628484, 0.460941939223, 0.995389714043, 0.838364221417, 0.933915746467, 0.356171533577, 0.549201509243, 0.233105805498, 0.27008960865, 1.87518853076, 0.563171604714, 0.116876884771, 0.0137415455146
0.360897475073, 8.30317897155e-05, 0.564156742295, 0.0244121790198, 0.0817657031766, 0.202170202062, 0.108587910768, 0.976929514023, 0.542998151706, 0.019127935426, 0.156262920842, 0.256718551934, 0.989763376838, 0.994886987414, 0.974145606987, 0.0687981901942, 0.294820739866, 1.27475581671, 0.219567959377, 0.425172965981, 0.175849606399, 0.0526725569649, 1.68305038529, 0.000283368093012, 1.38309605283
0.0486909026614, 0.264882255552, 0.583534197844, 0.0381052983185, 0.179334496085, 0.347050535358, 0.453528942384, 0.0248831592258, 0.955555032205, 0.507780853018, 0.775382728773, 0.9962397973, 0.705588352772, 0.909221432085, 0.0712188514025, 0.000605623783175, 0.711067864051, 0.841216762767, 0.726570007312, 0.674096709992, 0.376206773778, 0.0811010186059, 1.7680058371, 0.984488539462, 0.186662692354
0.0486909026614, 0.125404389782, 0.583534197844, 0.0381052983185, 0.179334496085, 0.0873336382729, 0.453528942384, 0.0248831592258, 0.955555032205, 0.196919111647, 0.775382728773, 0.9962397973, 0.630343628484, 0.909221432085, 0.0712188514025, 0.000605623783175, 0.711067864051, 1.07332807226, 0.92704760512, 0.195790894755, 0.414326789092, 0.089318765565, 1.94715308878, 0.489699520371, 0.191745443943
0.0412130641853, 0.00871436165661, 0.394816307149, 0.632690643351, 0.142948123315, 0.0584515011464, 0.413595991791, 0.390278450063, 0.955555032205, 0.0572145741508, 0.422288959756, 0.317825605473, 0.764264138749, 0.998517594555, 0.97731127203, 0.953171596282, 0.998695856169, 0.840614381894, 0.638607858612, 0.0972006385977, 0.242129837843, 1.67081671761, 1.42372771266, 0.0335351349335, 0.158825502714
0.360897475073, 0.276854379462, 0.21589864292, 0.0244121790198, 0.8030193579, 0.202170202062, 0.108587910768, 0.0874994180641, 0.542998151706, 0.019127935426, 0.756919607823, 0.241308881953, 0.995102813709, 0.994886987414, 0.974145606987, 0.045312619664, 0.294820739866, 0.513789488584, 0.0884967207675, 0.171365682657, 1.71668285041, 0.0691447554046, 0.636239154724, 0.888450910773, 1.34246911238
0.000888095373196, 0.0478594579042, 0.12122470801, 0.186949654681, 0.0820672062551, 0.874551260973, 0.470793830931, 0.902599822033, 0.955555032205, 0.567069979066, 0.829471272073, 0.573851151442, 0.0123257348672, 0.899557201177, 0.140780330566, 0.600210189077, 0.847757254441, 0.288452072938, 0.263129431677, 1.95565810565, 0.258514316368, 0.608113361011, 0.404953367415, 0.161149371122, 0.00299315967987
0.000979411177102, 0.130656836013, 0.227812636291, 0.620795274296, 0.298078730085, 0.874551260973, 0.146155014875, 0.220396583218, 0.144065546309, 0.012442654607, 0.314772305445, 0.347790406621, 0.00957616112861, 0.993038639242, 0.0483748490325, 0.980536391333, 0.0581480793047, 0.228774121997, 0.0534645415042, 1.17677943388, 0.606877060306, 1.98404072472, 0.896282082817, 0.532679765862, 0.00402117164126
0.229835027192, 0.264882255552, 0.0266206500198, 0.402959756131, 0.236012891335, 0.198785814746, 0.576917836038, 0.715566369636, 0.099976105323, 0.0290127469547, 0.201078410096, 0.964764249009, 0.156596589666, 0.999731367943, 0.854577292377, 0.993880651693, 0.557341081696, 0.933023103711, 1.19089580747, 0.488372068145, 0.617933601536, 1.25135668746, 0.088509249454, 0.935568157406, 0.873990756477
0.182274807128, 0.305954090542, 0.000101971951947, 0.187107526578, 0.29518227592, 0.14532996796, 0.172784126181, 0.220396583218, 0.298298258228, 0.00122108612574, 0.728668948215, 0.423637852959, 0.749517704828, 0.994886987414, 0.354707744028, 0.0191852480637, 0.998695856169, 1.52651128354, 0.424790379764, 0.36813604855, 0.813406466947, 0.550486435659, 0.000304373422052, 0.990709443519, 0.630906700295
0.360897475073, 0.000289113000509, 0.149250870918, 0.279828057478, 0.764435668939, 0.202170202062, 0.547203776468, 0.461809177435, 0.292786778766, 0.567069979066, 0.293818071474, 0.89142985975, 0.630343628484, 0.474334459982, 0.132029535202, 0.000903165666225, 0.871768148536, 0.297231152832, 0.344933522375, 0.149663689928, 1.23564849358, 0.623225077163, 0.349789610723, 0.000683822490031, 0.958564997065
0.355400556505, 0.000289113000509, 0.373673206693, 0.240501666112, 0.190004963798, 0.502342847546, 0.320826576364, 0.461809177435, 0.497742555881, 0.711712364395, 0.330781423445, 0.179215798007, 0.972895962122, 0.488079721821, 0.0722134237077, 0.000743075437518, 0.84340706895, 0.755440146233, 0.416584941359, 0.869062410891, 0.376728658715, 0.508423973822, 0.916852231212, 0.000751805640142, 1.03388444895
0.0098521842994, 0.25408080747, 0.373673206693, 0.0565718502895, 0.351173722377, 0.178057007789, 0.165720676676, 0.596826816757, 4.14286050161e-05, 0.00929244877672, 0.115276464235, 0.0564385243717, 0.00544442091178, 0.534696315353, 0.996397266642, 0.649284422892, 0.99966981942, 1.57685179819, 0.420005799156, 0.468694177183, 1.04472659134, 0.177614797432, 1.33125760773, 1.01374631106, 0.040375334359
0.182274807128, 0.000286675452132, 0.273671680456, 0.00206938919428, 0.334659051219, 0.502342847546, 0.633728188826, 0.461809177435, 0.629790314811, 0.259195671381, 0.161585163054, 0.30772543734, 0.941734215207, 0.719199768069, 0.0722134237077, 0.00199524748897, 0.20980136364, 0.574276297997, 0.885509873333, 1.06322150169, 0.86910414634, 0.0056299263178, 0.79407342656, 0.000857987399363, 0.560940565302
0.377244358975, 0.392652045751, 0.261743640553, 0.944275890579, 0.385809868108, 0.472416577055, 0.547203776468, 0.390278450063, 0.000361237847775, 0.306267312868, 0.809028702451, 0.00521913900255, 0.0562287834439, 0.516786828395, 0.576690283146, 0.980536391333, 0.0903329764265, 0.048062795806, 0.0557763521576, 0.0675086927415, 0.0692277118064, 1.38493638023, 0.606144951575, 1.07538710844, 1.25179258696
0.0301760088441, 0.0314593599647, 0.0342696345154, 0.183860712385, 0.199412713598, 0.185747959032, 0.453528942384, 0.983754691503, 0.350531414714, 0.0290127469547, 0.313188595139, 0.352087485771, 0.00995379417087, 0.996458953284, 0.241615816703, 0.953171596282, 0.150467820663, 1.59080709058, 1.37400105489, 0.631332897936, 0.710894490428, 0.685459914812, 0.129681091322, 0.119201177158, 0.114470783941
0.182274807128, 0.000286675452132, 0.373673206693, 0.00206938919428, 0.334659051219, 0.502342847546, 0.453528942384, 0.461809177435, 0.629790314811, 0.711712364395, 0.161585163054, 0.30772543734, 0.941734215207, 0.719199768069, 0.0722134237077, 0.00199524748897, 0.736006215734, 0.716263915871, 0.618646586262, 0.953436567254, 0.779363164265, 0.00504859769464, 1.0330966842, 0.000839982204952, 0.549169012551
0.0138781283805, 0.00871436165661, 0.000293068976867, 0.632690643351, 0.0233571460666, 0.0584515011464, 0.413595991791, 0.390278450063, 0.955555032205, 0.0572145741508, 0.422288959756, 0.317825605473, 0.726587823339, 0.998517594555, 0.97731127203, 0.953171596282, 0.998695856169, 1.05284584189, 0.799838359918, 0.121741062705, 0.0487378633874, 2.04149107105, 0.00112132337752, 0.0333444647025, 0.0531130739666
0.00416906835718, 0.392652045751, 0.28160413294, 0.437370948023, 0.35316782743, 0.0348136098975, 0.94425179377, 0.902599822033, 0.284844076683, 0.0290127469547, 0.858806025691, 0.9962397973, 0.373659551686, 0.810834033053, 2.55965727858e-05, 0.787962089153, 0.933915746467, 0.10319007975, 1.17537128413, 0.0645869118068, 0.732234210649, 1.14038542991, 0.851635865563, 1.41068645809, 0.0159720594147
0.113236221302, 0.00562186555136, 0.0492313368702, 0.0813735171298, 0.00130814645426, 0.178057007789, 0.477873532366, 0.398612138846, 0.350531414714, 0.439211674804, 0.841583209234, 0.179215798007, 0.0123257348672, 0.00812210285497, 0.898209970453, 0.030945002895, 0.928821045222, 1.57198275796, 1.4663397499, 0.617441906005, 0.00459590585922, 0.287456685327, 0.174735501221, 0.0199739620494, 0.406620226985
0.199468073351, 0.000289113000509, 0.149250870918, 0.279828057478, 0.764435668939, 0.448889204276, 0.547203776468, 0.461809177435, 0.292786778766, 0.567069979066, 0.293818071474, 0.89142985975, 0.630343628484, 0.474334459982, 0.132029535202, 0.000903165666225, 0.871768148536, 0.268698635883, 0.311821846565, 0.350317253766, 1.3934680096, 0.702824640115, 0.394465444798, 0.000771161676687, 0.550171203403
0.182274807128, 0.305538606028, 0.163917884856, 0.0244121790198, 0.543279727455, 0.502342847546, 0.477873532366, 0.550202602567, 0.088057936839, 0.0290127469547, 0.161585163054, 0.992497342989, 0.755364262991, 0.855154814056, 0.580314699225, 0.773387912277, 0.454577755565, 0.56414485854, 0.526232254514, 0.777178269357, 1.2550929114, 0.0639038987745, 0.438937133912, 0.89725093552, 0.572106443573
2.16727272728e-06, 0.999960799592, 3.05356888552e-06, 0.402959756131, 0.480767677042, 0.12425446289, 0.124701833449, 0.583849163743, 0.575305489623, 0.0290127469547, 0.747066838968, 0.551319931532, 0.630343628484, 0.994886987414, 0.664253126631, 0.68078324626, 0.136425718034, 6.09428789572e-05, 1.20926226075e-05, 1.22830099377e-05, 5.96180427705e-05, 6.38143136093e-05, 5.17441760707e-10, 1.75195686856, 5.96426393371e-06
0.0412130641853, 0.125404389782, 0.373673206693, 0.26648883143, 0.0644017093925, 0.405924245949, 0.307365470703, 0.11415316468, 0.955555032205, 0.0178139800739, 0.764546104322, 0.179215798007, 0.630343628484, 0.909221432085, 0.140780330566, 0.999633014202, 0.933915746467, 1.32470933331, 0.694393889232, 1.10808084971, 0.188949809712, 0.832389784449, 1.36212674124, 0.490837313448, 0.162584569263
0.00937429080414, 0.012759909503, 0.000410216674265, 0.151462255341, 0.966482773405, 0.0584515011464, 0.0318902338239, 0.220396583218, 0.134866737625, 0.0362007216931, 0.809878004717, 0.347790406621, 0.0767206863102, 0.999297015525, 0.00972565215315, 0.955629403367, 0.888915406867, 0.130854146985, 0.00656037318317, 0.0120634336339, 2.49675695916, 0.606327168, 0.00165775705505, 0.0515719272928, 0.0378934946175
0.0098521842994, 0.0598551847567, 0.373673206693, 0.0565718502895, 0.351173722377, 0.553372729016, 0.165720676676, 0.596826816757, 4.14286050161e-05, 0.00929244877672, 0.201078410096, 0.0564385243717, 0.156596589666, 0.534696315353, 0.996397266642, 0.649284422892, 0.99966981942, 1.06284014474, 0.283095104358, 1.3017149688, 1.04865037926, 0.178281883731, 1.33625754987, 0.227516485759, 0.0375075184567
0.0119622342885, 0.00102177744145, 0.000293068976867, 0.191853002708, 0.00112407314992, 0.0584515011464, 0.542226842419, 0.220396583218, 0.985853235278, 0.00787005579085, 0.809878004717, 0.948957330512, 0.0767206863102, 0.516786828395, 0.495858908558, 0.588772536451, 0.99852807629, 1.43401182926, 1.63808250345, 0.200453641308, 0.00386032319563, 0.679565386501, 0.00105396513889, 0.00367462560271, 0.0430249519262
0.377244358975, 0.278772896344, 0.261743640553, 0.944275890579, 0.385809868108, 0.472416577055, 0.547203776468, 0.390278450063, 0.000361237847775, 0.306267312868, 0.227452449899, 0.00521913900255, 0.0562287834439, 0.516786828395, 0.576690283146, 0.980536391333, 0.0903329764265, 0.0528544215185, 0.0613369817186, 0.074238979287, 0.0761293761466, 1.52300776493, 0.666574639169, 0.780909420123, 1.23994317266
0.126289309503, 0.0830626977638, 0.0125147908685, 0.209722610816, 0.000929370609543, 0.874551260973, 0.99445383548, 0.715566369636, 0.144065546309, 0.507780853018, 0.00296916462802, 0.36273558578, 0.00957616112861, 0.978849404129, 0.858111022831, 0.980536391333, 0.872770869092, 0.00377539090218, 0.433349512448, 2.1706801732, 0.00323140969767, 0.756779765621, 0.045992575001, 0.307024045681, 0.474368255738
0.182274807128, 0.000286675452132, 0.273671680456, 0.00206938919428, 0.334659051219, 0.502342847546, 0.633728188826, 0.461809177435, 0.629790314811, 0.259195671381, 0.161585163054, 0.30772543734, 0.941734215207, 0.719199768069, 0.0722134237077, 0.00199524748897, 0.20980136364, 0.574276297997, 0.885509873333, 1.06322150169, 0.86910414634, 0.0056299263178, 0.79407342656, 0.000857987399363, 0.560940565302
0.101727984887, 0.000289113000509, 0.373673206693, 0.0100247201702, 0.0763007993042, 0.502342847546, 0.548394537846, 0.461809177435, 0.858185207388, 0.711712364395, 0.161585163054, 0.948957330512, 0.941734215207, 0.719199768069, 0.318782367984, 0.00112514231875, 0.84340706895, 0.798904728638, 0.930634627889, 1.23557198223, 0.209665090941, 0.0276150255459, 1.16654837792, 0.000956552888422, 0.339469253996
0.999998682955, 0.278772896344, 5.89127635564e-09, 0.243920477237, 0.900824744305, 0.383377726198, 0.339948757936, 0.812789577966, 0.575305489623, 0.789202912723, 0.700889842686, 0.986185614159, 0.446160213526, 0.751386024339, 0.468434243825, 0.823219839027, 0.222721871444, 3.27496716556e-07, 1.93645439832e-07, 2.61524546645e-07, 2.93957049685e-06, 1.19937438692e-06, 2.96889187283e-14, 1.50213066145e-06, 1.7123240196
0.0098521842994, 0.999976083733, 0.999967191958, 0.000104719471518, 0.0105108523634, 0.987902151065, 0.0347680890526, 0.478358001001, 0.277632297374, 0.329447951039, 0.371187774807, 0.348829709413, 0.757769876102, 0.481512016253, 0.497635317381, 0.953171596282, 0.933915746467, 5.79839394383e-11, 3.16986304738e-12, 3.05545151466e-09, 5.04604472778e-11, 5.02759559062e-13, 5.93079390438e-05, 1.57869982684, 0.0244335538253
0.999988052387, 9.57708111571e-06, 0.999563645366, 0.26648883143, 0.543279727455, 0.839376779456, 0.427248871941, 0.220396583218, 0.254745668283, 0.234921969912, 0.0184895812992, 0.348829709413, 0.995102813709, 0.488079721821, 0.608601244711, 0.202050792544, 0.0933476035737, 2.98262876903e-09, 2.36844688001e-09, 1.47735535834e-08, 1.74859835491e-08, 1.03242553121e-08, 3.70559953381e-05, 5.57457326918e-10, 1.97450188093
0.0412130641853, 0.125404389782, 0.373673206693, 0.26648883143, 0.0644017093925, 0.405924245949, 0.202487228236, 0.11415316468, 0.99219461806, 0.0178139800739, 0.764546104322, 0.179215798007, 0.630343628484, 0.909221432085, 0.140780330566, 0.999633014202, 0.933915746467, 1.44028222866, 0.474205150416, 1.12339129086, 0.191560544247, 0.843890980244, 1.38094735466, 0.49761925161, 0.164831013176
0.182274807128, 0.000286675452132, 0.373673206693, 0.00206938919428, 0.0763007993042, 0.502342847546, 0.453528942384, 0.461809177435, 0.629790314811, 0.711712364395, 0.161585163054, 0.973672212699, 0.941734215207, 0.719199768069, 0.0722134237077, 0.00199524748897, 0.736006215734, 0.901357313082, 0.778514193419, 1.19981895418, 0.20359813411, 0.0055351407136, 1.1326581882, 0.000920932897122, 0.602093480977
0.000888095373196, 0.0478594579042, 0.12122470801, 0.186949654681, 0.0820672062551, 0.874551260973, 0.470793830931, 0.902599822033, 0.955555032205, 0.567069979066, 0.829471272073, 0.573851151442, 0.0123257348672, 0.899557201177, 0.140780330566, 0.600210189077, 0.847757254441, 0.288452072938, 0.263129431677, 1.95565810565, 0.258514316368, 0.608113361011, 0.404953367415, 0.161149371122, 0.00299315967987
0.00182153130276, 0.0830626977638, 0.000410216674265, 0.20600596171, 0.998712075564, 0.288700562535, 0.307365470703, 0.731924943715, 0.506731291837, 0.0290127469547, 0.809878004717, 0.948957330512, 0.630343628484, 0.877784050308, 0.0151187078051, 0.969815399648, 0.977793980715, 0.00365976452851, 0.0019183967839, 0.00201383936347, 2.27214226779, 0.762037653066, 0.00154424428019, 0.314472744912, 0.0069158842138
0.0041856389516, 0.125404389782, 0.000293068976867, 0.437370948023, 0.394254123465, 0.117285654759, 0.920527565726, 0.11415316468, 0.955555032205, 0.321497091416, 0.764546104322, 0.997279530087, 0.814511374147, 0.909221432085, 0.140780330566, 0.999487683795, 0.933915746467, 0.191848369826, 1.52882402158, 0.287122931494, 1.11726448501, 1.5789839449, 0.00114608331414, 0.496852896151, 0.0166915014436
0.00416906835718, 0.0354783240313, 0.28160413294, 0.000632720161779, 0.236012891335, 0.344073228689, 0.633728188826, 0.401724385679, 0.813455238092, 0.0290127469547, 0.481135855111, 0.948957330512, 0.630343628484, 0.000737667742833, 0.946629582484, 0.838364221417, 0.933915746467, 0.902568817599, 1.39172311679, 0.995374636907, 0.751942745279, 0.00206279009301, 0.983053426175, 0.128117222994, 0.0150631038329
0.0119622342885, 0.00871436165661, 0.000293068976867, 0.191853002708, 0.384671231698, 0.300838994995, 0.347297876565, 0.220396583218, 0.903508337127, 0.00787005579085, 0.809878004717, 0.842934780856, 0.0767206863102, 0.996458953284, 0.652988848957, 0.588772536451, 0.839849106982, 1.35699865864, 0.823667659412, 0.811463249227, 1.23080320687, 0.673375638477, 0.00104436521111, 0.0310559822584, 0.0426370033653
0.0429588648578, 0.337140386739, 0.0125147908685, 0.437370948023, 0.000238619907885, 0.874551260973, 0.255115440326, 0.220396583218, 0.209825392586, 0.507780853018, 0.161585163054, 0.36273558578, 0.998771917901, 0.989962915464, 0.858111022831, 0.980536391333, 0.872770869092, 0.273899011223, 0.116039825223, 1.48997199421, 0.000569497394207, 1.24640412705, 0.0386373222634, 1.15055723405, 0.153922914826
