0.999999887762, 0.998806648124, 0.998686492108, 0.435413754634, 0.987195548912, 0.010941191504, 0.248127900439, 0.320096708718, 0.570941981312, 0.677126697775, 0.301987856599, 0.898901830585, 0.18059779316, 0.54724374679, 65.795218557, 0.862839454798, 87.377010059, 0.203549667226, 0.185150464593, 1.74138741546e-05
0.000267914854441, 0.998806648124, 0.997396959631, 0.357691671844, 0.238162204687, 0.718228061139, 0.248127900439, 0.320096708718, 0.194623375175, 0.203766214818, 0.301987856599, 0.619940935171, 0.000355230375254, 0.00107641183276, 0.000561655304956, 0.00637619803983, 0.0150291357591, 6.1066540547e-05, 2.80291230556e-05, 87.6451375328
0.0012427093921, 0.0138013775385, 0.00209543710239, 0.999999697801, 0.0780111532005, 0.79003100681, 0.983487596744, 0.725264041457, 0.984070367294, 0.419380867631, 0.251527732444, 0.788344659517, 5.26026141078e-07, 8.83178983976e-09, 1.42150852671e-07, 8.00135008964e-06, 2.62259228362e-12, 0.00413287353042, 0.295940949319, 241.174314585
0.999999887762, 0.998999548043, 0.997396959631, 0.00279557991459, 0.902517034178, 0.00161124324543, 0.558130773976, 0.173771843643, 0.836027591126, 0.367313514606, 0.435149439006, 0.398258425939, 0.000683103578474, 0.000540809544266, 0.758384002199, 0.0820470192177, 300.224656977, 0.785733058427, 0.302290896773, 3.39131356019e-05
0.000768521303102, 3.21222076105e-07, 0.997396959631, 0.941907261989, 0.642804660927, 0.324214253722, 0.156577037013, 0.815282778256, 0.670123935146, 0.409907703599, 0.0621846419965, 0.911228735937, 1.65844553625e-09, 8.93343669558e-09, 2.20775087966e-08, 1.81538108154e-08, 3.13455375997e-09, 1.40820778211e-10, 0.16841482273, 218.973040473
0.999999881825, 0.996731950698, 0.998057841105, 0.898126418976, 0.987195548912, 0.00173579758597, 0.983487596744, 0.245145125916, 0.844167309877, 0.540724657981, 0.329670701984, 0.429015178823, 0.639203058295, 0.0107319896008, 373.780271071, 4.85655882993, 43.0221182276, 0.821786994755, 1.38734580593, 5.01673620952e-05
0.0056276705745, 4.34138746341e-07, 0.989981527629, 0.186281152991, 0.427009098755, 0.999931029213, 0.999096001525, 0.320096708718, 0.689250989318, 0.367313514606, 0.184934670421, 0.731008667903, 4.24130783847e-08, 3.83760500555e-11, 2.92811219417e-12, 5.69682823816e-08, 4.34301028169e-07, 5.40120792519e-09, 1.24182573316, 219.422524251
0.999999881825, 0.957732014251, 0.997925887276, 0.999824289796, 0.238162204687, 0.718228061139, 0.232148214712, 0.839450561685, 0.792106468046, 0.935323459199, 0.435149439006, 0.337353245523, 13.7354683757, 45.4313375924, 23.2120499544, 263.515052941, 0.0607877703897, 0.719040409033, 15.2998963791, 4.27761877078e-05
0.000768521303102, 7.42354895722e-07, 0.711323607688, 0.186281152991, 0.576666399299, 0.00126881467631, 0.156577037013, 0.815282778256, 0.402196776148, 0.409907703599, 0.0621846419965, 0.906866350241, 1.26476762056e-12, 6.81283842365e-12, 6.35818390954e-09, 4.67350345655e-09, 4.82242281635e-08, 2.40511007191e-08, 0.112230730188, 145.922515458
0.993491252601, 0.986604794485, 0.997288785143, 0.776222917363, 0.902517034178, 0.817544776107, 0.997251174609, 0.245145125916, 0.860298195205, 0.878134605758, 0.0744200458068, 0.540399289832, 221.834796236, 0.611465933634, 49.6443543577, 29.3891408882, 86.9135129607, 1.05588032327, 5.28757962701, 2.58607376778
0.994331970147, 0.957732014251, 0.00199620154819, 0.172042929824, 0.0406608351244, 0.526130127944, 0.614255886373, 0.245145125916, 0.670123935146, 0.442706096011, 0.544794105467, 0.540399289832, 0.00194117094545, 0.00121902822971, 0.00284629809104, 0.141715438297, 0.710912218799, 429.27536466, 18.9832828617, 2.56012100227
9.46292482029e-05, 0.710422714385, 0.490796044742, 0.087906856414, 0.802258729229, 0.90791305045, 0.999161563545, 0.971393034325, 0.975546114107, 0.151628329305, 0.101770108252, 0.948967398859, 0.000752429761452, 6.31393925555e-07, 7.63807774203e-05, 0.000204441405057, 0.0107272395146, 0.0122022382594, 0.00976776913867, 356.421919644
0.994331970147, 1.64115396106e-07, 0.00199620154819, 0.186281152991, 0.0406608351244, 0.00126881467631, 0.614255886373, 0.245145125916, 0.670123935146, 0.442706096011, 0.544794105467, 0.540399289832, 8.68572774298e-13, 5.45451565667e-13, 1.11303110809e-09, 2.62938736839e-08, 1.19725829627e-07, 7.3559926432e-05, 449.117207969, 2.56012100227
0.999999091695, 0.999716799596, 0.997396959631, 0.887331486362, 0.987195548912, 0.993672396113, 0.0023280771261, 0.137876776728, 0.0597158943356, 0.274991911544, 0.301987856599, 0.619940935171, 0.573639071074, 245.826733426, 1.56905229609, 3.21629526639, 31.8941930509, 0.738791545608, 0.0804003413285, 0.000257867308084
0.939650933617, 0.957732014251, 0.957319197195, 0.798117578104, 0.902517034178, 0.99854394995, 0.0138017128406, 0.660808659146, 0.495563888677, 0.878134605758, 0.227579682156, 0.845963486706, 2.61840855446, 187.097794405, 0.276639087234, 20.5215691519, 53.2492459039, 11.7595517451, 12.1597804938, 18.4764354507
0.999997212001, 0.87575519773, 0.997925887276, 0.277217540445, 0.730438396682, 0.99854394995, 0.0031973973027, 0.245145125916, 0.107414965191, 0.560310095568, 0.234800213079, 0.928556675875, 0.20181014135, 62.9151947987, 0.0920355265562, 23.3267177216, 225.622549144, 0.64879719562, 44.3784483969, 0.000995835774505
0.99691994429, 0.388470746444, 0.765259882271, 0.999824289796, 0.642804660927, 0.974233380924, 0.338487911255, 0.751660432271, 0.984070367294, 0.155509472538, 0.31776378633, 0.647186032369, 23.309643182, 45.5543912693, 1.82132267121, 39.2786201463, 0.0193251885335, 33.7368963997, 226.243820757, 1.1430303882
0.0219191788819, 0.999812964903, 0.664920041544, 0.999824289796, 0.385396367048, 0.00173579758597, 0.995920711268, 0.245145125916, 0.689250989318, 0.367313514606, 0.435149439006, 0.419914115614, 0.00294011663209, 1.20427103421e-05, 1.69779876132, 2.71224065394, 0.000775543921692, 2.22427481547, 0.00124177907249, 296.259093495
0.8781551944, 0.994212099997, 0.973808194296, 0.999967589094, 0.954052284848, 0.993203924959, 0.0476899169552, 0.25649950511, 0.676987812125, 0.0133251864374, 0.173295437824, 0.731638174577, 11.7822467303, 235.277246817, 1.69052378432, 11.9799460909, 0.00845076832904, 7.01289014015, 1.55873960412, 37.3670054662
0.999356944099, 0.018179500739, 0.000734212834841, 0.0195377742679, 0.826058951598, 0.997488742269, 0.592611173458, 0.245145125916, 0.0597158943356, 0.924646217704, 0.329670701984, 0.722777268371, 4.72692429372e-05, 3.24951034915e-05, 2.00813125104e-07, 1.68380521287e-05, 0.00485786615624, 6.74331930898, 364.454108046, 0.238857481059
0.999999887762, 0.998999548043, 0.997396959631, 0.00279557991459, 0.902517034178, 0.00161124324543, 0.558130773976, 0.173771843643, 0.836027591126, 0.367313514606, 0.435149439006, 0.398258425939, 0.000683103578474, 0.000540809544266, 0.758384002199, 0.0820470192177, 300.224656977, 0.785733058427, 0.302290896773, 3.39131356019e-05
0.999996992864, 0.962574120226, 0.754001069223, 0.999824289796, 0.806949962996, 0.142842921217, 0.851869428198, 0.339860006431, 0.836027591126, 0.878134605758, 0.301987856599, 0.845963486706, 23.7742550173, 4.13407721102, 167.469443517, 46.7410478554, 0.0425502244443, 79.0071015387, 12.4873633038, 0.00100335147146
0.999997212001, 0.994212099997, 0.997396959631, 0.999752163905, 0.576666399299, 0.998848344061, 0.857867048882, 0.631593965123, 0.567413961769, 0.136252116593, 0.435149439006, 0.323022638685, 175.914017271, 29.1457498576, 0.236430585268, 150.70893448, 0.0882527940238, 0.929344577597, 2.07844167011, 0.00100117653151
0.999999784196, 0.998806648124, 0.997396959631, 0.999999763759, 0.987195548912, 0.993672396113, 0.290818174362, 0.173771843643, 0.860641599882, 0.905068435222, 0.0974478235161, 0.619940935171, 59.6715343527, 145.513490564, 1.30659719061, 2.6783061149, 4.94145152089e-05, 0.54589889256, 0.250563845576, 4.53116572468e-05
0.997124735247, 0.998806648124, 0.00199620154819, 0.186281152991, 0.00812050008736, 0.569322624731, 0.614255886373, 0.245145125916, 0.800755142165, 0.442706096011, 0.544794105467, 0.540399289832, 0.000409880885982, 0.00025739946912, 0.000504779784643, 0.143161432519, 0.630481835363, 387.370023416, 0.463746784677, 1.12057451724
0.999997212001, 0.994212099997, 0.997925887276, 0.999995892941, 0.576666399299, 0.998848344061, 0.814491033428, 0.173771843643, 0.567413961769, 0.136252116593, 0.435149439006, 0.323022638685, 161.647797356, 36.8169993352, 0.228826691329, 145.861952639, 0.00141511576347, 0.716135384932, 2.01004024199, 0.000968227853885
0.999999881825, 0.996731950698, 0.998057841105, 0.76854577933, 0.987195548912, 0.00173579758597, 0.0130904002176, 0.245145125916, 0.844167309877, 0.540724657981, 0.329670701984, 0.429015178823, 0.00728039850577, 0.548882773343, 319.851686421, 4.15586014613, 97.7451734379, 0.821786994755, 1.38734580593, 5.01673620952e-05
0.994331970147, 1.64115396106e-07, 0.00199620154819, 0.770996921253, 0.0406608351244, 0.00126881467631, 0.614255886373, 0.245145125916, 0.670123935146, 0.442706096011, 0.544794105467, 0.540399289832, 3.59492586403e-12, 2.25756321061e-12, 4.60671164965e-09, 1.08827411322e-07, 3.36941729823e-08, 7.3559926432e-05, 449.117207969, 2.56012100227
0.993491252601, 0.986604794485, 0.997288785143, 0.776222917363, 0.965757349282, 0.817544776107, 0.868975677953, 0.466037067618, 0.860298195205, 0.835648362354, 0.914322063768, 0.540399289832, 197.324453721, 29.7526195821, 50.6778337547, 9.8482960286, 82.9130450856, 1.00728010945, 5.04420213927, 2.4670415865
0.999996992864, 0.979865152069, 0.997925887276, 0.999824289796, 0.902517034178, 0.893585564233, 0.232148214712, 0.339860006431, 0.984070367294, 0.905068435222, 0.0974478235161, 0.619940935171, 33.1786828241, 109.741575534, 17.0199466752, 17.2755138689, 0.0311440824891, 0.368394064601, 3.64974321563, 0.000545090130796
0.987690024407, 0.999948923887, 0.765259882271, 0.998796217944, 0.238162204687, 0.995218807033, 0.232148214712, 0.26505435082, 0.836027591126, 0.423343268412, 0.65459044755, 0.145582822456, 17.391355662, 57.5235244009, 0.359903264656, 240.790410252, 0.380932167919, 97.0684633202, 0.0211217968776, 5.15406087096
0.987690024407, 0.952342244322, 0.765259882271, 0.941907261989, 0.238162204687, 0.995218807033, 0.232148214712, 0.26505435082, 0.836027591126, 0.423343268412, 0.65459044755, 0.731638174577, 14.4474324677, 47.7862249635, 0.298980609221, 200.030593278, 16.1937566722, 85.5074853582, 18.2287695171, 4.7671661834
9.46292482029e-05, 0.710422714385, 0.765259882271, 0.087906856414, 0.969063203729, 0.90791305045, 0.999161563545, 0.971393034325, 0.975546114107, 0.151628329305, 0.101770108252, 0.647186032369, 0.00137869284565, 1.15691634295e-06, 0.000139954101724, 4.85188812485e-05, 0.0162724101505, 0.00547256668913, 0.00950279583653, 346.753151714
0.999999887762, 2.5692590444e-08, 0.998686492108, 0.819819979536, 0.987195548912, 0.00427038627379, 0.457835161514, 0.0338468888028, 0.570941981312, 0.677126697775, 0.061291536831, 0.898901830585, 1.22270496434e-08, 1.44791771194e-08, 6.22711369738e-06, 8.1115369105e-08, 1.39229196563e-06, 1.0163123329e-08, 301.152591066, 3.38007028454e-05
0.993491252601, 0.758804959439, 0.997288785143, 0.776222917363, 0.965757349282, 0.817544776107, 0.873304569299, 0.466037067618, 0.860298195205, 0.540724657981, 0.201101165293, 0.540399289832, 145.386494132, 21.0920738763, 37.1537869081, 7.22014863197, 60.7866078871, 0.738474156662, 86.5784046185, 2.35166023011
0.993491252601, 0.568224610044, 0.997288785143, 0.776222917363, 0.965757349282, 0.91127111013, 0.868975677953, 0.968921786924, 0.860298195205, 0.835648362354, 0.914322063768, 0.381215845994, 107.72357613, 16.2425817995, 12.0703701152, 4.82341793014, 40.6084735011, 0.493337418626, 138.266817649, 2.09794187542
0.999997212001, 0.994212099997, 0.464439239772, 0.999752163905, 0.576666399299, 0.998848344061, 0.857867048882, 0.631593965123, 0.567413961769, 0.136252116593, 0.435149439006, 0.323022638685, 81.9145994559, 13.5717577397, 0.110094220982, 70.1778186515, 0.0410950325929, 191.207364465, 2.07844167011, 0.00100117653151
0.999997212001, 0.862315944525, 0.930189712928, 0.999967946096, 0.576666399299, 0.525848702437, 0.232148214712, 0.968921786924, 0.567413961769, 0.136252116593, 0.435149439006, 0.323022638685, 20.76400787, 68.6788848775, 80.6495546295, 124.86569061, 0.00945486289036, 22.137174866, 50.6314080203, 0.00102525098336
0.973052210409, 0.994212099997, 0.973808194296, 0.999967589094, 0.703103267447, 0.557561578563, 0.999625305899, 0.0258682187339, 0.926042958975, 0.0133251864374, 0.956044969734, 0.85131424625, 135.860882298, 0.0509253526245, 107.849263549, 102.932056944, 0.0112370027164, 9.32505335446, 2.07265901557, 9.91730899305
0.000768521303102, 7.42354895722e-07, 0.997396959631, 0.186281152991, 0.576666399299, 0.324214253722, 0.156577037013, 0.815282778256, 0.670123935146, 0.409907703599, 0.0621846419965, 0.906866350241, 6.56631365016e-10, 3.53703187925e-09, 8.74118831185e-09, 9.4955372646e-09, 9.79810884576e-08, 3.14253951931e-10, 0.162625238016, 211.44550845
0.999997212001, 0.467515908258, 0.997396959631, 0.999752163905, 0.576666399299, 0.99854394995, 0.232148214712, 0.968921786924, 0.567413961769, 0.136252116593, 0.435149439006, 0.323022638685, 22.916607227, 75.7988072139, 0.143944174093, 72.5731346518, 0.0424976921653, 0.447521239539, 195.813663538, 0.00102525098336
0.0012427093921, 0.0138013775385, 0.00209543710239, 0.999999697801, 0.0195298969934, 0.79003100681, 0.0130904002176, 0.725264041457, 0.984070367294, 0.419380867631, 0.251527732444, 0.788344659517, 1.7528091002e-09, 1.32147535509e-07, 3.55871102565e-08, 8.50887141836e-06, 2.62259228362e-12, 0.00413287353042, 0.295940949319, 241.174314585
0.99950621233, 0.949951437268, 0.39784092393, 0.779203689028, 0.500130701776, 0.994727151545, 0.00467011826477, 0.250108166654, 0.32821884101, 0.449133947893, 0.844489775785, 0.381215845994, 0.273426787672, 58.2747238522, 0.310351964508, 58.8277390027, 33.347747662, 228.600131266, 20.0011720089, 0.197432469837
0.260419887534, 0.0154301727585, 0.00257146819664, 0.999999763759, 0.0994316669039, 0.993672396113, 0.265314969635, 0.725264041457, 0.0923940862378, 0.419380867631, 0.251527732444, 0.788344659517, 5.97653303348e-05, 0.000165496479872, 1.43444409984e-06, 0.00205322382916, 5.3861062437e-10, 0.884342214178, 56.5736635456, 163.184482369
0.99773272888, 0.996731950698, 0.998057841105, 0.76854577933, 0.987195548912, 0.00173579758597, 0.0130904002176, 0.245145125916, 0.844167309877, 0.835648362354, 0.329670701984, 0.429015178823, 0.00717518569728, 0.540950584182, 315.229344086, 4.09580165932, 96.3326073255, 0.809910925385, 1.36729655334, 0.950743482009
0.991128573357, 0.976283533635, 0.997925887276, 0.999824289796, 0.902517034178, 0.0252570150528, 0.142002383993, 0.0278409937121, 0.988102158201, 0.227660659092, 0.435149439006, 0.932787559703, 1.00203069284, 6.05440501382, 272.328744684, 30.177043712, 0.0544028007371, 0.64351450701, 7.53702582779, 2.84454946834
0.939650933617, 0.745316664188, 0.973808194296, 0.512505949156, 0.902517034178, 0.100220747373, 0.997312451859, 0.107696082603, 0.836027591126, 0.81051784818, 0.056700892395, 0.938237494349, 10.0541625936, 0.0270938620451, 90.5092571843, 10.8650155419, 106.016149665, 5.84917645174, 76.3113225782, 19.2438718958
0.999356944099, 0.018179500739, 0.000734212834841, 0.0195377742679, 0.826058951598, 0.993203924959, 0.592611173458, 0.245145125916, 0.0597158943356, 0.914931410854, 0.329670701984, 0.722777268371, 4.34093018764e-05, 2.98415982426e-05, 5.01224976608e-07, 1.55297898972e-05, 0.00448042565603, 6.21938519238, 336.137201729, 0.220299026743
0.8781551944, 0.994212099997, 0.973808194296, 0.999967589094, 0.954052284848, 0.557561578563, 0.999625305899, 0.0258682187339, 0.926042958975, 0.0133251864374, 0.115893933318, 0.134683467544, 122.395095597, 0.0458779105315, 97.1598351116, 10.5761031778, 0.00746048413751, 6.19110045521, 1.3760822257, 32.9882373641
0.804896413224, 0.997824737673, 0.98830487232, 0.249837784316, 0.808735402192, 0.100220747373, 0.0031973973027, 0.245145125916, 0.836027591126, 0.501814754029, 0.056700892395, 0.981281236394, 0.017327857096, 5.40203528597, 48.6549007707, 12.7884748351, 200.761867881, 3.16694173264, 0.590326769109, 65.781852614
0.971794849613, 0.994212099997, 0.00257146819664, 0.981460708249, 0.902517034178, 0.430877603314, 0.995920711268, 0.26505435082, 0.076872520617, 0.717402887388, 0.579259757403, 0.970988522026, 0.260303761768, 0.00106620355455, 0.345229132221, 0.0655201806217, 0.0126959900533, 265.628129653, 1.55036605845, 7.77440318008
0.994331970147, 0.957732014251, 0.00199620154819, 0.999824289796, 0.115801771126, 0.994727151545, 0.995920711268, 0.203513244188, 0.975409639362, 0.449133947893, 0.54319245991, 0.845963486706, 0.0798377554267, 0.000327015245746, 0.000424937317245, 0.615338404388, 0.000122303160648, 347.99139358, 15.3887681465, 2.07535803043
0.994331970147, 0.957732014251, 0.00199620154819, 0.0973855813128, 0.115801771126, 0.026252131551, 0.997815043535, 0.245145125916, 0.975409639362, 0.81051784818, 0.534508249082, 0.278932243438, 0.000165776402626, 3.6300737795e-07, 0.00616246707596, 0.0483217362888, 0.506524546137, 280.560182532, 12.4068459156, 1.67321042582
0.874776109575, 0.977872714483, 0.997288785143, 0.76854577933, 0.260087934121, 0.0685409441108, 0.995920711268, 0.245145125916, 0.844167309877, 0.878134605758, 0.0443600641138, 0.540399289832, 5.2374162598, 0.0214524438484, 71.4670762316, 218.274071865, 88.8418111486, 1.04350683776, 8.70917816621, 56.3429152013
0.987690024407, 0.900544400117, 0.00257146819664, 0.471826608522, 0.238162204687, 0.995218807033, 0.902402085868, 0.968921786924, 0.659415763345, 0.423343268412, 0.65459044755, 0.323022638685, 0.0836736036146, 0.00904959031964, 0.000445457300048, 0.298029655638, 0.437916244546, 321.599353552, 35.6088125252, 4.46236175003
0.999997212001, 0.999812964903, 0.998655241192, 0.999752163905, 0.576666399299, 0.99854394995, 0.232148214712, 0.968921786924, 0.382790443077, 0.136252116593, 0.435149439006, 0.323022638685, 42.9337397116, 142.007332374, 0.269676119256, 135.964108575, 0.0796184546733, 0.432591516407, 0.0601780270984, 0.000897033528022
0.987690024407, 0.983730402135, 0.765259882271, 0.997133158151, 0.238162204687, 0.526130127944, 0.232148214712, 0.986432189683, 0.32821884101, 0.423343268412, 0.65459044755, 0.731638174577, 6.64501720968, 21.9790117019, 25.7808177058, 174.031259309, 0.656773052801, 70.2732374035, 4.9511190438, 3.79282735266
0.99950621233, 0.568224610044, 0.39784092393, 0.990638720852, 0.500130701776, 0.994727151545, 0.00467011826477, 0.160086106314, 0.32821884101, 0.449133947893, 0.844489775785, 0.381215845994, 0.204265455304, 43.5345530763, 0.231850675183, 43.9476870361, 0.830805678895, 134.327843443, 169.508956985, 0.193949877842
0.874776109575, 0.977872714483, 0.997288785143, 0.76854577933, 0.826058951598, 0.0685409441108, 0.995920711268, 0.245145125916, 0.844167309877, 0.878134605758, 0.0443600641138, 0.540399289832, 16.6344301948, 0.0681345843072, 226.98483982, 51.3126122008, 88.8418111486, 1.04350683776, 8.70917816621, 56.3429152013
0.874776109575, 0.996731950698, 0.998970866725, 0.999824289796, 0.168775291086, 0.888453696827, 0.559086507192, 0.350794606169, 0.984070367294, 0.592585392593, 0.115893933318, 0.134683467544, 18.8072548679, 14.8320024312, 4.22344440303, 186.475241717, 0.0394253932922, 0.231152102679, 0.736438437188, 32.2580511618
0.999997212001, 0.977872714483, 0.999245576953, 0.277217540445, 0.730438396682, 0.99854394995, 0.0138017128406, 0.660808659146, 0.238776842136, 0.808095748103, 0.176875724787, 0.898901830585, 0.683558252096, 48.8435011781, 0.0722190319038, 18.3041596477, 177.042960306, 0.184932725727, 5.54682718223, 0.000698892426925
0.993491252601, 0.986604794485, 0.997288785143, 0.776222917363, 0.902517034178, 0.817544776107, 0.995920711268, 0.245145125916, 0.860298195205, 0.878134605758, 0.0744200458068, 0.540399289832, 221.538839639, 0.907422530853, 49.6443543577, 29.3891408882, 86.9135129607, 1.05588032327, 5.28757962701, 2.58607376778
0.839225446923, 0.482263116268, 0.765259882271, 0.087906856414, 0.902517034178, 0.90791305045, 0.999161563545, 0.752299803819, 0.836027591126, 0.155509472538, 0.509864723351, 0.647186032369, 8.99046291149, 0.00754425723311, 0.912641394224, 1.07047222218, 113.936561783, 38.3179520995, 175.242737743, 64.8439692219
0.99950621233, 0.568224610044, 0.987488480363, 0.990638720852, 0.500130701776, 0.994727151545, 0.00467011826477, 0.160086106314, 0.32821884101, 0.314603156871, 0.844489775785, 0.619940935171, 0.409806908656, 87.341056222, 0.465149666766, 88.1699048919, 1.66680120461, 2.25593526728, 137.010678677, 0.156765783148
0.993491252601, 0.768488260926, 0.997288785143, 0.998789763305, 0.965757349282, 0.0685409441108, 0.0179327798619, 0.912078840802, 0.240831109292, 0.771495956674, 0.0744200458068, 0.92391490375, 0.269974474793, 14.7848289005, 204.592059833, 7.78797160972, 0.275583504196, 0.619050247385, 68.7856341315, 1.9465165364
0.874776109575, 0.998806648124, 0.464439239772, 0.999824289796, 0.826058951598, 0.817544776107, 0.995920711268, 0.814277726998, 0.466424798013, 0.878134605758, 0.234800213079, 0.540399289832, 87.5886561368, 0.358762915592, 19.6276295843, 22.6517934411, 0.0228862063539, 150.195413148, 0.335069591645, 40.1935878151
0.999941429779, 0.59802885408, 0.957319197195, 0.0333895240593, 0.965757349282, 0.90791305045, 0.851869428198, 0.241818975754, 0.836027591126, 0.835648362354, 0.301987856599, 0.845963486706, 5.40164355615, 0.9392854376, 0.643141772286, 0.247632695736, 209.354296654, 9.65619867276, 152.070983334, 0.0221591846161
0.939650933617, 0.745316664188, 0.973808194296, 0.512505949156, 0.902517034178, 0.100220747373, 0.0031973973027, 0.245145125916, 0.836027591126, 0.81051784818, 0.056700892395, 0.938237494349, 0.0410799318041, 12.8068485284, 115.34836619, 13.8467802121, 135.110927147, 7.45440818159, 97.2539898683, 24.5251066179
0.8781551944, 0.994212099997, 0.999474907004, 0.999967589094, 0.954052284848, 0.993203924959, 0.592611173458, 0.0258682187339, 0.689250989318, 0.0133251864374, 0.491923934302, 0.134683467544, 96.6047969585, 66.4106865241, 1.11544611414, 7.90464141275, 0.00557600950758, 0.0903850618171, 1.0020800341, 24.0224409597
0.993491252601, 0.62344574857, 0.997288785143, 0.548917090854, 0.965757349282, 0.90693068679, 0.868975677953, 0.466037067618, 0.466424798013, 0.835648362354, 0.988694030866, 0.670776650828, 84.7026332155, 12.7714795411, 10.0028027083, 3.81078588655, 91.4527547312, 0.551167269454, 122.785864253, 2.13626037856
0.987690024407, 0.983730402135, 0.765259882271, 0.999824289796, 0.238162204687, 0.995218807033, 0.232148214712, 0.26505435082, 0.836027591126, 0.423343268412, 0.65459044755, 0.731638174577, 15.8412429741, 52.3963826898, 0.32782464883, 219.328468048, 0.0505947892042, 88.3257184678, 6.22301124754, 4.7671661834
0.999999887762, 0.998806648124, 0.998686492108, 0.819819979536, 0.260087934121, 0.010941191504, 0.457835161514, 0.435399549723, 0.570941981312, 0.677126697775, 0.301987856599, 0.898901830585, 0.212338242015, 0.251449295214, 41.9253377295, 120.590850756, 35.81973622, 0.261468431766, 0.237833852925, 2.23688814049e-05
0.99691994429, 0.844165358926, 0.765259882271, 0.941907261989, 0.642804660927, 0.974233380924, 0.0663246085459, 0.971393034325, 0.984070367294, 0.977603163283, 0.509864723351, 0.647186032369, 6.8142747302, 95.9269985257, 2.71731117325, 58.6014960889, 10.1185113018, 53.4285202933, 42.0167355209, 0.833022226187
0.999997960431, 0.999716799596, 0.997396959631, 0.887331486362, 0.902517034178, 0.993672396113, 0.563291490372, 0.137876776728, 0.0597158943356, 0.274991911544, 0.301987856599, 0.619940935171, 126.889672996, 98.3749993181, 1.43446232544, 24.4863012631, 31.8941569701, 0.738790709839, 0.0804002503744, 0.000579032426367
0.999997212001, 0.994212099997, 0.997396959631, 0.999752163905, 0.576666399299, 0.998848344061, 0.999957316994, 0.631593965123, 0.567413961769, 0.136252116593, 0.329670701984, 0.323022638685, 197.020482775, 0.00840978533122, 0.227171117157, 144.806633087, 0.084796498676, 0.892948117003, 1.99704245375, 0.000961966874451
0.999896583715, 0.997824737673, 0.998057841105, 0.76854577933, 0.501362322774, 0.631288090232, 0.999026480209, 0.245145125916, 0.999569114398, 0.501814754029, 0.856263501892, 0.429015178823, 67.6394439373, 0.0659125044455, 39.5441822227, 106.666692757, 64.4227266144, 0.541630415461, 0.607960912159, 0.0289066569435
0.999999887762, 0.998806648124, 0.998057841105, 0.819819979536, 0.260087934121, 0.010941191504, 0.921520975649, 0.616264249794, 0.0798867578109, 0.221200224263, 0.856263501892, 0.429015178823, 0.591758192352, 0.050395603372, 58.0492415145, 166.968420508, 49.595510291, 0.53562985825, 0.329508874797, 3.09911513922e-05
0.999996992864, 0.962574120226, 0.754001069223, 0.0973855813128, 0.806949962996, 0.142842921217, 0.851869428198, 0.339860006431, 0.836027591126, 0.878134605758, 0.301987856599, 0.407564014817, 1.63263721086, 0.283897362184, 11.5005431282, 3.20982398599, 154.105782383, 55.7029153463, 8.80405086965, 0.000707399727224
0.999896583715, 0.745316664188, 0.616450772346, 0.76854577933, 0.501362322774, 0.631288090232, 0.843183104221, 0.245145125916, 0.637109044194, 0.81051784818, 0.301987856599, 0.898901830585, 20.0348564618, 3.72612304729, 13.8779049824, 37.434336574, 22.6089510115, 60.7768265308, 54.1472749691, 0.0219892250624
0.999997212001, 0.925641693982, 0.930189712928, 0.886636824013, 0.712122804004, 0.282619549196, 0.232148214712, 0.968921786924, 0.952882596159, 0.136252116593, 0.207625891974, 0.170449191956, 12.7726790399, 42.2468224271, 139.657411802, 78.6985665984, 34.9531079643, 23.139911063, 26.6274047901, 0.000998373838675
0.96409255942, 0.962574120226, 0.288515721949, 0.999824289796, 0.806949962996, 0.142842921217, 0.851869428198, 0.339860006431, 0.836027591126, 0.878134605758, 0.301987856599, 0.845963486706, 8.77050249051, 1.5250923509, 61.7807443547, 17.243126076, 0.0156970996227, 220.301906167, 12.0390102509, 11.980763229
0.939650933617, 0.997824737673, 0.98830487232, 0.512505949156, 0.902517034178, 0.100220747373, 0.0031973973027, 0.245145125916, 0.836027591126, 0.501814754029, 0.056700892395, 0.981281236394, 0.0463085475134, 14.4368923591, 130.029799508, 15.6091855852, 152.307720938, 3.69714624999, 0.689158369473, 20.3475161879
0.65140774681, 0.62344574857, 0.999889357291, 0.959903260249, 0.965757349282, 0.982490662307, 0.868975677953, 0.00503611261421, 0.517853255759, 0.835648362354, 0.988694030866, 0.670776650828, 70.3187045392, 10.6026679725, 1.44213038579, 2.92034501596, 3.56244675518, 0.00983128249758, 53.6681051546, 76.2699600959
0.000768521303102, 8.30898741705e-06, 0.997396959631, 0.186281152991, 0.576666399299, 0.536483337459, 0.0153819766432, 0.815282778256, 0.975409639362, 0.409907703599, 0.100996093972, 0.906866350241, 6.6350719853e-10, 4.24718592059e-08, 3.72685592957e-08, 5.90249118355e-08, 6.0905717566e-07, 1.95342414966e-09, 0.0903158428684, 117.429644068
0.874776109575, 0.862315944525, 0.54790242179, 0.999967946096, 0.907482181415, 0.771961062177, 0.882921000986, 0.0250637396355, 0.567413961769, 0.0133251864374, 0.435149439006, 0.323022638685, 73.8408354603, 9.79160207132, 24.7051997267, 11.045023335, 0.00382680300025, 98.510865578, 34.79118231, 36.1722743771
0.874776109575, 0.925641693982, 0.54790242179, 0.886636824013, 0.907482181415, 0.771961062177, 0.882921000986, 0.0250637396355, 0.952882596159, 0.0133251864374, 0.435149439006, 0.323022638685, 79.1047011479, 10.4896125671, 26.4663506174, 11.8323860319, 16.3520868786, 119.022794247, 21.1487420476, 40.7141461367
0.939650933617, 0.745316664188, 0.973808194296, 0.320038808808, 0.902517034178, 0.100220747373, 0.0031973973027, 0.245145125916, 0.836027591126, 0.81051784818, 0.056700892395, 0.938237494349, 0.0256527216165, 7.99734823445, 72.0302930613, 8.64674264209, 188.45396535, 7.45440818159, 97.2539898683, 24.5251066179
0.939650933617, 0.957732014251, 0.584633869161, 0.639824467902, 0.902517034178, 0.99854394995, 0.0138017128406, 0.660808659146, 0.495563888677, 0.878134605758, 0.227579682156, 0.970083151199, 1.16411414496, 83.1815144306, 0.122990537115, 9.12365218403, 52.6857721229, 103.92648823, 11.0423807712, 16.7785788276
0.991128573357, 0.62344574857, 0.998737736069, 0.959903260249, 0.965757349282, 0.90693068679, 0.868975677953, 0.331324473479, 0.517853255759, 0.959715704524, 0.988694030866, 0.670776650828, 130.630581122, 19.6965044758, 15.4265798007, 5.87709208079, 7.16929934602, 0.225978106654, 108.129720549, 2.57028329952
0.999997212001, 0.768488260926, 0.997288785143, 0.998789763305, 0.739622280731, 0.0685409441108, 0.0179327798619, 0.912078840802, 0.240831109292, 0.878134605758, 0.0744200458068, 0.92391490375, 0.196116084903, 10.7400626009, 148.620693891, 56.1706369016, 0.261397701285, 0.58718431685, 65.2448581633, 0.000785718743041
0.999999881825, 0.957732014251, 0.997925887276, 0.999898134033, 0.238162204687, 0.718228061139, 0.999096001525, 0.93208881426, 0.792106468046, 0.935323459199, 0.435149439006, 0.337353245523, 56.782600625, 0.0513778298311, 22.2968457637, 253.125187279, 0.0338490278811, 0.690639091056, 14.6955670304, 4.10865745877e-05
0.99691994429, 0.970861308021, 0.765259882271, 0.941907261989, 0.642804660927, 0.974233380924, 0.0663246085459, 0.971393034325, 0.984070367294, 0.155509472538, 0.509864723351, 0.647186032369, 9.2772577222, 130.599296781, 3.69946869824, 79.7826920176, 13.7757928508, 72.7399719122, 9.30033666984, 0.986113500877
