2.01419062293, 1.12865546948, 1.00157934466, 1.07036197577, 5.26225939583, 0.861659906061, 4.14624623159, 0.979307268496, 0.937865958673, 4.52987461015, 2.92311803427, 1.02026017948, 2.07300028894, 1.14156737078, 1.09000080684, 1.08667060336, 1.01528632175, 1.00617800704, 5.32317668461, 1.02187370518, 0.875413344877, 204.827837975, 1.08744101505, 3.43566333339, 1.02162534551, 3.91844599881, 1.04998812349, 29.2706048484, 8.6066696718, 118.781844088
4.57622145717, 1.2240528926, 0.965842928234, 1.11188601677, 4.08283870075, 0.779380883332, 4.18808597216, 0.969285013474, 0.958035340311, 3.34009623304, 3.67926487737, 0.899425577844, 2.21413345734, 1.18509301013, 1.09000064309, 1.06956850813, 1.0358049895, 0.97058279772, 7.88567032898, 1.01277838447, 0.946896711345, 131.280147979, 1.04919382144, 2.53697120216, 1.05818159633, 2.44030412576, 1.14003417024, 26.6341271922, 13.6086673649, 50.9215552422
2.79672951372, 1.28062235633, 0.868781768918, 0.973008489281, 3.76199849459, 0.790666155744, 2.94801544587, 0.935638611265, 0.954345236151, 5.03938389164, 5.29100253709, 0.933576060059, 2.81415949978, 0.889229942379, 1.09000038696, 1.06244868958, 1.0317811751, 1.02763835875, 5.6774689006, 0.985183517661, 0.855686679065, 133.457373323, 1.06038982162, 4.17587124857, 1.10192208016, 3.94196614461, 1.04742837907, 17.3482901155, 11.9526341339, 112.99435591
4.49936398066, 1.33536591192, 0.868305628229, 0.934443696812, 4.81399467549, 0.79370773652, 3.6744349849, 1.0052871037, 0.922989611701, 3.34516938859, 4.36753098447, 0.869854369372, 2.62956765457, 0.988683658259, 1.09000055483, 1.05531184777, 1.02335179115, 1.02540016853, 7.88834071846, 1.06676727684, 0.865063763464, 132.794277038, 1.13238438532, 4.19830141283, 1.04883126114, 2.45189252266, 1.13553539374, 25.4466252475, 10.1010754277, 174.057040475
3.80838580927, 1.33536591192, 0.86837946047, 0.934443696812, 4.81503325607, 0.79370773652, 3.63888550925, 1.00210369275, 0.967263539621, 5.05498904421, 3.68582407124, 0.869882805059, 4.10098810025, 0.891254458653, 1.09000055483, 1.06244868958, 1.02335179115, 1.02540016853, 7.59940290596, 0.985183517661, 0.857394363658, 132.794277038, 1.1317379898, 4.19830141283, 1.07386381733, 2.98695769636, 1.13553539374, 38.1413794215, 7.78899231053, 109.769485207
3.80838580927, 1.22680726972, 0.868781768918, 0.934443696812, 4.81503325607, 0.790666155744, 4.479840593, 1.03950223628, 0.966855077229, 5.05824598651, 3.71854382993, 0.933562972409, 4.13186541118, 0.943646623428, 1.09000056458, 1.06244868958, 1.03088848887, 1.02540016853, 8.27637113349, 0.985183517661, 0.857472279305, 132.794277038, 1.06023580749, 4.19830141283, 1.03165167211, 3.93627509461, 0.961530683474, 29.1175291695, 10.3777135096, 40.0480331975
3.46820418842, 1.33772475957, 0.868781768918, 0.934443696812, 4.82345795465, 0.790379547294, 4.48201504211, 1.03950223628, 0.966855077229, 5.07798381453, 3.71854382993, 0.933562972409, 4.21345939222, 0.943646623428, 1.09000047164, 1.06244617687, 1.03518940009, 1.08817767196, 7.62979214454, 0.985183517661, 0.857472279305, 132.794277038, 1.06116639396, 4.93661152996, 1.03165167211, 3.05670374189, 0.95034952646, 18.6202710372, 12.7407802541, 54.951594031
4.94130729483, 1.22305760422, 0.839914561361, 0.989790058494, 4.05045838501, 0.937763420424, 3.60407682562, 0.965132286093, 0.930005816949, 2.33997196113, 2.81657565537, 0.995247275181, 3.8764727637, 0.912268609656, 1.09000073004, 1.04356501653, 1.02227940945, 1.01532238039, 7.17596402023, 0.970312531888, 0.9431920778, 111.344030102, 1.05938784908, 4.78629364479, 1.14194056102, 3.20793511534, 0.97809088384, 27.27103517, 10.4930331142, 604.62767682
2.79672951372, 1.33523605769, 0.922883916209, 1.04495890914, 3.76199849459, 0.774844321752, 3.63845651765, 0.935638611265, 0.95464525249, 5.04097457091, 6.01396756562, 0.935503099398, 2.27063003623, 0.891254458653, 1.09000057066, 1.06635590359, 1.0317811751, 1.10581677978, 5.92905269489, 0.985183517661, 0.857394363658, 133.626010081, 1.06038982162, 4.17587124857, 1.04043333767, 3.94043189048, 0.961530683474, 40.772394976, 9.51939084112, 271.692457516
2.01419062293, 1.12865546948, 1.00157934466, 1.07045064836, 5.47024104515, 0.861659906061, 2.94900690338, 0.979307268496, 0.937865958673, 4.52393584582, 2.92311803427, 1.02026017948, 2.07300028894, 1.14433949498, 1.09000080684, 1.05491703237, 1.01528632175, 1.00642482576, 5.32317668461, 1.02179985874, 0.875413344877, 204.827837975, 1.04972224835, 3.43566333339, 1.02162534551, 3.91844599881, 1.04998812349, 53.5937114789, 8.76691785729, 133.110627891
2.04441651123, 1.24396360727, 0.842862282785, 1.07051066969, 3.33857863296, 0.781640808865, 2.57600200247, 1.02360342, 0.923021651782, 4.72758561543, 3.61960901301, 0.95794116135, 2.28974511626, 1.13562509062, 1.09000075182, 1.03106393226, 1.01621787243, 0.924245084626, 7.65319271423, 1.06660636576, 0.864106076489, 205.880288053, 1.07221606823, 3.81356455825, 1.13678679839, 2.69361270438, 1.03220068494, 85.4685784946, 11.3970041928, 71.734842679
4.24622472016, 1.23947392273, 0.901824825423, 0.924759447475, 4.77973897585, 0.843403302117, 4.6330798223, 1.03182455091, 0.970553234838, 2.35831858456, 4.53848199255, 0.950951196585, 3.65353928748, 1.1607369189, 1.09000080036, 1.02900048285, 1.02436851672, 1.08903103032, 8.43661156873, 1.05453084246, 0.840844749514, 113.665837993, 1.04809306817, 3.31373557902, 1.04254192518, 4.41389560201, 0.963395711648, 35.9927902794, 15.5425479833, 462.76271347
3.46820418842, 1.34366397489, 0.868781768918, 1.09775787515, 4.8278136157, 0.840166632314, 4.48118963446, 1.03765374189, 0.966855077229, 5.05740010736, 3.71854382993, 0.934518334131, 4.21345939222, 0.930741799529, 1.09000047164, 1.07511430903, 1.03515617072, 1.00027556792, 8.07040814458, 0.985183517661, 0.857472279305, 132.497894172, 1.06116639396, 4.9367685353, 1.03167553734, 3.05670374189, 0.966852673534, 81.76459067, 19.8772151544, 76.6089726105
4.96381176132, 1.32008398316, 0.958026886076, 0.984742597022, 3.97315926574, 0.799307207683, 4.47375444363, 0.973898053757, 0.959330733191, 4.67615619845, 3.70238539353, 0.989075447266, 3.00648901123, 1.20747431136, 1.09000046578, 1.07461717345, 1.02783369493, 1.12633726247, 7.48847687043, 1.07811720841, 0.809256465577, 127.036861895, 1.01290207972, 3.46452435421, 1.13820052066, 4.17092851716, 1.18494507335, 40.8778492767, 11.5774818182, 377.166875815
4.24864257295, 1.22689231519, 0.818876769528, 0.957764382451, 4.77073801527, 0.902751806093, 3.62759968088, 1.00074797944, 0.955053833484, 4.59426204982, 3.59723107359, 0.933494424227, 2.06470703252, 1.11749419447, 1.09000042796, 1.06855970755, 1.03012602249, 1.14346143183, 8.27539353153, 1.11705050688, 0.857533401064, 310.213222058, 0.969318302798, 4.25580735054, 1.01801608955, 4.20713980754, 0.967676766251, 46.9840861223, 9.74387581469, 973.784031675
5.12417904159, 1.3223801897, 0.840333132864, 0.909289282255, 4.20505174944, 0.82605230243, 3.76549192044, 0.992661205811, 0.922866387349, 4.26847819653, 2.91886649932, 0.885997691448, 3.87103907703, 1.16725506308, 1.09000037239, 1.08138453046, 1.02128820399, 1.00017605019, 8.46363033638, 1.0769499359, 0.892920686019, 109.09751912, 1.02530376871, 3.81883491635, 1.03382263192, 2.47535871373, 0.966776074918, 56.5514730007, 12.7851426109, 179.317598752
1.96049439306, 1.34071387611, 0.878457772857, 0.942336760799, 5.34635329153, 0.807652367722, 4.13691711877, 1.04044427036, 0.957598342266, 4.11898990191, 2.95336861903, 0.869118670855, 2.21431791671, 1.16051191098, 1.090000202, 1.07113736189, 1.02328279182, 1.14050650044, 7.90982667762, 1.0163543337, 0.924731956136, 216.232312937, 1.13199233287, 4.99758586588, 1.07065773663, 3.83916338966, 1.10312952056, 74.1198499751, 11.1166954694, 265.449115307
3.25079307306, 1.22680442502, 0.876566291501, 0.89427943403, 5.76277764598, 0.804261117771, 2.70150333166, 0.949336928646, 0.941249567965, 5.0738234962, 4.6547206432, 0.898886631688, 2.23877883452, 1.15974887141, 1.09000035662, 1.07096308885, 1.02325606561, 1.01148763842, 4.76746481118, 1.01692935673, 0.927008784983, 191.612843582, 1.11948939347, 4.67000809979, 1.09076252242, 3.85088869467, 1.07051216034, 116.15622039, 11.0302729352, 449.365560091
4.51270656615, 1.32368105665, 0.827973777134, 0.908915215076, 5.32972687875, 0.778835200351, 3.75732403065, 1.04358418621, 0.966009323737, 3.62491647207, 4.75453290734, 0.87766665815, 2.65733825917, 1.15231674328, 1.09000053209, 1.08682328022, 1.01296026567, 1.04674449145, 8.53806611947, 0.981308678274, 0.808970431054, 238.701641583, 1.05001927704, 3.81800954774, 1.04800221563, 4.46227969458, 1.04963445874, 68.9137043424, 9.35152804805, 666.115925646
3.28629879982, 1.26951526755, 0.858119619704, 1.00389319683, 3.24569836976, 0.784186395098, 4.31982041413, 0.949890573402, 0.946045889349, 5.12532047762, 3.24289836055, 0.969155477672, 2.79843797665, 0.913005492607, 1.09000053541, 1.05600323092, 1.01440281569, 1.09092540301, 7.39302728611, 1.07865215376, 0.863088496524, 301.893092491, 1.01200357658, 2.39414007362, 1.03066098397, 3.5957304262, 1.05357864924, 187.77398895, 15.0993029486, 174.279032927
4.94130729483, 1.21872429539, 0.839914561361, 0.985797376735, 2.92476508118, 0.903169455551, 3.60407682562, 1.00424442951, 0.930005816949, 2.32837564833, 4.56455701554, 0.994382564205, 3.8769880992, 0.912268609656, 1.09000073004, 1.04360919686, 1.02227940945, 1.01532238039, 7.17596402023, 0.970312531888, 0.9431920778, 111.368869014, 1.06074259444, 4.77499908911, 1.07323049968, 3.20793511534, 0.978034018509, 172.873519234, 25.2916199066, 166.601097527
3.24364130565, 1.22402413753, 0.908660982625, 1.01961410264, 5.79554061715, 0.80847325699, 4.9313572677, 1.04170181449, 0.957800853127, 3.6060879272, 4.70978830424, 0.898879126151, 2.21745228913, 1.17997575053, 1.09000035663, 1.02431723102, 1.01908179639, 1.08677539393, 6.03481579451, 1.1233987937, 0.923455296509, 149.775352568, 1.11109166523, 2.56336144876, 1.09096282705, 3.99239195021, 1.04766861716, 80.6350654817, 14.3562512689, 319.104457314
2.52335898393, 1.21826420559, 1.02015024685, 0.929660339418, 4.7708483106, 0.903475883216, 4.88792480562, 1.00426843644, 0.945530073555, 4.25877500761, 3.72238583546, 0.932527590685, 3.59982782017, 1.15731633241, 1.09000080762, 1.06992365433, 1.02395474944, 1.09897272683, 7.882383613, 0.982945452792, 0.857349807945, 131.858386827, 1.01351442001, 4.15591898411, 1.07277047857, 3.94869468001, 1.07382085227, 99.2603853726, 12.0670700706, 308.674784939
4.54426319962, 1.22443219524, 0.876251116176, 1.08073489281, 5.38587013495, 0.77773460051, 2.93586947492, 0.973124979581, 0.924183224436, 5.07297663435, 4.36191167801, 0.869431512576, 2.26131072765, 0.994102114114, 1.0900005678, 1.05537259185, 1.03158610122, 0.969640664141, 7.62091323646, 1.06670814217, 0.864893184857, 215.211936007, 1.04942443606, 5.08648682578, 1.04903210404, 3.93128681972, 1.09086659241, 89.1401713294, 12.3225262399, 992.144232037
2.04441651123, 1.33351640648, 0.842616945268, 0.89515248482, 5.63824879756, 0.744705942682, 2.18148299881, 1.02360342, 0.923021651782, 5.07904966625, 5.83478889601, 0.95794116135, 4.06801037849, 1.06925972578, 1.09000026152, 1.03138968489, 1.01626403252, 0.926742148314, 7.28932882107, 1.05289174708, 0.864111034611, 205.915686328, 1.07221606823, 3.82903219623, 1.05240016121, 2.69361270438, 1.03220068494, 132.086132258, 11.6129848969, 1159.83388843
3.80838580927, 1.33536591192, 0.86837946047, 0.934443696812, 4.81399467549, 0.79370773652, 3.6744349849, 1.00210369275, 0.967263539621, 3.34516938859, 3.68582407124, 0.869882805059, 2.62956765457, 0.892047210494, 1.09000055483, 1.06965111536, 1.02335179115, 1.02540016853, 7.88834071846, 0.984870591056, 0.859108548882, 132.794277038, 1.13238438532, 4.19830141283, 1.05812644662, 2.45189252266, 1.13553539374, 96.8762513169, 12.3154634975, 1798.23905979
3.84312851646, 1.22532147203, 0.948644604792, 1.08068233131, 3.94061483768, 0.858329442979, 4.4611766446, 0.92609453414, 0.965533164026, 3.61408215834, 5.08763049024, 1.02338979934, 3.45640589201, 1.06661772569, 1.09000034781, 1.08709303598, 1.01583082133, 1.12410438344, 7.61128528855, 1.13487718411, 0.893288651045, 248.824655496, 1.03809795784, 4.28853370187, 1.10919595873, 3.93342372764, 1.04980851056, 228.652963438, 18.6833248637, 267.608876073
4.51270656615, 1.32368105665, 0.827842111191, 0.908915215076, 5.42474130589, 0.769369566087, 3.75732403065, 1.04358418621, 0.966009323737, 3.62491647207, 4.74802337703, 0.87751969713, 2.65733825917, 1.18465565995, 1.0900005202, 1.0612205672, 1.01296026567, 1.04666207822, 8.488614183, 1.07709039947, 0.881827737529, 125.447474719, 1.04979673092, 3.81641455658, 1.08706506908, 4.46559322248, 1.10090094513, 290.640520813, 17.1477594182, 219.762750222
4.78189048458, 1.31609015451, 0.905034117249, 1.0104270725, 3.59914348359, 0.815393404254, 3.76710775012, 1.04707493283, 0.927545349995, 3.86729860109, 4.75276436732, 0.911148638003, 1.86683260387, 1.18036503116, 1.09000045555, 1.06141791407, 1.01309036395, 1.04709170533, 5.89363904148, 0.968137924021, 0.899053334678, 175.533100033, 1.11559796193, 3.82890130365, 1.04293030908, 3.21586530306, 1.03291770469, 84.0331285387, 19.2012808096, 806.692466118
3.1106922253, 1.18564589462, 0.833478977933, 0.887817144754, 2.65607680054, 0.879576147196, 2.9427622822, 0.958458925797, 0.930240445214, 4.75833201387, 3.04508461223, 0.904569767224, 2.81777481929, 1.14219031904, 1.09000035721, 1.06738304463, 1.01867920344, 1.0220316113, 5.67556972794, 1.05010795221, 0.934405503772, 259.939594346, 1.08564114005, 4.96139757029, 1.10301636743, 3.18220192525, 1.04791640147, 94.2875568463, 21.0539654985, 450.743700153
3.24364130565, 1.22402413753, 0.908450897539, 1.01961410264, 5.79554061715, 0.807444445313, 4.17574118139, 1.04178541113, 0.957800853127, 3.66432955573, 4.70978830424, 0.898879126151, 2.21745228913, 1.09895446157, 1.09000035663, 1.02431723102, 1.01464125204, 1.08416374281, 6.02960762735, 1.1233987937, 0.923455296509, 149.775352568, 1.05751979986, 2.56336144876, 1.09096282705, 2.70455196051, 1.04766861716, 108.409502114, 20.7514404848, 347.899094092
4.66698093704, 1.2864042588, 1.00473376701, 1.01984655796, 5.26766281789, 0.862637294451, 3.6338682986, 0.988143035001, 0.921575918772, 4.6859843889, 3.42243921487, 1.02027301972, 2.06577455665, 0.967514032356, 1.09000048015, 1.08641353577, 1.01243701743, 1.01234414452, 7.60694153846, 1.02159280726, 0.885772487295, 270.589536519, 1.04032626513, 3.73953158072, 1.02005270795, 3.27968751509, 1.08460369849, 120.42287744, 13.0436992204, 369.556273741
2.02203151229, 1.22683437194, 0.948644604792, 1.07823084585, 3.94061483768, 0.839447125273, 4.51822570626, 0.926576796438, 0.965453555867, 5.05722210421, 4.38497556682, 0.93344659165, 3.45640589201, 0.996527947146, 1.09000043817, 1.08686172598, 1.03165970434, 0.999851819192, 8.28689452633, 1.1330084614, 0.893288651045, 248.857378153, 1.02622859401, 4.28853370187, 1.02858003382, 3.93342372764, 0.970560538631, 106.934001965, 15.6397723532, 712.682192027
4.58260233588, 1.30856073125, 0.967229036759, 1.10317593774, 5.36659457466, 0.817001184152, 4.18808597216, 0.973438821133, 0.942616541316, 3.37974107629, 3.68312723813, 0.992097134291, 2.64479095584, 1.18458829196, 1.09000073732, 1.06980488861, 1.02802378544, 1.08248182179, 7.50170595201, 1.01156821276, 0.859097149277, 144.099726318, 1.01243584619, 3.14770833575, 1.05777644687, 2.47374919577, 1.14003417024, 189.457376062, 13.0129956927, 496.642435925
4.57622145717, 1.21940541972, 0.970057747135, 1.11188601677, 4.08283870075, 0.779380883332, 3.63407461212, 0.969285013474, 0.957932650481, 3.34009623304, 3.67926487737, 0.899425577844, 2.21413345734, 1.18509301013, 1.09000064309, 1.0624840898, 1.0359869771, 1.02500426922, 7.88567032898, 1.01277838447, 0.857518741221, 131.280147979, 1.04919382144, 2.55061797529, 1.05818328458, 2.44197185295, 1.13981443766, 206.202031863, 12.5371712481, 429.731019549
3.82269919909, 1.33772475957, 0.868781768918, 0.934443696812, 2.67472043484, 0.789936014023, 4.48201504211, 1.03950223628, 0.967543326215, 5.07798381453, 3.71854382993, 0.933562972409, 4.21391177889, 0.943646623428, 1.09000050909, 1.06244617687, 1.03518940009, 1.08817767196, 8.24349399032, 0.985183517661, 0.854898631462, 132.811750682, 1.06116639396, 4.93661152996, 1.03165167211, 3.04571846268, 0.95034952646, 113.864492406, 13.1402579718, 379.208173442
2.04441651123, 1.24396360727, 0.842862282785, 0.89515248482, 3.33857863296, 0.781640808865, 2.57301192538, 1.02360342, 0.923021651782, 4.72758561543, 3.61960901301, 0.95794116135, 4.06801037849, 1.06874019942, 1.09000025988, 1.03138968489, 1.01621787243, 0.926742148314, 7.28863458946, 1.05354532793, 0.864106076489, 205.915686328, 1.07221606823, 3.81847412584, 1.05240016121, 2.69361270438, 1.03220068494, 140.398551059, 13.6277771607, 341.171688552
4.22710256321, 1.32341709762, 0.827938858305, 0.90744034528, 3.55873245205, 0.792056821247, 3.77993166988, 1.04111357982, 0.92402424488, 4.20602872468, 2.87695954618, 1.01733051743, 2.63562976075, 1.09829962701, 1.09000049395, 1.05037479815, 1.02573757555, 1.04603222356, 8.06685614681, 1.07711470887, 0.806998075859, 124.973416572, 1.05698031262, 3.46685958719, 1.04814109362, 2.69538872426, 1.05056104732, 132.46423364, 11.6273353642, 1891.25607137
4.18868407096, 1.28249353484, 0.830491127592, 0.908227980266, 2.8403261493, 0.807437645542, 4.17162456569, 1.04178628881, 0.923047942572, 5.12108091045, 5.99750940896, 1.01733051743, 2.98215314421, 1.09829962701, 1.09000049395, 1.07492052034, 1.02573757555, 1.1039270821, 5.5081225753, 1.0832230531, 0.85433452883, 297.451735987, 1.05702786389, 4.59375548179, 1.14551531194, 2.69538872426, 1.09762609826, 238.288615232, 19.3152205281, 322.198126649
2.00564470095, 1.12865546948, 0.889368467375, 0.996413083614, 3.22109962688, 0.826287238509, 4.81317474618, 0.894563132734, 0.937865958673, 4.53542487639, 2.92422868057, 1.03109228524, 4.08241733304, 1.14159401299, 1.09000080684, 1.03463118588, 1.0151737517, 1.00609865416, 5.32317668461, 0.994051342552, 0.875356551374, 204.340900908, 1.08746632385, 3.44209935931, 1.17181195075, 3.91969693911, 1.04963605247, 786.242025134, 28.2481279649, 318.62556024
4.51270656615, 1.32368105665, 0.827973777134, 0.908915215076, 3.51555315289, 0.79199937779, 3.75732403065, 1.04358418621, 0.966009323737, 3.62491647207, 4.75453290734, 0.87751969713, 2.65733825917, 1.18465565995, 1.09000053042, 1.0612205672, 1.01296026567, 1.04674449145, 8.488614183, 1.07709039947, 0.80890388355, 125.447474719, 1.04979673092, 3.81491667751, 1.04800221563, 4.46559322248, 1.04993954067, 113.107165509, 21.8143485242, 1273.27493782
3.29294837543, 1.27135339398, 0.874937053006, 1.04505927267, 4.77354262492, 0.784256560116, 2.68908419071, 0.949904100602, 0.945971692417, 5.07872176517, 3.6093564432, 0.868856525797, 2.79374262548, 1.18492371959, 1.0900005649, 1.05599810508, 1.01433289448, 1.09085832297, 7.61863393057, 1.01634025074, 0.863100392004, 112.394219539, 0.967967467287, 2.058085207, 1.03073582301, 3.60027545347, 1.05660081528, 146.932389943, 13.5053134443, 410.704982545
2.00617924629, 1.32599890956, 0.93749318171, 0.989690250146, 3.53660596061, 0.858477548503, 2.56704443481, 1.00944919914, 0.937488789557, 4.18809556705, 2.92422868057, 1.03727486477, 4.09158702975, 0.882676440746, 1.09000038371, 1.06654223176, 1.0151737517, 1.13890006981, 7.15921473182, 0.99387248021, 0.875356551374, 246.440871998, 1.07653093554, 3.45905339996, 1.17181195075, 3.98526191889, 1.04962498266, 116.254714698, 15.3719741846, 404.035662026
4.72070645076, 1.22305760422, 0.839914561361, 0.989790058494, 4.74681641221, 0.937763420424, 3.60630704206, 0.965132286093, 0.930063537379, 2.22028569213, 2.81657565537, 0.995249789602, 2.82590377464, 0.912268609656, 1.09000073004, 1.04356501653, 1.02229168746, 1.01532238039, 7.17596402023, 0.999414388265, 0.807551932167, 178.359457589, 1.05938784908, 4.78629364479, 1.14237781254, 2.96997835238, 0.97809088384, 246.18214883, 13.2683823419, 801.914146933
4.24622472016, 1.23947392273, 0.901824825423, 0.924759447475, 4.76492991322, 0.843403302117, 3.77360916827, 1.03182455091, 0.9707027973, 2.35831858456, 4.53848199255, 0.950951196585, 3.65353928748, 1.18057305288, 1.0900008074, 1.02774050939, 1.01289495029, 1.05666558243, 8.51418943074, 1.05453084246, 0.901265389087, 113.665837993, 1.04809306817, 3.31373557902, 1.04292862432, 4.41389560201, 0.963710132295, 178.674257315, 23.5155329661, 378.706102754
4.47240529564, 1.28149677223, 0.947542400489, 1.10994853767, 3.91510628954, 0.846380163186, 4.50242576051, 1.08340019827, 0.91991809738, 3.59533740087, 4.38850792652, 1.0232892179, 3.45379026535, 1.14052424669, 1.09000046888, 1.08135941512, 1.03169307067, 0.995896243031, 8.06662598373, 1.12760258339, 0.893532695042, 248.773277661, 1.04960965136, 3.92152139855, 1.033822478, 2.41857851593, 0.965558423936, 200.880980029, 18.7750677425, 373.249595987
3.80838580927, 1.22749601599, 0.868781768918, 0.935573385092, 2.66448425631, 0.790666155744, 3.63310054305, 1.05112872943, 0.967106274857, 5.07939154109, 3.71854382993, 0.935217047028, 4.13186541118, 0.943646623428, 1.09000059003, 1.02973389057, 1.03038666574, 1.02540016853, 8.27637113349, 1.06656259137, 0.854794519787, 131.244363117, 1.13283461119, 4.19830141283, 1.03165167211, 3.93652968735, 0.963150400702, 218.508574119, 13.471661851, 2229.60638693
2.0098098273, 1.12922700123, 1.02015024685, 0.994885365995, 4.7708483106, 0.903475883216, 4.88792480562, 1.00303881677, 0.947361640212, 4.25877500761, 2.68900350836, 0.933104360493, 3.59982782017, 1.14175614669, 1.09000080762, 1.03471429348, 1.02395474944, 1.09939606202, 7.882383613, 0.982945452792, 0.844960841975, 131.858386827, 1.01351442001, 4.14847711688, 1.07277047857, 3.94869468001, 1.07382085227, 184.857130873, 13.4084658267, 17030.9372668
3.79416191048, 1.22504202994, 0.874349112343, 1.04320732405, 4.41852275729, 0.775007091968, 2.72564180557, 1.04157969765, 0.951140049639, 5.07885879307, 3.20556806907, 0.869651538943, 2.14638899456, 1.09831659251, 1.09000034982, 1.04731719643, 1.01470832876, 1.08899880125, 7.62141621537, 1.01634025074, 0.865189808304, 148.826599912, 1.05815658462, 2.058085207, 1.09084631069, 3.01225794749, 1.13119661577, 299.842246652, 20.524370662, 367.737916874
3.24364130565, 1.22402413753, 0.908902412462, 1.01902841498, 3.92202061977, 0.839385949579, 4.9351447005, 1.04170181449, 0.965425224332, 5.09386482988, 4.38393753504, 0.898879126151, 2.21745228913, 1.17853562563, 1.09000035669, 1.0858289031, 1.03219474878, 1.08657606703, 5.05815267963, 1.13253746646, 0.92368428101, 149.775352568, 1.11204221672, 2.56336144876, 1.04800479317, 3.99176831281, 1.05258985828, 161.645999632, 14.6840892609, 1779.5866477
3.29294837543, 1.32406842026, 0.874937053006, 1.04505927267, 4.76738294277, 0.791896428787, 2.61990182869, 0.949904100602, 0.945971692417, 5.07872176517, 2.86349049036, 1.01491749577, 2.79374262548, 1.18492371959, 1.09000049394, 1.05016219512, 1.01433289448, 1.04635149924, 7.61863393057, 1.01158225981, 0.807145503494, 125.166035354, 0.96810618778, 3.39608425134, 1.04833424508, 2.69090159405, 1.05657866559, 164.028634164, 14.6053557027, 451.193962747
4.96381176132, 1.17721884142, 0.959612121018, 0.984650952439, 4.94397164061, 0.799307207683, 4.47239801315, 0.973983516942, 0.959330733191, 4.67615619845, 4.90166192768, 0.989075447266, 1.86287280203, 0.917456296171, 1.09000074786, 1.07367672753, 1.0280915879, 1.08216419493, 7.49748653982, 0.984386806417, 0.849929783942, 289.991463922, 1.01290207972, 4.07876741047, 1.13820052066, 4.17092851716, 1.18079236604, 249.959152533, 13.6929117042, 499.31439191
3.80838580927, 1.33922490523, 0.868781768918, 0.934443696812, 4.81503325607, 0.790666155744, 2.73352227105, 1.03950223628, 0.966855077229, 5.05817492831, 3.71854382993, 0.869275246479, 4.13186541118, 0.943646623428, 1.09000056454, 1.06257009379, 1.03084242959, 1.02540016853, 8.27305216056, 0.985411328474, 0.857472279305, 133.398615678, 1.12955139742, 1.98338760514, 1.07154185865, 3.98348570744, 1.12773590008, 116.344389379, 16.0431540723, 487.449548579
3.25079307306, 1.22674594659, 0.876679782223, 0.895424709609, 5.76277764598, 0.804261117771, 2.70150333166, 1.04362841975, 0.941249567965, 5.0738234962, 4.70867530571, 0.898886631688, 2.21744874813, 1.15782143977, 1.09000037127, 1.07104321558, 1.02325606561, 1.01148763842, 6.03668570889, 1.01692935673, 0.923494048806, 191.612843582, 1.11948939347, 4.67000809979, 1.09076394215, 3.85088869467, 1.04771484342, 138.030316682, 15.7337952659, 429.688304303
3.79416191048, 1.32200067399, 0.874349112343, 1.04320732405, 4.41852275729, 0.775007091968, 2.72564180557, 0.949904100602, 0.951140049639, 5.07885879307, 3.19050955701, 0.869651538943, 2.14561141705, 1.16075790867, 1.09000056633, 1.05539441808, 1.02337932956, 1.08899880125, 7.62141621537, 1.01634025074, 0.865189808304, 112.394219539, 1.13789175487, 2.058085207, 1.12752401014, 3.05461750353, 1.13086594395, 123.588550409, 15.9632709473, 796.627977129
2.84428165304, 1.33575580741, 0.923357408656, 1.04320732405, 5.39462293641, 0.774679461543, 2.72564180557, 0.949904100602, 0.945216567405, 5.07885879307, 6.00830075959, 0.869431512576, 2.27036087218, 1.16045918654, 1.0900005678, 1.05111587618, 1.02337932956, 1.107189833, 7.62009201402, 1.05106215836, 0.865189808304, 240.517384222, 1.13155807231, 1.84303302011, 1.06934258996, 3.03146213182, 1.13733504101, 247.72452924, 14.3281688126, 1343.19857685
3.34890066521, 1.09187760528, 0.865626629242, 0.989482553165, 5.49509275869, 0.817540614186, 2.63223997144, 1.02155164704, 0.989473689439, 3.7956349357, 3.27316805566, 0.963733252962, 2.4931333006, 0.910792864782, 1.09000046939, 1.05646702783, 1.02325800251, 1.08511894759, 7.83430268949, 0.970293804855, 0.899184695916, 150.819886244, 1.06046144799, 4.923332487, 1.04005432439, 2.74957043469, 1.08095244831, 353.268180761, 28.3625719243, 410.541071992
2.38012185725, 1.22402413753, 0.910924112045, 0.909141927285, 5.37301740575, 0.76920135815, 4.9313572677, 1.04170181449, 0.957644967657, 3.62491547409, 4.70549965295, 1.02364771654, 2.66520910636, 1.17990931398, 1.09000044297, 1.02431723102, 1.01908179639, 1.08677539393, 6.03481579451, 1.1233987937, 0.923924032684, 126.267332197, 1.04926168555, 3.8066964433, 1.09096282705, 3.99239195021, 0.971863309268, 223.368938139, 15.5486791125, 1992.60247221
2.00447845578, 1.32368105665, 0.82837128185, 0.992412859897, 3.53661616029, 0.79199937779, 3.8999189028, 1.00966306686, 0.966822452181, 3.97132122008, 2.8953534417, 0.874805929648, 2.6387049046, 1.19236065613, 1.09000053368, 1.09344909408, 1.03377000525, 1.04512960366, 7.15001991696, 1.07708766301, 0.80890388355, 125.30815441, 1.04997162388, 3.45809721729, 1.04800221563, 3.88641988349, 1.04993954067, 350.85770943, 14.7325465883, 671.407716117
3.7440132455, 1.22683437194, 0.948641709488, 1.07403653221, 3.94360635457, 0.839447125273, 4.51653382228, 0.999590422743, 0.957645270162, 3.80471318951, 3.56422866294, 0.932088625714, 3.45396334087, 0.998200189373, 1.09000043817, 1.08164184444, 1.0320765989, 0.999851819192, 7.90106702512, 1.13431496674, 0.898786409723, 248.851675558, 1.11560458126, 5.03111163645, 1.02858003382, 4.13783256362, 0.970560538631, 363.553423387, 15.1514494049, 636.192663122
3.1106922253, 1.18489287256, 0.828334646083, 0.986856486262, 2.61679975124, 0.875384168978, 2.94954283091, 0.958458925797, 0.930240445214, 4.75833201387, 3.04508461223, 0.904569767224, 2.49473903153, 1.13993952774, 1.09000035497, 1.06738304463, 1.03484566003, 1.0220316113, 5.67556972794, 1.05010795221, 0.898103466582, 259.939594346, 1.08564114005, 4.96139757029, 1.04055011452, 3.18989745412, 1.08193422812, 302.681923385, 13.904288446, 2427.9311917
4.74256124995, 1.34401324351, 0.965276889345, 1.03859608154, 4.15981471503, 0.77929623095, 4.17928219866, 0.969745321408, 0.95415632457, 2.68899263681, 2.87477135849, 0.938931498705, 3.4362271683, 1.15794477354, 1.0900006345, 1.08316606102, 1.0322568304, 1.00560602513, 5.58434188518, 1.00922925412, 0.947060503144, 131.261912563, 1.08206058201, 4.49475980424, 1.11202341914, 3.44334676599, 1.16943646711, 136.51950468, 21.5893644488, 754.616614991
2.13199010778, 1.33751747754, 0.873225086189, 1.0711731313, 4.41440630285, 0.806080586679, 4.74013164733, 0.976247346765, 0.950733099804, 4.12727774639, 5.09579760724, 1.02456810001, 2.14681933184, 1.15892315147, 1.09000020309, 1.05517886554, 1.02717098373, 1.08908688526, 7.23505186937, 1.11126491733, 0.926550417732, 270.08738969, 1.044853051, 4.95233104614, 1.09534105462, 3.04807395696, 1.13088426311, 416.156027645, 19.0026350655, 463.505891406
3.25079307306, 1.26574260872, 0.838941454278, 0.89427943403, 5.75625712311, 0.804517806526, 4.299454213, 1.04171424358, 0.941249567965, 4.57699633083, 4.6793181246, 0.898886631688, 2.23877883452, 0.963027389007, 1.09000035662, 1.07096308885, 1.01745855356, 1.0144021034, 4.76746481118, 0.965424470212, 0.927008784983, 191.612843582, 1.11132922915, 4.67000809979, 1.09076252242, 3.85088869467, 1.07051216034, 144.31687814, 16.8318602092, 784.834597263
2.01866016868, 1.2268622636, 0.86871620402, 0.93457644914, 4.81503325607, 0.793755643668, 3.62766534054, 1.00072729228, 0.955228988601, 4.60028238073, 3.68596666655, 0.933494424227, 4.11190430399, 1.11705766408, 1.09000043787, 1.0684894889, 1.02338954755, 1.02599308657, 8.27821070649, 0.986389717226, 0.857394363658, 134.70565396, 1.13223615933, 4.19830141283, 1.07308704505, 4.20818336076, 1.07414103574, 224.74792808, 16.8462082871, 746.101281812
3.66737137524, 1.22683437194, 0.948641709488, 1.07403653221, 3.94254492715, 0.839447125273, 4.51653382228, 0.926576796438, 0.965453555867, 3.80471318951, 4.39552455671, 0.93344659165, 3.45396334087, 0.998200189373, 1.09000043817, 1.08164184444, 1.03198681544, 0.999851819192, 8.28689452633, 1.13447239618, 0.893288651045, 248.857378153, 1.1169287274, 3.10081013101, 1.02858003382, 3.93284648732, 0.970560538631, 163.785100451, 24.5888457603, 543.046440539
2.01419062293, 1.12865546948, 0.889368467375, 1.07036197577, 3.22443585539, 0.826287238509, 4.14624623159, 0.979217552949, 0.937865958673, 4.5315545203, 2.92422868057, 1.03115410874, 4.08241733304, 1.14156737078, 1.09000080684, 1.04364638579, 1.0151737517, 1.00612645133, 5.32317668461, 0.994051342552, 0.875356551374, 204.340900908, 1.08744101505, 3.43566333339, 1.17218662349, 3.91844599881, 1.04963605247, 211.261049981, 25.3984586998, 434.089438936
4.88908528471, 1.26951526755, 0.85862481909, 0.950199593154, 5.64248588657, 0.784186395098, 2.18297254038, 0.949890573402, 0.946130262331, 5.16490105663, 5.91183394839, 0.869385089168, 2.80844748892, 1.14988132131, 1.09000052926, 1.05600323092, 1.01516944666, 1.10690654369, 7.66996925578, 1.07865215376, 0.835649068082, 301.893092491, 1.13353920229, 2.40410739899, 1.06934596905, 3.63677070518, 1.13957017853, 179.1216994, 18.1573347761, 465.131851512
2.84428165304, 1.33575580741, 0.923357408656, 1.04320732405, 5.39462293641, 0.751380048665, 2.72564180557, 0.949904100602, 0.945216567405, 5.07885879307, 5.95664945291, 0.869431512576, 2.26621085408, 1.16045918654, 1.0900005678, 1.05559373279, 1.02337932956, 1.10709406147, 7.62041083823, 1.06670814217, 0.865189808304, 215.965775072, 1.13155807231, 5.07572706775, 1.06934258996, 3.03146213182, 1.13733504101, 191.44933889, 17.7597211031, 615.131619482
4.52881388939, 1.26951526755, 0.858119619704, 1.00389319683, 3.24569836976, 0.784186395098, 4.1894176863, 0.949890573402, 0.946045889349, 5.16490105663, 3.24289836055, 0.969155477672, 2.80188946702, 0.913005492607, 1.09000052926, 1.05600323092, 1.01447744135, 1.08252293545, 7.49915794254, 1.07865215376, 0.830560470283, 301.893092491, 1.01243512788, 2.40238686897, 1.03066098397, 3.63677070518, 1.13957017853, 255.633338213, 14.7247245924, 1400.80779118
4.18868407096, 1.28214739164, 0.830491127592, 0.90744034528, 2.8403261493, 0.807437645542, 4.17201640859, 1.04111357982, 0.92402424488, 4.20602872468, 6.00262608288, 1.01733051743, 2.98215314421, 1.09829962701, 1.09000049395, 1.05067928, 1.02573757555, 1.1039270821, 8.06685614681, 1.0832230531, 0.85433452883, 297.451735987, 1.05702786389, 4.59375548179, 1.14551531194, 2.69538872426, 1.13900321882, 237.667126917, 16.6264977188, 3991.58697814
4.31845477223, 1.28249353484, 0.83063173693, 0.908227980266, 2.8403261493, 0.821233431612, 4.15774590634, 1.00883697549, 0.923047942572, 5.10353977717, 5.99750940896, 1.03632774446, 2.99223467041, 1.09829962701, 1.09000049315, 1.04817737578, 1.01498999218, 1.10258712334, 7.14896641351, 1.0832230531, 0.85433452883, 267.609340904, 1.05702786389, 4.59375548179, 1.14566680211, 3.90919488237, 1.09762609826, 384.589549155, 15.5805950308, 1209.75207383
2.85355444383, 1.33575580741, 0.923357408656, 1.04270184477, 5.67091259419, 0.744775520074, 2.18095767613, 0.949656962135, 0.938177876552, 5.07885879307, 5.88581316313, 0.869058848742, 2.27337067029, 1.15341484858, 1.09000056891, 1.05559373279, 1.01517772015, 1.10680608351, 7.6707755032, 1.06670825848, 0.865129724606, 215.820047096, 1.13155807231, 3.44689852936, 1.06934258996, 3.03146213182, 1.13733504101, 394.248175906, 15.5651646857, 1076.18850242
3.46768050594, 1.33754386802, 0.873225086189, 1.0711731313, 4.41440630285, 0.806080586679, 4.74013164733, 0.977973542871, 0.950733099804, 5.07626149247, 3.18417730544, 1.03562393251, 2.14681933184, 1.15892315147, 1.09000047103, 1.0550282325, 1.02708526796, 1.08908688526, 7.63129612602, 1.10696719898, 0.828345976407, 270.08738969, 1.044853051, 4.95185653037, 1.09534105462, 3.04807395696, 1.13088426311, 137.680009364, 23.4461933531, 884.017737846
2.38012185725, 1.22402413753, 0.910924112045, 1.08058195751, 3.89210063395, 0.80847325699, 4.9313572677, 1.04170181449, 0.957644967657, 3.6060879272, 4.68739001557, 1.02364771654, 3.4561079494, 1.17997575053, 1.09000047466, 1.02431723102, 1.01908179639, 1.08677539393, 6.03481579451, 1.1233987937, 0.923455296509, 244.451765486, 1.02538466507, 2.56336144876, 1.09096282705, 3.99239195021, 0.971267956149, 140.059229336, 22.1554007354, 1273.32578733
3.80838580927, 1.22680726972, 0.868781768918, 0.934443696812, 2.65782178573, 0.790666155744, 3.63310054305, 1.03950223628, 0.966855163573, 5.05064978099, 3.71854382993, 0.933562972409, 4.13186541118, 0.943646623428, 1.09000055612, 1.02973389057, 1.03084896881, 1.02540016853, 8.27637113349, 0.985183517661, 0.854883886173, 130.803698828, 1.06023580749, 4.19830141283, 1.03165167211, 3.93652968735, 0.962140325369, 161.747571253, 17.9771627121, 888.957783112
4.58139772021, 1.2240528926, 0.878017784958, 1.10474054884, 5.79990151525, 0.807543902748, 4.18808597216, 1.04302504693, 0.957907435431, 3.37974107629, 3.67926487737, 0.899425577844, 2.21413345734, 1.18443223584, 1.0900002138, 1.06983625186, 1.0358049895, 0.970695797765, 7.88567032898, 1.01292658339, 0.924753905762, 144.099726318, 1.04919382144, 2.53697120216, 1.05818159633, 2.45587040907, 1.14003417024, 150.319365371, 16.8965069488, 1506.95372655
3.28629879982, 1.26951526755, 0.858041088491, 1.00497468455, 4.39964773581, 0.784299106578, 4.66794843023, 0.949890573402, 0.928462005233, 4.3056309246, 3.24289836055, 0.9434691316, 2.80337177834, 0.912309640984, 1.09000053462, 1.05041227012, 1.01994672782, 1.09092540301, 7.39302728611, 1.07865215376, 0.863088496524, 301.893092491, 1.01200357658, 2.39414007362, 1.03066098397, 3.5957304262, 1.05357864924, 157.232846575, 17.1705425533, 899.910599028
4.24945213133, 1.2271462735, 0.875511480344, 1.04320732405, 4.77354262492, 0.774923180365, 2.72564180557, 0.949904100602, 0.951140049639, 5.07885879307, 3.60594066807, 0.868856525797, 2.1430669234, 1.16075790867, 1.0900005649, 1.05539441808, 1.02320416107, 1.08899880125, 7.62141621537, 1.01634025074, 0.865189808304, 112.394219539, 0.969836635126, 2.058085207, 1.01913100639, 4.23364863869, 0.96678498505, 253.253662634, 27.8661306608, 521.656608172
2.00617924629, 1.22405233941, 0.8908432389, 0.989690250146, 3.53660596061, 0.817092973857, 2.6129279617, 1.00944919914, 0.937488789557, 4.18809556705, 2.92422868057, 1.03606630972, 4.07165710675, 0.882676440746, 1.09000038371, 1.04846274843, 1.0151737517, 1.13967888002, 7.15587581277, 0.99387248021, 0.875356551374, 268.719597167, 1.07653093554, 3.45905339996, 1.17181195075, 3.92383200439, 1.04962498266, 252.109544046, 28.5184461749, 557.803136765
4.58260233588, 1.30856073125, 0.878017784958, 1.10395416809, 5.36353676223, 0.817001184152, 4.18808597216, 0.993729974257, 0.942616541316, 3.37974107629, 3.68312723813, 0.992143789534, 2.64479095584, 1.18458829196, 1.0900002138, 1.06983625186, 1.0358049895, 0.971486595865, 7.88567032898, 1.01292658339, 0.859031202191, 144.099726318, 1.04919382144, 3.14770833575, 1.05818159633, 2.45587040907, 1.14003417024, 274.520276458, 20.6832209308, 467.192331048
2.12913963503, 1.22402413753, 0.923287683922, 1.01961410264, 5.34804022398, 0.803576014917, 4.17574118139, 1.04045850259, 0.957800853127, 3.66349538584, 2.96421281311, 0.869918914332, 2.21745228913, 1.09320436429, 1.09000020148, 1.02431723102, 1.01464125204, 1.08416374281, 6.02960762735, 1.1233987937, 0.923455296509, 219.6490139, 1.1319510115, 2.56336144876, 1.09096282705, 3.83961577977, 1.04766861716, 258.809250565, 19.8575933052, 550.124187251
3.31814052844, 1.24447317637, 0.874937053006, 1.04409032571, 4.77980035887, 0.791896428787, 2.57633392232, 0.949904100602, 0.945971692417, 5.0638293556, 2.86349049036, 1.01491749577, 2.82894446538, 1.13518486718, 1.09000075171, 1.0306950333, 1.01433289448, 1.04635149924, 7.61863393057, 1.01158225981, 0.864234894374, 120.309536593, 0.96810618778, 3.39608425134, 1.04833424508, 2.69092523644, 1.05672182465, 240.386784768, 26.459741597, 769.266512868
2.38980839691, 1.22532147203, 0.948644604792, 1.08068233131, 3.94061483768, 0.839447125273, 4.51501021165, 0.92609453414, 0.965533164026, 5.05722210421, 4.38497556682, 1.02338979934, 3.45640589201, 0.996344587879, 1.09000046888, 1.08686172598, 1.03169514422, 0.999851819192, 5.07885587234, 1.1330084614, 0.893288651045, 248.857378153, 1.02622859401, 4.28853370187, 1.04914909217, 3.93342372764, 0.970560538631, 363.786696863, 18.852746194, 888.532881527
2.00447845578, 1.32368105665, 0.827973777134, 0.907064099787, 3.53661616029, 0.79199937779, 3.78165323934, 1.00973065429, 0.966824231764, 3.97132122008, 2.90636020795, 0.874805929648, 2.6387049046, 1.18465565995, 1.09000053042, 1.0612205672, 1.01517741639, 1.0456586622, 7.15001991696, 1.07709039947, 0.80890388355, 125.447474719, 1.04997162388, 3.45454430316, 1.04800221563, 3.91451109027, 1.04993954067, 267.629907239, 14.7655065806, 1901.1137545
2.01419062293, 1.12807342838, 1.00158384727, 1.07045064836, 5.45982258384, 0.860337133267, 2.94900690338, 0.979307268496, 0.937865958673, 4.52393584582, 2.92508198973, 1.02026017948, 2.0927561026, 1.14433949498, 1.09000055816, 1.05491703237, 1.01528632175, 1.00575503264, 8.29754980518, 1.02179985874, 0.875155994513, 205.163732874, 1.04984880605, 4.13782795685, 1.03239557652, 3.91844599881, 1.04997286669, 319.214457671, 15.2976465313, 1655.28873891
1.96049439306, 1.34046142786, 0.937973786648, 0.934764716598, 3.54354967429, 0.793540693267, 4.13691711877, 1.00076907815, 0.957593186439, 4.11898990191, 2.95336861903, 0.86884509127, 4.11339692471, 1.15520041302, 1.090000202, 1.06655048926, 1.0152654738, 1.14901810636, 7.90982667762, 0.986445468181, 0.924844162755, 246.2813105, 1.07385302186, 5.02163858073, 1.07064401312, 3.83916338966, 1.10300889296, 291.749316373, 14.7416191295, 3082.20057973
2.11948815496, 1.26407582046, 1.0056408265, 0.899464035079, 4.76790011017, 0.797875036189, 3.62912554909, 0.998557028551, 0.928962756701, 4.27824004886, 3.7221689101, 0.93285172312, 4.10233940415, 0.944713579908, 1.09000055621, 1.02985570391, 1.03161917725, 1.09420458482, 8.28190499033, 0.982926814413, 0.850694263651, 275.586598531, 1.06241061832, 4.15563715022, 1.03207345668, 3.93761755948, 1.07416157578, 284.728158812, 16.9879428175, 1409.94614707
2.84428165304, 1.33575580741, 0.923357408656, 1.04320732405, 5.39462293641, 0.775007091968, 2.72564180557, 0.949904100602, 0.951107134886, 5.07885879307, 3.39037606584, 0.869431512576, 2.14561141705, 1.16075790867, 1.09000056633, 1.05554483254, 1.02337932956, 1.10718815832, 7.62009318421, 1.01612236644, 0.865189808304, 215.965775072, 1.13155807231, 2.058085207, 1.0702177293, 3.05461750353, 1.13092685831, 164.928354347, 17.7266551656, 1363.52034042
5.10896270507, 1.32200067399, 0.877225534267, 0.909212319024, 4.41852275729, 0.775007091968, 2.72564180557, 0.986883947697, 0.951140049639, 4.72584959272, 3.19050955701, 0.885958163749, 3.86969327519, 1.16075790867, 1.09000036879, 1.05539441808, 1.02333600376, 0.998490958681, 7.62141621537, 1.07813324963, 0.865189808304, 112.394219539, 1.13880947334, 3.78542636636, 1.12752401014, 3.0583674953, 1.13016056226, 252.675812915, 16.9551628804, 1866.01109262
2.84597102881, 1.22411172775, 1.01623527254, 1.04405658947, 4.05818401735, 0.938022203994, 2.62716805991, 1.00936208282, 0.930002799279, 3.91753200277, 3.41048053094, 1.04058576062, 3.8764727637, 0.901137254976, 1.09000069316, 1.0436564613, 1.02226700519, 1.15157009922, 7.17499390938, 1.01608878778, 0.864978938863, 111.344030102, 1.13070531274, 4.83321178176, 1.07028997967, 3.20793511534, 0.97809088384, 268.648093702, 20.0687377605, 1317.0901636
1.96049439306, 1.34071387611, 0.937973786648, 0.987557007246, 3.54354967429, 0.807652367722, 4.13691711877, 1.04044427036, 0.957598342266, 4.11898990191, 2.95336861903, 0.869118670855, 2.21431791671, 1.15407101607, 1.090000202, 1.06655048926, 1.0152529428, 1.14050650044, 7.90982667762, 0.99344295443, 0.924731956136, 246.2813105, 1.07488765081, 5.02163858073, 1.07065773663, 3.83916338966, 1.10312052184, 443.320224171, 16.8124281905, 2325.60535572
