0.0322568076691, 0.743348599241, 0.498238951923, 0.408639478907, 0.704643225124, 0.494780517663, 0.308234303033, 0.567475273955, 0.195928699005, 22.9030412869
0.275285636473, 0.078973617395, 0.498238951923, 0.489575761086, 0.590153305063, 0.494780517663, 0.293143057975, 0.656714483112, 7.65890413453, 21.8916189418
0.019350163879, 0.99999972515, 0.509734335502, 0.298828439488, 0.590153305063, 0.707719695941, 0.38403511319, 1.02777988589, 2.8248561238e-07, 52.0870241715
0.336064972894, 0.0148011329208, 0.495820579307, 0.408639478907, 0.698845163192, 0.699397509089, 0.209361987516, 0.132210618961, 8.80025554216, 17.6471148175
0.000954779896667, 0.938814616684, 0.507626018767, 0.901408639392, 0.581643764268, 0.759176125522, 0.810394138691, 0.138784103106, 0.00904497905738, 154.68270587
0.664146735574, 0.773011280272, 0.495820579307, 0.489575761086, 0.698845163192, 0.60160990049, 0.396273397131, 8.90732865564, 2.61556743004, 5.82702896624
0.164033058487, 0.998691994435, 0.495820579307, 0.287344023961, 0.704643225124, 0.699397509089, 0.293143057975, 5.30904226978, 0.00695335185852, 27.0920791327
0.973228012088, 0.998691994435, 0.300746792613, 0.408639478907, 0.704643225124, 0.98559861893, 0.402830084957, 45.2085870677, 0.0592105311908, 1.24524665861
0.664146735574, 0.773011280272, 0.495820579307, 0.489575761086, 0.698845163192, 0.60160990049, 0.396273397131, 8.90732865564, 2.61556743004, 5.82702896624
0.00713068438773, 0.392867838979, 0.495820579307, 0.408639478907, 0.69157407125, 0.70992606103, 0.402830084957, 0.0878996654214, 0.135838845854, 31.1531250701
0.164033058487, 0.965516448182, 0.495820579307, 0.287344023961, 0.704643225124, 0.699397509089, 0.293143057975, 5.13268121115, 0.183314410485, 27.0920791327
0.00713068438773, 0.392867838979, 0.495820579307, 0.408639478907, 0.69157407125, 0.70992606103, 0.402830084957, 0.0878996654214, 0.135838845854, 31.1531250701
0.998901761184, 0.674344403495, 0.300746792613, 0.694067074175, 0.535989573907, 0.409589586593, 0.115101466953, 85.721507411, 41.396782541, 0.139759729822
0.0322568076691, 0.416744630534, 0.498238951923, 0.408639478907, 0.590153305063, 0.494780517663, 0.308234303033, 0.391644475321, 0.548126421832, 28.1942620423
0.955117951594, 0.999977975092, 0.486608674651, 0.00300664087582, 0.193753797941, 0.612722167904, 0.298467118046, 54.40036946, 0.0011981895264, 2.55638980353
0.336064972894, 0.179127955636, 0.495820579307, 0.408639478907, 0.69157407125, 0.301405130408, 0.396273397131, 1.35861941865, 6.22601143269, 14.984311059
0.00713068438773, 0.674344403495, 0.495820579307, 0.408639478907, 0.69157407125, 0.70992606103, 0.402830084957, 0.150876812925, 0.0728616983506, 31.1531250701
0.0322568076691, 0.743348599241, 0.498238951923, 0.408639478907, 0.704643225124, 0.494780517663, 0.308234303033, 0.567475273955, 0.195928699005, 22.9030412869
0.00713068438773, 0.998646028692, 0.300746792613, 0.489575761086, 0.306955674714, 0.607250223667, 0.209361987516, 0.268866011759, 0.000364530429251, 37.487389657
0.019350163879, 0.078973617395, 0.498238951923, 0.489575761086, 0.590153305063, 0.494780517663, 0.293143057975, 0.0461612637433, 0.538353733366, 29.6227225624
0.275285636473, 0.99999972515, 0.509734335502, 0.298828439488, 0.590153305063, 0.707719695941, 0.38403511319, 14.6217387, 4.01878930249e-06, 38.4930616211
0.664146735574, 0.998691994435, 0.495820579307, 0.489575761086, 0.698845163192, 0.60160990049, 0.396273397131, 11.5078240735, 0.0150720122091, 5.82702896624
0.999449841867, 0.884445632293, 0.300746792613, 0.175185035839, 0.704643225124, 0.546707821322, 0.59976210526, 142.30608375, 18.5925385667, 0.0885684123683
0.8484599286, 0.392867838979, 0.495820579307, 0.395635956005, 0.804514978959, 0.70992606103, 0.396273397131, 8.26040225003, 12.7655037429, 3.75535389242
0.998901761184, 0.114204658779, 0.403389075439, 0.175185035839, 0.590153305063, 0.991203961931, 0.383391348517, 12.7191831701, 98.6526584526, 0.12244735593
0.00713068438773, 0.392867838979, 0.495820579307, 0.408639478907, 0.69157407125, 0.70992606103, 0.402830084957, 0.0878996654214, 0.135838845854, 31.1531250701
0.998901761184, 0.674344403495, 0.300746792613, 0.694067074175, 0.535989573907, 0.409589586593, 0.115101466953, 85.721507411, 41.396782541, 0.139759729822
0.864220162432, 0.999984524818, 0.300746792613, 0.489575761086, 0.794975925346, 0.607250223667, 0.38403511319, 42.4978506593, 0.000657672149084, 6.6770492161
0.955117951594, 0.078973617395, 0.509734335502, 0.489575761086, 0.704643225124, 0.788787322036, 0.293143057975, 3.5383901826, 41.2663218125, 2.10542294723
0.720033563666, 0.096518555933, 0.495820579307, 0.489575761086, 0.711919822224, 0.788787322036, 0.396273397131, 3.20853616759, 30.0341510709, 12.9255595155
0.000616101043449, 0.114204658779, 0.403389075439, 0.00300664087582, 0.876010418475, 0.788787322036, 0.383391348517, 0.00779806822478, 0.0604834564359, 110.760170053
0.00713068438773, 0.99999035068, 0.701341512366, 0.489575761086, 0.510390113308, 0.788787322036, 0.298467118046, 0.297202333906, 2.86782810067e-06, 41.3825530898
0.00270055037026, 0.99999972515, 0.509734335502, 0.182734448866, 0.69157407125, 0.707719695941, 0.751635900901, 0.434127517893, 1.19320079548e-07, 160.321117662
0.019350163879, 0.99999972515, 0.509734335502, 0.298828439488, 0.590153305063, 0.707719695941, 0.38403511319, 1.02777988589, 2.8248561238e-07, 52.0870241715
0.664146735574, 0.773011280272, 0.495820579307, 0.489575761086, 0.698845163192, 0.60160990049, 0.396273397131, 8.90732865564, 2.61556743004, 5.82702896624
0.973228012088, 0.998691994435, 0.300746792613, 0.408639478907, 0.704643225124, 0.98559861893, 0.402830084957, 45.2085870677, 0.0592105311908, 1.24524665861
0.131029082452, 0.773011280272, 0.495820579307, 0.489575761086, 0.698845163192, 0.60160990049, 0.396273397131, 1.75732114356, 0.516023616611, 15.0765802918
0.955117951594, 0.638126639154, 0.195929836221, 0.408639478907, 0.704643225124, 0.494780517663, 0.509639133052, 18.3606160761, 10.4120678232, 1.35206022397
0.8484599286, 0.998691994435, 0.495820579307, 0.408639478907, 0.590153305063, 0.494780517663, 0.293143057975, 24.4621219018, 0.0320384981219, 4.37480509188
0.336064972894, 0.999977975092, 0.486608674651, 0.00300664087582, 0.193753797941, 0.301405130408, 0.298467118046, 14.5673411818, 0.000320851417091, 28.7800927409
0.955117951594, 0.179127955636, 0.495820579307, 0.408639478907, 0.69157407125, 0.612722167904, 0.402143508097, 6.02374074478, 27.6044035803, 1.58022367697
0.00700796352221, 0.674344403495, 0.495820579307, 0.408639478907, 0.69157407125, 0.70992606103, 0.402830084957, 0.148280185159, 0.0716077302602, 31.156975666
0.0322568076691, 0.743348599241, 0.498238951923, 0.408639478907, 0.704643225124, 0.494780517663, 0.308234303033, 0.567475273955, 0.195928699005, 22.9030412869
0.019350163879, 0.078973617395, 0.498238951923, 0.489575761086, 0.590153305063, 0.494780517663, 0.293143057975, 0.0461612637433, 0.538353733366, 29.6227225624
0.275285636473, 0.99999972515, 0.509734335502, 0.298828439488, 0.590153305063, 0.707719695941, 0.38403511319, 14.6217387, 4.01878930249e-06, 38.4930616211
0.000954779896667, 0.884445632293, 0.300746792613, 0.901408639392, 0.581643764268, 0.759176125522, 0.810394138691, 0.127712178845, 0.0166858193834, 151.092550677
0.664146735574, 0.404063895605, 0.495820579307, 0.489575761086, 0.698845163192, 0.60160990049, 0.396273397131, 4.65598628103, 6.86690980466, 5.82702896624
0.00713068438773, 0.114204658779, 0.300746792613, 0.408639478907, 0.69157407125, 0.70992606103, 0.59976210526, 0.0252000582468, 0.195456949237, 30.7240595843
0.998901761184, 0.114204658779, 0.403389075439, 0.175185035839, 0.590153305063, 0.991203961931, 0.383391348517, 12.7191831701, 98.6526584526, 0.12244735593
0.00713068438773, 0.392867838979, 0.495820579307, 0.408639478907, 0.69157407125, 0.70992606103, 0.402830084957, 0.0878996654214, 0.135838845854, 31.1531250701
0.998901761184, 0.998691994435, 0.495820579307, 0.408639478907, 0.535989573907, 0.70992606103, 0.115101466953, 131.307162052, 0.171975443573, 0.144554247391
0.864220162432, 0.999984524818, 0.300746792613, 0.489575761086, 0.794975925346, 0.607250223667, 0.38403511319, 42.4978506593, 0.000657672149084, 6.6770492161
0.955117951594, 0.078973617395, 0.509734335502, 0.489575761086, 0.704643225124, 0.788787322036, 0.293143057975, 3.5383901826, 41.2663218125, 2.10542294723
0.720033563666, 0.096518555933, 0.495820579307, 0.489575761086, 0.711919822224, 0.788787322036, 0.396273397131, 3.20853616759, 30.0341510709, 12.9255595155
0.000616101043449, 0.114204658779, 0.403389075439, 0.00300664087582, 0.876010418475, 0.788787322036, 0.383391348517, 0.00779806822478, 0.0604834564359, 110.760170053
0.000954779896667, 0.99394040803, 0.495820579307, 0.901408639392, 0.323337221483, 0.759176125522, 0.98904598085, 0.166482078469, 0.001014963732, 175.26250812
0.99263803436, 0.179127955636, 0.195929836221, 0.00300664087582, 0.897152158301, 0.607250223667, 0.38403511319, 10.337041854, 47.370543862, 0.427992126512
0.913075056427, 0.999984524818, 0.41830562282, 0.408639478907, 0.704643225124, 0.788787322036, 0.396273397131, 54.9708009046, 0.000850696310683, 5.23331316507
0.708289741948, 0.999666707527, 0.0984501773441, 0.314690524367, 0.306955674714, 0.60160990049, 0.402830084957, 27.5722528262, 0.00919268818246, 11.3594622538
0.00270055037026, 0.99999972515, 0.509734335502, 0.182734448866, 0.69157407125, 0.851653204622, 0.751635900901, 0.698751331448, 1.92052014711e-07, 258.045366415
0.000954779896667, 0.884445632293, 0.507626018767, 0.901408639392, 0.581643764268, 0.759176125522, 0.810394138691, 0.130746786045, 0.017082296118, 154.68270587
0.000954779896667, 0.938814616684, 0.495820579307, 0.901408639392, 0.581643764268, 0.759176125522, 0.98904598085, 0.142652316313, 0.00929708219213, 158.994047532
0.000954779896667, 0.938814616684, 0.495820579307, 0.901408639392, 0.581643764268, 0.759176125522, 0.98904598085, 0.142652316313, 0.00929708219213, 158.994047532
0.000954779896667, 0.938814616684, 0.495820579307, 0.901408639392, 0.581643764268, 0.759176125522, 0.98904598085, 0.142652316313, 0.00929708219213, 158.994047532
0.998901761184, 0.674344403495, 0.300746792613, 0.694067074175, 0.244998810329, 0.409589586593, 0.115101466953, 98.4473880965, 47.542387434, 0.160507914264
0.998901761184, 0.662027752091, 0.300746792613, 0.175185035839, 0.704643225124, 0.546707821322, 0.402830084957, 106.961745374, 54.6051149825, 0.177634082084
0.998901761184, 0.114204658779, 0.403389075439, 0.175185035839, 0.417704774589, 0.988469200877, 0.383391348517, 15.4024006159, 119.46425702, 0.148278643776
0.998901761184, 0.114204658779, 0.403389075439, 0.175185035839, 0.417704774589, 0.988469200877, 0.383391348517, 15.4024006159, 119.46425702, 0.148278643776
0.998901761184, 0.114204658779, 0.403389075439, 0.175185035839, 0.417704774589, 0.988469200877, 0.383391348517, 15.4024006159, 119.46425702, 0.148278643776
0.8484599286, 0.392867838979, 0.495820579307, 0.408639478907, 0.804514978959, 0.89847901784, 0.396273397131, 8.84152277394, 13.6635588253, 4.01954359594
0.275285636473, 0.179127955636, 0.397981754375, 0.408639478907, 0.590153305063, 0.494780517663, 0.293143057975, 1.3844589156, 6.34442355103, 20.3469828987
0.336064972894, 0.179127955636, 0.402436750316, 0.408639478907, 0.698845163192, 0.699397509089, 0.209361987516, 1.56067548069, 7.15195385264, 17.2128018662
0.275285636473, 0.179127955636, 0.397981754375, 0.408639478907, 0.590153305063, 0.494780517663, 0.293143057975, 1.3844589156, 6.34442355103, 20.3469828987
0.864220162432, 0.141737874431, 0.300746792613, 0.489575761086, 0.794975925346, 0.607250223667, 0.38403511319, 6.0236482374, 36.474860094, 6.6770492161
0.998901761184, 0.938814616684, 0.300746792613, 0.175185035839, 0.704643225124, 0.546707821322, 0.402830084957, 151.681330075, 9.8855302821, 0.177634082084
0.720033563666, 0.179127955636, 0.495820579307, 0.408639478907, 0.590153305063, 0.788787322036, 0.396273397131, 4.83283051, 22.146936511, 10.4903849031
0.998901761184, 0.114204658779, 0.403389075439, 0.175185035839, 0.417704774589, 0.988469200877, 0.441583551963, 23.1390882954, 179.471633043, 0.222759601974
0.8484599286, 0.998691994435, 0.495820579307, 0.408639478907, 0.69157407125, 0.70992606103, 0.293143057975, 31.20363483, 0.040867983567, 5.58045704651
0.708289741948, 0.999666707527, 0.300746792613, 0.314690524367, 0.306955674714, 0.801772554807, 0.38403511319, 41.9881581185, 0.0139990028153, 17.2986552917
0.00713068438773, 0.114204658779, 0.495820579307, 0.408639478907, 0.69157407125, 0.70992606103, 0.402830084957, 0.025551980336, 0.19818653094, 31.1531250701
0.864220162432, 0.965516448182, 0.495820579307, 0.287344023961, 0.704643225124, 0.699397509089, 0.293143057975, 27.0419062531, 0.965805375249, 4.40036312602
0.8484599286, 0.998691994435, 0.495820579307, 0.408639478907, 0.69157407125, 0.70992606103, 0.293143057975, 31.20363483, 0.040867983567, 5.58045704651
0.864220162432, 0.965516448182, 0.495820579307, 0.287344023961, 0.704643225124, 0.699397509089, 0.293143057975, 27.0419062531, 0.965805375249, 4.40036312602
0.999449841867, 0.884445632293, 0.495820579307, 0.175185035839, 0.704643225124, 0.546707821322, 0.402830084957, 142.688083991, 18.6424475659, 0.0888061615495
0.864220162432, 0.965516448182, 0.495820579307, 0.287344023961, 0.704643225124, 0.699397509089, 0.293143057975, 27.0419062531, 0.965805375249, 4.40036312602
0.955117951594, 0.638126639154, 0.195929836221, 0.408639478907, 0.590153305063, 0.494780517663, 0.284611820776, 30.8522116986, 17.4958900818, 2.27193075037
0.955117951594, 0.779082166869, 0.195929836221, 0.00300664087582, 0.590153305063, 0.409589586593, 0.0932787887948, 38.3519876009, 10.8751532988, 2.31323777035
0.965333699467, 0.638126639154, 0.195929836221, 0.00300664087582, 0.590153305063, 0.805870059543, 0.0932787887948, 31.0264122133, 17.5946769399, 1.74604210931
0.8484599286, 0.392867838979, 0.495820579307, 0.408639478907, 0.804514978959, 0.70992606103, 0.396273397131, 9.99121220972, 15.440271914, 4.5422167742
0.8484599286, 0.392867838979, 0.495820579307, 0.408639478907, 0.804514978959, 0.70992606103, 0.396273397131, 9.99121220972, 15.440271914, 4.5422167742
0.451382390971, 0.998646028692, 0.300746792613, 0.489575761086, 0.306955674714, 0.607250223667, 0.209361987516, 17.0195982096, 0.0230752909244, 20.7139466987
0.213779816065, 0.743348599241, 0.498238951923, 0.408639478907, 0.704643225124, 0.494780517663, 0.308234303033, 3.76090408363, 1.29850423095, 18.6070369453
