0.71553314163, 0.99999984891, 0.999741007992, 0.650154404837, 0.912511350746, 0.924597629623, 0.876009968937, 0.843889631988, 0.883022039584, 0.772971615482, 0.581250900615, 0.0344807470192, 108.665279406, 15.3804315553, 10.1161200742, 12.8630042455, 79.113500762, 0.058583194355, 3.41759960994e-05, 89.9267035538
0.99999999211, 0.95785460316, 0.999993455812, 0.869161478182, 0.998429882179, 0.9909398266, 0.716560375412, 0.156107572754, 0.443365671296, 0.87250217384, 0.0762649170757, 0.926609040846, 225.796352158, 89.3150605099, 2.88106700586, 0.500070829545, 47.9440191078, 0.00239804536833, 16.1232358841, 3.01851187844e-06
0.999589074857, 0.877324139349, 0.707137578573, 0.998074447689, 0.439929487081, 0.0747405917619, 0.0639303820968, 0.843889631988, 0.443208031798, 0.212901612892, 0.703887560975, 0.824241511977, 0.357213135736, 5.23032011559, 69.1714848352, 95.1750742668, 0.327848273272, 70.5143181746, 33.6676416937, 0.112822260632
0.681706204608, 0.999999992698, 0.999197510347, 0.882424825456, 0.977160140973, 0.522561899811, 0.0227367364488, 0.328259311127, 0.404157354942, 0.54839790769, 0.667618260496, 0.926609040846, 2.10805180385, 90.6076204123, 84.7095710895, 4.147086414, 24.1928805075, 0.165257069171, 1.50379964519e-06, 96.1504971763
0.999589074857, 0.999999211115, 0.999495559183, 0.999995176394, 0.343766185, 0.969020359238, 0.332394347774, 0.243452329726, 0.725480006663, 0.325735726461, 0.724167720881, 0.00343129498147, 29.9662074902, 60.1863708883, 2.88218350144, 177.599075709, 0.00130543726524, 0.136588313469, 0.000213607906999, 0.111312741474
0.790033210118, 0.675824805596, 0.999438575002, 0.566126067569, 0.984261577297, 0.971866040021, 0.00768307739334, 0.843889631988, 0.725480006663, 0.73310799972, 0.724167720881, 0.0270696124317, 0.780394110831, 100.792721827, 2.9403784689, 1.67117927901, 81.3789800098, 0.105362076826, 90.0198382297, 73.8012484969
0.999536125619, 0.999998715681, 0.992915574616, 0.672524776707, 0.343766185, 0.00367783638173, 0.136733473152, 0.878347727717, 0.564409480654, 0.208669620745, 0.72574014235, 0.387993673599, 0.0240969295708, 0.152135919748, 47.7413010013, 91.4723652772, 67.8736901934, 1.4788200234, 0.000268092173958, 0.0968753182119
0.92357910296, 0.995882312294, 0.999256852534, 0.998074447689, 0.439929487081, 0.951966362245, 0.96782281194, 0.699893754995, 0.443208031798, 0.21196748357, 0.547480507456, 0.00319492469654, 85.0102952755, 2.82633579658, 4.43199790016, 117.466411942, 0.4046349385, 0.156280907469, 0.869513460621, 17.4727368847
0.99999999211, 0.74342128775, 0.999958242613, 0.510993705991, 0.999330261137, 0.0165065693675, 0.821837654401, 0.843889631988, 0.883022039584, 0.772971615482, 0.331121365614, 0.0270696124317, 1.71946202708, 0.372754139789, 124.658298752, 0.084946637825, 121.377892286, 0.0103651738456, 85.6700275126, 2.63450552801e-06
0.99999999211, 0.675824805596, 0.356334082352, 0.999928773579, 0.997531050617, 0.0165065693675, 0.716560375412, 0.328259311127, 0.625529864484, 0.562203655104, 0.765137021047, 0.128689396888, 0.999327066999, 0.395289634244, 83.0939690365, 0.209114334322, 0.00603314374352, 153.005027778, 114.022573851, 2.77524858029e-06
0.999982923264, 0.999999992698, 0.999058768764, 0.0157417565205, 0.995991592519, 0.138161283128, 0.484273572711, 0.240444373928, 0.167386123459, 0.641406047055, 0.437293480721, 0.017200661797, 0.409535650571, 0.436134387294, 5.27522011832, 0.024633764056, 384.250802706, 0.367799401358, 2.85354062362e-06, 0.00667308989888
0.999711527036, 0.67765241858, 0.999818847544, 0.672169799609, 0.00476043231926, 0.00367783638173, 0.487662267719, 0.843889631988, 0.812794006153, 0.735012061516, 0.356549347204, 0.0270696124317, 0.00143699865393, 0.00150971006039, 0.798260416474, 167.504331417, 82.0858635115, 0.0453672358242, 119.12845681, 0.106640338963
0.664544123889, 0.999998114989, 0.999993455812, 0.0513002180505, 0.982046326364, 0.389922728952, 0.874199864233, 0.843889631988, 0.443208031798, 0.899544720455, 0.43943857868, 0.0651286329948, 4.3883812472, 0.631501993176, 7.85416299404, 0.235362037673, 242.433526442, 0.00167233186265, 0.000481705378976, 128.996854462
0.676545906375, 0.999999988401, 0.999058768764, 0.999996207356, 0.96975843424, 0.99690445467, 0.0914121853688, 0.328259311127, 0.949190199335, 0.31153946266, 0.518806866091, 0.926609040846, 16.8273620316, 167.254901877, 0.571604419695, 5.75836404698, 0.000722168514708, 0.179391469426, 2.21059970675e-06, 91.1214962145
0.999589074857, 0.968945895706, 0.509707179855, 0.428764681623, 0.999547477554, 0.133307132598, 0.00153405899237, 0.0582248488693, 0.758315534933, 0.154000195228, 0.680708324582, 0.387993673599, 0.0152769560896, 9.94324234831, 64.745055143, 0.0338203487147, 99.5712598094, 167.669370218, 10.9601798163, 0.145090803765
0.999589074857, 0.705938330975, 0.850397071299, 0.910421297246, 0.92925820534, 0.516329278279, 0.293428671446, 0.349223762271, 0.590759450295, 0.842591251702, 0.153920041393, 0.499519152521, 24.2465429549, 58.3852695242, 77.4052335595, 12.183166943, 16.9451915434, 33.2782172952, 92.6598540215, 0.129537171034
0.99999999211, 0.534958602429, 0.682458329102, 0.998074447689, 0.980047503508, 0.979505953099, 0.82822522723, 0.0353085138105, 0.967174187668, 0.15277069159, 0.859538753574, 0.395241388208, 110.602934215, 22.9391634883, 2.79408002057, 2.77562781191, 0.268383845791, 64.8523379951, 177.540055491, 3.012281573e-06
0.92357910296, 0.0283333963422, 0.707137578573, 0.998074447689, 0.950869188818, 0.972681036837, 0.998649094344, 0.362890807179, 0.443208031798, 0.953223943275, 0.24428805941, 0.144258392823, 8.42754739637, 0.0114002220716, 0.237018395947, 0.448281691201, 0.0176031119698, 3.78611552812, 443.352184101, 37.7545770439
0.999589074857, 0.999999966165, 0.999993455812, 0.999997597282, 0.644671363605, 0.0102072299373, 0.998809609996, 0.263597474696, 0.443208031798, 0.943126069378, 0.426679255154, 0.824241511977, 2.59794431502, 0.00309625269064, 252.222313436, 140.453012204, 0.000949739944927, 0.0025867858596, 1.33744891522e-05, 0.162497230354
0.681706204608, 0.999999211115, 0.707137578573, 0.999997844379, 0.321378504169, 0.953471155165, 0.709413231825, 0.843889631988, 0.725480006663, 0.842591251702, 0.153920041393, 0.0270696124317, 45.0095112054, 18.4366005757, 3.09613382057, 140.510325552, 0.000446327792605, 85.751415143, 0.000230989186735, 136.712717385
0.99999999211, 0.534958602429, 0.682458329102, 0.478125011922, 0.980047503508, 0.983933483857, 0.82822522723, 0.249728360757, 0.990082482573, 0.15277069159, 0.843380820542, 0.551178224484, 60.2162000024, 12.4889024536, 1.18719173749, 1.50435130479, 82.2956810237, 73.3728093223, 200.865736554, 3.40804307622e-06
0.418235645163, 0.983720421725, 0.826149424074, 0.999173486907, 0.999700008071, 0.999202944765, 0.998008761058, 0.491509702401, 0.0470925845185, 0.99971510943, 0.753187645695, 0.926609040846, 100.122558372, 0.199765718511, 0.0800262188959, 0.0301289332183, 0.0830774236616, 21.1519694946, 2.01347453191, 172.039849797
0.790033210118, 0.999903653045, 0.682412667097, 0.428764681623, 0.00493953444487, 0.0165065693675, 0.00605973905765, 0.00320683643222, 0.353522176711, 0.154000195228, 0.765137021047, 0.932410393325, 4.36783246089e-05, 0.00716427637334, 0.429463926507, 87.9667770832, 117.778293034, 95.9547099456, 0.029112732048, 80.3064134714
0.587213813765, 9.86379384837e-08, 0.999993455812, 0.615185853183, 0.977682295314, 0.00367783638173, 0.136733473152, 0.843889631988, 0.792301597781, 0.0632796360343, 0.0762649170757, 0.0735602821404, 5.68519546911e-09, 3.58934709545e-08, 1.12636187671e-05, 2.58065487062e-07, 7.23311033922e-06, 1.23007798825e-10, 190.560495307, 133.955887992
0.523809664981, 0.999999988401, 0.999757222276, 0.882424825456, 0.96975843424, 0.00367783638173, 0.0227367364488, 0.207184482896, 0.949190199335, 0.54839790769, 0.667618260496, 0.490927438674, 0.0112933979909, 0.485409284752, 134.556255412, 4.21157761477, 18.5557473243, 0.0383245535017, 1.83093497163e-06, 143.507745523
0.999982923264, 0.593189955863, 0.999058768764, 0.999996334293, 0.995991592519, 0.138161283128, 0.484273572711, 0.240444373928, 0.0758337878816, 0.641406047055, 0.153920041393, 0.14782657366, 17.9926490118, 19.1612450384, 231.762934231, 1.08226639092, 0.000989741199811, 0.254371936007, 185.340675831, 0.00778021074564
0.999589074857, 0.675824805596, 0.999058768764, 0.999995176394, 0.984261577297, 0.32148728959, 0.829998408724, 0.843889631988, 0.725480006663, 0.471431130267, 0.666402587373, 0.0238016486213, 62.5101428356, 12.8034266587, 158.952517947, 3.74593379859, 0.0011480817213, 0.224236487952, 114.276150717, 0.144916233442
0.999589074857, 0.999989951, 0.698555252618, 0.999963806939, 0.911287251084, 0.516329278279, 0.821837654401, 0.843889631988, 0.389679149873, 0.212901612892, 0.153920041393, 0.0344807470192, 88.1751605535, 19.1150811156, 100.503982255, 20.22852486, 0.00825314003406, 98.4013039949, 0.00328035105929, 0.134195734456
0.999929976819, 0.999998114989, 0.999058768764, 0.263133740188, 0.432010490175, 0.138161283128, 0.196865905853, 0.042133954708, 0.913153933793, 0.73310799972, 0.437293480721, 0.00652887734202, 0.951888549611, 3.88332425926, 30.1616596824, 46.0124392898, 226.854330955, 0.290043875353, 0.000580874275172, 0.0215794530444
0.999986501188, 0.999991587581, 0.750946417009, 0.999963806939, 0.977682295314, 0.705976058337, 0.000500908176435, 0.996845899239, 0.941273792001, 0.134821001945, 0.614487280346, 0.0270696124317, 0.0751517600077, 149.955858999, 62.4847098338, 4.85112916122, 0.00786745646804, 72.0929628885, 0.00243514398978, 0.00390755539447
0.798552923958, 0.999999966165, 0.980980050386, 0.999995176394, 0.947989692151, 0.0747405917619, 0.332394347774, 0.0628564438745, 0.443208031798, 0.490334448625, 0.547480507456, 0.734482448116, 7.00193441717, 14.0632084292, 260.778261785, 15.4629975005, 0.0014340958248, 5.76441902419, 1.02545982282e-05, 76.4545716185
0.727664598062, 0.675824805596, 0.999058768764, 0.9999967061, 0.439929487081, 0.971866040021, 0.62816013017, 0.843889631988, 0.725480006663, 0.73310799972, 0.724167720881, 0.0270696124317, 46.379699174, 27.4544984237, 2.13738136199, 96.7187752692, 0.00056882656074, 0.162695224796, 82.9132858772, 95.7231983412
0.99999999211, 0.675824805596, 0.356334082352, 0.999928773579, 3.75541262505e-05, 0.0165065693675, 0.716560375412, 0.328259311127, 0.625529864484, 0.562203655104, 0.765137021047, 0.128689396888, 3.76217410139e-05, 1.48814984964e-05, 0.00312824488212, 84.694519324, 0.00603314374352, 153.005027778, 114.022573851, 2.77524858029e-06
0.503253143598, 0.999987030862, 0.999997541368, 0.999997597282, 0.644671363605, 0.0102072299373, 0.998809609996, 0.263597474696, 0.443208031798, 0.943126069378, 0.149180330954, 0.473466731426, 1.48167207996, 0.00176586970617, 143.848641251, 80.1038365316, 0.000541660247099, 0.000554266679029, 0.00292376173517, 222.525344655
0.418235645163, 0.999999988401, 0.999058768764, 0.999996207356, 0.96975843424, 0.99690445467, 0.0914121853688, 0.328259311127, 0.949190199335, 0.31153946266, 0.326470433942, 0.926609040846, 11.3282788123, 112.596980896, 0.384807447807, 3.87656444931, 0.000486168079629, 0.120767389351, 1.48818868778e-06, 178.475832372
0.965954810402, 0.999999988401, 0.999058768764, 0.999928773579, 0.96975843424, 0.996992358572, 0.315290133501, 0.328259311127, 0.513247457718, 0.73310799972, 0.765137021047, 0.0763036925229, 86.1992994572, 187.197455779, 0.824759989724, 8.55149869578, 0.0201423443414, 0.266424519108, 3.28308790654e-06, 9.97646795006
0.999899979182, 0.705938330975, 0.999993455812, 0.998074447689, 0.491128964644, 0.664467878486, 0.874199864233, 0.759461811414, 0.949190199335, 0.967665644681, 0.153920041393, 0.0651286329948, 96.76987666, 13.9254924647, 55.8971370126, 172.610672926, 0.654413572959, 0.00222410641704, 141.570078519, 0.0481578285398
0.999589074857, 0.999991012403, 0.707137578573, 0.998074447689, 0.950869188818, 0.972681036837, 0.998649094344, 0.362890807179, 0.443208031798, 0.953223943275, 0.252701956589, 0.144258392823, 323.388140921, 0.437457833036, 9.09504685343, 17.2017997536, 0.67547975545, 145.283651858, 0.00445862121284, 0.203938028512
0.999999929928, 0.999999992698, 0.999993455812, 0.985286725977, 0.9794006574, 0.953471155165, 0.0141611258508, 0.328259311127, 0.949190199335, 0.54839790769, 0.771075580968, 0.4399739407, 5.58300668706, 388.66578016, 19.2391143982, 8.69672577246, 6.30447761245, 0.00280413145944, 3.12904636609e-06, 3.00251342107e-05
0.99999999211, 0.999999211115, 0.707137578573, 0.999997844379, 0.321378504169, 0.953471155165, 0.709413231825, 0.249728360757, 0.992738899013, 0.842591251702, 0.843380820542, 0.0270696124317, 60.0618750461, 24.6022845038, 4.13156236708, 187.500672413, 0.000595591540346, 114.428942759, 0.000308238043452, 3.08292818401e-06
0.999899979182, 0.217852901827, 0.999993455812, 0.9999967061, 0.982046326364, 0.951966362245, 0.874199864233, 0.843889631988, 0.97366410108, 0.899544720455, 0.43943857868, 0.0651286329948, 63.0696080607, 9.07591682573, 3.64026728827, 1.38550834354, 0.000254195352472, 0.000505028440649, 277.067241617, 0.0354348487803
0.999711527036, 0.999998715681, 0.999197880209, 0.999996357011, 0.999547477554, 0.36289450654, 0.00153405899237, 0.976127404817, 0.725480006663, 0.924005030328, 0.117626152667, 0.064920782683, 0.162433616553, 105.722423068, 185.893758798, 0.132096149295, 0.00106343132266, 0.234336177745, 0.000375209265438, 0.0843006812915
0.999982923264, 0.999999992698, 0.707137578573, 0.0157417565205, 0.192430408582, 0.848199268424, 0.136733473152, 0.942019485314, 0.748003527209, 0.899764092568, 0.437293480721, 0.0270696124317, 0.0913085997154, 0.576476673421, 0.119512356084, 3.3040392599, 255.812116947, 107.63952749, 2.68396907056e-06, 0.00627654176197
0.92357910296, 0.720762549436, 0.707137578573, 0.835934536149, 0.950869188818, 0.581569020175, 0.998649094344, 0.243452329726, 0.443208031798, 0.79535466293, 0.24428805941, 0.144258392823, 88.0025285927, 0.119043930771, 63.4022698177, 7.82914135318, 31.2755605317, 78.9491871834, 104.439663945, 30.9478037887
0.999999590167, 0.536169475688, 0.999994185702, 0.653762614806, 0.343766185, 0.0628227896562, 0.897648915406, 0.150873578276, 0.914451784648, 0.243773692288, 0.493973872302, 0.0270696124317, 2.07294822636, 0.236360224621, 34.4497795109, 70.1714059781, 56.6311590489, 0.000951001722974, 141.495052976, 0.00012502282616
0.99999999211, 0.95785460316, 0.999993455812, 0.490042329618, 0.998429882179, 0.995464868691, 0.716560375412, 0.843889631988, 0.443365671296, 0.87250217384, 0.703887560975, 0.824241511977, 106.920848475, 42.2931635523, 0.679788065828, 0.235721036652, 156.230791145, 0.00200489249387, 13.479876164, 2.5236352438e-06
0.999999999976, 0.999989951, 0.999993455812, 0.999986566476, 0.728970767488, 0.924597629623, 0.00150767615889, 0.992915631646, 0.541598243556, 0.325735726461, 0.0786202367664, 0.0344807470192, 0.30598453799, 202.645117518, 16.5509770688, 81.6102410321, 0.00404505405199, 0.00197057489564, 0.00302596842854, 7.18920958764e-09
0.999999864148, 0.118338505159, 0.999818847544, 0.999999814709, 0.82268555485, 0.951482490402, 0.0591543109871, 0.890137599369, 0.773087550261, 0.498110214081, 0.55177927139, 0.485011865603, 1.08418691062, 17.243926333, 0.934577797464, 4.1517118587, 4.33847368027e-06, 0.00424234588788, 174.476782276, 2.68845445227e-05
0.999850403272, 0.999999654715, 0.999058768764, 0.882424825456, 0.945965164331, 0.377089271234, 0.821837654401, 0.968533027324, 0.692649428092, 0.0134629212618, 0.533546512498, 0.411562922893, 53.1461254153, 11.5213002383, 106.823599381, 9.79580401678, 24.1548401102, 0.193550291789, 7.10027546299e-05, 0.0307669692607
0.92357910296, 0.720762549436, 0.707137578573, 0.999150752075, 0.950869188818, 0.972681036837, 0.998649094344, 0.362890807179, 0.443208031798, 0.953223943275, 0.24428805941, 0.00343129498147, 175.682941266, 0.237652124685, 4.94094983698, 9.34500185189, 0.16166981141, 78.8413712764, 104.297037308, 30.9055403322
0.741545346025, 0.999999997891, 0.999438575002, 0.428764681623, 0.999547477554, 0.133307132598, 0.00153405899237, 0.122943322141, 0.725480006663, 0.154000195228, 0.00010334996402, 0.572704725867, 0.0181598194378, 11.8195983946, 76.9628782061, 0.0402024737375, 118.361019612, 0.116393649325, 4.37201413327e-07, 72.2577082084
0.92357910296, 0.999999692478, 0.620683704313, 0.993944077082, 0.343766185, 0.134795413817, 0.993612156753, 0.170189641562, 0.16413337141, 0.243773692288, 0.547480507456, 0.0270696124317, 11.1406795922, 0.0716224277449, 71.9678426337, 158.787065279, 1.47426279381, 148.773549248, 0.000120614679213, 32.4535634614
0.651809322643, 0.924819024063, 0.999818847544, 0.672169799609, 0.00476043231926, 0.955208892248, 0.487662267719, 0.843889631988, 0.634553947191, 0.915231070947, 0.356549347204, 0.0270696124317, 0.338015435322, 0.35511884571, 0.0325020553305, 151.705127867, 74.3434292995, 0.041088145324, 18.4384120438, 131.012317199
0.725737790024, 0.675824805596, 0.999058768764, 0.9999967061, 0.977682295314, 0.98452590264, 0.62816013017, 0.843889631988, 0.806539308731, 0.73310799972, 0.724167720881, 0.0169593592252, 81.8023043259, 48.4229366548, 2.04679028985, 3.0193940774, 0.000445637838442, 0.127460905145, 64.9570537782, 75.7238648944
0.676545906375, 0.999999989407, 0.202208196332, 0.999996207356, 0.96975843424, 0.99690445467, 0.0914121853688, 0.328259311127, 0.949190199335, 0.772971615482, 0.130833746481, 0.926609040846, 4.48681856761, 44.5965563622, 0.152411609069, 1.53540018195, 0.000192557757696, 200.313295822, 2.65986112094e-06, 120.042655055
0.999764205592, 0.999999654715, 0.999058768764, 0.999996207356, 0.945965164331, 0.999915064687, 0.821837654401, 0.968533027324, 0.692649428092, 0.0134629212618, 0.533546512498, 0.411562922893, 159.688534791, 34.618131417, 0.0165048993633, 11.10000771, 0.000779099903835, 0.193533605706, 7.09966334415e-05, 0.0484949061658
0.607450151431, 0.675824805596, 0.356334082352, 0.999928773579, 0.997531050617, 0.0165065693675, 0.991169581954, 0.844631014106, 0.655548513204, 0.562203655104, 0.765137021047, 0.128689396888, 1.04791513689, 0.00933596924641, 62.9930722892, 0.158528405026, 0.00457369246377, 115.992254157, 86.4398742831, 172.313187464
0.999887988843, 0.924819024063, 0.415015097325, 0.999963806939, 0.911287251084, 0.955208892248, 0.000506281768639, 0.878347727717, 0.981852315036, 0.73310799972, 0.656810525903, 0.0344807470192, 0.0593063660448, 117.081720071, 5.49290985445, 11.9382703817, 0.00487075641484, 189.693240197, 26.3607887729, 0.0392789956044
0.999711527036, 0.999998114989, 0.999818847544, 0.672169799609, 0.00476043231926, 0.00367783638173, 0.487662267719, 0.843889631988, 0.958948112879, 0.899544720455, 0.356549347204, 0.0270696124317, 0.00216908054553, 0.00227883492612, 1.2049358118, 252.839754285, 123.904673897, 0.0684796665336, 0.000712577633039, 0.109080883297
0.664544123889, 0.67765241858, 0.999993455812, 0.0513002180505, 0.739986252251, 0.389922728952, 0.874199864233, 0.843889631988, 0.730083210468, 0.523594530678, 0.43943857868, 0.0651286329948, 2.30073695567, 0.331083352023, 4.1177741947, 2.3716486043, 168.680011027, 0.00116357238692, 84.577547053, 132.447038185
0.999711527036, 0.924819024063, 0.698555252618, 0.672169799609, 0.998429882179, 0.00367783638173, 0.250110884811, 0.887697918876, 0.736130426348, 0.735012061516, 0.614637344432, 0.926609040846, 0.109197176076, 0.327397881186, 118.273160339, 0.186681414343, 57.988089807, 76.330270572, 20.5844982412, 0.0790064854876
0.756091344331, 0.521917995359, 0.999994086824, 0.927370466212, 0.677945109823, 0.00367783638173, 0.0998209724705, 0.0511306940368, 0.587886741392, 0.889994483738, 0.0762649170757, 0.926609040846, 0.0237678931398, 0.214337312124, 64.5024597766, 30.7547251881, 7.47897270471, 0.000608908563053, 94.3259929099, 63.6475857452
0.999887988843, 0.67765241858, 0.999818847544, 0.999967234939, 0.911287251084, 0.955208892248, 0.00150767615889, 0.843889631988, 0.932543127081, 0.73310799972, 0.356549347204, 0.0344807470192, 0.398111878723, 263.658513528, 12.3819918943, 26.9109763339, 0.00993959348973, 0.0549642814035, 144.329049463, 0.0501578909927
0.999711527036, 0.924819024063, 0.415015097325, 0.672169799609, 0.00476043231926, 0.00367783638173, 0.750650226899, 0.878347727717, 0.736130426348, 0.735012061516, 0.242666494338, 0.0270696124317, 0.00128851518167, 0.000428016880131, 0.465006802976, 97.5754929463, 47.8170834646, 205.596106783, 28.5707362993, 0.10965890139
0.999589074857, 0.999999988401, 0.999058768764, 0.999996207356, 0.96975843424, 0.99690445467, 0.0914121853688, 0.0582248488693, 0.949190199335, 0.31153946266, 0.518806866091, 0.926609040846, 28.5323682823, 283.596350304, 0.969208826908, 9.76384553823, 0.001224504351, 0.304175037227, 3.74827883536e-06, 0.132852110468
0.676545906375, 0.968945895706, 0.509707179855, 0.428764681623, 0.999547477554, 0.133307132598, 0.00153405899237, 0.328259311127, 0.758315534933, 0.154000195228, 0.680708324582, 0.387993673599, 0.00912198707654, 5.9371858941, 38.6597665673, 0.0201943883382, 59.454759171, 100.116660629, 6.54440701763, 100.755015877
0.999589074857, 0.999991012403, 0.698555252618, 0.942276612656, 0.911287251084, 0.924597629623, 0.556384852704, 0.472834487606, 0.913153933793, 0.54839790769, 0.252701956589, 0.926609040846, 107.441175517, 85.6646845633, 15.7480823196, 20.3316872152, 14.0397954212, 104.95809248, 0.00312936115595, 0.143137466535
0.99999999211, 0.999998114989, 0.999993455812, 0.998074447689, 0.982046326364, 0.712479342166, 0.941603529375, 0.843889631988, 0.949190199335, 0.899544720455, 0.43943857868, 0.0651286329948, 262.291041473, 16.2667944848, 112.41186586, 7.14766935061, 0.768074792349, 0.00261039829402, 0.0007519099095, 3.14733289068e-06
0.999996634524, 0.999998472628, 0.999058768764, 0.999997100277, 0.432010490175, 0.138161283128, 0.763368155509, 0.042133954708, 0.200619253007, 0.119287429995, 0.707868173313, 0.0401503290633, 11.7736643912, 3.6496465057, 96.2093444151, 146.769994278, 0.000749298263183, 0.243446489985, 0.000395050591901, 0.000870473959838
0.418235645163, 0.983720421725, 0.554581863191, 0.999173486907, 0.00493953444487, 0.999202944765, 0.998008761058, 0.491509702401, 0.0470925845185, 0.99971510943, 0.765137021047, 0.932410393325, 0.329843991711, 0.000658108652756, 0.00026363856369, 66.6321722908, 0.0553915268673, 53.8264618165, 1.99985910309, 170.876489501
0.459197196396, 0.593189955863, 0.999058768764, 0.999996334293, 0.995991592519, 0.138161283128, 0.484273572711, 0.240444373928, 0.0758337878816, 0.641406047055, 0.153920041393, 0.14782657366, 8.26231507532, 8.79894025825, 106.426707048, 0.496982179299, 0.000454494145387, 0.116808874571, 85.1093721099, 246.391332352
0.999887988843, 0.67765241858, 0.415015097325, 0.999963806939, 0.945782113183, 0.955208892248, 0.00150767615889, 0.843889631988, 0.195826178375, 0.73310799972, 0.242666494338, 0.00196367529882, 0.113786306012, 75.3575311525, 3.53895775037, 4.52934148248, 0.00302366390469, 117.757603645, 95.7550582178, 0.033277235525
0.676545906375, 0.999999988401, 0.999958242613, 0.999996765909, 0.601609454967, 0.99690445467, 0.206865220412, 0.980940859332, 0.997813780846, 0.487481708264, 0.765137021047, 0.411562922893, 14.0133273725, 53.7280133159, 0.210347531106, 44.9981460268, 0.000365291173713, 0.00471670212734, 1.31011611924e-06, 54.0033279815
0.681706204608, 0.720762549436, 0.707137578573, 0.998074447689, 0.950869188818, 0.972681036837, 0.998649094344, 0.362890807179, 0.443208031798, 0.953223943275, 0.24428805941, 0.178836387034, 139.058383527, 0.188108874215, 3.91091185328, 7.39685277473, 0.290459392328, 62.4726365126, 82.643297492, 138.186271555
0.798552923958, 0.999999966165, 0.980980050386, 0.999995176394, 0.587581518926, 0.0747405917619, 0.332394347774, 0.0628564438745, 0.443208031798, 0.232608982025, 0.547480507456, 0.734482448116, 5.1133269815, 10.2699880951, 190.439447548, 144.465250179, 0.00168965946592, 6.79166970666, 1.20820231576e-05, 90.0791902561
0.99999999211, 0.675824805596, 0.356334082352, 0.999928773579, 0.96975843424, 0.99690445467, 0.716560375412, 0.328259311127, 0.165721146328, 0.562203655104, 0.765137021047, 0.128689396888, 63.7882238543, 25.2318029893, 0.276421202699, 2.78467741081, 0.00655907616707, 166.343066534, 123.962361656, 3.01717770942e-06
0.531364235837, 0.521917995359, 0.999994185702, 0.231407793359, 0.998733054558, 0.996612329981, 0.247225706126, 0.534151433715, 0.534177887895, 0.913986696113, 0.0762649170757, 0.380449462587, 4.27445794743, 13.015240662, 0.0587708900057, 0.0220074465893, 57.6938788991, 0.000436449072495, 68.7600862531, 126.846101634
0.99999999211, 0.999999978115, 0.999993455812, 0.999999814709, 0.00476043231926, 0.0167634148798, 0.96782281194, 0.890137599369, 0.555306251361, 0.87250217384, 0.0762649170757, 0.0270696124317, 0.0233423881922, 0.000776063970974, 1.4146368573, 300.79331375, 5.60008249008e-05, 0.00197787668526, 6.61432695891e-06, 2.38470303994e-06
0.9999999605, 0.625610070923, 0.788833551468, 0.999996207356, 0.0269550613496, 0.970735089167, 0.995840699377, 0.503968305135, 0.625529864484, 0.325735726461, 0.769381725716, 0.926609040846, 3.12981390868, 0.0130722081836, 0.094749106109, 116.874694739, 0.000455545013284, 32.153538971, 91.1222198488, 9.61376590909e-06
0.999974652002, 0.67765241858, 0.999818847544, 0.672169799609, 0.911287251084, 0.955208892248, 0.545091911012, 0.843889631988, 0.932543127081, 0.53335911411, 0.356549347204, 0.0344807470192, 96.3334966854, 80.3954085491, 8.28707050513, 18.0110890191, 99.0202228118, 0.0547265218089, 143.704723712, 0.0113005946303
0.999711527036, 0.924819024063, 0.415015097325, 0.999967234939, 0.7662458611, 0.0337851495424, 0.000875177882777, 0.992313523403, 0.736130426348, 0.735012061516, 0.242666494338, 0.0270696124317, 0.00305347717532, 3.48592543261, 99.780621996, 31.5038525619, 0.00441600506077, 189.976266802, 26.4001196659, 0.101327739293
0.986397091729, 0.67765241858, 0.999314484459, 0.043074319491, 0.927219378455, 0.343763653973, 0.757903778404, 0.982112352408, 0.907876831473, 0.281696585386, 0.00217680985911, 0.0270696124317, 1.1629884622, 0.3714918971, 2.92928520046, 0.350376231797, 106.949476263, 0.0766682543733, 53.2004974947, 2.27599479148
0.905167780307, 0.999999577656, 0.140405918738, 0.173516366484, 0.719831853835, 0.924597629623, 0.302820988088, 0.602955263124, 0.924390516729, 0.727178465827, 0.28953517255, 0.4399739407, 0.984930746897, 2.26758735997, 0.265247894972, 1.36916138696, 23.2771443228, 172.426273516, 8.47182034497e-05, 21.0153698959
0.999711527036, 0.924819024063, 0.764189861615, 0.672169799609, 0.00476043231926, 0.00367783638173, 0.333860316659, 0.878347727717, 0.987761194486, 0.735012061516, 0.356549347204, 0.0270696124317, 0.000887993193105, 0.0017717814156, 0.720530256878, 151.193691249, 74.0927986675, 69.741011471, 24.0423531916, 0.0922782671821
0.999899979182, 0.705938330975, 0.999993455812, 0.998074447689, 0.950869188818, 0.972681036837, 0.874199864233, 0.759461811414, 0.949190199335, 0.967665644681, 0.153920041393, 0.0651286329948, 274.259621771, 39.4668302593, 8.81139968971, 16.6653273429, 0.654413572959, 0.00222410641704, 141.570078519, 0.0481578285398
0.999589074857, 0.999991012403, 0.931825747189, 0.998074447689, 0.491128964644, 0.664467878486, 0.998649094344, 0.362890807179, 0.443208031798, 0.953223943275, 0.252701956589, 0.144258392823, 150.360303494, 0.203397355122, 76.0291950966, 234.77858132, 0.890108865525, 33.8199908435, 0.00445862121284, 0.203938028512
0.99999999211, 0.999999211115, 0.999993455812, 0.999997844379, 0.321378504169, 0.953471155165, 0.709413231825, 0.249728360757, 0.949190199335, 0.919209414829, 0.843380820542, 0.0270696124317, 92.1565605362, 37.7487702384, 6.3393055428, 287.693600217, 0.000913852053413, 0.00277435551019, 0.000334441659716, 3.34501091137e-06
0.681706204608, 0.837385460233, 0.727753719297, 0.478125011922, 0.980047503508, 0.983933483857, 0.82822522723, 0.843889631988, 0.725480006663, 0.15277069159, 0.153920041393, 0.551178224484, 74.0160483078, 15.3510053321, 1.45926247403, 1.8491060353, 101.155521304, 72.5104551734, 51.7216813707, 148.506063495
0.99999999211, 0.999999988401, 0.999958242613, 0.615185853183, 0.999547477554, 0.00483467888499, 0.00153405899237, 0.843889631988, 0.883022039584, 0.930065086016, 0.331121365614, 0.0270696124317, 0.00159023263184, 1.03502742011, 213.376309741, 0.0970705890186, 134.181372069, 0.0145610484412, 4.04449205415e-06, 2.75137741674e-06
0.101908509255, 0.999999704516, 0.707137578573, 0.522056232966, 2.8319403188e-06, 0.118310329638, 0.0717004616784, 0.843889631988, 0.944448330112, 0.868774714494, 0.189244622094, 0.278253863326, 3.10560124026e-07, 4.02079446918e-06, 3.2278758881e-05, 12.9275357794, 11.8352243615, 10.2555610641, 1.03473677797e-05, 308.607187922
0.999982923264, 0.999999992698, 0.162750696194, 0.0157417565205, 0.192430408582, 0.848199268424, 0.136733473152, 0.943769882394, 0.748003527209, 0.899764092568, 0.437293480721, 0.0103688970274, 0.0185571662401, 0.117160634328, 0.0242891761182, 0.671498697834, 51.9901520254, 271.733990511, 2.37005565534e-06, 0.00554244587321
0.999589074857, 0.900260419568, 0.999162320326, 0.999995176394, 0.984261577297, 0.544537471715, 0.829998408724, 0.843889631988, 0.725480006663, 0.471431130267, 0.153920041393, 0.0238016486213, 152.008136812, 31.1345478177, 153.184371161, 5.37789698641, 0.00164825796747, 0.286480653342, 37.8893104005, 0.156167399504
