0.999694143483, 0.999918401527, 0.958139516472, 0.150668487466, 0.524451407896, 0.983952593566, 0.683103917962, 0.419735868447, 0.536177491677, 0.558300927502, 0.0382956846083, 0.789919111151, 16.3851981389, 7.60119354773, 0.391197074733, 22.1044844953, 262.023534243, 13.478406515, 0.0262755479479, 0.098519078284
0.999621875307, 4.44978098412e-05, 0.999708909481, 0.134394055747, 0.999993431929, 0.175685018179, 0.701646475383, 0.153210407867, 0.364779686401, 0.558300927502, 0.770087887815, 0.943092591186, 0.000334377366555, 0.000142183662804, 0.00223602672741, 1.78165852174e-08, 0.0174713643074, 5.87707302789e-06, 453.706567175, 0.171630188135
3.26002684459e-07, 3.45511704832e-05, 5.29612096489e-06, 0.278995617296, 0.00129494353059, 0.885891958275, 0.01967214879, 0.186371070977, 0.37778510235, 0.508647322716, 0.384633443481, 0.492138318553, 3.75969028066e-20, 1.87357727587e-18, 2.46170360716e-19, 1.66381842076e-15, 4.30535733822e-15, 1.12748585582e-09, 3.26313943991e-05, 100.098903501
2.54748074469e-07, 0.999996790159, 0.903958623481, 0.999808164888, 0.027151683232, 0.000427456086482, 0.839567890466, 0.706400010556, 0.150235447214, 0.69842445192, 0.00130462911731, 0.847672026956, 5.22851929527e-10, 9.99112031086e-11, 1.45628275846e-06, 5.22011129942e-05, 1.02954670009e-08, 5.70200738889e-06, 1.90569886164e-10, 233.055723545
0.999694143483, 0.999996790159, 0.999998649958, 0.966323890585, 0.00438695666282, 0.932470212111, 0.99913475974, 0.153210407867, 0.150235447214, 0.558300927502, 0.617573745283, 0.156541982554, 1.71776513687, 0.00148756665642, 0.124508824934, 418.438833028, 14.6467274353, 0.000587173552864, 0.00139606020928, 0.133067273614
0.999916012747, 0.999805377096, 0.999916375332, 0.999808164888, 0.982586230524, 0.999921020962, 0.00309085346742, 0.153210407867, 0.174510823669, 0.112615569289, 0.943828942479, 0.943092591186, 1.20207648048, 387.712018978, 0.0307184872929, 6.89302894604, 0.0759501666654, 0.0331109285542, 0.0770753369685, 0.0332637600748
0.998619150659, 0.999805377096, 0.999708909481, 0.999808164888, 0.987158029335, 0.000427456086482, 0.839567890466, 0.566614837209, 0.423368696147, 0.558300927502, 0.943828942479, 0.33760762161, 0.14410755673, 0.0275373553329, 401.378169187, 5.22377449192, 0.0780484291822, 0.118465138246, 0.0792211214284, 0.562851002298
3.26002684459e-07, 8.92777013206e-07, 1.36361083403e-06, 0.999975171078, 0.999993431929, 0.175685018179, 0.322189020219, 0.153210407867, 0.37778510235, 0.508647322716, 0.384633443481, 0.500514367132, 3.97582738884e-18, 8.36421879317e-18, 5.78995582529e-17, 4.6134171878e-22, 1.74402839201e-21, 5.15115546678e-11, 5.76981465239e-05, 176.986822429
0.999999999471, 4.44978098412e-05, 0.999990337455, 0.999808164888, 0.637731884238, 0.994195778246, 0.137410258655, 0.0028250090283, 0.380731227868, 0.965399827633, 0.721129973422, 0.180201925956, 0.000834876564928, 0.00524091845286, 3.54711439994e-05, 0.00347154804718, 1.83867295501e-06, 9.26130389386e-08, 215.388555729, 1.13925542824e-07
3.26002684459e-07, 9.55072047693e-06, 5.29612096489e-06, 0.203884439528, 0.00867648513342, 0.981727880697, 0.415766432088, 0.201362834143, 0.37778510235, 0.0905589668127, 0.384633443481, 0.520707197887, 1.46476091657e-18, 2.0582770286e-18, 6.55714999142e-20, 4.10013141714e-16, 1.61500696521e-15, 3.83034675012e-10, 4.01051466505e-05, 123.022044065
1.00257191887e-06, 2.96398805832e-07, 0.999990337455, 0.482682209038, 0.990651275134, 0.049646325801, 0.239012663892, 0.267519059748, 0.37778510235, 0.0225780783198, 0.231469532919, 0.436394111467, 5.53202624565e-13, 1.76133006821e-12, 4.43058899756e-11, 4.39954518415e-13, 5.04372647515e-11, 9.42084499094e-16, 0.000328943818956, 328.099740749
0.999694143483, 0.999996790159, 0.999998649958, 0.964008368922, 0.982586230524, 0.980617427187, 0.99913475974, 0.151833493881, 0.37778510235, 0.141456418448, 0.771530819302, 0.156541982554, 384.002805167, 0.332542416119, 7.59665049048, 6.94596896714, 14.8922655628, 0.000558607859398, 0.00132814259309, 0.126593618712
3.26002684459e-07, 4.44978098412e-05, 0.999708909481, 0.134394055747, 0.999994831424, 0.987930840254, 0.862682553748, 0.634868257496, 0.468667780932, 0.141456418448, 0.770087887815, 0.780183334724, 5.91412450904e-10, 9.41380431153e-11, 8.37509883207e-12, 3.58662558308e-15, 4.46946272517e-09, 1.50345206986e-12, 0.000116065611962, 356.042279869
0.999621875307, 0.999805377096, 5.29612096489e-06, 0.230236052818, 0.987260462844, 0.999940713492, 0.0942395547649, 0.153210407867, 0.364779686401, 0.558300927502, 0.943828942479, 0.0620809016965, 5.46339391173e-05, 0.000525100751412, 3.43724833958e-08, 7.48129779148e-06, 0.00196339430851, 481.603644952, 0.0937498423094, 0.182211542478
0.999992260908, 0.999704209376, 0.995865230097, 0.999959072174, 0.993384505857, 0.775079912694, 0.00309085346742, 0.432354357875, 0.327649276715, 0.27041148262, 0.527291744592, 0.227793619996, 0.756446554112, 243.980666378, 71.0201514786, 2.1028014037, 0.0130098538476, 1.31978905016, 0.0944421917392, 0.00247101304645
1.11127553104e-07, 3.45511704832e-05, 0.999708909481, 0.35325981827, 0.999994118513, 0.142125647663, 0.899267013349, 0.0116687835386, 0.364779686401, 0.558300927502, 0.293032658664, 0.780183334724, 4.23622375457e-11, 4.74528104095e-12, 2.84342289111e-10, 1.94942932692e-15, 6.06814470689e-10, 2.73199929105e-13, 2.71628135019e-05, 244.437569837
0.999621875307, 0.999805377096, 5.29612096489e-06, 0.230236052818, 0.982586230524, 0.999940713492, 0.0942395547649, 0.153210407867, 0.364779686401, 0.558300927502, 0.943828942479, 0.611302084441, 4.49918838531e-05, 0.000432428494091, 2.83062654034e-08, 8.46152842896e-06, 0.00162457685788, 398.494654316, 0.0775716948883, 0.150767807497
0.999155133261, 0.999704209376, 0.706247281392, 0.966323890585, 0.00438695666282, 0.338745049959, 0.940164408362, 0.0236846586402, 0.246169192962, 0.558300927502, 0.252689848326, 0.436394111467, 0.417519253159, 0.0265724923333, 0.866899353998, 297.527406508, 10.4144321312, 128.628968729, 0.129559652928, 0.370374144486
0.99985874547, 0.776170363736, 0.990049021054, 0.64397636401, 0.999996758867, 0.997649354348, 0.995131819697, 0.573910473811, 0.150235447214, 0.141456418448, 0.943828942479, 0.156541982554, 229.681745205, 1.12360204531, 0.543819913788, 0.000749835765901, 127.902269772, 3.61084236306, 104.641330846, 0.0660464381039
0.999916012747, 0.561635820185, 0.991864903549, 0.999990848108, 0.999987930786, 0.957686989122, 0.839567890466, 0.45088513501, 0.37778510235, 0.950456331423, 0.331716028701, 0.324605693824, 167.904013257, 32.0845941727, 8.83599779235, 0.00252037922481, 0.00191118087807, 1.71277796987, 164.330668778, 0.0314871548235
0.971428727155, 0.999805377096, 4.73698523862e-06, 0.999962157089, 0.637731884238, 0.971199248263, 0.834906242291, 0.181474845854, 0.582671641039, 0.27041148262, 0.943828942479, 0.263678639331, 0.000764555461062, 0.000151182645009, 2.71560608151e-05, 0.000535617712777, 5.59533111352e-08, 312.131187779, 0.06075999129, 9.18210807941
0.999969012747, 0.990346024735, 0.466725492588, 0.797526559856, 0.742119695096, 0.983952593566, 0.0121797954435, 0.522146964052, 0.37778510235, 0.237483845498, 0.231469532919, 0.447322676062, 1.1317996102, 91.7925533025, 1.51551494305, 32.817053743, 32.3075719295, 182.316325202, 3.33268260299, 0.0106975495247
0.999998210775, 0.999869386923, 0.41369483862, 0.797526559856, 0.530134433041, 0.000427456086482, 0.317731900479, 0.266777504269, 0.246169192962, 0.466544387409, 0.231469532919, 0.447322676062, 0.0101634621121, 0.0218240786314, 74.8003560731, 66.3249533844, 35.8365538696, 250.842888547, 0.0558883727746, 0.000765597386825
0.999682259664, 0.927054135892, 0.867741417928, 0.931026835423, 0.996452220396, 0.999962670122, 0.00309085346742, 0.573910473811, 0.423368696147, 0.558300927502, 0.943828942479, 0.943092591186, 0.932066743529, 300.624365276, 0.0112574849269, 1.07370496671, 22.4205510674, 49.5449809289, 29.4761922676, 0.12843431482
0.919428814644, 2.96273186861e-05, 0.999708909481, 0.564055164675, 0.530134433041, 0.000427456086482, 0.0942395547649, 0.266777504269, 0.246169192962, 0.0989578842727, 0.231469532919, 0.436394111467, 1.12921454438e-07, 1.08531695744e-06, 0.00280198657933, 0.00248450193307, 0.00408672745895, 2.72959765745e-06, 316.493911824, 27.735747189
0.999682259664, 0.886610624849, 0.867741417928, 0.91547396271, 0.996452220396, 0.999962670122, 0.00309085346742, 0.573910473811, 0.423368696147, 0.27041148262, 0.995497668525, 0.943092591186, 0.619455727375, 199.796298013, 0.00748177484307, 0.713589124123, 18.5710347126, 33.4872225155, 32.3813310148, 0.0907679861318
0.915163045982, 0.999952175143, 0.771688406482, 0.999808164888, 0.0403359412125, 0.9930854181, 0.757360066927, 0.225491158551, 0.640188370741, 0.976835100617, 0.0718012168383, 0.0687824008477, 7.51179434227, 2.40659807146, 0.0690590511287, 237.619302329, 0.0475087830935, 73.2709457024, 0.0153489362265, 29.7516594605
0.999978410513, 0.999805377096, 0.999708909481, 0.999808164888, 0.987158029335, 0.0644449900097, 0.844398215181, 0.432354357875, 0.423368696147, 0.27041148262, 0.140783895671, 0.943092591186, 20.8566714327, 3.84337063005, 358.57322804, 4.98601434118, 0.0744960541101, 0.113073196238, 0.0756153712565, 0.00838818204207
0.999916012747, 0.982079350302, 0.991864903549, 0.999975171078, 0.999987930786, 0.957686989122, 0.839567890466, 0.267519059748, 0.37778510235, 0.950456331423, 0.331716028701, 0.324605693824, 274.254363131, 52.4069661616, 14.432716051, 0.0041167866434, 0.00846930982539, 2.79769486424, 6.27544908609, 0.0294131078919
0.999694143483, 0.999952175143, 0.802930083842, 0.964008368922, 0.999994831424, 0.175685018179, 0.701646475383, 0.112384975414, 0.364779686401, 0.558300927502, 0.453641891533, 0.943092591186, 38.2253114739, 16.2541348214, 255.617833826, 0.00160276959026, 11.5776635872, 78.9517933382, 0.0191609093948, 0.122578140413
0.999682259664, 0.886610624849, 0.867741417928, 0.564055164675, 0.444677596303, 0.992397742994, 0.00309085346742, 0.573910473811, 0.423368696147, 0.186016306477, 0.943828942479, 0.952225563335, 0.20015787503, 64.5579670701, 0.496079230854, 81.4907740249, 113.415707121, 39.6529226802, 38.3434133547, 0.107480276522
0.99985874547, 0.776170363736, 0.999723719677, 0.999986099364, 0.958935622119, 0.0152841532323, 0.594417000824, 0.153210407867, 0.113624550451, 0.558300927502, 0.943828942479, 0.957067335452, 2.94325960197, 2.00824682851, 319.011905558, 13.8730438858, 0.00469620682277, 0.0933646573401, 97.452522663, 0.0615090801511
0.999621875307, 4.44978098412e-05, 0.999708909481, 0.0522234700061, 0.662632771113, 0.175685018179, 0.701646475383, 0.153210407867, 0.37778510235, 0.69842445192, 0.70086501957, 0.943092591186, 4.87548568e-05, 2.07314992362e-05, 0.000326030329203, 0.000201370010501, 0.0108325854491, 3.32797972163e-06, 256.918069244, 0.097188138215
0.999912634065, 0.993924599383, 5.29612096489e-06, 0.770156721395, 0.910471535392, 0.45306006795, 0.440926737691, 0.96190818505, 0.730481719797, 0.965399827633, 0.231469532919, 0.247559963231, 0.000318895208751, 0.000404343328384, 0.000873102849577, 0.000156971401947, 0.000523253447734, 429.853131096, 2.62750696618, 0.0377875754241
0.999940281187, 0.999996790159, 0.999990337455, 0.990849345798, 0.999996758867, 0.603719446983, 0.996389324165, 0.573910473811, 0.150235447214, 0.237483845498, 0.608727974, 0.156541982554, 213.79714552, 0.774749556475, 140.844674903, 0.00115195597732, 3.28234023095, 0.00346598914263, 0.00115138488302, 0.021422696967
0.956137661487, 0.999805377096, 0.999872597052, 0.999635900022, 0.982586230524, 0.999921020962, 0.00309085346742, 0.153210407867, 0.726421753257, 0.112615569289, 0.83910070938, 0.962887890399, 1.08694291489, 350.577387455, 0.0277763043046, 6.23282220118, 0.130367925813, 0.0456231129227, 0.0697082078257, 16.4308989896
0.999629877939, 0.871725803998, 0.999972009101, 0.999808164888, 0.530134433041, 0.999921020962, 0.683103917962, 0.0936167605042, 0.0221044851618, 0.558300927502, 0.947104477847, 0.943092591186, 117.662240175, 54.584232259, 0.0136049352196, 152.676517262, 0.0623462080774, 0.0090972671584, 47.824837341, 0.138044765665
0.99985874547, 0.999805377096, 0.999892978153, 0.999808164888, 0.982586230524, 0.0759358430348, 0.594417000824, 0.293147950512, 0.269093250575, 0.508647322716, 0.943828942479, 0.520707197887, 10.1075626789, 6.89659881865, 206.923839009, 3.96853778216, 0.0437269462137, 0.0243971991886, 0.0443757811895, 0.0322118596503
0.99985874547, 0.999805377096, 0.999892978153, 0.999808164888, 0.982586230524, 0.0759358430348, 0.410968955049, 0.432354357875, 0.269093250575, 0.508647322716, 0.943828942479, 0.520707197887, 9.00512217969, 12.9068058846, 266.646507433, 5.11394310243, 0.0563474829408, 0.0314387553699, 0.0571835856394, 0.0415088948418
0.999682259664, 0.886610624849, 0.867741417928, 0.91547396271, 0.444677596303, 0.93315004692, 0.00309085346742, 0.573910473811, 0.423368696147, 0.27041148262, 0.943828942479, 0.943092591186, 0.340934557212, 109.963407207, 7.90209473367, 147.618596021, 24.5437200036, 44.2571469947, 42.7955864641, 0.119960146076
0.999694143483, 0.999996790159, 0.862318406196, 0.964008368922, 0.982586230524, 0.980617427187, 0.99913475974, 0.151833493881, 0.37778510235, 0.141456418448, 0.771530819302, 0.156541982554, 331.13313397, 0.286757833395, 6.55074038715, 5.9896449755, 12.8418920418, 56.9686220035, 0.00132814259309, 0.126593618712
0.919428814644, 0.999869386923, 0.999708909481, 0.564055164675, 0.530134433041, 4.24914428379e-05, 0.0942395547649, 0.266777504269, 0.246169192962, 0.558300927502, 0.231469532919, 0.436394111467, 0.00047277426908, 0.00454395432497, 118.059427757, 104.642169398, 172.124650559, 0.114965102927, 0.0515918808958, 34.6143629377
0.999940281187, 0.999996790159, 0.999990337455, 0.964008368922, 0.999996758867, 0.932470212111, 0.996389324165, 0.573910473811, 0.150235447214, 0.0338851512221, 0.608727974, 0.156541982554, 320.00530697, 1.15962244978, 23.2588658375, 0.00111632682096, 12.8592393503, 0.00345230770381, 0.001146839975, 0.0213381342907
0.99709374098, 0.999952175143, 0.999708909481, 0.420561068107, 0.982586230524, 0.238779830426, 0.642261458072, 0.225491158551, 0.127784345765, 0.576826299935, 0.231469532919, 0.955528960775, 21.905072144, 12.201088001, 108.729020214, 2.53137976758, 200.28255281, 0.100644476322, 0.0165362235185, 1.00781538212
3.26002684459e-07, 0.999981485981, 4.70836257682e-06, 0.999975171078, 0.00867648513342, 0.981727880697, 0.415766432088, 0.186371070977, 0.37778510235, 0.508647322716, 0.433962660998, 0.520707197887, 1.00838863809e-12, 1.41698426425e-12, 4.51415345314e-14, 2.82266265363e-10, 7.06988273329e-15, 6.04759094821e-05, 1.11967811833e-09, 185.511644754
0.999694143483, 0.999918401527, 0.958139516472, 0.150668487466, 0.742119695096, 0.983952593566, 0.683103917962, 0.419735868447, 0.536177491677, 0.558300927502, 0.0382956846083, 0.789919111151, 23.1857099893, 10.7559925535, 0.553559489883, 11.986811224, 262.023534243, 13.478406515, 0.0262755479479, 0.098519078284
0.999694143483, 0.999952175143, 0.907787135355, 0.150668487466, 0.742119695096, 0.549184391437, 0.683103917962, 0.112384975414, 0.536177491677, 0.517109461154, 0.169163065951, 0.97013368485, 10.6773502328, 4.953288023, 12.8309103598, 9.89014694461, 216.191880241, 25.8564936509, 0.0134107345664, 0.0857925305553
0.999912634065, 0.941227681834, 0.000186397915664, 0.999635900022, 0.0396200538423, 0.338745049959, 0.994993063494, 0.0028250090283, 0.730481719797, 0.965399827633, 0.231469532919, 0.263678639331, 0.000775570723008, 3.90277430922e-06, 0.00152158890171, 0.0557771625368, 2.11539826063e-05, 311.637333006, 19.4629455515, 0.02893448911
0.987087646235, 0.999952175143, 0.466725492588, 0.596653468249, 0.678727848723, 0.700168069886, 0.683103917962, 0.225491158551, 0.127784345765, 0.145551600949, 0.541845520262, 0.231882444233, 35.1557824846, 16.308982334, 22.0386796144, 34.7924573358, 73.2096245237, 207.385865275, 0.018599564678, 5.08743413741
0.919428814644, 0.999936240935, 0.68494669859, 0.564055164675, 0.721568125621, 0.000427456086482, 0.0942395547649, 0.266777504269, 0.126756518582, 0.558300927502, 0.231469532919, 0.436394111467, 0.00402971753444, 0.0387306450807, 99.9917553863, 38.6003715154, 107.147610524, 113.051990055, 0.022880410314, 31.4473106275
0.99709374098, 0.999952175143, 0.772331975793, 0.0350240178914, 0.910471535392, 0.700168069886, 0.642261458072, 0.225491158551, 0.127784345765, 0.694742295333, 0.231469532919, 0.955528960775, 3.38786691126, 1.88703611877, 2.25886387095, 0.740810181477, 227.979787226, 69.6430628514, 0.0146302003713, 0.891651044816
0.886599985935, 0.999805377096, 0.963598733637, 0.875890858169, 0.618125883835, 0.937020703623, 0.00309085346742, 0.153210407867, 0.364779686401, 0.131915133905, 0.971414273891, 0.943092591186, 0.591515838212, 190.784699323, 12.8628314481, 126.1775432, 46.8182982224, 14.2505663002, 0.0762068676558, 50.0824482198
0.987087646235, 0.999952175143, 0.706085433086, 0.999976981238, 0.910471535392, 0.700168069886, 0.744309771215, 0.225491158551, 0.127784345765, 0.254719091071, 0.231469532919, 0.838109292397, 128.316143174, 44.0800124811, 73.8249490622, 24.2114076088, 0.00622516484178, 112.572616119, 0.0183183392545, 5.01051213173
0.999155133261, 0.999704209376, 0.706247281392, 0.964008368922, 0.982586230524, 0.338745049959, 0.940164408362, 0.000299299490201, 0.246169192962, 0.141456418448, 0.252689848326, 0.436394111467, 85.0239572646, 5.41124375814, 176.536083233, 4.73136734095, 10.1441252113, 117.229841586, 0.118078048349, 0.337551507368
0.987087646235, 0.999952175143, 0.466725492588, 0.999808164888, 0.910471535392, 0.700168069886, 0.744309771215, 0.225491158551, 0.127784345765, 0.254719091071, 0.488947374149, 0.864300969148, 70.288790689, 24.1460715247, 40.4397004454, 13.2624821757, 0.0284233391187, 169.29194636, 0.0151830815548, 4.15294275701
0.99709374098, 0.999952175143, 0.999708909481, 0.420561068107, 0.987260462844, 0.238779830426, 0.642261458072, 0.225491158551, 0.127784345765, 0.540949439161, 0.231469532919, 0.955528960775, 25.03322026, 13.9434611917, 124.256039596, 2.10634315174, 227.800188903, 0.114472431056, 0.0188082026538, 1.14628324437
0.99709374098, 0.999952175143, 0.772331975793, 0.594793411454, 0.910471535392, 0.700168069886, 0.642261458072, 0.225491158551, 0.127784345765, 0.540949439161, 0.231469532919, 0.955528960775, 73.9645374599, 41.1981218127, 49.3159341191, 16.173504997, 123.07032844, 89.5312987041, 0.0188082026538, 1.14628324437
3.26002684459e-07, 4.44978098412e-05, 0.999990337455, 0.945117099703, 0.00867648513342, 0.994195778246, 0.541606386148, 0.00162614824399, 7.68510759706e-05, 0.481004322639, 0.721129973422, 0.372864185248, 9.93975866536e-12, 8.41260740633e-12, 1.07143084609e-13, 2.10907357278e-09, 1.23545734228e-10, 2.17513615385e-14, 5.05867683493e-05, 155.179712835
0.915163045982, 0.90210993222, 0.916310880826, 0.999808164888, 0.0403359412125, 0.9930854181, 0.757360066927, 0.225491158551, 0.640188370741, 0.976835100617, 0.0994991381612, 0.0687824008477, 6.64474873833, 2.12881753285, 0.0610879401044, 210.192197418, 0.0420251024104, 20.0081453966, 25.9428092573, 24.5677263169
0.999621875307, 4.44978098412e-05, 0.999737214867, 0.134394055747, 0.999993431929, 0.391781246202, 0.701646475383, 0.153210407867, 0.364779686401, 0.558300927502, 0.770087887815, 0.729194924352, 0.000680751131931, 0.000289468424235, 0.00150621229342, 1.62654863324e-08, 0.0159503201025, 4.84355354154e-06, 414.195477723, 0.156683753134
0.999916012747, 0.561635820185, 0.68494669859, 0.999990848108, 0.415343545298, 0.000427456086482, 0.0942395547649, 0.45088513501, 0.37778510235, 0.961496891118, 0.445573748292, 0.324605693824, 0.00250528444678, 0.0240789290826, 62.1650990261, 87.5438403859, 0.00137037594468, 68.874122461, 170.628787349, 0.0326939279476
0.987087646235, 0.999952175143, 0.466725492588, 0.596653468249, 0.982586230524, 0.700168069886, 0.683103917962, 0.573910473811, 0.127784345765, 0.145551600949, 0.541845520262, 0.231882444233, 50.6857039155, 23.5134077902, 31.7741751336, 1.87809917371, 72.9091253261, 206.534620831, 0.0185232201495, 5.06655204867
0.806260925325, 0.999748842951, 0.999831575547, 0.644258524275, 0.678998369149, 0.578151850899, 0.839567890466, 0.153210407867, 0.277981718572, 0.402320756071, 0.83910070938, 0.331884537279, 54.1633130759, 10.3500082302, 47.072105958, 52.752857383, 90.7429885607, 0.0429691609221, 0.0640923489767, 61.3200395593
0.999999994618, 4.44978098412e-05, 0.999990337455, 0.534600500543, 0.637731884238, 0.994195778246, 0.541606386148, 0.574456914236, 0.00161233802652, 0.909919691915, 0.721129973422, 0.180201925956, 0.00132684743041, 0.0011229896918, 1.43024122905e-05, 0.00139977192328, 0.00336375004618, 6.98382825698e-08, 162.421695581, 8.74203553393e-07
0.999992260908, 0.999704209376, 0.995865230097, 0.999959072174, 0.99994556159, 0.999921020962, 0.00309085346742, 0.432354357875, 0.327649276715, 0.27041148262, 0.527291744592, 0.0219723109507, 0.950130523385, 306.45057074, 0.0242801293289, 0.0167366384418, 0.0125834360726, 1.27653095389, 0.0913467050618, 0.0023900218303
0.995870676227, 0.999952175143, 0.706247281392, 0.999808164888, 0.910471535392, 0.700168069886, 0.744309771215, 0.225491158551, 0.127784345765, 0.254719091071, 0.488947374149, 0.864300969148, 107.307126592, 36.8628557756, 61.7376969003, 20.2473088497, 0.0433927916398, 94.0837452936, 0.0153181794472, 1.32809598998
0.999694143483, 0.999704209376, 0.995865230097, 0.999975171078, 0.404175365353, 0.999921020962, 0.00309085346742, 0.432354357875, 0.0294820530315, 0.27041148262, 0.527291744592, 0.0219723109507, 0.40282237974, 129.924410531, 0.0102939325029, 192.140135122, 0.00800697140637, 1.33894024777, 0.0958126236857, 0.0991034834235
0.956137661487, 0.999805377096, 0.999872597052, 0.999808164888, 0.00129494353059, 0.993179329032, 0.75446685655, 0.45088513501, 0.726421753257, 0.112615569289, 0.747948081168, 0.954378032745, 0.362640233094, 0.11801737293, 0.00330092188086, 373.245487175, 0.071708186063, 0.0476294371481, 0.072773699352, 17.153465
0.709049063845, 0.999855503253, 0.999708909481, 0.134394055747, 0.982586230524, 0.116781067591, 0.564807715141, 0.153210407867, 0.0111015108997, 0.830158243844, 0.558215629305, 0.900739761175, 1.8657902966, 1.43761765372, 24.9837795063, 0.501316369184, 185.421147529, 0.0623725546426, 0.0309660848397, 87.9370113284
0.839038978694, 0.705932995476, 0.780580194098, 0.999808164888, 0.00129494353059, 0.700168069886, 0.940164408362, 0.970941971542, 0.995164401266, 0.254719091071, 0.5796709557, 0.620026672843, 0.102756172611, 0.00653978849659, 0.0468036466988, 120.389394554, 0.0231292953333, 33.8916413161, 64.3427459418, 41.975113152
0.999621875307, 0.776170363736, 0.999723719677, 0.999986099364, 0.958935622119, 0.0152841532323, 0.383231342423, 0.153210407867, 0.113624550451, 0.0468430741996, 0.958525484153, 0.957067335452, 1.95435341946, 3.14531668348, 328.557682414, 14.2881662651, 0.0048367311782, 0.0961584031838, 100.368589491, 0.169620961006
0.999155133261, 0.999704209376, 0.466725492588, 0.349504969507, 0.982586230524, 0.338745049959, 0.949246217444, 0.000299299490201, 0.246169192962, 0.141456418448, 0.103728272136, 0.436394111467, 15.7737823501, 0.843384050184, 32.4379161826, 0.869372960045, 92.9188797419, 163.2109462, 0.0905547721442, 0.258870300314
0.919428814644, 9.55072047693e-06, 0.68494669859, 0.564055164675, 0.721568125621, 0.000427456086482, 0.0942395547649, 0.266777504269, 0.37778510235, 0.558300927502, 0.231469532919, 0.436394111467, 3.64744100534e-08, 3.50564876628e-07, 0.000905061026425, 0.000349385724144, 0.000969831222439, 0.00102327386656, 340.069408014, 29.8011728162
0.999969012747, 0.990346024735, 0.806083621909, 0.751704676151, 0.918887345683, 0.983952593566, 0.276719318329, 0.82450142706, 0.37778510235, 0.237483845498, 0.231469532919, 0.281920727746, 43.4929071334, 113.680460436, 2.56336019283, 14.1003900442, 57.4200810932, 55.6326381027, 2.79662594791, 0.00897686582964
0.999682259664, 0.999921090831, 0.867741417928, 0.875890858169, 0.618125883835, 0.999962670122, 0.0473952120787, 0.153210407867, 0.423368696147, 0.0164712300111, 0.971414273891, 0.744134534827, 7.98444641455, 160.480807023, 0.00628902205326, 104.080613768, 38.6192113985, 47.427820101, 0.0282989969043, 0.113986636406
0.999621875307, 4.44978098412e-05, 0.999925071799, 0.999808164888, 0.999994831424, 0.175685018179, 0.701646475383, 0.635607465456, 0.364779686401, 0.923430950419, 0.770087887815, 0.943092591186, 0.00214469270611, 0.000911964430148, 0.0143418505336, 8.99259709669e-08, 3.33830231463e-06, 1.30399345183e-06, 391.085888218, 0.147941752287
0.999694143483, 0.999996790159, 0.999998649958, 0.964008368922, 0.982586230524, 0.932470212111, 0.99913475974, 0.153210407867, 0.150235447214, 0.141456418448, 0.608727974, 0.156541982554, 371.115301598, 0.321381972713, 26.8995621841, 7.05946749717, 15.1356081775, 0.000567735624178, 0.0013498447102, 0.128662183905
0.987087646235, 0.999952175143, 0.971719620265, 0.999808164888, 0.910471535392, 0.700168069886, 0.744309771215, 0.225491158551, 0.127784345765, 0.254719091071, 0.488947374149, 0.864300969148, 146.340832206, 50.2719731952, 84.195208928, 27.6124067535, 0.0591772181586, 8.97781623267, 0.0151830815548, 4.15294275701
0.999621875307, 0.999996790159, 0.990049021054, 0.64397636401, 0.999996758867, 0.997649354348, 0.995131819697, 0.573910473811, 0.150235447214, 0.141456418448, 0.608727974, 0.156541982554, 233.702359835, 1.14327087366, 0.553339565859, 0.000762961757465, 130.141218873, 3.67405071955, 0.00118512515064, 0.139662567438
0.998619150659, 0.999805377096, 0.999708909481, 0.999808164888, 0.987158029335, 0.000427456086482, 0.839567890466, 0.566614837209, 0.423368696147, 0.558300927502, 0.943828942479, 0.33760762161, 0.14410755673, 0.0275373553329, 401.378169187, 5.22377449192, 0.0780484291822, 0.118465138246, 0.0792211214284, 0.562851002298
0.806260925325, 0.999748842951, 0.999831575547, 0.644258524275, 0.637731884238, 0.578151850899, 0.839567890466, 0.153210407867, 0.277981718572, 0.909919691915, 0.83910070938, 0.180201925956, 48.2167271792, 9.21368163792, 41.9040631348, 56.4276506689, 86.0074725833, 0.040726771165, 0.0607476239746, 58.1199903691
0.987087646235, 0.999952175143, 0.971719620265, 0.596653468249, 0.982586230524, 0.700168069886, 0.683103917962, 0.225491158551, 0.024229722081, 0.145551600949, 0.541845520262, 0.231882444233, 104.152006347, 48.3167522243, 65.2914694782, 3.85923015662, 149.818017648, 10.8101067899, 0.0182818102703, 5.00052056449
0.956137661487, 0.999805377096, 0.999872597052, 0.999808164888, 0.982586230524, 0.999921020962, 0.00309085346742, 0.153210407867, 0.726421753257, 0.112615569289, 0.83910070938, 0.943092591186, 1.11610616769, 359.983564023, 0.0285215572276, 6.40005211458, 0.0705183495638, 0.0468391334761, 0.0715661830498, 16.8688417252
0.999999987056, 4.44978098412e-05, 0.999990337455, 0.999635900022, 0.637731884238, 0.994195778246, 0.137410258655, 0.0028250090283, 0.00161233802652, 0.965399827633, 0.721129973422, 0.180201925956, 0.000755611368892, 0.00474333300607, 3.21034279791e-05, 0.00314195089705, 3.15898882664e-06, 8.3834578025e-08, 194.972639791, 2.52390260637e-06
0.999969012747, 0.993961579447, 0.772331975793, 0.797526559856, 0.00867648513342, 0.983952593566, 0.239012663892, 0.82450142706, 0.37778510235, 0.237483845498, 0.231469532919, 0.420126565737, 0.366810010936, 1.16787859076, 0.0250294291635, 178.204092645, 45.6378495628, 66.4439026842, 1.77299231866, 0.00909871434327
0.754741572568, 0.742452461535, 0.000186055972755, 0.999959072174, 0.99994556159, 0.998831907613, 0.415766432088, 0.568988356984, 0.327649276715, 0.508647322716, 0.0382956846083, 0.520707197887, 0.0117143308257, 0.0164609375981, 3.29498049591e-05, 1.53569416332e-06, 1.15461114838e-06, 151.597711745, 52.5971495414, 66.3636817585
0.709049063845, 0.999855503253, 0.999708909481, 0.134394055747, 0.982586230524, 0.116781067591, 0.383231342423, 0.153210407867, 0.0111015108997, 0.818991544354, 0.231469532919, 0.900739761175, 1.03561306897, 1.66670522896, 20.4377193269, 0.410096608674, 151.681828986, 0.0510232154895, 0.0253314815899, 71.9359517053
0.999969012747, 0.990346024735, 0.772331975793, 0.134394055747, 0.872636810472, 0.983952593566, 0.239012663892, 0.82450142706, 0.37778510235, 0.198839397777, 0.548349091019, 0.436394111467, 5.9863101485, 19.0596855365, 0.408478289429, 3.715134354, 187.875767423, 63.9806370957, 2.73946490325, 0.00879338507884
0.999916012747, 0.982079350302, 0.990049021054, 0.964008368922, 0.999996758867, 0.987930840254, 0.996389324165, 0.573910473811, 0.150235447214, 0.141456418448, 0.608727974, 0.00446646139162, 260.033549126, 0.942299189095, 3.18823856374, 0.000856193617796, 9.86270190303, 2.75425081757, 5.05062182167, 0.0236723272748
0.711774921827, 0.999704209376, 0.995865230097, 0.999959072174, 0.99994556159, 0.999921020962, 0.00226674453143, 0.293147950512, 0.327649276715, 0.27041148262, 0.527291744592, 0.0219723109507, 0.390265666121, 171.7798491, 0.0135989040881, 0.00937391798223, 0.00704777713218, 0.714964149173, 0.0511617983608, 70.0407005912
0.683703920493, 0.999918401527, 0.907787135355, 0.150668487466, 0.742119695096, 0.549184391437, 0.683103917962, 0.122785308351, 0.536177491677, 0.558300927502, 0.169163065951, 0.789919111151, 8.17083346773, 3.7904995782, 9.81884358044, 7.56842680011, 165.440658217, 19.7866604612, 0.0175104964356, 99.2755188108
0.993523734201, 0.798231075633, 0.999831575547, 0.564055164675, 0.249600469131, 0.578151850899, 0.839567890466, 0.153210407867, 0.277981718572, 0.909919691915, 0.231469532919, 0.300003401676, 13.1041039725, 2.5040488896, 11.3884793165, 81.1627485814, 83.5938156182, 0.0323013675167, 48.4776335708, 1.56615070826
