1.01702973623, 1.05685730392, 1.19855204442, 0.940909077828, 3.09873223144, 1.17370236391, 2.15645526753, 1.25968756521, 0.937000546696, 5.22863537322, 5.43748740131, 1.18127628969, 1.46282036627, 1.0557207692, 0.864692437748, 1.2964685702, 1.01541089475, 1.06386911073, 7.60005029469, 0.934254415051, 0.878131797751, 382.179947692, 0.994468905776, 4.55626948907, 1.14457873448, 4.78561299889, 1.16159984299, 36.1009191334, 7.56932510097, 56.9957082095
5.95668890145, 1.17653882214, 1.41311319438, 0.968652237751, 5.49848308195, 0.74731506928, 5.40532694351, 0.94896100128, 0.992630868441, 4.32243613072, 3.25751532415, 1.10107638865, 3.74291436444, 1.27604013434, 0.85096247832, 1.55156107627, 1.01590206868, 0.849324443493, 6.1840866518, 1.16257220194, 0.999880389451, 359.029967941, 1.18736258213, 2.89833192674, 1.04578080546, 5.38687482915, 0.954805261639, 35.4265197341, 9.04719960213, 433.256621789
1.42084518962, 1.2704966542, 1.47835588879, 1.16074900311, 3.54429616475, 1.1460982601, 3.06955216293, 0.969248860855, 1.09947962339, 4.23393451506, 5.34722461849, 0.824835194499, 1.28791970485, 0.857784009899, 0.954850951293, 1.33851131865, 1.1020645113, 1.06032467554, 9.04138977602, 1.18791575894, 0.779062959343, 98.6253085524, 1.16278485248, 3.62006125396, 1.21141332904, 4.65940843497, 1.113028346, 26.3615978318, 9.98208076568, 29.9649280954
1.67850507567, 1.42475924087, 1.26002991441, 1.20714558764, 1.77812672836, 0.807475293233, 3.59516944305, 0.904374230187, 1.08615126304, 4.05368376889, 4.3387582459, 1.01621943112, 4.06530332181, 1.00964181558, 1.04855386776, 1.51351878683, 1.08179977152, 1.15854571738, 3.04582231461, 0.915064823615, 0.766281087303, 323.262233603, 0.945037827551, 4.73438958683, 0.964885764355, 4.91592031559, 1.08849580825, 49.0766786654, 9.912124868, 37.6306080048
4.71230411045, 1.14964812819, 0.974846077376, 1.20714558764, 2.55301657632, 0.966630610701, 3.19975074348, 1.13460418236, 1.10361444678, 4.76554288548, 6.50255026646, 0.993363227679, 1.59857712014, 1.19034188031, 0.936649493797, 1.46967503711, 1.01641511294, 1.13973312446, 5.5630322411, 1.10569211554, 0.894314178693, 389.539224322, 0.989382685382, 2.28598835539, 1.09259517645, 3.96789515109, 0.904670389579, 40.2937194289, 8.08868320134, 317.940381598
5.69694431024, 1.27474766478, 0.804273668057, 1.09227236819, 5.2968781671, 0.860553065266, 5.2565051534, 0.95129607791, 1.05775297314, 3.03920585814, 4.36608561921, 0.978755753894, 4.69700054267, 0.984550493666, 0.974294735647, 1.1310816489, 1.03068731724, 0.945670377037, 8.72428685614, 1.0695056111, 0.79569804533, 396.422572438, 0.941736464735, 5.28456962156, 1.07801399617, 4.54603583955, 1.21555519852, 38.1912315652, 9.25835116837, 293.99549083
4.62894245305, 1.13615325505, 0.860746056991, 0.907354132041, 7.04417913304, 0.986211991987, 5.6314697772, 1.06941332564, 0.991740312456, 4.94860924661, 7.16853894379, 1.0795276246, 1.79256643143, 1.17745272429, 0.862275999215, 1.18249119225, 1.01085822443, 0.935815471746, 5.07006046872, 0.942282600188, 0.839430264755, 152.505312511, 0.950341510255, 4.48486388681, 1.12733712069, 2.00868289223, 1.22867982258, 46.4270719316, 8.5300095652, 201.043281656
4.91258623197, 1.42750876953, 1.00830013986, 0.802752344071, 3.44803943182, 0.848022795566, 2.0281664675, 1.2261267824, 0.995477423199, 3.83668626329, 5.70281791496, 0.94551094683, 3.95356848341, 0.82958431888, 0.847093707472, 1.59183283601, 1.15631277855, 1.18914884024, 9.57847525466, 1.18992957096, 0.776809457452, 189.321020386, 1.02846194055, 3.15344754225, 1.07315154348, 2.56864471948, 0.950838551023, 72.9150647486, 9.57403966978, 172.151975605
1.01702973623, 1.05685730392, 1.19855204442, 0.940909077828, 3.09873223144, 1.17370236391, 2.15645526753, 1.25968756521, 0.937000546696, 5.22863537322, 5.43748740131, 1.18127628969, 1.46282036627, 1.0557207692, 0.864692437748, 1.2964685702, 1.01541089475, 1.06386911073, 7.60005029469, 0.934254415051, 0.878131797751, 382.179947692, 0.994468905776, 4.55626948907, 1.14457873448, 4.78561299889, 1.16159984299, 37.371129413, 9.43980649185, 672.664411313
2.02207892007, 1.24750679801, 1.37722900488, 0.940830445981, 4.59237741716, 0.742930357687, 4.92676801921, 1.07250020246, 0.955364394656, 1.54572436061, 3.42246294575, 1.17139740591, 1.11847811623, 0.835966879523, 1.01333115928, 1.10664784738, 1.05236336629, 0.918938902423, 8.13783026316, 1.18196966006, 0.932462094427, 43.741589565, 1.1145410807, 3.66371322374, 1.11777951358, 4.65006376522, 1.22775192973, 30.9027537715, 14.6006765564, 82.7974502396
3.00664473941, 1.17653882214, 1.68604267181, 1.05664153251, 2.12987185578, 0.888327248125, 4.39209403778, 0.895459571177, 1.03002623293, 4.32243613072, 4.01968260784, 0.830927551566, 4.31234489052, 1.21938947283, 0.98761437623, 1.61945820401, 1.13873141557, 0.849412803884, 5.57641579812, 0.956639580975, 0.934371781433, 359.029967941, 1.1708438931, 3.24115511, 1.05236647261, 4.75874043216, 0.988557798955, 46.3922921422, 12.1713222017, 119.899651406
1.43603869279, 1.40095633401, 1.58143969759, 0.833078454602, 6.82618929848, 0.852069370144, 4.02389012476, 0.922078574079, 1.06765261989, 1.97900150538, 5.78856389068, 1.1237450731, 1.74359466977, 1.14295799364, 0.807011335896, 1.57337312514, 1.11371301311, 1.11491809687, 4.05068014771, 1.03029497998, 0.789541173434, 382.63580616, 1.04002021004, 1.29466944316, 0.980243238868, 3.51216950605, 1.19333861802, 69.5750001001, 11.2978670584, 193.225706036
3.79891672209, 1.13615325505, 1.18580435326, 1.04365158346, 4.12951187031, 0.945337063713, 5.6314697772, 1.02137972813, 0.977444185453, 5.1198204894, 2.19180715248, 1.13855603413, 3.42996047293, 0.843380261884, 0.910530699278, 1.09770409869, 1.03481738711, 1.22362157133, 7.5386117701, 1.17158297916, 0.977360857259, 107.810185675, 1.19236976275, 4.50935353229, 0.963869976936, 4.71080195029, 0.937553934875, 51.7979350765, 8.50701757467, 846.309579613
1.01103421508, 1.3064898451, 1.52887156659, 0.811146851896, 2.66756944114, 0.872663203597, 4.86589452138, 0.835415718749, 1.09414897661, 6.09928501478, 6.32138910172, 0.968911912706, 1.18755101403, 1.09910724903, 0.831124239997, 1.58343817855, 1.10902815266, 0.931124410108, 3.43691868318, 1.17664576403, 0.991876397562, 236.968080876, 1.16121254444, 2.25611953027, 1.13451538076, 2.97103186302, 0.956907675287, 53.4829699996, 8.95572706818, 293.249658209
4.4876024522, 1.3997143724, 1.20730056309, 0.802752344071, 3.34026645128, 0.848481965722, 1.0561455275, 1.16527540974, 1.0060718032, 1.51164622114, 3.8229394664, 1.15189390513, 1.05703339101, 1.18872371154, 0.798890885333, 1.36075169549, 1.00894108831, 1.12396189185, 5.07122991107, 1.11257515166, 0.855672982406, 105.617863824, 1.02846194055, 3.2225234932, 1.15953736475, 5.4160282147, 1.28722949082, 93.4422321708, 10.2589361592, 242.345474801
4.91258623197, 1.42750876953, 1.00830013986, 0.802752344071, 3.44803943182, 0.848022795566, 2.0281664675, 1.2261267824, 1.10666684391, 3.83668626329, 7.71248895414, 0.967921599862, 3.95356848341, 0.82958431888, 0.847093707472, 1.55925944707, 1.15631277855, 1.18914884024, 9.57847525466, 1.18992957096, 0.776809457452, 189.321020386, 1.02846194055, 3.15344754225, 1.07315154348, 2.56864471948, 1.00324931665, 35.5388244563, 15.270644287, 96.9569240221
2.35321708596, 1.40433286871, 0.967622468595, 1.05664153251, 2.12987185578, 0.740420291164, 2.32774507032, 0.895459571177, 1.10043754539, 4.32243613072, 4.01968260784, 0.830927551566, 3.44397202188, 1.21938947283, 0.98761437623, 1.32975898301, 1.14570237029, 0.820274687844, 6.89259751199, 0.93950799641, 0.934371781433, 359.029967941, 1.1708438931, 3.81823589834, 1.1530063626, 4.75874043216, 1.03387257143, 84.6916345802, 12.1787166296, 129.883234406
1.93915281058, 1.37233319211, 1.36871004213, 1.04118144249, 3.80314746367, 0.785702494109, 2.77780707896, 1.13964984171, 0.934653207304, 3.86257380848, 2.84803872198, 1.10584068677, 3.63057644074, 1.1562510109, 0.976526274829, 1.09388712136, 1.00260503195, 0.994872836891, 8.86261987869, 0.928464450655, 0.760840926351, 207.674995209, 1.18552840972, 1.87148340863, 0.96424562739, 4.65024405342, 0.876779833558, 82.0215269218, 14.6105533752, 222.155658421
3.79891672209, 1.40113227781, 1.18580435326, 1.04365158346, 4.12951187031, 1.16467622649, 4.62690982771, 1.02137972813, 0.977444185453, 5.1198204894, 3.21715719482, 1.13855603413, 3.42996047293, 0.843380261884, 0.910530699278, 1.09770409869, 1.03481738711, 1.22362157133, 7.5386117701, 1.17158297916, 0.977360857259, 161.639287706, 1.19236976275, 4.50935353229, 0.963869976936, 4.71080195029, 0.937553934875, 68.097777723, 9.6389794346, 403.484346497
4.33450396894, 1.3997143724, 1.20730056309, 0.800205279518, 6.21491805579, 0.818802693393, 3.50098847487, 1.1269986049, 0.947700859786, 1.76189996388, 3.0208440119, 1.19074669025, 1.05703339101, 1.00389512723, 0.798890885333, 1.002834169, 1.00767947099, 1.12396189185, 5.25102711361, 1.11257515166, 0.855672982406, 105.617863824, 1.03456346639, 3.2225234932, 1.05291016469, 5.4160282147, 1.29434350848, 72.2270417334, 17.0623331124, 122.115300031
1.95168219932, 1.2113120906, 1.42527581895, 1.00785150808, 6.96501613944, 1.0184853969, 3.79947178378, 1.05035352682, 1.0500019627, 2.18820740066, 5.16105669532, 1.21744762048, 2.82645112477, 1.21742445033, 0.931529645723, 1.15010373823, 1.03080448287, 1.10087250454, 5.43956830341, 1.03022439628, 0.785753901782, 99.8065537154, 0.925859335115, 5.69749096309, 1.12733712069, 4.4327330602, 1.29509943967, 49.3562660185, 16.3989125037, 382.073668315
4.33450396894, 1.3997143724, 1.20730056309, 0.800205279518, 6.21491805579, 0.818802693393, 3.50098847487, 0.905256151186, 0.947700859786, 1.76189996388, 3.0208440119, 1.18945269644, 3.42996047293, 1.00389512723, 0.798890885333, 1.002834169, 1.00197213317, 1.12396189185, 5.25102711361, 1.11257515166, 0.848014666037, 105.617863824, 1.03456346639, 3.2225234932, 1.05291016469, 5.4160282147, 1.29434350848, 49.3756217396, 16.9211563339, 183.561755854
2.66341168832, 1.28441622184, 1.25219474498, 1.13084879608, 7.02044590892, 0.905224291018, 3.22146031748, 1.19608856513, 0.921168112384, 3.73220604428, 7.41203287115, 0.919407033491, 2.02189285084, 1.21269793122, 0.885974270232, 1.11463331903, 1.15058845306, 1.09663807882, 7.233645264, 1.03081108018, 0.90905283228, 280.897882193, 1.06029133549, 5.3436850114, 0.987502421785, 4.65763114619, 1.18833488654, 56.7170438449, 16.5861460776, 156.59124237
2.15290744553, 1.17653882214, 1.68604267181, 1.05664153251, 2.12987185578, 1.0794180993, 4.39209403778, 0.895459571177, 1.10043754539, 4.32243613072, 4.01968260784, 0.830927551566, 3.11583644289, 1.21938947283, 0.98761437623, 1.61945820401, 1.13873141557, 0.849412803884, 5.57641579812, 0.93950799641, 0.934371781433, 359.029967941, 1.1708438931, 3.20928043691, 1.1530063626, 4.75874043216, 1.03387257143, 179.573076815, 12.3889883661, 301.184372054
1.64198912978, 1.42526536089, 1.56718882269, 0.952890047297, 2.12987185578, 0.791557454568, 2.32774507032, 0.857662818822, 1.10043754539, 4.32243613072, 3.19075812931, 0.830927551566, 3.44397202188, 0.905731267649, 0.98761437623, 1.32975898301, 1.00168075193, 0.822604999483, 3.43691868318, 1.17664576403, 0.984363852333, 359.029967941, 1.1708438931, 4.63606740675, 1.1530063626, 4.75874043216, 0.879276654462, 85.6044700329, 14.2210307439, 216.497314036
1.67850507567, 1.42475924087, 1.53370581517, 1.20714558764, 1.77812672836, 0.807475293233, 3.59516944305, 0.904374230187, 1.08615126304, 4.05368376889, 4.3387582459, 1.01621943112, 4.06530332181, 1.00964181558, 1.04855386776, 1.51351878683, 1.08179977152, 1.15854571738, 3.04582231461, 0.915064823615, 0.766281087303, 323.262233603, 0.945037827551, 4.73438958683, 0.964885764355, 4.91592031559, 1.08849580825, 140.185106574, 14.116822152, 254.678014112
1.01702973623, 1.11820736993, 1.19855204442, 1.20714558764, 2.55301657632, 1.17370236391, 3.19975074348, 1.13460418236, 1.10361444678, 4.76554288548, 6.50255026646, 0.993363227679, 1.59857712014, 1.19034188031, 0.936649493797, 1.46967503711, 1.01641511294, 1.13973312446, 5.5630322411, 1.10569211554, 0.894314178693, 389.539224322, 0.989382685382, 2.28598835539, 1.09259517645, 3.96789515109, 0.904670389579, 218.130112269, 15.7954818301, 167.697385666
4.57398412183, 1.04090506368, 1.24505891303, 0.803089767707, 4.217813635, 0.790158616519, 1.01001895324, 1.0972823422, 0.939134376285, 3.70763485405, 3.25730749194, 0.992215680719, 4.26083077832, 0.951097451092, 1.00758006788, 1.23023425406, 1.03533909616, 1.00200368942, 4.29079493778, 0.962275389186, 0.771119268451, 333.001766304, 1.18647460114, 3.1932394082, 1.09408444839, 2.13803045922, 1.21265041265, 93.1886871978, 12.138677837, 769.046607278
4.62894245305, 1.13615325505, 0.94008310903, 0.9202648829, 7.04417913304, 0.986211991987, 5.6314697772, 1.06941332564, 0.991740312456, 4.94860924661, 7.16853894379, 1.0795276246, 1.79256643143, 1.17745272429, 0.862275999215, 1.18249119225, 1.01085822443, 0.935815471746, 5.07006046872, 0.942282600188, 0.781613114357, 152.505312511, 0.950341510255, 4.48486388681, 1.12733712069, 4.02677384831, 1.10022777825, 144.084667855, 13.7008502062, 434.354992593
2.15290744553, 1.17653882214, 1.68604267181, 1.05664153251, 2.12987185578, 1.0794180993, 4.39209403778, 0.895459571177, 1.10043754539, 4.32243613072, 4.01968260784, 0.830927551566, 3.44397202188, 1.21938947283, 0.98761437623, 1.61945820401, 1.13873141557, 0.849412803884, 5.57641579812, 0.93950799641, 0.934371781433, 359.029967941, 1.1708438931, 3.24115511, 1.1530063626, 4.75874043216, 1.03387257143, 103.611290191, 10.4783160682, 583.196445037
3.31326902135, 1.11087767461, 1.54687816478, 1.08074395793, 3.75956019071, 0.89983779865, 5.22311109946, 0.934153279413, 0.986046792232, 2.86860635178, 2.18328700664, 1.02308367675, 2.91604231661, 1.20936833474, 0.807997088834, 1.24067921085, 1.0966086703, 0.965338881124, 7.31562643974, 1.07662358772, 0.987006505719, 387.214041506, 1.02346211376, 3.40006477813, 1.15022994595, 4.27937712872, 1.2529854814, 110.414974921, 12.3908777797, 503.945633783
2.54983912994, 1.30290823664, 1.507609246, 0.952338165109, 5.98776949819, 0.785474445593, 4.97081819079, 0.964345104321, 1.03655711697, 1.92336912095, 5.65320600424, 0.954953508509, 3.38339721369, 0.904719182068, 0.861241766715, 1.28171615481, 1.16502905055, 0.983646328675, 6.37961056583, 1.01881247664, 0.910218785668, 334.623907817, 1.05715715921, 5.66773860339, 0.980243238868, 3.93208278502, 0.880359844961, 95.2368602421, 12.2392122355, 643.100415141
4.62894245305, 1.32772320764, 0.94008310903, 0.907354132041, 7.04417913304, 0.986211991987, 5.6314697772, 1.06941332564, 1.10361444678, 4.94860924661, 7.16853894379, 0.926778778491, 1.7097370671, 1.17632606367, 0.862275999215, 1.18249119225, 1.01085822443, 0.935815471746, 5.07006046872, 0.942282600188, 0.839430264755, 84.9841189069, 0.950341510255, 4.48486388681, 1.12733712069, 2.00868289223, 1.21757173511, 109.185829061, 12.7744149828, 570.745205067
1.01702973623, 1.05685730392, 1.19855204442, 0.931502654946, 3.09873223144, 1.17370236391, 3.58315730505, 1.25968756521, 0.937000546696, 5.22863537322, 5.43748740131, 1.10107638865, 1.46282036627, 1.0557207692, 0.86075737473, 1.2964685702, 1.01541089475, 1.06386911073, 7.60005029469, 0.934254415051, 0.878131797751, 382.179947692, 0.994468905776, 4.55626948907, 1.14457873448, 4.78561299889, 0.954805261639, 98.1369723184, 11.873101674, 947.691957689
2.15290744553, 1.39863404562, 1.68604267181, 1.05664153251, 3.50132636678, 1.0794180993, 4.39209403778, 0.895459571177, 1.10043754539, 4.32243613072, 4.01968260784, 0.830927551566, 3.11583644289, 1.21938947283, 0.910530699278, 1.46801983933, 1.13873141557, 0.849412803884, 5.57641579812, 0.93950799641, 0.96901910878, 359.029967941, 1.1708438931, 3.20928043691, 0.963869976936, 5.45853791091, 1.03387257143, 82.8284873973, 18.4795038304, 147.033411687
4.71230411045, 1.3997143724, 0.744421736065, 0.800205279518, 3.34026645128, 1.18064094025, 3.50098847487, 1.1269986049, 0.947700859786, 1.33604683003, 3.0208440119, 0.972906774785, 1.05703339101, 0.946590990727, 0.883807560819, 1.324123867, 1.00894108831, 1.12396189185, 5.31845966669, 1.11257515166, 0.855672982406, 85.96168574, 0.880539463793, 1.94685799276, 1.22871234429, 5.15585559542, 1.2529854814, 63.5988701205, 17.9600087999, 172.951176974
1.95168219932, 1.2113120906, 1.42527581895, 1.00785150808, 6.96501613944, 1.0184853969, 3.79947178378, 1.05035352682, 1.0500019627, 2.18820740066, 5.16105669532, 1.21744762048, 2.82645112477, 1.21742445033, 0.931529645723, 1.15010373823, 1.03080448287, 1.10087250454, 5.43956830341, 1.03022439628, 0.785753901782, 99.8065537154, 0.925859335115, 5.69749096309, 1.12733712069, 4.4327330602, 1.29509943967, 106.270678166, 15.0765356379, 408.886895587
4.71230411045, 1.3997143724, 0.974846077376, 0.800205279518, 3.34026645128, 1.18064094025, 3.50098847487, 1.1269986049, 0.947700859786, 1.3779957564, 3.0208440119, 0.972906774785, 1.05703339101, 0.946590990727, 0.798890885333, 1.21048663924, 1.00894108831, 1.12396189185, 5.31845966669, 1.11257515166, 0.855672982406, 105.617863824, 1.03456346639, 1.94685799276, 1.05236647261, 5.4160282147, 1.28722949082, 95.6098030803, 14.5586001959, 582.533753569
3.79891672209, 1.13615325505, 1.18580435326, 1.04365158346, 4.12951187031, 0.945337063713, 5.6314697772, 1.02137972813, 0.977444185453, 5.1198204894, 1.65395248909, 1.20233900493, 3.42996047293, 1.14295799364, 0.910530699278, 1.09770409869, 1.03481738711, 1.22362157133, 7.5386117701, 1.17214662004, 0.977360857259, 107.810185675, 1.19236976275, 4.50935353229, 0.963869976936, 4.71080195029, 1.19333861802, 104.742568193, 15.3261757921, 410.227282313
4.71230411045, 1.3997143724, 0.974846077376, 0.800205279518, 3.34026645128, 1.18064094025, 3.50098847487, 1.1269986049, 0.947700859786, 1.3779957564, 3.0208440119, 0.972906774785, 1.05703339101, 0.946590990727, 0.798890885333, 1.21048663924, 1.00894108831, 1.12396189185, 5.31845966669, 1.11257515166, 0.855672982406, 105.617863824, 1.03456346639, 1.94685799276, 1.05236647261, 5.4160282147, 1.2529854814, 101.112087249, 15.491437857, 457.417742483
4.71230411045, 1.14964812819, 0.974846077376, 1.11781139868, 2.55301657632, 0.785702494109, 3.44545546911, 1.13460418236, 1.10361444678, 2.03914588016, 6.50255026646, 0.836978686162, 1.59857712014, 1.25521491316, 0.999898731211, 1.46967503711, 1.01641511294, 1.13973312446, 5.5630322411, 1.10630011589, 0.894314178693, 389.539224322, 0.887182342812, 1.60232234053, 1.09259517645, 4.36678239844, 0.904670389579, 167.10914012, 14.5015608108, 307.408939295
1.93915281058, 1.37233319211, 1.36871004213, 1.04118144249, 3.80314746367, 0.785702494109, 2.77780707896, 1.13964984171, 0.934653207304, 3.86257380848, 2.84803872198, 1.10584068677, 3.63057644074, 1.1562510109, 0.976526274829, 1.09388712136, 1.00260503195, 0.994872836891, 8.86261987869, 1.01089261569, 0.760840926351, 207.674995209, 1.18552840972, 1.87148340863, 1.04813497886, 4.65024405342, 0.893231097317, 160.1519626, 14.2646652214, 429.165220627
3.9796000647, 1.25426406914, 1.10702785799, 1.05079298861, 5.11127368036, 0.994811880256, 4.15666997083, 1.18732665192, 0.959861637153, 4.76554288548, 5.28461498175, 0.890399037272, 1.17365347015, 1.19034188031, 0.819232373017, 1.21989471705, 1.04466009558, 1.07164271204, 5.82493323975, 1.04900357681, 0.990509662595, 272.62882942, 1.02192587147, 3.92646490421, 1.15953736475, 2.02014550254, 0.962539167026, 168.850599608, 14.379773792, 354.881496851
4.99972634442, 1.02343607904, 1.48111637332, 0.939696122523, 2.58060438538, 1.13713486021, 5.74450421758, 1.22436997161, 0.99434124014, 6.15672890483, 6.25668486717, 1.18405504377, 3.20310867708, 1.01426996921, 0.791978558068, 1.5868748325, 1.07785945489, 1.01263402634, 4.08671445592, 1.04682236529, 0.92578126392, 46.2670419881, 0.842100272834, 1.43686272705, 0.983585219455, 2.34061236444, 1.11144483929, 182.531039303, 17.291038221, 276.293505835
5.95668890145, 1.2675177546, 1.41311319438, 0.968652237751, 5.49848308195, 0.74731506928, 5.40532694351, 0.94896100128, 0.992630868441, 5.22625436945, 3.25751532415, 1.10107638865, 3.74291436444, 1.27604013434, 0.85096247832, 1.55156107627, 1.01590206868, 0.938459830298, 6.1840866518, 1.16257220194, 0.993150528325, 120.247220549, 1.18736258213, 2.89833192674, 1.04578080546, 5.38687482915, 0.954805261639, 235.000542206, 16.3481732005, 280.897679556
2.15290744553, 1.17653882214, 1.68604267181, 1.05664153251, 2.12987185578, 1.0794180993, 3.19975074348, 0.895459571177, 1.10043754539, 3.20420828215, 4.01968260784, 0.830927551566, 3.11583644289, 1.25211655949, 0.98761437623, 1.61945820401, 1.13873141557, 0.849412803884, 5.57641579812, 0.93950799641, 0.934371781433, 359.029967941, 1.1708438931, 3.20928043691, 1.21620761196, 4.83701409745, 1.03387257143, 138.251633554, 11.8549660766, 806.556474276
4.77689045104, 1.25426406914, 1.1632915628, 1.05079298861, 5.11127368036, 0.994811880256, 4.15666997083, 1.18732665192, 0.959861637153, 4.76554288548, 5.28461498175, 0.890399037272, 1.17365347015, 1.19034188031, 1.00758006788, 1.21989471705, 1.04466009558, 1.07164271204, 3.52309321273, 0.989910102056, 0.990509662595, 310.09550351, 1.02192587147, 3.92646490421, 1.15953736475, 2.02014550254, 0.962539167026, 159.473674487, 12.6304676653, 621.534796883
4.71230411045, 1.14964812819, 0.974846077376, 0.916052467666, 2.55301657632, 0.966630610701, 3.19975074348, 1.13460418236, 0.991740312456, 2.85726939169, 6.50255026646, 0.993363227679, 1.51550469765, 1.19628385046, 0.936649493797, 1.46967503711, 1.01641511294, 1.13973312446, 5.5630322411, 1.10569211554, 0.894314178693, 389.539224322, 0.989382685382, 2.28598835539, 1.09259517645, 3.96789515109, 0.904670389579, 116.719659879, 12.8798810655, 766.686215838
1.35814224692, 1.29095934886, 1.5248463056, 0.990921826233, 6.70242256671, 0.799967285087, 1.37539341022, 0.902071418387, 1.00313946006, 2.02182668802, 1.62146517408, 1.01616702054, 1.26120358857, 1.08655217152, 0.918672047315, 1.48482023674, 1.04479626249, 1.00793086262, 7.0617413218, 1.05083988714, 0.950506636881, 319.865666433, 1.16415855767, 5.43564916933, 1.13955980495, 3.11493090995, 1.03392615504, 154.290001564, 14.2368705231, 719.210779682
3.74429909201, 1.42046105495, 0.960037808275, 0.978594278181, 5.59169129016, 0.928194105756, 4.30766626198, 0.924002033961, 1.1009336817, 4.82078284828, 6.03068166125, 1.18676019108, 1.35315549222, 0.965631734262, 1.07724162047, 1.21838494958, 1.0398185603, 0.985976865078, 3.89327591653, 1.03400127454, 0.803255045761, 318.007986318, 0.873855640575, 4.14492554722, 1.00679646091, 4.37596380873, 0.93566281585, 98.4461417295, 12.4679546369, 1026.24176891
1.64198912978, 1.42526536089, 1.56718882269, 0.952890047297, 2.12987185578, 0.791557454568, 2.32774507032, 0.857662818822, 1.10043754539, 4.32243613072, 4.01968260784, 0.830927551566, 3.44397202188, 0.818260993591, 0.98761437623, 1.32975898301, 1.00168075193, 0.822604999483, 3.43691868318, 1.17664576403, 0.935282329708, 359.029967941, 1.1708438931, 4.63606740675, 1.1530063626, 4.75874043216, 0.879276654462, 102.860217568, 12.4238853299, 1157.03040952
1.95168219932, 1.2675177546, 1.41311319438, 0.968652237751, 5.49848308195, 0.74731506928, 5.40532694351, 0.94896100128, 0.992630868441, 5.22625436945, 3.25751532415, 1.10107638865, 3.74291436444, 1.27604013434, 0.85096247832, 1.55156107627, 1.01590206868, 0.938459830298, 6.1840866518, 1.16257220194, 0.993150528325, 120.247220549, 1.18736258213, 2.89833192674, 1.04578080546, 5.38687482915, 0.954805261639, 110.901195912, 22.5221004672, 148.56675919
2.54983912994, 1.30290823664, 1.34610534356, 0.952338165109, 5.98776949819, 1.10417723845, 3.54192459246, 0.968617380329, 1.03655711697, 1.92336912095, 5.65320600424, 0.954953508509, 1.0583059025, 0.904719182068, 0.877597999935, 1.28171615481, 1.15198169113, 1.01980972577, 6.37961056583, 1.01881247664, 0.910218785668, 272.62882942, 1.13370115807, 5.66773860339, 0.96693751309, 3.93208278502, 1.14790139727, 96.1257276629, 19.9671372856, 182.895778093
1.01103421508, 1.41918093801, 1.42561467293, 0.94368648987, 2.66756944114, 0.872663203597, 4.86589452138, 0.845540482361, 0.99434124014, 6.09928501478, 6.32138910172, 0.968911912706, 2.8498647919, 0.835280240006, 0.831124239997, 1.58343817855, 1.10902815266, 0.94084836063, 3.43691868318, 1.17664576403, 0.991876397562, 236.968080876, 1.16121254444, 2.25611953027, 1.20098355904, 2.97103186302, 0.956907675287, 107.735650429, 15.6180115826, 647.539556269
2.02207892007, 1.24750679801, 0.977882190029, 1.00602007045, 5.16468060442, 0.742930357687, 4.92676801921, 1.07250020246, 0.955364394656, 1.54572436061, 3.42246294575, 1.17139740591, 1.11847811623, 0.835966879523, 1.01333115928, 1.10664784738, 1.05236336629, 0.918938902423, 6.55979707688, 1.18196966006, 0.932462094427, 62.5246620824, 1.09065658189, 3.66371322374, 1.11777951358, 4.65006376522, 1.28657364205, 102.60573067, 15.9130436852, 475.306125053
2.02207892007, 1.24750679801, 0.977882190029, 0.940830445981, 5.16468060442, 0.742930357687, 4.92676801921, 1.07250020246, 0.955364394656, 1.54572436061, 3.42246294575, 1.17139740591, 1.11847811623, 0.835966879523, 1.01333115928, 1.10664784738, 1.05236336629, 0.918938902423, 8.13783026316, 1.18196966006, 0.932462094427, 43.741589565, 1.09065658189, 3.66371322374, 1.11777951358, 4.65006376522, 1.22775192973, 167.114142162, 17.7193570951, 347.055793679
1.01103421508, 1.3064898451, 1.52887156659, 0.94368648987, 2.66756944114, 0.872663203597, 4.86589452138, 0.845540482361, 1.09414897661, 6.09928501478, 6.32138910172, 0.968911912706, 1.18755101403, 1.09910724903, 0.831124239997, 1.58343817855, 1.10902815266, 0.94084836063, 3.43691868318, 1.17664576403, 0.991876397562, 236.968080876, 1.16121254444, 2.25611953027, 1.13451538076, 2.97103186302, 0.956907675287, 390.297443768, 15.3837515539, 448.141562649
4.34577533246, 1.35602118622, 0.935728547067, 1.07340502365, 2.63948076364, 0.820460522033, 4.17401271624, 0.857662818822, 0.99960269589, 4.26594764046, 2.45814864739, 0.829208888614, 3.09803215955, 0.818260993591, 0.786553288357, 1.26451570211, 1.16091281701, 1.01053784432, 7.97668869688, 1.09416546842, 0.874086059733, 156.973160201, 1.11308133702, 4.78611923541, 1.1474270595, 3.44847196792, 1.0673090382, 163.047876467, 11.9825727468, 908.046257103
1.43603869279, 1.40095633401, 0.804273668057, 0.833078454602, 6.98927248023, 0.852069370144, 4.02389012476, 0.922078574079, 1.06765261989, 1.97900150538, 5.78856389068, 1.1237450731, 1.74359466977, 1.14295799364, 0.806669535972, 1.57337312514, 1.11371301311, 0.965246488501, 4.05068014771, 1.00122816657, 0.781210244426, 401.235795577, 0.874771299929, 1.29466944316, 0.980243238868, 3.51216950605, 0.880359844961, 144.120857843, 12.3953506672, 1196.33788738
2.35321708596, 1.40433286871, 0.967622468595, 1.05664153251, 2.12987185578, 0.740420291164, 2.32774507032, 0.895459571177, 1.10043754539, 4.32243613072, 4.01968260784, 0.830927551566, 3.44397202188, 1.21938947283, 0.98761437623, 1.32975898301, 1.14570237029, 0.820274687844, 6.89259751199, 0.93950799641, 0.934371781433, 359.029967941, 1.1708438931, 3.81823589834, 1.1530063626, 4.75874043216, 1.03387257143, 179.553221665, 13.0897825615, 684.247069923
2.03768770268, 1.34116836989, 1.5248463056, 0.990921826233, 6.70242256671, 1.15900757038, 1.37539341022, 0.909492607786, 1.00313946006, 2.02182668802, 1.62146517408, 1.15701154319, 3.93681333133, 1.08655217152, 0.918672047315, 1.48482023674, 1.04479626249, 0.821479778242, 7.0617413218, 1.10897501196, 0.776497157844, 319.865666433, 1.16415855767, 5.43564916933, 1.11896214042, 3.11493090995, 1.03392615504, 125.653095412, 13.102529718, 894.610564509
4.4876024522, 1.3997143724, 1.20730056309, 0.800205279518, 3.34026645128, 0.848481965722, 1.0561455275, 1.1269986049, 0.947700859786, 1.51164622114, 3.8229394664, 1.15189390513, 1.05703339101, 1.18872371154, 0.798890885333, 1.36075169549, 1.00894108831, 1.12396189185, 5.07122991107, 1.11257515166, 0.855672982406, 105.617863824, 1.03456346639, 3.2225234932, 1.15953736475, 5.4160282147, 1.28722949082, 110.61682757, 15.2509885655, 1130.73763117
4.91258623197, 1.42750876953, 1.00830013986, 0.802752344071, 3.44803943182, 0.848022795566, 2.0281664675, 1.2261267824, 1.10666684391, 3.83668626329, 7.71248895414, 0.967921599862, 3.95356848341, 0.82958431888, 0.847093707472, 1.55925944707, 1.15631277855, 1.18914884024, 9.57847525466, 1.18992957096, 0.776809457452, 189.321020386, 1.02846194055, 3.15344754225, 1.07315154348, 2.56864471948, 1.15469985486, 150.774667489, 23.6608931387, 159.948715477
1.20568334221, 1.3997143724, 1.58143969759, 0.833078454602, 6.82618929848, 0.746157286737, 3.56412466719, 0.922078574079, 0.907219621238, 1.97900150538, 5.32455256006, 1.1237450731, 1.14115478795, 1.14295799364, 0.807011335896, 1.57337312514, 1.13891011914, 1.11491809687, 4.05068014771, 1.03029497998, 0.806041456668, 382.63580616, 0.874771299929, 1.25418569773, 0.96693751309, 3.51216950605, 1.14790139727, 294.457787267, 17.2343893159, 569.11201613
4.33450396894, 1.3997143724, 1.20730056309, 0.800205279518, 6.21491805579, 0.818802693393, 3.50098847487, 1.1269986049, 0.947700859786, 1.76189996388, 3.0208440119, 1.19074669025, 1.05703339101, 1.00389512723, 0.798890885333, 1.002834169, 1.00767947099, 1.12396189185, 9.09288945188, 1.11257515166, 0.855672982406, 105.617863824, 1.03456346639, 3.2225234932, 1.05236647261, 5.4160282147, 1.28722949082, 159.573100865, 23.1405289772, 505.663552943
3.31326902135, 1.11087767461, 1.54687816478, 1.08074395793, 3.75956019071, 0.914681350327, 5.22311109946, 0.934153279413, 0.986046792232, 2.86860635178, 3.90675885102, 1.02308367675, 2.91604231661, 1.14132011993, 0.807997088834, 1.24067921085, 1.0966086703, 0.965338881124, 7.31562643974, 1.07662358772, 0.987006505719, 387.214041506, 1.02346211376, 3.40006477813, 1.15022994595, 4.27937712872, 1.2529854814, 240.043801127, 15.9638056737, 680.371115441
1.01103421508, 1.3064898451, 1.60785578472, 0.94368648987, 2.66756944114, 0.872663203597, 4.86589452138, 0.845540482361, 0.99434124014, 6.09928501478, 6.32138910172, 0.968911912706, 1.18755101403, 1.09910724903, 0.831124239997, 1.58343817855, 1.10902815266, 0.822604999483, 3.43691868318, 1.18331813822, 0.991876397562, 236.968080876, 1.16121254444, 2.25611953027, 1.13451538076, 2.97103186302, 0.956907675287, 155.375942355, 16.9195100204, 729.894038197
4.4876024522, 1.3997143724, 1.20730056309, 0.800205279518, 3.34026645128, 0.848481965722, 1.0561455275, 1.1269986049, 0.947700859786, 1.76189996388, 3.0208440119, 0.972906774785, 1.05703339101, 1.18872371154, 0.798890885333, 1.36075169549, 1.00894108831, 1.12396189185, 5.31845966669, 1.11257515166, 0.855672982406, 105.617863824, 1.03456346639, 3.2225234932, 1.05236647261, 5.4160282147, 1.28722949082, 301.092648107, 16.5360629298, 539.217486021
1.01702973623, 1.05685730392, 1.19855204442, 0.940909077828, 3.09873223144, 1.17370236391, 4.86631249113, 1.25968756521, 0.937000546696, 5.22863537322, 5.43748740131, 1.18127628969, 1.46282036627, 1.0557207692, 0.864692437748, 1.2964685702, 1.11587423747, 1.06386911073, 7.60005029469, 0.934254415051, 0.878131797751, 382.179947692, 0.994468905776, 4.55626948907, 1.14457873448, 4.78561299889, 1.16159984299, 152.705539729, 23.3808711742, 697.232686334
1.35292496334, 1.36628487256, 1.42561467293, 0.829979270172, 5.77321649417, 1.03184366213, 5.90343490155, 0.944920548317, 1.12040146306, 2.96188873241, 5.40564779179, 0.898156125844, 2.70806146362, 0.835280240006, 0.972950696589, 1.32245582505, 1.13063742521, 0.94241846174, 7.21059956444, 1.16108140333, 0.977579384346, 363.171097691, 1.18647460114, 5.29277676682, 1.03968965023, 5.29658722326, 1.04742876851, 345.520996395, 16.1514914331, 509.648359226
1.43603869279, 1.40095633401, 1.58143969759, 0.833078454602, 6.82618929848, 0.852069370144, 4.02389012476, 0.922078574079, 1.06765261989, 1.97900150538, 5.32455256006, 1.1237450731, 1.14115478795, 1.14295799364, 0.807011335896, 1.57337312514, 1.11371301311, 1.11491809687, 4.05068014771, 1.03029497998, 0.806041456668, 382.63580616, 0.874771299929, 1.25418569773, 0.96693751309, 3.51216950605, 1.14790139727, 453.807994659, 22.2252454352, 432.66662795
1.43603869279, 1.18794323732, 1.58143969759, 0.833078454602, 6.82618929848, 0.852069370144, 4.02389012476, 0.922078574079, 1.06765261989, 1.97900150538, 5.32455256006, 1.1237450731, 1.14115478795, 1.14295799364, 0.807011335896, 1.57337312514, 1.11371301311, 0.94084836063, 4.05068014771, 1.03029497998, 0.806041456668, 382.63580616, 0.874771299929, 1.25418569773, 0.96693751309, 3.51216950605, 0.956907675287, 223.561427473, 18.6972026375, 514.554362514
5.91418675559, 1.27474766478, 0.804273668057, 1.09227236819, 5.2968781671, 0.860553065266, 5.2565051534, 0.95129607791, 1.05775297314, 3.03920585814, 4.36608561921, 0.978755753894, 4.69700054267, 0.970489771051, 0.974294735647, 1.1310816489, 1.09767635924, 0.945670377037, 8.72428685614, 1.0695056111, 0.79569804533, 396.422572438, 0.941736464735, 5.28456962156, 1.07801399617, 4.54603583955, 1.21555519852, 199.164032147, 13.2246905173, 726.206434515
1.43603869279, 1.40095633401, 1.58143969759, 0.833078454602, 6.82618929848, 0.852069370144, 4.02389012476, 0.922078574079, 1.06765261989, 1.97900150538, 5.78856389068, 1.1237450731, 1.74359466977, 1.14295799364, 0.806669535972, 1.57337312514, 1.11371301311, 0.965246488501, 4.05068014771, 1.00122816657, 0.781210244426, 401.235795577, 0.874771299929, 1.29466944316, 0.980243238868, 3.51216950605, 0.880359844961, 185.511916206, 14.8468678928, 819.443291149
3.89646703125, 1.11087767461, 1.67697498446, 1.08074395793, 3.75956019071, 0.89983779865, 5.22311109946, 1.02052270546, 0.986046792232, 2.86860635178, 2.18328700664, 1.02308367675, 2.91604231661, 1.20936833474, 1.08796250005, 1.24067921085, 1.0966086703, 0.965338881124, 7.31562643974, 1.01817992039, 0.987006505719, 387.214041506, 1.02346211376, 3.40006477813, 1.15022994595, 4.27937712872, 1.1258901915, 148.384801438, 24.5450610351, 933.486958915
1.93915281058, 1.37102721677, 1.36871004213, 1.04118144249, 3.80314746367, 0.785702494109, 2.77780707896, 1.13964984171, 0.934653207304, 3.86257380848, 2.84803872198, 1.10584068677, 3.63057644074, 1.1562510109, 0.976526274829, 1.09388712136, 1.00260503195, 0.994872836891, 8.86261987869, 0.928464450655, 0.760840926351, 207.674995209, 1.18552840972, 3.09491986571, 0.96424562739, 4.65024405342, 1.08302728728, 129.146875075, 16.5942379982, 1083.76862205
3.79891672209, 1.08472171371, 1.19693832931, 1.04365158346, 4.12951187031, 0.945337063713, 5.6314697772, 1.02137972813, 0.977444185453, 5.1198204894, 2.19180715248, 1.13855603413, 3.42996047293, 0.843380261884, 0.910530699278, 1.09770409869, 1.03481738711, 1.22362157133, 7.5386117701, 1.17158297916, 0.977360857259, 107.810185675, 1.19236976275, 4.50935353229, 0.974380299032, 4.71080195029, 0.937553934875, 199.824890662, 13.1203974111, 1180.99069694
5.26060465551, 1.2704966542, 1.33018816198, 1.16074900311, 3.54429616475, 1.1460982601, 3.06955216293, 0.969248860855, 1.09947962339, 4.23393451506, 5.34722461849, 0.824835194499, 1.65458001232, 0.848567565772, 0.905176721774, 1.33851131865, 1.1020645113, 1.06032467554, 9.04138977602, 1.18791575894, 0.882852871804, 415.560669453, 1.16278485248, 2.48748229309, 1.21141332904, 4.65940843497, 1.113028346, 127.473902527, 23.0625803887, 2300.67981984
2.15290744553, 1.39863404562, 1.19855204442, 1.05664153251, 3.50132636678, 1.0794180993, 4.39209403778, 0.895459571177, 1.10043754539, 4.32243613072, 4.01968260784, 0.830927551566, 1.46282036627, 1.071022698, 0.910530699278, 1.46801983933, 1.13873141557, 0.849412803884, 5.57641579812, 0.93950799641, 0.96901910878, 359.029967941, 1.1708438931, 3.20928043691, 1.14457873448, 5.45853791091, 1.03387257143, 131.554073991, 16.374182936, 2613.60155504
4.62894245305, 1.13615325505, 0.94008310903, 0.907354132041, 7.04417913304, 0.986211991987, 5.6314697772, 1.06941332564, 0.991740312456, 4.94860924661, 7.16853894379, 1.0795276246, 1.79256643143, 1.17745272429, 0.862275999215, 1.18249119225, 1.01085822443, 0.935815471746, 5.07006046872, 0.942282600188, 0.839430264755, 152.505312511, 0.950341510255, 4.48486388681, 1.12733712069, 2.00868289223, 1.22867982258, 174.411044921, 24.0989968916, 266.940901319
4.60675572478, 1.3064898451, 1.52887156659, 0.802752344071, 2.66756944114, 0.872663203597, 4.86589452138, 0.835415718749, 1.09414897661, 6.19216341601, 6.32138910172, 0.968911912706, 1.18755101403, 1.09910724903, 0.831124239997, 1.58343817855, 1.10902815266, 1.18914884024, 3.43691868318, 1.17664576403, 0.991876397562, 236.968080876, 1.16121254444, 2.25611953027, 1.13451538076, 2.56864471948, 0.956907675287, 441.20560782, 23.2815414112, 582.956747726
3.9796000647, 1.25426406914, 1.10702785799, 1.05079298861, 5.11127368036, 0.994811880256, 4.15666997083, 0.94896100128, 0.959861637153, 4.76554288548, 5.28461498175, 0.890399037272, 1.17365347015, 1.19034188031, 0.8183828225, 1.21989471705, 1.01590206868, 1.07164271204, 5.82493323975, 1.04900357681, 0.990509662595, 272.62882942, 1.02192587147, 3.92646490421, 1.15953736475, 2.02014550254, 0.962539167026, 224.061160681, 18.7701147915, 685.882175658
4.33450396894, 1.3997143724, 1.20730056309, 0.800205279518, 6.21491805579, 0.818802693393, 3.50098847487, 1.1269986049, 0.947700859786, 1.76189996388, 3.0208440119, 1.19074669025, 1.05703339101, 1.00389512723, 0.798890885333, 1.002834169, 1.00767947099, 1.12396189185, 9.09288945188, 1.11257515166, 0.855672982406, 105.617863824, 1.03456346639, 3.2225234932, 1.05236647261, 5.4160282147, 1.28722949082, 152.146464493, 23.1236190803, 1447.24785988
2.02207892007, 1.24750679801, 0.977882190029, 1.00902894302, 6.4971563804, 0.742930357687, 5.61244839838, 1.07250020246, 0.955364394656, 1.54572436061, 3.42246294575, 1.21569230101, 1.11847811623, 0.876460718322, 1.01333115928, 1.10664784738, 1.05236336629, 0.832939953958, 6.55979707688, 1.18196966006, 0.932462094427, 62.5246620824, 1.09065658189, 4.50556254005, 1.21813581103, 4.65006376522, 1.28657364205, 280.579202621, 13.747887005, 1830.89097138
4.99972634442, 1.02343607904, 1.48111637332, 0.932920183325, 2.58060438538, 1.13713486021, 5.74450421758, 1.22436997161, 0.99434124014, 6.15672890483, 6.25668486717, 1.18405504377, 3.20310867708, 1.01426996921, 0.791978558068, 1.5868748325, 1.07785945489, 1.01263402634, 4.08671445592, 1.04682236529, 0.92578126392, 46.2670419881, 0.842100272834, 1.43686272705, 0.985204643134, 2.34061236444, 1.11144483929, 578.623683187, 36.1185310017, 313.456775546
1.01103421508, 1.3064898451, 1.50852750802, 0.94368648987, 2.66756944114, 0.872663203597, 4.86589452138, 0.845540482361, 0.99434124014, 6.09928501478, 6.32138910172, 0.968911912706, 1.18755101403, 1.09910724903, 0.831124239997, 1.58343817855, 1.10902815266, 0.94084836063, 3.43691868318, 1.17664576403, 0.991876397562, 236.968080876, 1.16121254444, 2.25611953027, 1.13451538076, 2.97103186302, 0.956907675287, 483.070136699, 33.1030610448, 394.24978653
4.71230411045, 1.3997143724, 0.974846077376, 0.800205279518, 3.34026645128, 1.18064094025, 3.50098847487, 1.1269986049, 0.947700859786, 1.3779957564, 3.0208440119, 0.972906774785, 1.05703339101, 0.946590990727, 0.798890885333, 1.21048663924, 1.00894108831, 0.885399221549, 5.31845966669, 1.11257515166, 0.855672982406, 91.8592533458, 1.03456346639, 1.94685799276, 1.05236647261, 5.4160282147, 1.28722949082, 182.784096812, 25.9456348255, 578.760682132
5.26060465551, 1.2704966542, 1.33018816198, 1.16074900311, 3.54429616475, 1.1460982601, 3.06955216293, 0.969248860855, 1.09947962339, 4.23393451506, 5.34722461849, 0.824835194499, 1.65458001232, 0.848567565772, 0.905176721774, 1.33851131865, 1.13873141557, 1.06032467554, 5.57641579812, 1.18791575894, 0.774162089569, 415.560669453, 1.16278485248, 2.48748229309, 1.21141332904, 4.65940843497, 1.16600410381, 416.132621765, 16.0315743301, 763.988857907
2.02207892007, 1.24750679801, 0.977882190029, 1.00602007045, 6.4971563804, 0.742930357687, 5.61244839838, 1.07250020246, 0.955364394656, 1.54572436061, 3.42246294575, 1.17139740591, 1.11847811623, 0.876460718322, 1.01333115928, 1.10664784738, 1.05236336629, 0.918938902423, 6.55979707688, 1.18196966006, 0.932462094427, 62.5246620824, 1.09065658189, 3.62006125396, 1.21813581103, 4.65006376522, 1.28657364205, 164.335896364, 17.828197563, 1632.86308036
1.42084518962, 1.2704966542, 1.33018816198, 1.16074900311, 3.54429616475, 1.1460982601, 3.06955216293, 0.969248860855, 1.09947962339, 4.23393451506, 5.34722461849, 0.824835194499, 1.65458001232, 0.857784009899, 0.954850951293, 1.33851131865, 1.1020645113, 1.06032467554, 9.04138977602, 1.18791575894, 0.882852871804, 385.140798215, 1.16278485248, 2.48748229309, 1.21141332904, 4.65940843497, 1.113028346, 297.906850986, 15.1298594137, 916.249771551
1.67876074548, 1.31600936443, 1.6306513292, 0.966188628518, 2.00769093518, 1.18478389982, 2.55081607786, 1.17222107389, 1.01818266247, 2.9619967575, 3.60265146355, 1.21102441639, 2.17828456053, 1.23713174311, 1.01599385587, 1.32133379164, 1.06532297421, 1.08362307017, 8.22110332088, 1.12354964385, 0.854446618984, 389.721425466, 0.929700530112, 2.14757122019, 1.13901993691, 2.59941292133, 1.21338313621, 217.638398982, 15.4576587067, 1127.4170694
1.64198912978, 1.42526536089, 1.56718882269, 0.952890047297, 2.12987185578, 0.791557454568, 2.32774507032, 0.857662818822, 1.10043754539, 6.09642626157, 4.01968260784, 0.830927551566, 3.44397202188, 0.818260993591, 0.98761437623, 1.32975898301, 1.00168075193, 0.818081172212, 3.43691868318, 1.17664576403, 0.935282329708, 359.029967941, 1.1708438931, 4.63606740675, 1.1530063626, 4.75874043216, 0.879276654462, 346.571001252, 15.4224302349, 850.92399211
