0.996380632053, 0.936660725891, 0.403689627552, 0.367649769004, 0.62995880097, 0.468276391329, 0.406864034809, 0.528423822074, 0.629847160004, 0.485057586112, 0.408630974344, 0.685630029992, 0.512201543855, 0.00115822402251, 0.989332663665
0.996380632053, 0.936660725891, 0.403689627552, 0.367649769004, 0.62995880097, 0.468276391329, 0.406864034809, 0.528423822074, 0.629847160004, 0.485057586112, 0.408630974344, 0.685630029992, 0.512201543855, 0.00115822402251, 0.989332663665
0.996380632053, 0.936660725891, 0.403689627552, 0.367649769004, 0.62995880097, 0.468276391329, 0.406864034809, 0.528423822074, 0.629847160004, 0.485057586112, 0.408630974344, 0.685630029992, 0.512201543855, 0.00115822402251, 0.989332663665
0.996380632053, 0.936660725891, 0.403689627552, 0.367649769004, 0.62995880097, 0.468276391329, 0.406864034809, 0.528423822074, 0.629847160004, 0.485057586112, 0.408630974344, 0.685630029992, 0.512201543855, 0.00115822402251, 0.989332663665
0.996380632053, 0.936660725891, 0.403689627552, 0.367649769004, 0.62995880097, 0.468276391329, 0.406864034809, 0.528423822074, 0.629847160004, 0.485057586112, 0.408630974344, 0.685630029992, 0.512201543855, 0.00115822402251, 0.989332663665
0.99793402255, 0.999896328131, 0.435094006441, 0.585825299511, 0.414896466643, 0.468276391329, 0.406864034809, 0.231959201097, 0.522576405259, 0.485057586112, 0.265626373034, 0.593232146198, 0.00545831245045, 0.336873191679, 1.11490914813
0.180600513727, 0.543384456445, 0.403689627552, 0.286542290984, 0.389929239766, 0.468276391329, 0.399889506759, 0.528423822074, 0.657167989513, 0.365722818727, 0.408630974344, 0.593232146198, 1.13856453578, 5.79693795868e-27, 8.40186432951e-75
0.000593079111543, 0.999944127004, 0.403689627552, 0.384192443791, 0.480197610665, 0.818103072008, 0.816834817171, 0.513743516458, 0.657167989513, 0.433981565334, 0.274380809683, 0.593232146198, 0.0114959600575, 1.31344811709, 3.95252516673e-323
0.000653612779913, 0.992358101951, 0.403689627552, 0.560640912275, 0.775327604245, 0.581763117787, 0.406217164014, 0.752621324852, 0.522576405259, 0.401771175252, 0.408630974344, 0.652988166495, 0.902126839102, 0.806344230292, 6.47062954389e-319
0.99793402255, 0.0174760706155, 0.512132856361, 0.651307776587, 0.754371976007, 0.621787826859, 0.408222751734, 0.485212707697, 0.537102232105, 0.292489205346, 0.379335291522, 0.695824408653, 0.349605118438, 9.6399936695e-177, 1.15689464076
0.68487820536, 0.00199176499914, 0.403689627552, 0.560640912275, 0.62995880097, 0.468276391329, 0.406864034809, 0.372938155259, 0.513708429385, 0.433981565334, 0.408630974344, 0.593232146198, 1.07725459247, 1.41986765196e-270, 6.16272564527e-17
0.994596214074, 0.997942366694, 0.403689627552, 0.48620967345, 0.480197610665, 0.30509282695, 0.406864034809, 0.482777159803, 0.779169677975, 0.388935254616, 0.274380809683, 0.577151380001, 0.211979460969, 0.70418745228, 0.953241170836
0.180600513727, 0.996932111465, 0.403689627552, 0.242770722209, 0.389929239766, 0.468276391329, 0.406864034809, 0.528423822074, 0.525221378464, 0.485057586112, 0.408630974344, 0.593232146198, 0.450489814021, 1.02097794096, 8.23495941139e-75
0.180600513727, 0.996932111465, 0.403689627552, 0.242770722209, 0.389929239766, 0.468276391329, 0.406864034809, 0.528423822074, 0.525221378464, 0.485057586112, 0.408630974344, 0.593232146198, 0.450489814021, 1.02097794096, 8.23495941139e-75
0.996380632053, 0.72013802619, 0.403689627552, 0.367649769004, 0.786663507559, 0.468276391329, 0.406864034809, 0.528423822074, 0.629847160004, 0.485057586112, 0.408630974344, 0.685630029992, 0.542219195319, 4.69752573177e-15, 1.0473099813
0.996380632053, 0.72013802619, 0.403689627552, 0.367649769004, 0.786663507559, 0.468276391329, 0.406864034809, 0.528423822074, 0.629847160004, 0.485057586112, 0.408630974344, 0.685630029992, 0.542219195319, 4.69752573177e-15, 1.0473099813
0.000653612779913, 0.00043679875045, 0.436237415184, 0.329901713816, 0.754371976007, 0.581763117787, 0.408222751734, 0.482777159803, 0.657167989513, 0.484821179956, 0.755125603762, 0.577151380001, 1.20908267595, 0.0, 6.46588651369e-319
0.996380632053, 0.999782870092, 0.403689627552, 0.367649769004, 0.638713317836, 0.468276391329, 0.406864034809, 0.528423822074, 0.629847160004, 0.485057586112, 0.548265796611, 0.685630029992, 0.0172229542058, 0.510226479623, 0.986076553275
0.914251321556, 0.992358101951, 0.403689627552, 0.328335738144, 0.606685357384, 0.468276391329, 0.489587583405, 0.482777159803, 0.522576405259, 0.371548201794, 0.408630974344, 0.652988166495, 0.820360845634, 0.733259676981, 0.00022089757996
0.000653612779913, 0.000906239232271, 0.727874854705, 0.627373017674, 0.754371976007, 0.581763117787, 0.408222751734, 0.482777159803, 0.371540853157, 0.433981565334, 0.354678717968, 0.577151380001, 1.19619163074, 9.95879009424e-305, 6.39696435609e-319
0.000653612779913, 0.00104316822101, 0.436237415184, 0.329901713816, 0.754371976007, 0.581763117787, 0.408222751734, 0.482777159803, 0.371540853157, 0.433981565334, 0.354678717968, 0.577151380001, 1.16103988989, 1.24853823319e-298, 6.20897237785e-319
0.000653612779913, 0.999896328131, 0.436237415184, 0.585825299511, 0.754371976007, 0.581763117787, 0.408222751734, 0.482777159803, 0.371540853157, 0.433981565334, 0.354678717968, 0.577151380001, 0.018460300561, 1.13932289985, 6.09360804955e-319
0.631453026605, 0.999982388262, 0.933779031762, 0.384192443791, 0.480197610665, 0.807226837299, 0.816834817171, 0.513743516458, 0.657167989513, 0.433981565334, 0.274380809683, 0.577151380001, 0.00409863256879, 1.482840189, 2.51953736821e-20
0.740288606771, 0.999896328131, 0.403689627552, 0.585825299511, 0.414896466643, 0.369205431738, 0.406864034809, 0.528423822074, 0.522576405259, 0.485057586112, 0.265626373034, 0.593232146198, 0.0180610733716, 1.11468361093, 1.52558021169e-13
0.994596214074, 0.0135504619216, 0.403689627552, 0.554053807051, 0.62995880097, 0.468276391329, 0.406864034809, 0.46181897975, 0.870642780283, 0.485057586112, 0.408630974344, 0.558996825403, 0.726671724171, 1.79006231999e-187, 0.941925564865
0.000174748079895, 0.997942366694, 0.677988047815, 0.48620967345, 0.480197610665, 0.30509282695, 0.816834817171, 0.482777159803, 0.779169677975, 0.433981565334, 0.274380809683, 0.577151380001, 0.377631217338, 1.25447608756, 0.0
0.718634597088, 0.992358101951, 0.424026120416, 0.502401358262, 0.480197610665, 0.68388784591, 0.406217164014, 0.45177122072, 0.522576405259, 0.306540760445, 0.408630974344, 0.590410477422, 0.824285358384, 0.736767507671, 7.77170107521e-15
0.68487820536, 0.0135504619216, 0.403689627552, 0.560640912275, 0.62995880097, 0.468276391329, 0.406864034809, 0.528423822074, 0.513708429385, 0.433981565334, 0.408630974344, 0.593232146198, 1.06191779374, 2.61589788933e-187, 6.07498734878e-17
0.68487820536, 0.0135504619216, 0.403689627552, 0.560640912275, 0.62995880097, 0.468276391329, 0.406864034809, 0.528423822074, 0.513708429385, 0.433981565334, 0.408630974344, 0.593232146198, 1.06191779374, 2.61589788933e-187, 6.07498734878e-17
0.68487820536, 0.0135504619216, 0.403689627552, 0.560640912275, 0.62995880097, 0.468276391329, 0.406864034809, 0.528423822074, 0.513708429385, 0.433981565334, 0.408630974344, 0.593232146198, 1.06191779374, 2.61589788933e-187, 6.07498734878e-17
0.68487820536, 0.0135504619216, 0.403689627552, 0.560640912275, 0.62995880097, 0.468276391329, 0.406864034809, 0.528423822074, 0.513708429385, 0.433981565334, 0.408630974344, 0.593232146198, 1.06191779374, 2.61589788933e-187, 6.07498734878e-17
0.68487820536, 0.0135504619216, 0.403689627552, 0.560640912275, 0.62995880097, 0.468276391329, 0.406864034809, 0.528423822074, 0.513708429385, 0.433981565334, 0.408630974344, 0.593232146198, 1.06191779374, 2.61589788933e-187, 6.07498734878e-17
0.162317409038, 0.936660725891, 0.403689627552, 0.367649769004, 0.62995880097, 0.468276391329, 0.406864034809, 0.528423822074, 0.629847160004, 0.485057586112, 0.408630974344, 0.685630029992, 1.11405768977, 0.0025191809635, 1.90343846605e-79
0.0103898753657, 0.997942366694, 0.424026120416, 0.384192443791, 0.480197610665, 0.277478988142, 0.511190747887, 0.482777159803, 0.657167989513, 0.433981565334, 0.466420784628, 0.577151380001, 0.31870451234, 1.05872388556, 7.95742519792e-199
0.000245135097126, 0.00104316822101, 0.436237415184, 0.322939917472, 0.754371976007, 0.581763117787, 0.408222751734, 0.482777159803, 0.340407695482, 0.433981565334, 0.354678717968, 0.577151380001, 1.172424687, 1.26078101193e-298, 0.0
0.99793402255, 0.340184286223, 0.512132856361, 0.651307776587, 0.754371976007, 0.468276391329, 0.408222751734, 0.485212707697, 0.537102232105, 0.779147911493, 0.379335291522, 0.593232146198, 0.347112156377, 8.09123068811e-48, 1.14864506346
0.99793402255, 0.340184286223, 0.512132856361, 0.651307776587, 0.754371976007, 0.468276391329, 0.408222751734, 0.485212707697, 0.537102232105, 0.779147911493, 0.379335291522, 0.593232146198, 0.347112156377, 8.09123068811e-48, 1.14864506346
0.99793402255, 0.340184286223, 0.512132856361, 0.651307776587, 0.754371976007, 0.468276391329, 0.408222751734, 0.485212707697, 0.537102232105, 0.779147911493, 0.379335291522, 0.593232146198, 0.347112156377, 8.09123068811e-48, 1.14864506346
0.0128293412032, 0.00142367363988, 0.572705482762, 0.48620967345, 0.360105467613, 0.275806234879, 0.483003442916, 0.52057282608, 0.513708429385, 0.371548201794, 0.436645245521, 0.732079208, 1.15058407817, 3.96353436007e-285, 1.19529140108e-189
0.0128293412032, 0.00142367363988, 0.572705482762, 0.48620967345, 0.360105467613, 0.275806234879, 0.483003442916, 0.52057282608, 0.513708429385, 0.371548201794, 0.436645245521, 0.732079208, 1.15058407817, 3.96353436007e-285, 1.19529140108e-189
0.483605197795, 0.0958861845815, 0.403689627552, 0.560640912275, 0.606685357384, 0.634824566075, 0.406217164014, 0.45177122072, 0.522576405259, 0.371548201794, 0.408630974344, 0.695824408653, 1.11733872907, 2.62971401151e-102, 4.9362907417e-32
0.996380632053, 0.9633895891, 0.403689627552, 0.367649769004, 0.62995880097, 0.468276391329, 0.406864034809, 0.528423822074, 0.629847160004, 0.485057586112, 0.408630974344, 0.685630029992, 0.511838946659, 0.0193042921058, 0.989332663665
0.996380632053, 0.9633895891, 0.403689627552, 0.367649769004, 0.62995880097, 0.468276391329, 0.406864034809, 0.528423822074, 0.629847160004, 0.485057586112, 0.408630974344, 0.685630029992, 0.511838946659, 0.0193042921058, 0.989332663665
0.211891135641, 0.561037430768, 0.424026120416, 0.48620967345, 0.360105467613, 0.275806234879, 0.483003442916, 0.52057282608, 0.537102232105, 0.433981565334, 0.347821551088, 0.392876239148, 1.11687644192, 1.39094101973e-25, 7.1680968994e-68
0.211891135641, 0.561037430768, 0.424026120416, 0.48620967345, 0.360105467613, 0.275806234879, 0.483003442916, 0.52057282608, 0.537102232105, 0.433981565334, 0.347821551088, 0.392876239148, 1.11687644192, 1.39094101973e-25, 7.1680968994e-68
0.999495785172, 0.997831206645, 0.424026120416, 0.651307776587, 0.754371976007, 0.616368482552, 0.54834104644, 0.485212707697, 0.537102232105, 0.779147911493, 0.379335291522, 0.64276907094, 0.0285022142046, 0.0900432245718, 1.22006127311
0.994596214074, 0.000383654554009, 0.403689627552, 0.554053807051, 0.62995880097, 0.369205431738, 0.406864034809, 0.528423822074, 0.870642780283, 0.485057586112, 0.408630974344, 0.577151380001, 0.737619360134, 0.0, 0.956116096635
0.483605197795, 0.997194969854, 0.403689627552, 0.560640912275, 0.606685357384, 0.468276391329, 0.406217164014, 0.45177122072, 0.522576405259, 0.371548201794, 0.408630974344, 0.652988166495, 0.407243140072, 1.00591634795, 4.79441829481e-32
0.000593079111543, 0.997942366694, 0.49726341795, 0.48620967345, 0.480197610665, 0.30509282695, 0.816834817171, 0.482777159803, 0.522576405259, 0.433981565334, 0.274380809683, 0.577151380001, 0.346183640716, 1.15000847187, 3.45845952089e-323
0.99793402255, 0.992358101951, 0.512132856361, 0.651307776587, 0.62995880097, 0.468276391329, 0.406217164014, 0.485212707697, 0.494078143781, 0.779147911493, 0.379335291522, 0.593232146198, 0.248277673756, 0.221916986688, 1.10194562991
0.000966467053575, 0.996944433059, 0.556629488007, 0.316990007662, 0.575620092138, 0.468276391329, 0.406864034809, 0.45177122072, 0.760665012019, 0.436185874146, 0.408630974344, 0.593232146198, 0.460110906017, 1.0468299285, 5.93000722125e-302
0.463702780905, 0.936660725891, 0.403689627552, 0.59362377251, 0.62995880097, 0.468276391329, 0.406864034809, 0.58012552666, 0.719063451447, 0.485057586112, 0.408630974344, 0.577151380001, 1.11354104278, 0.00251801268715, 7.3586349773e-34
0.99793402255, 0.999997167287, 0.435094006441, 0.585825299511, 0.414896466643, 0.468276391329, 0.406864034809, 0.231959201097, 0.522576405259, 0.485057586112, 0.265626373034, 0.593232146198, 0.000149894264988, 0.336917375596, 1.11490914813
0.999729956689, 0.0135504619216, 0.403689627552, 0.554053807051, 0.62995880097, 0.468276391329, 0.406864034809, 0.46181897975, 0.870642780283, 0.485057586112, 0.408630974344, 0.558996825403, 0.0497799121547, 1.22626410354e-188, 1.18861159544
0.0128293412032, 0.000825414016259, 0.572705482762, 0.48620967345, 0.360105467613, 0.275806234879, 0.483003442916, 0.52057282608, 0.513708429385, 0.371548201794, 0.347821551088, 0.732079208, 1.16972853356, 8.53864370074e-309, 1.21517973723e-189
0.99793402255, 0.209123785164, 0.435094006441, 0.585825299511, 0.414896466643, 0.468276391329, 0.540101950747, 0.231959201097, 0.522576405259, 0.485057586112, 0.265626373034, 0.733769590937, 0.348167189861, 6.00137587247e-69, 1.15213632408
0.000653612779913, 0.999959152637, 0.436237415184, 0.585825299511, 0.754371976007, 0.581763117787, 0.408222751734, 0.482777159803, 0.371540853157, 0.433981565334, 0.354678717968, 0.577151380001, 0.00729637121333, 1.13944908434, 6.09360804955e-319
0.746264091928, 0.999896328131, 0.403689627552, 0.585825299511, 0.414896466643, 0.468276391329, 0.406864034809, 0.528423822074, 0.522576405259, 0.485057586112, 0.265626373034, 0.477678045817, 0.0176674796317, 1.09039200421, 3.33437198789e-13
0.000245135097126, 0.000383654554009, 0.436237415184, 0.322939917472, 0.754371976007, 0.277478988142, 0.408222751734, 0.482777159803, 0.340407695482, 0.433981565334, 0.0821228125485, 0.577151380001, 1.36875814907, 0.0, 0.0
0.000245135097126, 0.000383654554009, 0.436237415184, 0.322939917472, 0.754371976007, 0.277478988142, 0.408222751734, 0.482777159803, 0.340407695482, 0.433981565334, 0.0821228125485, 0.577151380001, 1.36875814907, 0.0, 0.0
0.000245135097126, 0.000383654554009, 0.436237415184, 0.322939917472, 0.754371976007, 0.277478988142, 0.408222751734, 0.482777159803, 0.340407695482, 0.433981565334, 0.0821228125485, 0.577151380001, 1.36875814907, 0.0, 0.0
0.99793402255, 0.996932111465, 0.677988047815, 0.384192443791, 0.540223761161, 0.468276391329, 0.408222751734, 0.706093524553, 0.525221378464, 0.433981565334, 0.238581713398, 0.652988166495, 0.139587124246, 0.316356486346, 1.1442472097
0.718634597088, 0.999974132405, 0.49726341795, 0.207913578936, 0.627417973825, 0.135001997331, 0.256367502396, 0.734099510351, 0.769317178395, 0.692246441034, 0.110376013001, 0.64276907094, 0.00661716046924, 1.63060709194, 1.1462647381e-14
0.994596214074, 0.000383654554009, 0.403689627552, 0.554053807051, 0.62995880097, 0.813081145198, 0.406864034809, 0.528423822074, 0.870642780283, 0.485057586112, 0.408630974344, 0.577151380001, 0.787042898022, 0.0, 1.0201798166
0.998142501715, 0.999944127004, 0.49726341795, 0.207913578936, 0.627417973825, 0.135001997331, 0.256367502396, 0.734099510351, 0.769317178395, 0.71824498842, 0.127842288944, 0.64276907094, 0.00375247871795, 0.428732013843, 1.5705149267
0.000245135097126, 0.000383654554009, 0.436237415184, 0.322939917472, 0.0914625636561, 0.277478988142, 0.408222751734, 0.482777159803, 0.340407695482, 0.433981565334, 0.0821228125485, 0.577151380001, 1.47095588379, 0.0, 0.0
0.914251321556, 0.992358101951, 0.403689627552, 0.328335738144, 0.606685357384, 0.468276391329, 0.406217164014, 0.45177122072, 0.522576405259, 0.371548201794, 0.408630974344, 0.652988166495, 0.82835060975, 0.740401134165, 0.000223048974151
0.994596214074, 0.0135504619216, 0.403689627552, 0.554053807051, 0.62995880097, 0.468276391329, 0.406864034809, 0.528423822074, 0.870642780283, 0.485057586112, 0.408630974344, 0.593232146198, 0.729458149647, 1.79692632073e-187, 0.945537382008
0.000653612779913, 0.992358101951, 0.403689627552, 0.560640912275, 0.696561864275, 0.607029630848, 0.459569232684, 0.45177122072, 0.522576405259, 0.078695755073, 0.35716966796, 0.652988166495, 0.960915641566, 0.858891177815, 6.89231457261e-319
0.99973447331, 0.340184286223, 0.512132856361, 0.651307776587, 0.261136932647, 0.0674563047604, 0.408222751734, 0.485212707697, 0.537102232105, 0.979949518216, 0.379335291522, 0.593232146198, 0.0629986627566, 1.46850723618e-48, 1.52951604628
0.998142501715, 0.340184286223, 0.424026120416, 0.687821944184, 0.754371976007, 0.616368482552, 0.481421856386, 0.485212707697, 0.537102232105, 0.779147911493, 0.379335291522, 0.64276907094, 0.325014610076, 7.57613393485e-48, 1.19053564857
0.99793402255, 0.992358101951, 0.512132856361, 0.651307776587, 0.754371976007, 0.468276391329, 0.406217164014, 0.485212707697, 0.494078143781, 0.779147911493, 0.379335291522, 0.593232146198, 0.258590385895, 0.231134754713, 1.14771715621
0.996380632053, 0.999782870092, 0.403689627552, 0.367649769004, 0.638713317836, 0.468276391329, 0.406864034809, 0.528423822074, 0.629847160004, 0.485057586112, 0.408630974344, 0.685630029992, 0.0173163084601, 0.512992080225, 0.991421422697
0.996380632053, 0.9633895891, 0.403689627552, 0.367649769004, 0.62995880097, 0.468276391329, 0.406864034809, 0.528423822074, 0.629847160004, 0.485057586112, 0.34039105464, 0.685630029992, 0.519707568048, 0.0196010615618, 1.00454190909
0.000653612779913, 0.99913535063, 0.424026120416, 0.0836506865288, 0.754371976007, 0.733289267358, 0.540101950747, 0.231959201097, 0.537102232105, 0.433981565334, 0.332764454627, 0.577151380001, 0.183193108204, 1.39941720441, 7.54759383869e-319
0.99793402255, 0.996932111465, 0.677988047815, 0.384192443791, 0.540223761161, 0.634824566075, 0.408222751734, 0.706093524553, 0.525221378464, 0.433981565334, 0.274380809683, 0.695824408653, 0.14130109831, 0.320240990847, 1.15829728811
0.718634597088, 0.992358101951, 0.424026120416, 0.502401358262, 0.480197610665, 0.68388784591, 0.406217164014, 0.45177122072, 0.522576405259, 0.306540760445, 0.35716966796, 0.590410477422, 0.833271226374, 0.744799308182, 7.8564235311e-15
0.718634597088, 0.996932111465, 0.424026120416, 0.502401358262, 0.480197610665, 0.68388784591, 0.406217164014, 0.45177122072, 0.522576405259, 0.306540760445, 0.35716966796, 0.590410477422, 0.451163942233, 1.02250576693, 7.8564235311e-15
0.996380632053, 0.936660725891, 0.403689627552, 0.367649769004, 0.62995880097, 0.468276391329, 0.406864034809, 0.528423822074, 0.270897338115, 0.485057586112, 0.548265796611, 0.685630029992, 0.525814621326, 0.00118900681405, 1.01562673161
0.99793402255, 0.999896328131, 0.435094006441, 0.585825299511, 0.329293047611, 0.468276391329, 0.406864034809, 0.231959201097, 0.522576405259, 0.485057586112, 0.265626373034, 0.593232146198, 0.00556093722688, 0.343206932427, 1.1358711768
0.000245135097126, 0.00102405060403, 0.436237415184, 0.322939917472, 0.754371976007, 0.277478988142, 0.408222751734, 0.482777159803, 0.340407695482, 0.433981565334, 0.0821228125485, 0.577151380001, 1.36875814907, 2.31519940563e-299, 0.0
0.000245135097126, 0.00104316822101, 0.436237415184, 0.322939917472, 0.754371976007, 0.581763117787, 0.164705687515, 0.482777159803, 0.340407695482, 0.433981565334, 0.354678717968, 0.577151380001, 1.27642389969, 1.37261781822e-298, 0.0
0.000593079111543, 0.999944127004, 0.933779031762, 0.384192443791, 0.480197610665, 0.807226837299, 0.816834817171, 0.513743516458, 0.657167989513, 0.433981565334, 0.274380809683, 0.577151380001, 0.0129781173491, 1.48278905896, 4.44659081257e-323
0.390096211068, 0.936660725891, 0.403689627552, 0.367649769004, 0.62995880097, 0.468276391329, 0.406864034809, 0.528423822074, 0.629847160004, 0.485057586112, 0.408630974344, 0.685630029992, 1.11405768977, 0.0025191809635, 2.29193279584e-41
0.000966467053575, 0.996944433059, 0.556629488007, 0.316990007662, 0.575620092138, 0.468276391329, 0.406864034809, 0.482777159803, 0.760665012019, 0.641521749674, 0.408630974344, 0.593232146198, 0.465714711905, 1.05957953221, 6.00223026345e-302
0.0205485757048, 0.999896328131, 0.677988047815, 0.384192443791, 0.480197610665, 0.30509282695, 0.408222751734, 0.482777159803, 0.525221378464, 0.433981565334, 0.274380809683, 0.455788356518, 0.0186315839018, 1.14989407294, 3.42773460208e-169
0.0117115590554, 0.999944127004, 0.403689627552, 0.342667701306, 0.273680589787, 0.781871390352, 0.511190747887, 0.751600495526, 0.379015147489, 0.486478903861, 0.361640357663, 0.593232146198, 0.0111221242156, 1.27073624438, 1.45098591126e-193
0.000672508980968, 0.998643345327, 0.677988047815, 0.384192443791, 0.457703326473, 0.468276391329, 0.816834817171, 0.482777159803, 0.657167989513, 0.433981565334, 0.789485608577, 0.577151380001, 0.251051941872, 1.24226803057, 1.17175276522e-317
0.692266497858, 0.0135504619216, 0.403689627552, 0.560640912275, 0.62995880097, 0.468276391329, 0.406864034809, 0.528423822074, 0.513708429385, 0.433981565334, 0.408630974344, 0.593232146198, 1.06191779374, 2.61589788933e-187, 1.77640597342e-16
0.994596214074, 0.0135504619216, 0.403689627552, 0.554053807051, 0.62995880097, 0.468276391329, 0.406864034809, 0.528423822074, 0.870642780283, 0.485057586112, 0.408630974344, 0.593232146198, 0.729458149647, 1.79692632073e-187, 0.945537382008
0.000653612779913, 0.00043679875045, 0.436237415184, 0.329901713816, 0.754371976007, 0.581763117787, 0.408222751734, 0.482777159803, 0.657167989513, 0.433981565334, 0.755125603762, 0.577151380001, 1.21321071309, 0.0, 6.48797124806e-319
0.000653612779913, 0.999944127004, 0.49726341795, 0.114230668005, 0.480197610665, 0.275806234879, 0.483003442916, 0.52057282608, 0.769317178395, 0.656416291117, 0.127842288944, 0.418980782175, 0.0126228667291, 1.44220060393, 7.71285879723e-319
