0.999989370205, 0.000360863033866, 0.926038874774, 0.143947954883, 0.31809967098, 0.552020871501, 0.208592945357, 0.201479534842, 0.6050512593, 0.481201996061, 0.607671847028, 0.779444728336, 0.482595058332, 0.249594386793, 0.374918123889, 0.23557485361, 0.294483695859, 1.40066396231e-06, 4.76098440356e-07, 1.7432926528e-06, 1.24808273211e-06, 5.99240526522e-07, 2.29033668835e-05, 1.30707096429e-08, 1.38099517096
0.999993011716, 0.991928071959, 0.947062027329, 0.997116497415, 0.69737518876, 0.857901953646, 0.963600014297, 0.308114648896, 0.441843628886, 0.121132118668, 0.591408317298, 0.508034526424, 0.553785704934, 0.189348588187, 0.0953825650767, 0.00015851771612, 0.294483695859, 5.29670273022e-13, 9.25360339891e-12, 4.08334204207e-11, 8.13478385922e-11, 2.01994229301e-08, 2.42355906776e-07, 1.91794620284e-05, 1.747353986
0.00208209189598, 0.186674926008, 0.0441208512351, 0.00936762247208, 0.0850480579921, 0.128660033849, 0.110735951008, 0.236277303174, 0.996207834059, 0.00206621617098, 0.74280316989, 0.0204169043684, 0.904180818307, 0.146581104578, 0.658414505074, 0.126539156594, 0.622029714056, 2.11885995695, 0.372324846104, 0.440797423305, 0.295130880086, 0.0326064535879, 0.153826036764, 0.670691639988, 0.0075889191785
0.00188854705985, 0.186674926008, 0.110391924315, 0.961308346578, 0.100814101196, 0.860591073028, 0.931736276859, 0.369309536351, 0.374706693406, 0.00157482485328, 0.74280316989, 0.0620566126875, 0.140765571656, 0.000932016725035, 0.0942842168127, 0.0583779178939, 0.999011095143, 0.00331194664515, 0.030768371272, 0.139051238435, 0.0227491422429, 2.37065408041, 0.416017548793, 0.728018106407, 0.00747182786912
0.999706908863, 0.988724703504, 0.993763182412, 0.00236819058889, 0.274519856047, 0.714583605753, 0.324914126264, 0.822100031322, 0.550222144459, 0.022940876001, 0.355711392323, 0.911698789436, 0.104756615494, 0.642730111716, 0.696974348243, 0.135785084171, 0.699191618604, 5.24730027495e-08, 2.93769962166e-08, 1.25024786815e-07, 6.38312487277e-08, 5.68096205015e-10, 1.55879695308e-05, 0.000880069818966, 1.91188891216
0.00782436353782, 0.0782319157913, 0.879254897561, 0.935878576797, 0.872728290402, 0.772068308046, 0.949403215441, 0.622871207015, 0.4975388184, 0.00206621617098, 0.997124677511, 0.77799387399, 0.124477111872, 0.754161288951, 0.998903653913, 0.00141073890635, 0.604087875443, 0.00023921555085, 0.00300352213696, 0.00805278777787, 0.0424331949136, 0.428398354862, 2.24291722729, 0.282078310114, 0.02828461157
1.50574577344e-05, 0.0189687477886, 0.0231286868104, 0.00351058486842, 0.992505704162, 0.992583396104, 0.351691526675, 0.0125222971082, 0.391801975593, 0.526655544945, 0.334233667395, 0.0120177289899, 0.516230067688, 0.00440761499169, 0.0505217929983, 0.00015851771612, 0.384472132352, 0.000259655747642, 0.000160067794313, 0.0261816365348, 2.2241060406, 0.0122656152744, 0.0808451874721, 0.0663385463241, 5.26675607233e-05
0.999773328589, 0.969321862833, 0.951183594935, 0.993905693758, 0.996479355732, 0.956193791224, 0.0642940036508, 0.308114648896, 0.935934290364, 0.27708275575, 0.395105880777, 0.57190606607, 0.354116179619, 0.249594386793, 0.374918123889, 0.367692176856, 0.604087875443, 6.75973229707e-12, 6.85014719729e-13, 9.85839745842e-11, 1.7868531296e-08, 1.86654334943e-06, 2.42951695488e-05, 0.000505257512952, 1.42069414158
0.999706908863, 0.988724703504, 0.993763182412, 0.00236819058889, 0.274519856047, 0.806144641047, 0.324914126264, 0.822100031322, 0.391801975593, 0.022940876001, 0.355711392323, 0.911698789436, 0.104756615494, 0.642730111716, 0.696974348243, 0.135785084171, 0.699191618604, 3.64696238605e-08, 2.0417508929e-08, 1.32989041224e-07, 6.41378884839e-08, 5.70825289676e-10, 1.5662852778e-05, 0.000884297597681, 1.92107345988
0.999371786362, 0.991928071959, 4.50856657887e-05, 0.248777755984, 0.992322310843, 0.979886747926, 0.00248470278828, 0.334089939349, 0.75490364139, 0.472919543974, 0.591408317298, 0.211612276389, 0.491122790957, 0.725757230526, 0.309665284747, 0.790577612067, 0.0310583111677, 6.94700773648e-09, 2.71140449768e-11, 2.19813511071e-07, 1.82347456941e-05, 7.5126424609e-06, 1.39678602048e-09, 0.00155543219158, 1.57637164978
1.37725525318e-06, 0.991928071959, 0.197540767635, 0.400311426506, 0.00203189435422, 0.641928005209, 0.455951778658, 0.308114648896, 0.620220093594, 0.363826622841, 0.585759006924, 0.508034526424, 0.46283786126, 0.624657325856, 0.374918123889, 0.790577612067, 0.604087875443, 0.00473300132173, 0.00411950981797, 0.00995382463542, 3.75551418192e-05, 0.00855769654242, 0.00466533610617, 1.20497392609, 2.60703507935e-06
0.205916475038, 0.997747902358, 0.197540767635, 0.401556475268, 0.100814101196, 0.00369763576622, 0.00676970551951, 0.998180716956, 0.699675632821, 0.00157482485328, 0.962975783088, 0.77799387399, 0.682153370589, 0.754161288951, 0.979404953807, 0.0753320202319, 0.818089316641, 0.00620740897189, 6.60110109874e-05, 3.60565196713e-05, 0.000991368504093, 0.00459095272981, 0.0024961083551, 2.31083892548, 0.774657768009
0.00208209189598, 0.0933589068743, 0.110391924315, 0.00248734122316, 0.0850480579921, 0.982321665561, 0.110735951008, 0.127914713336, 0.996207834059, 0.000452776199546, 0.806655140744, 0.0204169043684, 0.993147408313, 0.242388137599, 0.993399475045, 0.0583779178939, 0.116138805297, 0.0753630832765, 0.0132427574039, 2.75479493398, 0.370369720126, 0.0108642872009, 0.487066171058, 0.416978842937, 0.0093329179497
0.999993011716, 0.991928071959, 0.947062027329, 0.993905693758, 0.0133391146623, 0.010942880862, 0.486282390044, 0.308114648896, 0.441843628886, 0.121132118668, 0.591408317298, 0.508034526424, 0.491122790957, 0.189348588187, 0.374918123889, 0.790577612067, 0.294483695859, 1.14325671661e-10, 1.09501982746e-10, 2.72140951013e-12, 3.31798319432e-12, 1.65425196837e-08, 1.98486855504e-07, 1.57077710996e-05, 1.43106393711
1.50574577344e-05, 0.0067759098632, 0.0374037432031, 0.064175374355, 0.00536957920169, 0.00530504571972, 0.996966558161, 0.190652156823, 0.391801975593, 0.138064093679, 0.592594395863, 0.11089045364, 0.918360480069, 0.00440761499169, 0.916573061827, 0.0312498704021, 0.384472132352, 0.0105314996322, 2.21019901294, 0.0184185472177, 0.0186432583801, 0.223578333905, 0.130680954058, 0.0236881498914, 5.26409084053e-05
0.10300114288, 0.0535264756439, 0.197540767635, 0.317545635224, 0.035235469217, 0.00397084442016, 0.00803148944833, 0.286180569594, 0.998242223963, 0.00595490572645, 0.682351469853, 0.836744000145, 0.765633034122, 0.935516972865, 0.591340039766, 0.0312498704021, 0.778308939778, 1.84771842407, 0.0233117459195, 0.0115260030951, 0.102381743611, 1.00817841356, 0.675785619482, 0.186525277995, 0.362523168221
0.00504940534808, 0.223107107442, 0.197540767635, 0.153160021557, 0.268981124673, 0.128660033849, 0.00147581854963, 0.98836745778, 0.856059115475, 0.262042353542, 0.682351469853, 0.749902298488, 0.192716107515, 0.558742814265, 0.981033469637, 0.276269980595, 0.607779740079, 1.48116468918, 0.00343365747347, 0.303485411241, 0.679756311439, 0.406696379689, 0.547317887213, 0.655233063402, 0.0151376472031
1.37725525318e-06, 0.997747902358, 0.250842493976, 0.00462489565633, 0.99105723516, 0.925304604697, 0.219241561025, 0.127914713336, 0.580638406931, 0.022940876001, 0.403171530524, 0.0204169043684, 0.388584469195, 0.642730111716, 0.0916901450451, 0.501122470027, 0.842809928891, 9.75221970692e-06, 3.49789649729e-06, 8.78961599685e-05, 0.00630007784202, 4.57739321907e-05, 0.00261967854762, 1.92892119954, 4.17303010929e-06
0.0143375408637, 0.0067759098632, 0.0374037432031, 0.0870250213493, 0.00536957920169, 0.00530504571972, 0.996966558161, 0.190652156823, 0.391801975593, 0.138064093679, 0.592594395863, 0.11089045364, 0.140765571656, 0.00440761499169, 0.916573061827, 0.794803789071, 0.384472132352, 0.0096416222417, 2.02344440069, 0.0168622400147, 0.0170679638164, 0.278360593864, 0.120152339179, 0.0217796590237, 0.0460935077844
0.0674021177684, 0.194959406432, 0.290299796357, 0.000265239947106, 0.00581443996987, 0.886719846915, 0.971103433231, 0.127914713336, 0.848164607119, 0.205480912116, 0.759751436915, 0.889302261913, 0.939016698805, 0.995969650571, 0.692365263585, 0.740043669405, 0.714043751856, 0.0146616605219, 0.322788929849, 1.79669626083, 0.0166734917709, 0.000760612860377, 0.895416928277, 0.642926438742, 0.226635159647
0.122059653825, 0.997747902358, 0.250842493976, 0.38911105567, 0.99105723516, 0.925304604697, 0.219241561025, 0.216760879745, 0.580638406931, 0.27708275575, 0.0395006652139, 0.379495982297, 0.388584469195, 0.396025501711, 0.916573061827, 0.501122470027, 0.842809928891, 6.81756069312e-06, 2.44530192974e-06, 6.1446257702e-05, 0.00440424481299, 0.00308648105257, 0.00223616436514, 1.64653211116, 0.319619094295
0.376747583979, 0.0099548800776, 0.000218653576903, 0.00288775906564, 0.479119302671, 0.112901789958, 0.684636790862, 0.721633902197, 0.948543487983, 0.0236964836495, 0.325241573784, 0.299906953583, 0.939016698805, 0.0992520539474, 0.391996977218, 0.0312498704021, 0.603632341714, 0.607413648824, 1.12419975743, 0.229018649684, 1.21568060638, 0.0080675309008, 0.000610854495423, 0.0278133069613, 1.1955972379
0.162338314612, 0.284190232169, 0.0231286868104, 0.155442594957, 0.100814101196, 0.222272787504, 0.370187268988, 0.622871207015, 0.381174294558, 0.158584907688, 0.57503316553, 0.543294361151, 0.121665924748, 0.531996612696, 0.884634282046, 0.784432798378, 0.986061046452, 1.1567448963, 0.760326560607, 0.503951256573, 0.235252887149, 0.371666268309, 0.0558790669996, 0.736330337746, 0.44459508568
0.094420226553, 0.186674926008, 0.115115315204, 0.00936762247208, 0.0850480579921, 0.982321665561, 0.110735951008, 0.0782514967235, 0.996207834059, 0.022940876001, 0.443872618787, 0.0055850378003, 0.557933741455, 0.146581104578, 0.642496843963, 0.126539156594, 0.289405091085, 0.056327289466, 0.00989779872571, 2.05896740048, 0.276818855174, 0.0305833166318, 0.37999141289, 0.637968362371, 0.329777223968
0.354137856267, 0.187568702656, 0.0843847717751, 0.189645472985, 0.035235469217, 0.00397084442016, 0.658499678743, 0.359506892423, 0.923715547883, 0.394065234354, 0.538682647511, 0.539167398293, 0.765633034122, 0.624657325856, 0.208472037271, 0.00206401835673, 0.908607073694, 0.707076172845, 1.18919524008, 0.00862969527946, 0.076654781562, 0.425444431793, 0.193268386248, 0.443769348137, 0.950196690818
0.0760540488783, 0.00135945166272, 0.0412381878447, 0.240203713301, 0.535788678418, 0.000451064571132, 0.00755566180003, 0.27147271886, 0.218138775708, 0.00239566453921, 0.609820241178, 0.0204169043684, 0.39844138484, 0.00440761499169, 0.309665284747, 0.101421863426, 0.386381415556, 1.27961331776, 0.0151876832391, 0.000906709165372, 1.43232601017, 0.761181426289, 0.134020133083, 0.00442118475822, 0.248525269382
0.0352788113342, 0.169911929576, 0.197540767635, 0.278408316855, 0.565306793029, 0.178540980366, 0.70238924534, 0.992594274313, 0.596604761213, 0.315828126454, 0.746585870892, 0.496118242985, 0.0219943796732, 0.0324543605431, 0.283407516004, 0.121474221823, 0.782293280629, 0.468473360385, 0.92802452942, 0.299439868676, 1.33013201334, 0.80156670781, 0.606886050389, 0.543441928044, 0.114302698345
0.094420226553, 0.186674926008, 0.115115315204, 0.00936762247208, 0.0850480579921, 0.222272787504, 0.110735951008, 0.0782514967235, 0.996207834059, 0.022940876001, 0.443872618787, 0.0055850378003, 0.557933741455, 0.146581104578, 0.642496843963, 0.126539156594, 0.289405091085, 1.90628006864, 0.334970431084, 0.704633661139, 0.276818855174, 0.0305833166318, 0.37999141289, 0.637968362371, 0.329777223968
0.00782436353782, 0.0360086628932, 0.197540767635, 0.376718195726, 0.872728290402, 0.00530504571972, 0.485506816306, 0.96104951839, 0.771052225024, 0.00595490572645, 0.962975783088, 0.77799387399, 0.244420186724, 0.658160471301, 0.916573061827, 0.0312498704021, 0.818089316641, 0.272621794017, 0.260483115924, 0.00314216725943, 1.8609433368, 1.27613767026, 0.733578263996, 0.136035407748, 0.029576545912
1.50574577344e-05, 0.997747902358, 0.197540767635, 0.401556475268, 0.734764888876, 0.00369763576622, 0.00676970551951, 0.998180716956, 0.699675632821, 0.400689263981, 0.962975783088, 0.77799387399, 0.682153370589, 0.754161288951, 0.979404953807, 0.0753320202319, 0.818089316641, 0.00242036324259, 2.57386979533e-05, 1.40589858447e-05, 0.00546969236308, 0.00436808849828, 0.00237493671533, 2.19866104615, 5.20034946658e-05
0.354137856267, 0.187568702656, 0.0843847717751, 0.153160021557, 0.00703806282563, 0.00397084442016, 0.658499678743, 0.359506892423, 0.680792898357, 0.000769101179495, 0.456383868994, 0.735661008153, 0.507649419858, 0.624657325856, 0.796339034862, 0.00206401835673, 0.997542481647, 0.782766369912, 1.3164947101, 0.00955347599986, 0.0169337129863, 0.375791875065, 0.210289529333, 0.482852106149, 1.03388049522
0.10300114288, 0.0535264756439, 0.197540767635, 0.186804506305, 0.035235469217, 0.00397084442016, 0.931736276859, 0.369309536351, 0.391801975593, 0.00595490572645, 0.682351469853, 0.539167398293, 0.765633034122, 0.000932016725035, 0.591340039766, 0.0312498704021, 0.9209338505, 0.194702797051, 1.80881173196, 0.0113475809649, 0.100796877752, 0.550550738584, 0.610347825761, 0.168463628985, 0.327419260093
0.00208209189598, 0.0933589068743, 0.197540767635, 0.00248734122316, 0.0850480579921, 0.982321665561, 0.110735951008, 0.127914713336, 0.996207834059, 0.000452776199546, 0.806655140744, 0.0204169043684, 0.46283786126, 0.242388137599, 0.993399475045, 0.0583779178939, 0.116138805297, 0.0666828148629, 0.0117174656589, 2.43749953666, 0.327710788946, 0.00961294602789, 0.788931630695, 0.381644596994, 0.0085420585961
0.0760540488783, 0.113715375735, 0.0231286868104, 0.111393869431, 0.370546356549, 0.550792707248, 0.67149606094, 0.0720791541631, 0.641053897141, 0.326973093632, 0.518006709596, 0.0120177289899, 0.777471734103, 0.632366561338, 0.939250545085, 0.484510382384, 0.670943053336, 0.459608080206, 0.810196844483, 1.09337909373, 0.945279210588, 0.303982233129, 0.0634669192252, 0.315474892854, 0.213134063611
0.0061309166361, 0.186674926008, 0.175249493211, 0.684898267638, 0.00413005110007, 0.653969605574, 0.931736276859, 0.866712720658, 0.391801975593, 0.206012532242, 0.592594395863, 0.11089045364, 0.140765571656, 0.725757230526, 0.0300985062048, 0.000581609496613, 0.489648228496, 0.0494786272927, 0.459662228194, 0.765101685389, 0.00579945089238, 1.65615199433, 0.531580249163, 0.590473369326, 0.0196740941474
0.0760540488783, 0.471444205361, 0.0231286868104, 0.111393869431, 0.370546356549, 0.550792707248, 0.697128693882, 0.0720791541631, 0.641053897141, 0.326973093632, 0.518006709596, 0.0120177289899, 0.777471734103, 0.632366561338, 0.939250545085, 0.484510382384, 0.670943053336, 0.319982602325, 0.621060445533, 0.820073828012, 0.708993564273, 0.227997658816, 0.0476024827066, 1.19795658083, 0.213134063611
0.254074520388, 0.0099548800776, 0.000218653576903, 0.268100536529, 0.479119302671, 0.197079099934, 0.281132421931, 0.721633902197, 0.95843021791, 0.0236964836495, 0.682351469853, 0.0332824308831, 0.754000507861, 0.0992520539474, 0.537228177994, 0.501122470027, 0.699191618604, 1.05872709715, 0.500501366642, 0.374572195822, 1.15139547237, 0.754522489988, 0.000633935397286, 0.0288642220537, 0.778499156631
0.00604003699976, 0.186674926008, 0.175249493211, 0.00288775906564, 0.083091797927, 0.653969605574, 0.965480203386, 0.334089939349, 0.734232037953, 0.810385910268, 0.74280316989, 0.0620566126875, 0.140765571656, 0.725757230526, 0.0300985062048, 0.000581609496613, 0.601570900625, 0.0535079031886, 0.985834240486, 1.6338849186, 0.250588892714, 0.00873376235007, 0.543834966124, 0.604085771265, 0.0198292747003
0.00782436353782, 0.0782319157913, 0.197540767635, 0.513472777971, 0.872728290402, 0.00530504571972, 0.00803148944833, 0.96104951839, 0.771052225024, 0.2846920117, 0.962975783088, 0.77799387399, 0.244420186724, 0.890899016325, 0.916573061827, 0.0312498704021, 0.818089316641, 0.303396887778, 0.00382780788917, 0.00252851040051, 1.49750608207, 1.59401800715, 0.708020897906, 0.286390695179, 0.02871702389
0.373739179281, 0.214021063291, 0.379556915241, 0.278979053663, 0.1257893786, 0.525975448026, 0.490565234652, 0.52187224279, 0.448384364919, 0.262453862956, 0.74280316989, 0.817939720213, 0.690123862821, 0.919984254929, 0.444673399875, 0.214659770814, 0.751695836613, 0.443620649675, 0.430662738339, 0.670910533802, 0.182654908625, 0.436019423921, 0.697279710846, 0.433944994269, 0.875183313283
0.214725922731, 0.546818453834, 1.10364359384e-05, 0.268100536529, 0.99105723516, 0.150646112191, 0.934891520099, 0.721633902197, 0.961428169243, 0.317646914872, 0.0395006652139, 0.341130027166, 0.685727983656, 0.535174358696, 0.537228177994, 0.00802123984726, 0.527100187805, 0.00142153208655, 0.0138510069177, 0.00335774900791, 1.01955550618, 0.456734753742, 1.93690854697e-05, 1.29500056499, 0.599808688915
0.00782436353782, 0.0360086628932, 0.197540767635, 0.442513029268, 0.872728290402, 0.62502272374, 0.485506816306, 0.96104951839, 0.771052225024, 0.0434980879311, 0.962975783088, 0.77799387399, 0.244420186724, 0.658160471301, 0.916573061827, 0.0312498704021, 0.818089316641, 0.138069656644, 0.131922007582, 0.28581754424, 1.69644575151, 1.44348882574, 0.722699948647, 0.134018123245, 0.0291379519553
0.00349160740681, 0.337100751275, 0.57977826455, 0.708338210896, 0.100814101196, 0.730688886794, 0.600366339466, 0.961337900472, 0.4975388184, 0.00206621617098, 0.997124677511, 0.426792959927, 0.124477111872, 0.754161288951, 0.998903653913, 0.375304612973, 0.604087875443, 0.122275168697, 0.168501152384, 0.462427416139, 0.0809867518337, 1.04141272965, 1.4958766417, 1.10829543287, 0.0120341069474
0.359018899889, 0.284190232169, 0.0231286868104, 0.155442594957, 0.100814101196, 0.333341233023, 0.214973351298, 0.52187224279, 0.619879155847, 0.0411352810825, 0.57503316553, 0.448969317391, 0.121665924748, 0.531996612696, 0.884634282046, 0.784432798378, 0.751695836613, 0.996115055857, 0.349763870622, 0.609547332561, 0.194679836848, 0.3075665908, 0.0462418454393, 0.609338621753, 0.892655152349
0.162338314612, 0.284190232169, 0.0231286868104, 0.155442594957, 0.100814101196, 0.222272787504, 0.214973351298, 0.676355162013, 0.619879155847, 0.0411352810825, 0.57503316553, 0.394536664474, 0.121665924748, 0.531996612696, 0.884634282046, 0.784432798378, 0.986061046452, 1.39462696561, 0.489692553785, 0.538117800532, 0.251202402118, 0.396864244758, 0.0596675179145, 0.786251560335, 0.474737440404
0.00667143068192, 0.0782319157913, 0.379556915241, 0.254763428513, 0.00255925576468, 0.706735058419, 0.490565234652, 0.565751779222, 0.774201649053, 0.122209077645, 0.962975783088, 0.98612281578, 0.563165234543, 0.919984254929, 0.444673399875, 0.234263590606, 0.751695836613, 0.480119116966, 0.466095105791, 1.34835354779, 0.00605129402831, 0.636742069921, 1.10908119955, 0.243952565116, 0.0208569068816
1.50574577344e-05, 0.0933589068743, 0.110391924315, 0.00936762247208, 0.0337591625051, 0.992583396104, 0.110735951008, 0.127914713336, 0.996991592378, 0.00110370061374, 0.806655140744, 0.0204169043684, 0.323148983485, 0.146581104578, 0.999618976499, 0.0583779178939, 0.116138805297, 0.0302150127175, 0.00530936455859, 2.63318675837, 0.139775170031, 0.0388063371952, 0.461965919201, 0.395490440337, 6.40161613746e-05
0.00782436353782, 0.284190232169, 0.197540767635, 0.442513029268, 0.100814101196, 0.222272787504, 0.370187268988, 0.622871207015, 0.381174294558, 0.158584907688, 0.57503316553, 0.543294361151, 0.121665924748, 0.531996612696, 0.884634282046, 0.784432798378, 0.986061046452, 0.901463043016, 0.592530208867, 0.392734331256, 0.18333496366, 0.969520666829, 0.485402119943, 0.760879130575, 0.0216620043226
0.0279058783713, 0.0184574868979, 0.198442988109, 0.401556475268, 0.461519019861, 0.902859911839, 0.00803148944833, 0.130769923173, 0.387229987401, 0.480140290051, 0.236435315738, 0.276231167207, 0.220021293381, 0.614099820493, 0.517576632522, 0.590422143466, 0.998471926131, 0.141235742178, 0.00178190123208, 0.918484504478, 0.823221103346, 0.906629363057, 0.495339579821, 0.0468400699443, 0.0708728330261
0.00782436353782, 0.0782319157913, 0.847182823764, 0.708338210896, 0.872728290402, 0.622188484277, 0.600366339466, 0.622871207015, 0.4975388184, 0.00206621617098, 0.138329681736, 0.341130027166, 0.124477111872, 0.754161288951, 0.537228177994, 0.375304612973, 0.604087875443, 0.0112473752777, 0.0154994322706, 0.02838831404, 0.169000793922, 0.349670763123, 1.59286602256, 0.202540234886, 0.0203091541094
0.357225364673, 0.186674926008, 0.115115315204, 0.153160021557, 0.479119302671, 0.977264815564, 0.12185131383, 0.569948125652, 0.774201649053, 0.0488028105502, 0.74280316989, 0.000976635432999, 0.998281289581, 0.624657325856, 0.642496843963, 0.124534033133, 0.670943053336, 0.0405342741705, 0.00785455906991, 1.15564294984, 1.08290682897, 0.388676059387, 0.298224217608, 0.500689250527, 1.08874146819
1.50574577344e-05, 0.186674926008, 0.167708476126, 0.961308346578, 0.754840156764, 0.860591073028, 0.325059337752, 0.369309536351, 0.374706693406, 0.400689263981, 0.861888741063, 0.0620566126875, 0.140765571656, 0.000932016725035, 0.0942842168127, 0.0583779178939, 0.999011095143, 0.00940159349756, 0.00526629653435, 0.0484205261045, 0.122380931433, 2.1700664447, 0.586358056183, 0.679879564117, 5.56338650327e-05
0.376747583979, 0.284190232169, 0.197540767635, 0.465358506743, 0.576501300969, 0.244583423145, 0.191685254419, 0.538684293019, 0.878099171882, 0.252027112258, 0.57503316553, 0.139271406154, 0.171537252172, 0.536622938776, 0.905188065886, 0.135785084171, 0.842557492204, 0.540970115255, 0.167993003717, 0.229006196012, 0.778813325019, 0.887616503796, 0.426328780413, 0.668280294733, 1.04045030076
0.00504940534808, 0.297852541097, 0.28800451818, 0.00288775906564, 0.268981124673, 0.886719846915, 0.0776693996911, 0.0113645353012, 0.439764738188, 0.446400027595, 0.760435360328, 0.299906953583, 0.7644270776, 0.9883142671, 0.692365263585, 0.75103026176, 0.567192951489, 0.227155343395, 0.0278519160082, 1.27254064826, 0.581302603829, 0.00643048569749, 0.688990645633, 0.796426775778, 0.0140073350399
1.50574577344e-05, 0.0189687477886, 0.0374037432031, 0.00231324912659, 0.992505704162, 0.604461718126, 0.995433596794, 0.822100031322, 0.391801975593, 0.526655544945, 0.592594395863, 0.11089045364, 0.735999679897, 0.00440761499169, 0.0505217929983, 0.00015851771612, 0.607779740079, 0.000100095448582, 0.0139544507907, 0.0194929894679, 2.03636147497, 0.00739995639334, 0.119790645754, 0.0608029909729, 4.82727674432e-05
0.0352788113342, 0.169911929576, 0.506654798171, 0.278408316855, 0.565306793029, 0.178540980366, 0.70238924534, 0.98836745778, 0.596604761213, 0.315828126454, 0.746585870892, 0.496118242985, 0.0859102528583, 0.0324543605431, 0.283407516004, 0.121474221823, 0.782293280629, 0.334016446949, 0.661671467816, 0.213497392739, 0.948369761522, 0.571508406615, 1.37794985574, 0.527334952656, 0.110914901684
0.00208209189598, 0.186674926008, 0.0441208512351, 0.00936762247208, 0.0850480579921, 0.128660033849, 0.110735951008, 0.236277303174, 0.996207834059, 0.00206621617098, 0.74280316989, 0.0204169043684, 0.904180818307, 0.146581104578, 0.658414505074, 0.126539156594, 0.622029714056, 2.11885995695, 0.372324846104, 0.440797423305, 0.295130880086, 0.0326064535879, 0.153826036764, 0.670691639988, 0.0075889191785
0.0760540488783, 0.00135945166272, 0.0889847236433, 0.240203713301, 0.719210030263, 0.000451064571132, 0.110735951008, 0.27147271886, 0.218138775708, 0.00239566453921, 0.609820241178, 0.0204169043684, 0.39844138484, 0.00440761499169, 0.309665284747, 0.0583779178939, 0.386381415556, 0.815292282681, 0.143262688354, 0.000586510092013, 1.75347903358, 0.768442029433, 0.293455424285, 0.00449786291386, 0.252835530167
0.0061309166361, 0.186674926008, 0.175249493211, 0.684898267638, 0.00413005110007, 0.836201361635, 0.931736276859, 0.866712720658, 0.522446052176, 0.206012532242, 0.592594395863, 0.11089045364, 0.918360480069, 0.931093107335, 0.873202748205, 0.000581609496613, 0.489648228496, 0.0253951510951, 0.235923920619, 0.90179749823, 0.00604960627989, 1.72758898924, 0.554509603285, 0.615943038311, 0.0205227228774
0.00782436353782, 0.0782319157913, 0.847182823764, 0.708338210896, 0.872728290402, 0.730688886794, 0.600366339466, 0.622871207015, 0.4975388184, 0.00206621617098, 0.997124677511, 0.77799387399, 0.124477111872, 0.754161288951, 0.591340039766, 0.375304612973, 0.604087875443, 0.00913255035753, 0.0125851002771, 0.0345380154416, 0.186931607784, 0.38677047858, 1.76186750175, 0.224029549622, 0.0224639348864
0.317550679174, 0.186674926008, 0.197540767635, 0.400311426506, 0.0337591625051, 0.222272787504, 0.881899588981, 0.251298233625, 0.620220093594, 0.122209077645, 0.512704754999, 0.341130027166, 0.422869120932, 0.624657325856, 0.481190283925, 0.165348157225, 0.893054647598, 0.171747469291, 0.915159181509, 0.338989403396, 0.0525967088573, 0.721702699756, 0.393445320993, 0.389052859418, 0.733239022942
0.00782436353782, 0.0360086628932, 0.197540767635, 0.442513029268, 0.872728290402, 0.00530504571972, 0.485506816306, 0.96104951839, 0.771052225024, 0.00595490572645, 0.962975783088, 0.77799387399, 0.244420186724, 0.658160471301, 0.916573061827, 0.0312498704021, 0.818089316641, 0.252264320164, 0.241032072985, 0.00290753235778, 1.72198120629, 1.46521669037, 0.733578263996, 0.136035407748, 0.029576545912
0.251896329643, 0.546818453834, 1.10364359384e-05, 0.268100536529, 0.479119302671, 0.150646112191, 0.934891520099, 0.721633902197, 0.961428169243, 0.317646914872, 0.682351469853, 0.341130027166, 0.754000507861, 0.535174358696, 0.537228177994, 0.00802123984726, 0.527100187805, 0.0663003637309, 0.646012007308, 0.156605666976, 0.625577023354, 0.409947706647, 1.73849528706e-05, 1.16234314857, 0.64124566772
0.376747583979, 0.0407832709129, 0.379556915241, 0.783777217645, 0.176315528883, 0.128660033849, 0.362702381987, 0.98836745778, 0.57317160588, 0.298342091691, 0.751454744874, 0.869983433037, 0.939016698805, 0.739773244422, 0.444673399875, 0.124534033133, 0.607779740079, 0.342500300388, 0.219402234532, 0.0833409689826, 0.118024754591, 1.22164060771, 0.879209445201, 0.100446155567, 1.05462720129
0.0015403526719, 0.297852541097, 0.290299796357, 0.000265239947106, 0.589739023497, 0.795072291747, 0.971103433231, 0.584284957692, 0.961428169243, 0.69293165214, 0.759751436915, 0.341130027166, 0.754000507861, 0.999012430748, 0.692365263585, 0.822024745278, 0.893054647598, 0.0135356514147, 0.297998881397, 0.894473704073, 1.2547598696, 0.000653934756149, 0.76983217238, 0.883327076363, 0.00473917643954
0.00054392052946, 0.0782319157913, 0.255390824654, 0.708338210896, 0.872728290402, 0.633171851174, 0.728526062685, 0.622871207015, 0.996207834059, 0.00206621617098, 0.997124677511, 0.77799387399, 0.124477111872, 0.754161288951, 0.998903653913, 0.00370510804441, 0.604087875443, 0.0460329162601, 0.101325460455, 0.171279306746, 1.00807509621, 2.08575581214, 0.986439379821, 0.312000228361, 0.0021747037601
0.122059653825, 0.997747902358, 0.250842493976, 0.0041401985407, 0.99105723516, 0.925304604697, 0.219241561025, 0.216760879745, 0.580638406931, 0.27708275575, 0.608863450647, 0.379495982297, 0.388584469195, 0.396025501711, 0.916573061827, 0.501122470027, 0.842809928891, 7.33090095007e-06, 2.62942525147e-06, 6.60729620522e-05, 0.00473587019423, 3.08027724901e-05, 0.00196924432313, 1.44999359765, 0.281467720717
0.00835098099774, 0.297852541097, 0.0843847717751, 0.00288775906564, 0.227211543643, 0.716067192597, 0.556831028072, 0.127914713336, 0.0955017100345, 0.69293165214, 0.760435360328, 0.299906953583, 0.939016698805, 0.9883142671, 0.562838537056, 0.562251206415, 0.567192951489, 0.433485395589, 0.518714800358, 1.41383358577, 0.584338140295, 0.00758677669137, 0.223005661894, 0.85258908078, 0.0248006174886
0.153764518538, 0.169911929576, 0.506654798171, 0.278408316855, 0.553578829775, 0.178540980366, 0.00755566180003, 0.98836745778, 0.596604761213, 0.315828126454, 0.746585870892, 0.496118242985, 0.0859102528583, 0.531996612696, 0.283407516004, 0.121474221823, 0.714043751856, 0.644406495824, 0.00764843691446, 0.1856300087, 0.794232836973, 0.485985844447, 1.1717485106, 0.448422664139, 0.418842153772
0.0061309166361, 0.297852541097, 0.290299796357, 0.000265239947106, 0.589739023497, 0.886719846915, 0.971103433231, 0.584284957692, 0.848164607119, 0.69293165214, 0.759751436915, 0.889302261913, 0.939016698805, 0.997505683838, 0.692365263585, 0.822024745278, 0.893054647598, 0.00819636691601, 0.180449990744, 1.00441432049, 1.35805590968, 0.000707768858127, 0.833207338303, 0.956045523367, 0.0204163325374
0.354137856267, 0.187568702656, 0.0843847717751, 0.0616833424431, 0.035235469217, 0.00397084442016, 0.658499678743, 0.359506892423, 0.923715547883, 0.000769101179495, 0.456383868994, 0.539167398293, 0.765633034122, 0.624657325856, 0.796339034862, 0.00206401835673, 0.908607073694, 0.834876827301, 1.40413662234, 0.010189471647, 0.0905097686582, 0.1590256196, 0.219178017863, 0.503261231706, 1.07758041197
1.50574577344e-05, 0.0933589068743, 0.110391924315, 0.288697763055, 0.0337591625051, 0.992583396104, 0.00755566180003, 0.127914713336, 0.996991592378, 0.00110370061374, 0.806655140744, 0.0204169043684, 0.323148983485, 0.146581104578, 0.999618976499, 0.101421863426, 0.116138805297, 0.0272097295391, 0.000322951275612, 2.33566311559, 0.123981980419, 1.13999085718, 0.455793055301, 0.390205832619, 6.31607669934e-05
0.376747583979, 0.546818453834, 0.197540767635, 0.491401244135, 0.576501300969, 0.550446452777, 0.968302967505, 0.23405950754, 0.350033220376, 0.69293165214, 0.654223446617, 0.384916241332, 0.463746120237, 0.0843480725542, 0.591340039766, 0.382942549607, 0.842557492204, 0.0109213997057, 0.219169814306, 0.257298444876, 0.431050202739, 0.533266242254, 0.245155712851, 0.930607887685, 0.826142211628
0.0279058783713, 0.0184574868979, 0.57977826455, 0.401556475268, 0.461519019861, 0.884365506104, 0.00803148944833, 0.130769923173, 0.387229987401, 0.480140290051, 0.236435315738, 0.276231167207, 0.220021293381, 0.367182662503, 0.517576632522, 0.590422143466, 0.998471926131, 0.108444668603, 0.00136819253836, 0.590503162848, 0.531857512164, 0.585744990659, 1.27949194492, 0.0469739185134, 0.0710753567905
0.376747583979, 0.0099548800776, 0.000218653576903, 0.268100536529, 0.479119302671, 0.197079099934, 0.684636790862, 0.721633902197, 0.948543487983, 0.0236964836495, 0.325241573784, 0.209223839178, 0.754000507861, 0.0992520539474, 0.391996977218, 0.0312498704021, 0.603632341714, 0.515459806397, 0.954011801412, 0.346837737415, 1.06614266879, 0.698655362505, 0.000586996902906, 0.0267270277426, 1.14890187603
0.0061309166361, 0.186674926008, 0.690709992953, 0.923105654964, 0.100814101196, 0.369733709884, 0.931736276859, 0.369309536351, 0.391801975593, 0.00157482485328, 0.585759006924, 0.259049796269, 0.545433821873, 0.000932016725035, 0.283407516004, 0.000581609496613, 0.999011095143, 0.0101794294188, 0.094568088575, 0.062421529546, 0.0181682695862, 0.949195346817, 1.81075553787, 0.618266466888, 0.0206001376347
0.251896329643, 0.0099548800776, 1.10364359384e-05, 0.268100536529, 0.479119302671, 0.071698435279, 0.99767034594, 0.721633902197, 0.961428169243, 0.138064093679, 0.682351469853, 0.341130027166, 0.754000507861, 0.535174358696, 0.537228177994, 0.00802123984726, 0.699191618604, 0.00402351571486, 1.09949295421, 0.124355952017, 1.03620558992, 0.679037255753, 2.87964306111e-05, 0.0259765364714, 0.693929769798
1.37725525318e-06, 0.441206244993, 0.250842493976, 0.00462489565633, 0.99105723516, 0.925304604697, 0.219241561025, 0.067035221054, 0.580638406931, 0.022940876001, 0.403171530524, 0.0204169043684, 0.388584469195, 0.642730111716, 0.0916901450451, 0.938987243237, 0.842809928891, 0.00238653880795, 0.000855996479554, 0.0215097283632, 1.54173928756, 0.0112016821655, 0.641081180093, 1.38679273996, 4.69596322334e-06
0.0722985187501, 0.0480026367408, 0.115115315204, 0.00936762247208, 0.0850480579921, 0.998695620014, 0.110735951008, 0.0782514967235, 0.996207834059, 0.022940876001, 0.443872618787, 0.0055850378003, 0.557933741455, 0.146581104578, 0.642496843963, 0.126539156594, 0.118667255384, 0.00454641591258, 0.000798893574548, 2.25293179063, 0.302780348362, 0.0334515770539, 0.415628958139, 0.174594759244, 0.264350315204
0.359018899889, 0.284190232169, 0.0231286868104, 0.278408316855, 0.553578829775, 0.333341233023, 0.214973351298, 0.138795195645, 0.527176129538, 0.0411352810825, 0.866243902031, 0.448969317391, 0.121665924748, 0.531996612696, 0.884634282046, 0.784432798378, 0.714043751856, 0.690279036351, 0.242376285896, 0.422398740845, 1.00044363066, 0.6121648716, 0.0525364678662, 0.692284198807, 1.01416689324
0.00782436353782, 0.0782319157913, 0.898019614234, 0.725744183823, 0.872728290402, 0.181908278772, 0.949403215441, 0.622871207015, 0.4975388184, 0.00206621617098, 0.997124677511, 0.77799387399, 0.124477111872, 0.754161288951, 0.874028746464, 0.00141073890635, 0.604087875443, 0.0021922912718, 0.0275257830944, 0.00811213796306, 0.142035483672, 0.315328905677, 2.14784057365, 0.268717486498, 0.026944892447
0.376747583979, 0.471444205361, 0.812041136886, 0.111393869431, 0.370546356549, 0.550792707248, 0.609556518353, 0.0720791541631, 0.641053897141, 0.326973093632, 0.518006709596, 0.0120177289899, 0.733626585545, 0.490067918581, 0.939250545085, 0.514935942878, 0.670943053336, 0.0956901504646, 0.135951898462, 0.195146886073, 0.168713939632, 0.0542549117288, 1.02473453181, 0.9790578973, 0.975383581962
0.153764518538, 0.193344698782, 0.0401390312915, 0.607417857476, 0.268981124673, 0.103618313085, 0.0741220969499, 0.992662075706, 0.439764738188, 0.205480912116, 0.20471419081, 0.803940016711, 0.280956547032, 0.531996612696, 0.917359085457, 0.32089411629, 0.328632726755, 0.859173591252, 0.100488687326, 0.142051766358, 0.394119605473, 1.35583782758, 0.104925513592, 0.521893586266, 0.429897553766
0.251896329643, 0.546818453834, 1.10364359384e-05, 0.618246031494, 0.479119302671, 0.150646112191, 0.934891520099, 0.721633902197, 0.961428169243, 0.215235823431, 0.682351469853, 0.341130027166, 0.754000507861, 0.535174358696, 0.537228177994, 0.551919803645, 0.527100187805, 0.0362800385101, 0.353502442283, 0.0856957535231, 0.34232027128, 0.732564735027, 1.53837597734e-05, 1.02854508177, 0.56743146682
0.100302985145, 0.169911929576, 0.506654798171, 0.278408316855, 0.71188408324, 0.552020871501, 0.971103433231, 0.98836745778, 0.350033220376, 0.651644266617, 0.759751436915, 0.496118242985, 0.0859102528583, 0.531996612696, 0.283407516004, 0.121474221823, 0.714043751856, 0.0136430741247, 0.300363883749, 0.354314867523, 0.955714172569, 0.496827580171, 1.19788875282, 0.458426412341, 0.276148428105
0.0061309166361, 0.186674926008, 0.692718588017, 0.923105654964, 0.100814101196, 0.222272787504, 0.931736276859, 0.369309536351, 0.391801975593, 0.00157482485328, 0.585759006924, 0.0332824308831, 0.545433821873, 0.000932016725035, 0.116019987275, 0.000581609496613, 0.999011095143, 0.0127566681167, 0.118510937181, 0.0433943475867, 0.0202572082569, 1.05833126957, 2.03447106643, 0.693500214922, 0.0231068651499
1.50574577344e-05, 0.0067759098632, 0.0374037432031, 0.0870250213493, 0.00536957920169, 0.00530504571972, 0.996966558161, 0.190652156823, 0.391801975593, 0.138064093679, 0.592594395863, 0.11089045364, 0.918360480069, 0.00440761499169, 0.916573061827, 0.0312498704021, 0.384472132352, 0.0104864907485, 2.20075319859, 0.0183398311488, 0.0185635819543, 0.302752557519, 0.130680954058, 0.0236881498914, 5.26409084053e-05
0.00349160740681, 0.337100751275, 0.57977826455, 0.708338210896, 0.872728290402, 0.730688886794, 0.600366339466, 0.622871207015, 0.4975388184, 0.00206621617098, 0.997124677511, 0.77799387399, 0.124477111872, 0.754161288951, 0.998903653913, 0.375304612973, 0.604087875443, 0.0231801737378, 0.0319434111512, 0.0876641427807, 0.474468464545, 0.981698051383, 1.41010297114, 1.04474569575, 0.0113440704191
0.0061309166361, 0.0505957841118, 0.690709992953, 0.923105654964, 0.100814101196, 0.369733709884, 0.931736276859, 0.822100031322, 0.403480053345, 0.00157482485328, 0.585759006924, 0.690566715841, 0.545433821873, 0.000932016725035, 0.283407516004, 0.000581609496613, 0.999011095143, 0.010909621812, 0.101351661217, 0.0668991602826, 0.0194715186882, 1.0172831731, 1.94064493199, 0.174784460679, 0.0212023801387
1.50574577344e-05, 0.0189687477886, 0.096087815878, 0.00351058486842, 0.992505704162, 0.552020871501, 0.351691526675, 0.822100031322, 0.391801975593, 0.526655544945, 0.334233667395, 0.0120177289899, 0.779108139488, 0.00440761499169, 0.0505217929983, 0.00015851771612, 0.384472132352, 0.0139064884679, 0.00857281595312, 0.0192510783047, 2.14469284187, 0.0118276632498, 0.326216223562, 0.0646628224441, 5.13371684537e-05
0.354137856267, 0.187568702656, 0.0843847717751, 0.189645472985, 0.0467685211133, 0.00397084442016, 0.658499678743, 0.359506892423, 0.923715547883, 0.394065234354, 0.758892781119, 0.539167398293, 0.765633034122, 0.624657325856, 0.208472037271, 0.00206401835673, 0.650079160178, 0.675282132648, 1.1357224705, 0.00824165663647, 0.0972456917744, 0.406789132545, 0.184793766977, 0.42431052022, 0.90853154659
0.175265741038, 0.223107107442, 0.197540767635, 0.497372531708, 0.268981124673, 0.982321665561, 0.265104688726, 0.98836745778, 0.439764738188, 0.205480912116, 0.682351469853, 0.869983433037, 0.280956547032, 0.531996612696, 0.916573061827, 0.125194049929, 0.776146852011, 0.0274323430966, 0.0121331051977, 1.07990863401, 0.485705515253, 1.1747510323, 0.534930897564, 0.640403719499, 0.526907854787
