0.449906534174, 0.972528916351, 0.901575275939, 0.404129377234, 0.87231318603, 0.479191092793, 0.604425236454, 0.63451244751, 0.57610277142, 0.972640489165, 0.903658718095, 0.726431968786, 0.705100683007, 0.576861826397, 0.957322821329, 0.306840279502, 0.590712593366, 0.296738495806, 0.4144535255, 0.477451681614, 3.43533908188, 2.58188564497, 27.9359553586, 654.801119491, 559.607676439
0.0881789283254, 0.27488306064, 0.0313688446329, 0.165020701011, 0.00715072330633, 0.0338514418467, 0.322629822945, 0.134588818306, 0.0116202994516, 0.500452992784, 0.610869585914, 0.369360777, 0.312271330533, 0.549993794446, 0.18732201804, 0.0338407350516, 0.503167566188, 628.364492315, 348.834242489, 38.2519217094, 8.08442249236, 190.866209144, 36.7210651547, 343.533934716, 114.434266145
0.274884755167, 0.288427128454, 0.00856145631335, 0.00061046393195, 0.0418482802875, 0.713211128934, 0.402685759635, 0.398831793055, 0.45810380603, 0.00968396469521, 0.387405623556, 0.114449528035, 0.117756052072, 0.561702944061, 0.624875149109, 0.946285851581, 0.500185063385, 251.56676039, 184.400475205, 644.905915645, 47.1589400047, 0.688429352416, 9.65546655097, 349.543035166, 367.96389632
0.0881789283254, 0.27488306064, 0.0313688446329, 0.165020701011, 0.00715072330633, 0.0338514418467, 0.970722953428, 0.134588818306, 0.0116202994516, 0.500452992784, 0.610869585914, 0.67906964405, 0.312271330533, 0.549993794446, 0.18732201804, 0.23608811011, 0.503167566188, 30.5756303963, 664.388278637, 35.3987565234, 7.48141506755, 176.629726406, 33.9820847321, 317.910148539, 105.898750813
0.25830437399, 0.0067901571216, 0.0310453099402, 0.296135677254, 0.0418482802875, 0.00864005090309, 0.739902447616, 0.743643293687, 0.511873572787, 0.396081656849, 0.564898098963, 0.767921124974, 0.829828935632, 0.865043045766, 0.83961888478, 0.158210397656, 0.620529523836, 427.743278896, 988.040980906, 14.6130215381, 70.8827971511, 541.59662084, 58.9253907356, 12.89362132, 519.31099737
0.0881789283254, 7.07642969847e-05, 0.013961606489, 0.0184379448353, 0.359434039629, 0.156400038591, 0.652123759953, 0.699916399111, 0.0979648260776, 0.138402358334, 0.913528164353, 0.67533442003, 0.000931728218363, 0.796332831292, 0.882668160944, 0.294637577264, 0.466258577817, 264.97448122, 435.654657395, 127.853098573, 332.959570656, 18.0272673321, 13.6547304708, 0.0692144466076, 86.80349945
0.415466379045, 0.00564180283207, 0.524131784507, 0.747495305281, 0.470977136993, 0.0279959479082, 0.739902447616, 0.76317551676, 0.489039293775, 0.978499780158, 0.368991399062, 0.369634714966, 0.496987715303, 0.576861826397, 0.157242071428, 0.291051023573, 0.547900319878, 66.3147310607, 153.17989822, 7.34512409056, 152.500400163, 540.104867858, 631.729073084, 7.63381143087, 658.405620079
0.0159499439972, 0.196059255954, 0.186976698663, 0.0945546063963, 0.0919943926217, 0.352798770658, 0.940729477688, 0.746899028681, 0.608186645298, 0.0316211209522, 0.610869585914, 0.407708272176, 0.595631959568, 0.866600085991, 0.976604456072, 0.469499731844, 0.495334385878, 59.0509578486, 632.427802954, 393.089453655, 108.698831699, 112.945457935, 230.842978933, 253.641779792, 20.9686482124
0.0867179191565, 0.133309790663, 0.0389825824838, 0.00870573853556, 0.218166463431, 0.976134192752, 0.287271854178, 0.0413600365223, 0.914407484067, 0.660491675431, 0.00381918012816, 0.169068949773, 0.0433984105015, 0.485385754583, 0.286781352946, 0.306840279502, 0.838172699396, 33.9879123728, 16.4702775508, 1006.99771702, 359.521284636, 14.631990808, 65.6032300745, 227.825175324, 150.219002517
0.117591091741, 0.0067901571216, 0.00856145631335, 0.00061046393195, 0.0418482802875, 0.713211128934, 0.104806880462, 0.431796155656, 0.27388878318, 0.237616053786, 0.387405623556, 0.223482155191, 0.551205261998, 0.52298083921, 0.624875149109, 0.946285851581, 0.836593987438, 566.74797551, 94.1560501766, 1187.86145385, 86.8627278446, 1.26802789616, 17.7845422977, 14.1060179365, 247.10760416
0.0881789283254, 0.457532776017, 0.258382590527, 0.107957201563, 0.00715072330633, 0.019923997514, 0.63209539579, 0.768166193376, 0.5734797223, 0.46245518457, 0.610869585914, 0.0105079786651, 0.561691054437, 0.549993794446, 0.18732201804, 0.00100277689402, 0.503167566188, 346.955921985, 531.997610811, 19.8841054867, 7.13787136277, 108.810461389, 277.060008887, 613.855749193, 129.972407239
0.182959644445, 0.0723109446574, 0.0310453099402, 0.00061046393195, 0.1216774008, 0.0347388911128, 0.739902447616, 0.934773412878, 0.511873572787, 0.396081656849, 0.564898098963, 0.767921124974, 0.829828935632, 0.535953551878, 0.83961888478, 0.158210397656, 0.620529523836, 476.629360917, 1100.96257387, 65.5302708925, 232.479900753, 1.17349987481, 59.7260181928, 139.771010025, 364.498139196
0.001265204057, 0.237676481458, 0.512925529546, 0.0438995741572, 0.798221695812, 0.440772225566, 0.903369593463, 0.620250565048, 0.970726934695, 0.617666609186, 0.149874574021, 0.375928987696, 0.801029700052, 0.0777702808665, 0.141277410672, 0.547642150914, 0.966164473095, 29.5967491497, 193.489327672, 162.33041476, 775.260016316, 56.3516230144, 851.747015664, 462.542555751, 2.52036163612
0.0301376380174, 0.537314038997, 0.0263583777546, 0.00896617880164, 0.0686159364235, 0.273257488442, 0.960886625902, 0.89531783243, 0.426045870477, 0.580263687193, 0.914325717382, 0.767921124974, 0.194801418671, 0.776833188375, 0.731714477833, 0.831757408253, 0.933584869668, 36.1022103261, 586.869713716, 269.113124351, 69.9669103433, 9.16104461064, 26.9475261805, 732.20355326, 46.4175539246
0.032881093744, 0.0161955018968, 0.99864225867, 0.0438995741572, 0.00265547888368, 0.378268438057, 0.705175999423, 0.996406292561, 0.6461397306, 0.0537384969217, 0.620445200145, 0.969489783473, 0.956900566896, 0.0583911124616, 0.503123970418, 0.325515642847, 0.923786082717, 1.02989700419, 2.06257335997, 1.5576025428, 0.0116055148003, 0.192164102317, 1307.67175728, 33.2742077555, 67.6227517291
0.38024959821, 0.288427128454, 0.0310453099402, 0.107957201563, 0.928605778952, 0.941937454192, 0.739902447616, 0.0468698878738, 0.732139800371, 0.396081656849, 0.564898098963, 0.767921124974, 0.724365986439, 0.919511337991, 0.83961888478, 0.152122105959, 0.503167566188, 3.76820952731, 8.70415882919, 103.706635749, 924.711762028, 159.333013199, 46.0763539476, 460.167768386, 715.055616175
0.49930599238, 0.457532776017, 0.258382590527, 0.521662695015, 0.00173349708392, 0.0338514418467, 0.32635065619, 0.759755134181, 0.0116202994516, 0.46245518457, 0.610869585914, 0.369360777, 0.251799082611, 0.414353459049, 0.137012265129, 0.83487940949, 0.503167566188, 339.438046288, 191.041582089, 20.7310356749, 1.06211781378, 417.550633924, 245.543889632, 544.028454108, 824.489266127
0.262057418805, 0.371582957107, 0.989835128041, 0.59137750904, 0.981742232077, 0.352798770658, 0.240329506248, 0.276932832772, 0.814202766838, 0.824440808768, 0.935505497752, 0.810952989283, 0.265400765644, 0.235037048468, 0.950859004196, 0.946285851581, 0.880046911038, 0.216986033601, 0.086040789531, 0.144456728717, 9.56898001549, 12.807551655, 1001.34718047, 661.416496889, 523.974266604
0.534455395168, 0.183936334608, 0.984837955881, 0.0724631684365, 0.82548124161, 0.479191092793, 0.00607733142978, 0.404796239226, 0.408606532668, 0.470196322587, 0.198522927818, 0.618096011305, 0.507443257634, 0.502038189467, 0.710800303629, 0.205512475115, 0.590712593366, 0.868841262103, 0.00829442776088, 0.813858309596, 4.23348493466, 0.502740067155, 185.816700193, 55.2485835752, 216.120131572
0.0126644965149, 0.280937378335, 0.00220965119016, 0.20445064954, 0.0127021935876, 0.713211128934, 0.916966746044, 0.50716260391, 0.45810380603, 0.126652795689, 0.896434148493, 0.358613241502, 0.551205261998, 0.871983681929, 0.67891645294, 0.946285851581, 0.394134989681, 56.5894301646, 431.410677566, 899.619968621, 19.941569371, 332.505382224, 3.65617377899, 497.577684721, 23.1784885717
0.25830437399, 0.0067901571216, 0.0310453099402, 0.990301862109, 0.470977136993, 0.0347388911128, 0.858516136726, 0.743643293687, 0.511873572787, 0.396081656849, 0.564898098963, 0.307556021691, 0.829828935632, 0.749011989448, 0.83961888478, 0.158210397656, 0.620529523836, 2.75955287553, 12.2117581005, 0.683848832596, 11.4442343636, 1114.26971962, 54.3877457181, 11.9007271566, 479.320614102
0.0867179191565, 0.348342912698, 0.0389825824838, 0.0589973289169, 0.218166463431, 0.30597973001, 0.996063708348, 0.0413600365223, 0.90590934949, 0.330194222815, 0.0167040402633, 0.169068949773, 0.194801418671, 0.553970383349, 0.354528345528, 0.820649615493, 0.838172699396, 5.49301611991, 888.378813587, 463.222178253, 357.45321228, 98.8651996003, 65.5008296732, 652.088031925, 171.789951269
0.0969930735652, 0.0067901571216, 0.00856145631335, 0.00061046393195, 0.971536346668, 0.54310707423, 0.104806880462, 0.398831793055, 0.682457744738, 0.237616053786, 0.387405623556, 0.758415975391, 0.117756052072, 0.561702944061, 0.624875149109, 0.978597912796, 0.601118788295, 26.085658431, 4.33371210882, 30.2906663195, 898.718513132, 0.862656577542, 12.0990653583, 9.59651533905, 138.153331517
0.900419460671, 0.174785070644, 0.0624736912262, 0.957758933563, 0.470977136993, 0.61560944536, 0.369266020747, 0.980580656004, 0.90590934949, 0.968549192143, 0.0908982043102, 0.998749772052, 0.125131560363, 0.918153948715, 0.208931371784, 0.140522226111, 0.812952213049, 2.71939639489, 1.78182483181, 4.71367278327, 5.22647880445, 116.670715019, 11.5115252404, 33.0937199509, 773.988488498
0.107592111489, 0.0115458987681, 2.96744825903e-05, 0.237084566998, 0.0318397216725, 0.54310707423, 0.287271854178, 0.83668450893, 0.353251096379, 0.980970068086, 0.564898098963, 0.974859195389, 0.829828935632, 0.508960994227, 0.408333486429, 0.612380521686, 0.106916512003, 528.659422358, 256.184237519, 672.936942307, 44.713713254, 349.389231455, 0.0447584411818, 17.4167518166, 163.872592807
0.189575019396, 0.133309790663, 0.0389825824838, 0.000698123532824, 0.5345412003, 0.427766644295, 0.132066077349, 0.45760173307, 0.0116202994516, 0.623245960405, 0.0782323979609, 0.211391973789, 0.194801418671, 0.553970383349, 0.731714477833, 0.820649615493, 0.933584869668, 511.60320562, 107.680657709, 415.848953159, 744.75864687, 1.09711944519, 61.3388471027, 213.01593808, 314.498952004
0.449906534174, 0.00425031413221, 0.978704911936, 0.404129377234, 0.87231318603, 0.479191092793, 0.604425236454, 0.63451244751, 0.57610277142, 0.972640489165, 0.903658718095, 0.726431968786, 0.705100683007, 0.576861826397, 0.957322821329, 0.306840279502, 0.590712593366, 1.49392602616, 2.08656078375, 2.40372416616, 17.2951690989, 12.9984690767, 655.029988278, 4.37574048936, 559.607676439
0.721362546437, 0.016219332231, 0.538865824972, 0.0293787354287, 0.0418482802875, 0.156400038591, 0.705175999423, 0.441925516332, 0.0614025288864, 0.100153429207, 0.498106878912, 0.839491295326, 0.0104257582728, 0.796332831292, 0.882668160944, 0.946285851581, 0.261723513418, 134.8458684, 270.055641227, 75.685111588, 20.4858909592, 14.4022918214, 352.852059932, 12.0059702294, 1007.13906461
0.0590443979828, 0.280937378335, 0.238475599235, 0.705384985857, 0.89603893069, 0.751272090247, 0.173887777303, 0.441925516332, 0.6461397306, 0.845112920201, 0.402170220595, 0.369634714966, 0.507443257634, 0.776833188375, 0.406285885053, 0.107759670605, 0.923786082717, 21.9605599793, 6.15212036091, 55.3713012869, 363.442422144, 738.286124171, 324.385701036, 418.77379164, 91.1979241301
0.255204372867, 0.0118411951154, 0.155494728443, 0.00940050032743, 0.180565840062, 0.641536937905, 0.543385373384, 0.237311055157, 0.594662678197, 0.995475267477, 0.368991399062, 0.131587475382, 0.00645383956128, 0.426778333568, 0.031059702185, 0.00100277689402, 0.0669681278051, 301.054332351, 345.162013456, 725.56969249, 250.10906849, 13.1982101427, 222.768728792, 17.1360616138, 390.486591737
0.0575493539373, 0.0067901571216, 0.00856145631335, 0.82439173119, 0.0276375305823, 0.897400982813, 0.705175999423, 0.398831793055, 0.45810380603, 0.992919455899, 0.976159943778, 0.223482155191, 0.17250790843, 0.121236347989, 0.460639356746, 0.0338407350516, 0.925712186542, 21.9532460448, 43.9657366442, 302.27784661, 13.3034104878, 1082.93004886, 15.1366863788, 12.0058400146, 102.034413633
0.0297080891748, 0.133309790663, 0.0310453099402, 0.439359151387, 0.701674574879, 0.6230330371, 0.10593578108, 0.692227122393, 0.722736535003, 0.396081656849, 0.188935589528, 0.369634714966, 0.535247566439, 0.485385754583, 0.0967283357227, 0.820649615493, 0.495334385878, 109.318965214, 18.3608474735, 164.794464331, 392.337190695, 363.041619358, 27.8302653492, 121.330267237, 27.2568593865
0.0299493957008, 0.0910387201477, 0.528008195687, 0.41981389335, 0.148017362348, 0.706352051548, 0.510541226799, 0.667588101787, 0.489039293775, 0.710417410594, 0.992750580685, 0.203398054609, 0.465876665446, 0.116384558143, 0.293193942568, 0.325515642847, 0.620529523836, 103.766898076, 107.261450236, 300.26941193, 79.3977123569, 267.125634046, 476.154395104, 92.959459395, 30.7084072544
0.0795834795557, 0.0984370173866, 0.789220930852, 0.912220643982, 0.834173321821, 0.984574806143, 0.152180626924, 0.276932832772, 0.282524272728, 0.824440808768, 0.92077561421, 0.666974512191, 0.551205261998, 0.553192543494, 0.889659704364, 0.820649615493, 0.220322885895, 0.291725790403, 0.0710948889466, 12.3898953297, 46.4986194933, 346.789829952, 1018.52655317, 167.873933995, 136.977828214
0.182959644445, 0.457532776017, 0.0310453099402, 0.575671575326, 0.1216774008, 0.0347388911128, 0.739902447616, 0.934773412878, 0.511873572787, 0.396081656849, 0.564898098963, 0.767921124974, 0.829828935632, 0.535953551878, 0.83961888478, 0.176438243238, 0.620529523836, 206.359372563, 476.667961709, 28.3717007261, 100.653485468, 673.561713534, 41.8246186414, 750.540836743, 336.939921655
0.0298173703341, 0.00453423213091, 0.524131784507, 0.747495305281, 0.0686159364235, 0.0181764460066, 0.0626763697244, 0.169030325295, 0.51854010137, 0.128832747992, 0.114819569498, 0.519102195357, 0.929973859926, 0.0481081397443, 0.0967283357227, 0.831757408253, 0.933584869668, 304.939578342, 30.1192295899, 8.75122481935, 33.1688307163, 736.187040163, 861.074921141, 8.3624459537, 55.0326364509
0.0363264426668, 0.016219332231, 0.572791194252, 0.0589973289169, 0.218166463431, 0.976134192752, 0.996063708348, 0.0413600365223, 0.90590934949, 0.330194222815, 0.00666018599946, 0.169068949773, 0.194801418671, 0.553970383349, 0.286781352946, 0.718233705104, 0.838172699396, 0.140768389384, 22.7663003387, 607.017541428, 216.719186748, 59.9406717272, 815.798447522, 26.5446417783, 59.5230898817
0.0881789283254, 0.457532776017, 0.204766798714, 0.107957201563, 0.00715072330633, 0.539661632083, 0.63209539579, 0.768166193376, 0.554257238318, 0.46245518457, 0.177741118978, 0.0105079786651, 0.233766901607, 0.298843180061, 0.18732201804, 0.17356343786, 0.503167566188, 247.193219653, 379.028556456, 512.724519398, 7.68157439781, 117.098727609, 231.202698316, 639.75544772, 135.456181185
0.365094898475, 0.0487584927392, 0.132983941285, 0.705384985857, 0.0520251810997, 0.12433695185, 0.117596543942, 0.027945957358, 0.0979648260776, 0.804231733731, 0.407746626251, 0.765262005761, 0.719255441293, 0.106466335091, 0.406285885053, 0.107759670605, 0.923786082717, 206.517798161, 38.587907792, 41.5624630055, 17.540724107, 430.695115561, 102.032340699, 37.7574198614, 318.730905262
0.163999273732, 0.779764075815, 0.0764158739013, 0.51008553564, 0.997480746445, 0.937709330396, 0.996726238013, 0.991747961269, 0.66647030854, 0.0637904862932, 0.402170220595, 0.0398128775101, 0.0888388224116, 0.105319469795, 0.874515596491, 0.291051023573, 0.0380441990975, 0.000437727269355, 0.085120231499, 0.867174709652, 220.188603048, 227.279887602, 38.1680458463, 884.312726971, 247.656443352
0.0867179191565, 0.348342912698, 0.0389825824838, 0.0589973289169, 0.851502733678, 0.30597973001, 0.996063708348, 0.0413600365223, 0.90590934949, 0.330194222815, 0.00531219791799, 0.169068949773, 0.194801418671, 0.462944089444, 0.354528345528, 0.820649615493, 0.838172699396, 1.2714571695, 205.631221011, 107.22108706, 976.118811192, 93.2447372705, 61.7771235841, 615.016987371, 162.023734707
0.0680927653996, 0.0067901571216, 0.701631195312, 0.140692478166, 0.917587911098, 0.0446806686966, 0.511932499229, 0.768166193376, 0.32529519022, 0.396081656849, 0.490585658003, 0.767921124974, 0.829828935632, 0.479758012891, 0.83961888478, 0.257600617946, 0.807918538814, 40.8926745764, 42.4550885105, 4.14389451493, 453.920143963, 102.842228487, 926.641858665, 11.0785265753, 111.524938228
0.415466379045, 0.00284775574718, 0.10160038207, 0.00896617880164, 0.470977136993, 0.0181764460066, 0.510541226799, 0.76317551676, 0.085077926932, 0.978499780158, 0.0304240398192, 0.369634714966, 0.354155630717, 0.28510867226, 0.0967283357227, 0.113553679566, 0.834369664502, 444.134095682, 459.09117537, 18.242632161, 583.263194369, 12.1861347424, 139.276397072, 3.92042337818, 669.878444016
0.0235708143886, 0.601869937529, 0.303368287988, 0.107957201563, 0.986393321107, 0.79739872575, 0.739902447616, 0.0468698878738, 0.45810380603, 0.396081656849, 0.817074965844, 0.877400614183, 0.829828935632, 0.749011989448, 0.67891645294, 0.361197626163, 0.949300074284, 1.90109115833, 4.39131615982, 14.5250090163, 715.405928288, 122.52208888, 374.758200242, 1131.48318406, 51.6963026423
0.117591091741, 0.109526396613, 0.00220965119016, 0.493416649741, 0.0127021935876, 0.00701251956519, 0.98768510679, 0.50716260391, 0.32529519022, 0.921007592058, 0.896434148493, 0.144288582798, 0.551205261998, 0.871983681929, 0.24342963493, 0.946285851581, 0.0620855429315, 18.3697129094, 949.505897272, 10.4614156112, 18.9522823098, 930.484024026, 4.61537626429, 231.056292637, 252.171983802
0.00633581462675, 0.556680521156, 0.879439774775, 0.0450332769852, 0.834322318634, 0.590609922281, 0.566003224879, 0.270942400675, 0.806620625545, 0.817004629551, 0.599260786276, 0.741007392468, 0.67743111702, 0.479633532027, 0.195500886542, 0.907874637481, 0.503167566188, 7.09374605341, 8.74140466583, 15.0236614549, 70.5015180736, 5.16955469049, 381.594783015, 464.710530046, 6.02868263697
0.0319192192982, 0.00274043743768, 0.0310453099402, 0.439359151387, 0.177948415226, 0.352798770658, 0.739902447616, 0.576122782642, 0.722736535003, 0.396081656849, 0.344400888943, 0.767921124974, 0.535247566439, 0.80577534227, 0.904369228069, 0.820649615493, 0.792072935769, 208.824349524, 482.361793442, 325.28992378, 177.427413438, 530.927099074, 40.7001326032, 3.59413632272, 41.897912964
0.262294990715, 0.0067901571216, 0.00856145631335, 0.114355402332, 0.422933405189, 0.999998642957, 0.215870546311, 0.641509923247, 0.594662678197, 0.155776060116, 0.75983090171, 0.203398054609, 0.724365986439, 0.609356520966, 0.882668160944, 0.980446531186, 0.748972533236, 0.00154530378792, 0.000545046932801, 768.708666127, 601.965165724, 177.293265822, 13.345886672, 10.5854462612, 433.734902192
0.0575493539373, 0.467815293709, 0.00765906994348, 0.00527468700462, 0.470977136993, 0.432400322303, 0.976138864501, 0.396184081965, 0.426045870477, 0.580263687193, 0.998031978967, 0.767921124974, 0.930086801936, 0.776833188375, 0.951463771919, 0.130844934685, 0.300547455802, 15.5222422182, 413.942517247, 334.435634758, 485.93125268, 5.9723706899, 8.67265399423, 651.4476441, 88.0735564026
0.0543933758055, 0.0067901571216, 0.229730973619, 0.103343171661, 0.687586641319, 0.0134652740408, 0.510541226799, 0.634581500019, 0.489039293775, 0.732180689223, 0.404853465427, 0.369634714966, 0.496987715303, 0.0481081397443, 0.339767870847, 0.291051023573, 0.923786082717, 303.086081691, 313.293095114, 9.22130407213, 815.971666838, 151.514334956, 353.790782734, 10.6878456356, 85.8268562928
0.117591091741, 0.0403265592938, 0.00856145631335, 0.00061046393195, 0.330944593194, 0.713211128934, 0.104806880462, 0.316590651948, 0.27388878318, 0.237616053786, 0.387405623556, 0.223482155191, 0.551205261998, 0.52298083921, 0.624875149109, 0.946285851581, 0.836593987438, 459.463275571, 76.3324248138, 963.000730649, 612.263615439, 1.18190684516, 16.5766639231, 78.1871117528, 230.774461923
0.001265204057, 0.237676481458, 0.0275816135528, 0.00061046393195, 0.1216774008, 0.0347388911128, 0.739902447616, 0.934773412878, 0.511873572787, 0.389762274705, 0.564898098963, 0.767921124974, 0.829828935632, 0.535953551878, 0.141277410672, 0.158210397656, 0.620529523836, 474.705644835, 1096.51899657, 65.2657852223, 231.541592372, 1.16876353088, 52.8394428784, 477.88304955, 2.60395090065
0.747966866249, 0.457532776017, 0.258382590527, 0.521662695015, 0.00173349708392, 0.0338514418467, 0.32635065619, 0.759755134181, 0.0116202994516, 0.46245518457, 0.610869585914, 0.369360777, 0.251799082611, 0.414353459049, 0.137012265129, 0.83487940949, 0.503167566188, 184.916501757, 104.07419391, 11.2936974411, 0.578612541301, 227.4700888, 133.76555043, 296.371722881, 1076.99133005
0.622647748344, 0.27488306064, 0.0313688446329, 0.165020701011, 0.00715072330633, 0.0338514418467, 0.0861475657375, 0.574071714905, 0.0116202994516, 0.500452992784, 0.931553779784, 0.369360777, 0.0941500124607, 0.549993794446, 0.619713579186, 0.0338407350516, 0.503167566188, 446.088420972, 60.7359872369, 23.9616150845, 5.06421145097, 119.561643749, 23.0026620732, 215.195146917, 763.454689949
0.645889973058, 0.371582957107, 0.989835128041, 0.59137750904, 0.981742232077, 0.352798770658, 0.240329506248, 0.276932832772, 0.408606532668, 0.824440808768, 0.935505497752, 0.810952989283, 0.265400765644, 0.235037048468, 0.945310326236, 0.946285851581, 0.606427885539, 0.114436664573, 0.0453772107251, 0.0761853006626, 5.04660202392, 6.75459829563, 528.102336868, 348.825666524, 1018.08976083
0.0126644965149, 0.280937378335, 0.298248135503, 0.20445064954, 0.0127021935876, 0.713211128934, 0.916966746044, 0.50716260391, 0.45810380603, 0.126652795689, 0.896434148493, 0.358613241502, 0.551205261998, 0.871983681929, 0.67891645294, 0.946285851581, 0.394134989681, 50.492361867, 384.929552773, 802.692956375, 17.7930213106, 296.680529087, 475.638873415, 497.577684721, 23.1784885717
0.00857959649689, 0.563386044814, 0.176538187809, 0.989125941617, 0.0919943926217, 0.975330674253, 0.103810257703, 0.0937094828887, 0.854396830338, 0.3125795715, 0.0388580458302, 0.320716719938, 0.00940835258377, 0.263002086126, 0.768692601207, 0.00190973803805, 0.923786082717, 0.408598290212, 0.0672248849791, 10.6807481761, 1.55541680538, 632.301608168, 180.004155343, 803.459761306, 13.9925363356
0.0334654401612, 0.0067901571216, 0.0389825824838, 0.0589973289169, 0.086861984388, 0.30597973001, 0.619973766087, 0.0413600365223, 0.90590934949, 0.330194222815, 0.0167040402633, 0.169068949773, 0.194801418671, 0.553970383349, 0.354528345528, 0.820649615493, 0.838172699396, 619.948586984, 912.14578812, 575.057734868, 170.768139547, 116.681921207, 77.3048825855, 13.4742328439, 66.4705529175
0.25830437399, 0.0067901571216, 0.0310453099402, 0.296135677254, 0.971536346668, 0.941937454192, 0.739902447616, 0.634581500019, 0.32529519022, 0.396081656849, 0.0788623814863, 0.998749772052, 0.829828935632, 0.0917740457326, 0.83961888478, 0.152122105959, 0.620529523836, 1.37121812125, 3.16736641907, 37.737927576, 847.006605722, 425.540404541, 46.298543319, 10.1307072854, 408.030263484
0.525273555181, 0.288427128454, 0.547039662853, 0.000295465128836, 0.0418482802875, 0.713211128934, 0.402685759635, 0.228191317887, 0.45810380603, 0.00968396469521, 0.387405623556, 0.114449528035, 0.117756052072, 0.269163294235, 0.624875149109, 0.820649615493, 0.492806881431, 118.36857038, 86.7651218845, 303.444664733, 22.1894828249, 0.156779272543, 391.811555094, 251.852640723, 622.974016194
0.274884755167, 0.000431116591607, 0.342010997854, 0.494606782728, 0.0318397216725, 0.953174918114, 0.326051738826, 0.865020385874, 0.489039293775, 0.69444622322, 0.331926233108, 0.369360777, 0.496987715303, 0.553970383349, 0.141277410672, 0.306840279502, 0.252105021053, 39.2378658529, 22.0594938819, 610.888471823, 30.6612049183, 603.007089578, 512.334621161, 0.67795969961, 461.306271489
0.0091458013211, 0.5944252159, 0.100183219355, 0.00061046393195, 0.0326776817289, 0.988038080608, 0.940288016808, 0.0546370009835, 0.45810380603, 0.995666904225, 0.164206007424, 0.737074971994, 0.904582370203, 0.776833188375, 0.967495465827, 0.831757408253, 0.933584869668, 1.43196809241, 15.2221419978, 813.611506731, 41.8067611495, 0.781350968751, 129.296594496, 1114.884595, 19.926563961
0.526268363484, 0.0242493713491, 0.0264729449695, 0.00061046393195, 0.546197859426, 0.830832506633, 0.994131783408, 0.282000128293, 0.540647569226, 0.580263687193, 0.610869585914, 0.876162216856, 0.00645383956128, 0.784597183435, 0.536357231443, 0.787874699533, 0.500185063385, 0.782181199985, 84.8533632699, 311.786184115, 373.789877169, 0.473795329117, 20.5581256724, 18.8459062592, 537.504833845
0.117591091741, 0.109526396613, 0.00220965119016, 0.493416649741, 0.0127021935876, 0.713211128934, 0.992580358299, 0.50716260391, 0.45810380603, 0.921007592058, 0.896434148493, 0.144288582798, 0.551205261998, 0.871983681929, 0.25356282511, 0.992269283598, 0.667155435267, 4.34544139812, 372.830490761, 770.911605486, 17.0885349324, 838.981210216, 4.1615050488, 208.334461441, 227.373657892
0.614228569051, 0.464775689231, 0.332001580618, 0.0261777238753, 0.998975525722, 0.432077232535, 0.059919558289, 0.22385960794, 0.802635824677, 0.965601279237, 0.019635241194, 0.805015342645, 0.415457985454, 0.928889505612, 0.56576986002, 0.694116468567, 0.522525122658, 0.38091739423, 0.0359587338462, 0.308584219413, 305.450553275, 12.5671879207, 175.649722425, 315.571117268, 682.859050319
0.00295276960206, 0.133309790663, 0.0389825824838, 0.000698123532824, 0.359434039629, 0.0338514418467, 0.996063708348, 0.503796643448, 0.997112182075, 0.207296171402, 0.610869585914, 0.0657558219468, 0.194801418671, 0.553970383349, 0.95262922613, 0.294637577264, 0.466258577817, 4.2754278863, 691.459750035, 36.8028829068, 438.580158732, 0.898847185526, 50.2536440525, 174.519535912, 3.8939758837
0.117591091741, 0.0067901571216, 0.000181806389335, 0.20445064954, 0.0127021935876, 0.467242478778, 0.98684448984, 0.540268266837, 0.363332395402, 0.0538822334257, 0.126524767812, 0.284024750641, 0.814998679709, 0.508960994227, 0.844478059608, 0.946285851581, 0.620066172485, 18.6549772755, 902.620781621, 814.376769824, 24.26246139, 404.551860894, 0.366004175903, 13.6701474057, 239.472074199
0.0680927653996, 0.0319600989663, 0.155494728443, 0.156059627664, 0.180565840062, 0.072786421799, 0.0116849374916, 0.29721480488, 0.594662678197, 0.700585220059, 0.368991399062, 0.810952989283, 0.507443257634, 0.515530890372, 0.967930633414, 0.334742418565, 0.400411934982, 507.214089507, 9.31078618739, 58.254954551, 148.845011585, 133.061154116, 136.644918522, 28.3908133006, 60.7454477426
0.0172763596983, 0.27488306064, 0.607298508018, 0.165020701011, 0.00715072330633, 0.0338514418467, 0.970722953428, 0.0468698878738, 0.0116202994516, 0.670138486971, 0.610869585914, 0.67906964405, 0.312271330533, 0.549993794446, 0.18732201804, 0.23608811011, 0.503167566188, 22.1030059114, 480.283737729, 25.5896252849, 5.4082862502, 127.684951586, 702.433653308, 396.799054566, 25.7371979918
0.38024959821, 0.0067901571216, 0.0310453099402, 0.107957201563, 0.928605778952, 0.941937454192, 0.739902447616, 0.134588818306, 0.32529519022, 0.396081656849, 0.564898098963, 0.767921124974, 0.829828935632, 0.749011989448, 0.83961888478, 0.152122105959, 0.503167566188, 4.41982850175, 10.2093285944, 121.640142667, 1084.61787278, 186.885731247, 54.0441238625, 11.8255383453, 754.134111628
0.25830437399, 0.0067901571216, 0.0310453099402, 0.70513356637, 0.0418482802875, 0.00864005090309, 0.739902447616, 0.743643293687, 0.511873572787, 0.396081656849, 0.490840286097, 0.979460118803, 0.829828935632, 0.865043045766, 0.83961888478, 0.158210397656, 0.984761479206, 180.309536417, 416.495641237, 6.159926454, 29.8797080512, 910.824827247, 49.6875588312, 10.8722667748, 437.897745121
0.262294990715, 0.288427128454, 0.00509460990492, 0.334010165073, 0.131261647531, 0.99999455656, 0.621682030996, 0.889513424596, 0.594662678197, 0.155776060116, 0.610869585914, 0.203398054609, 0.724365986439, 0.628010615295, 0.78115747431, 0.980446531186, 0.52233900338, 0.00250005894759, 0.00369971420381, 522.215148109, 109.225308158, 308.782090646, 4.93313987134, 300.109036513, 299.633407121
0.0881789283254, 7.07642969847e-05, 0.013961606489, 0.0148081165507, 0.359434039629, 0.999998642957, 0.652123759953, 0.699916399111, 0.0979648260776, 0.138402358334, 0.913528164353, 0.67533442003, 0.000931728218363, 0.796332831292, 0.882668160944, 0.988542064191, 0.466258577817, 0.000618382611628, 0.00101670645252, 558.253796641, 353.58285468, 15.373536656, 14.4983358028, 0.0734905966446, 92.1663218891
0.262294990715, 0.0067901571216, 0.00856145631335, 0.334010165073, 0.58051881142, 0.156400038591, 0.215870546311, 0.889513424596, 0.594662678197, 0.155776060116, 0.75983090171, 0.203398054609, 0.724365986439, 0.609356520966, 0.840096878652, 0.294637577264, 0.726961903581, 394.09331861, 139.001377092, 104.78033219, 556.351355766, 407.25608277, 10.9343388093, 8.6726988407, 355.360755756
0.0881789283254, 0.457532776017, 0.258382590527, 0.521662695015, 0.00173349708392, 0.0279959479082, 0.320136588191, 0.602897691699, 0.0116202994516, 0.46245518457, 0.610869585914, 0.369360777, 0.251799082611, 0.232700028956, 0.326481049092, 0.83487940949, 0.503167566188, 420.314226025, 231.187149271, 21.1088388323, 1.3074748514, 514.007905675, 302.2663366, 669.703033847, 141.797019184
0.0159499439972, 0.196059255954, 0.186976698663, 0.0945546063963, 0.0405368710921, 0.918987673998, 0.940729477688, 0.746899028681, 0.465903667981, 0.00938568723122, 0.610869585914, 0.407708272176, 0.595631959568, 0.121236347989, 0.980681190458, 0.469499731844, 0.495334385878, 8.05271884639, 86.2435339472, 676.997962751, 43.5181963152, 102.330929845, 209.148531638, 229.804718561, 18.9980306281
0.0136814368504, 0.0067901571216, 0.0298009074419, 0.602609868731, 0.99758471458, 0.0487892727585, 0.739902447616, 0.756907697092, 0.32529519022, 0.396081656849, 0.774895060402, 0.0256855813363, 0.936587513646, 0.893142298598, 0.661115534375, 0.102054237407, 0.00325877569022, 0.855364121782, 1.97579914779, 0.16532581201, 569.155890864, 790.173481336, 45.6187695956, 10.3984592455, 20.9554012995
0.117591091741, 0.0067901571216, 0.00856145631335, 0.00061046393195, 0.0418482802875, 0.407800427851, 0.104806880462, 0.431796155656, 0.27388878318, 0.237616053786, 0.387405623556, 0.223482155191, 0.265400765644, 0.52298083921, 0.624875149109, 0.501731815434, 0.836593987438, 846.310541242, 140.600868869, 639.514136083, 70.4407910821, 1.0282993677, 14.4222644116, 11.4391878671, 200.390380907
0.0164752654725, 0.464775689231, 0.0298009074419, 0.0261777238753, 0.971536346668, 0.432077232535, 0.0626763697244, 0.488894434984, 0.0180431116347, 0.396081656849, 0.272694310999, 0.187575638389, 0.240347195953, 0.226293784392, 0.415542114131, 0.694116468567, 0.620529523836, 18.0481458621, 1.7826359302, 14.6270634493, 520.769589328, 21.4474901217, 24.4407123719, 467.482665604, 18.1443270661
0.589840095588, 0.480221449847, 0.00617053631105, 0.130080323876, 0.218166463431, 0.713211128934, 0.0399695102873, 0.398831793055, 0.45810380603, 0.237616053786, 0.387405623556, 0.666977075196, 0.00265655316619, 0.561702944061, 0.624875149109, 0.946285851581, 0.836593987438, 218.641124143, 13.7452207491, 452.951847931, 179.509285244, 110.700160218, 5.28809660742, 512.696820167, 996.627220261
0.0196753191561, 0.237676481458, 0.00558848846811, 0.00332643353049, 0.23152193195, 0.59426817393, 0.739902447616, 0.734960304829, 0.509157922327, 0.445937356469, 0.914325717382, 0.767921124974, 0.965876272086, 0.706055158304, 0.466593787163, 0.865326091542, 0.0172895736388, 240.261531989, 554.978304635, 816.804057834, 386.812369688, 5.68207261703, 9.54630753482, 425.984532955, 36.1080420987
0.100970181822, 0.000776828570457, 0.37253733035, 0.439359151387, 0.180565840062, 0.352798770658, 0.739902447616, 0.692227122393, 0.603764929384, 0.396081656849, 0.344400888943, 0.539067740554, 0.535247566439, 0.727366557697, 0.858743486915, 0.946285851581, 0.548943517168, 266.329170061, 615.191745642, 414.866348809, 229.798824726, 677.93645984, 705.568935709, 1.55872908021, 204.315725599
0.589840095588, 0.0067901571216, 0.00856145631335, 0.00061046393195, 0.00657082551072, 0.713211128934, 0.929488141166, 0.398831793055, 0.45810380603, 0.396081656849, 0.387405623556, 0.223482155191, 0.0452870907769, 0.561702944061, 0.67891645294, 0.564555535782, 0.836593987438, 32.7155100316, 294.164742183, 611.960865683, 7.01653813557, 0.651884731665, 9.14291524553, 7.25181026793, 905.088910251
0.163999273732, 0.0487584927392, 0.431533324549, 0.645760324098, 0.997480746445, 0.937709330396, 0.996726238013, 0.991747961269, 0.66647030854, 0.0637904862932, 0.402170220595, 0.0398128775101, 0.0888388224116, 0.105319469795, 0.874515596491, 0.291051023573, 0.0380441990975, 0.00076652002701, 0.149057110935, 1.51854094638, 385.580213461, 619.909730491, 587.76707961, 71.9241491894, 247.656443352
0.052418774028, 0.466193228393, 0.013961606489, 0.0184379448353, 0.359434039629, 0.975330674253, 0.0827671101637, 0.699916399111, 0.0979648260776, 0.138402358334, 0.969481252018, 0.67533442003, 0.000782504004911, 0.796332831292, 0.700927256194, 0.820649615493, 0.841462721745, 18.9452550323, 2.47704977604, 492.818042311, 312.372117516, 16.9126109169, 12.8104354018, 525.20797783, 64.8289738536
0.0319192192982, 0.00274043743768, 0.0310453099402, 0.439359151387, 0.180565840062, 0.352798770658, 0.00647751205194, 0.692227122393, 0.722736535003, 0.586775196917, 0.344400888943, 0.369634714966, 0.535247566439, 0.727366557697, 0.858743486915, 0.820649615493, 0.792072935769, 661.772377046, 6.73366846058, 409.568552951, 226.864319999, 669.279288733, 51.3060189384, 4.5307180701, 52.8159241389
0.117591091741, 0.0067901571216, 0.789220930852, 0.00061046393195, 0.0418482802875, 0.984574806143, 0.104806880462, 0.120218045718, 0.27388878318, 0.633439427437, 0.387405623556, 0.223482155191, 0.551205261998, 0.52298083921, 0.624875149109, 0.633383189877, 0.836593987438, 9.12497690289, 1.51596797916, 381.687917754, 25.1338823367, 0.366906091168, 1113.11384406, 12.5547410513, 219.932513628
0.240873999117, 0.0382063793945, 0.455911169783, 0.206713253265, 0.992058681138, 0.40708165404, 0.326051738826, 0.815242768849, 0.489039293775, 0.69444622322, 0.331926233108, 0.369360777, 0.496987715303, 0.485385754583, 0.83961888478, 0.306840279502, 0.252105021053, 4.73065750832, 2.65957151578, 4.03594507922, 542.149652691, 182.511883598, 497.868233611, 45.5690722662, 302.016604266
0.0881789283254, 0.0723109446574, 0.258382590527, 0.107957201563, 0.00715072330633, 0.019923997514, 0.63209539579, 0.934773412878, 0.569061993051, 0.46245518457, 0.610869585914, 0.00275413328861, 0.110957510435, 0.549993794446, 0.18732201804, 0.00100277689402, 0.503167566188, 408.91464502, 627.000723699, 23.4349709039, 8.41253873924, 128.241624869, 326.536853831, 94.3486937643, 116.043493651
0.274884755167, 0.000431116591607, 0.534326445688, 5.47645941816e-05, 0.470977136993, 0.953174918114, 0.326051738826, 0.865020385874, 0.489039293775, 0.69444622322, 0.211729178233, 0.999120505287, 0.496987715303, 0.553970383349, 0.141277410672, 0.306840279502, 0.252105021053, 25.2651609894, 14.2040514222, 393.349517148, 359.999053782, 0.0459374121398, 594.938407656, 0.541382447041, 368.374577778
0.0233853267717, 0.5944252159, 0.0310453099402, 0.494606782728, 0.0326776817289, 0.988038080608, 0.940288016808, 0.282000128293, 0.45810380603, 0.580263687193, 0.331926233108, 0.767921124974, 0.904582370203, 0.555431471374, 0.967495465827, 0.831757408253, 0.933584869668, 0.981156871167, 10.4299176037, 557.470885364, 28.6451850292, 548.924371897, 38.2118779148, 1059.2984659, 48.4292839826
0.0136814368504, 0.13167520921, 0.0298009074419, 0.296135677254, 0.971536346668, 0.0487892727585, 0.0638368357808, 0.754426521488, 0.32529519022, 0.500452992784, 0.179216286451, 0.767921124974, 0.936587513646, 0.871001724514, 0.687446451802, 0.102054237407, 0.00325877569022, 36.548180681, 3.67718964749, 2.82064543952, 823.435232746, 413.698027487, 43.2032471273, 193.73373598, 20.2768650741
