0.10469922171, 0.821421110314, 2.02224288299, 0.691137461651, 34.2775565995, 40.0968476233, 0.839738358686, 4.9701995718, 1.40420204523, 0.0, 1.0, 0.0
0.13290530268, 0.826493121316, 2.00084430471, 0.699263501221, 51.1564206756, 45.9646670048, 0.838431320008, 4.66447829522, 1.18221745162, 55.1599384006, -2.22044604925e-16, 0.0
0.108805472947, 0.934017815048, 2.02526849879, 0.698614712509, 51.9257087642, 47.2185323068, 0.530579034123, 0.594238971187, 1.10895212355, 0.0, 1.0, 0.0
0.166189828486, 0.820574530671, 2.01080309448, 0.699243169377, 49.3663500043, 48.6380357409, 0.838645667868, 0.660700568005, 1.04626136403, 1.79579710227, 0.0, 0.0
0.100887213292, 0.824036195572, 2.05173226226, 0.69261775306, 4.49784840495, 47.4475370454, 0.523422587359, 1.03427060162, 1.13748670185, 0.0, 1.0, 0.0
0.102212527219, 0.821634715793, 3.24988159606, 0.699601444259, 25.4373491142, 40.3102322466, 0.238310912756, 0.738475411451, 1.30737253622, 0.0, 1.0, 0.0
0.114318070168, 0.91636548477, 2.59232850158, 0.699727405769, 33.187931715, 46.1955033547, 0.572642295366, 2.30430285316, 1.10736762978, 0.0, 1.0, 0.0
0.114294000118, 0.822447514626, 2.27967959585, 0.699448527255, 48.5405608302, 46.0556368907, 0.324973748039, 2.37316310459, 1.31067737499, 0.0, 1.0, 0.0
0.102372082085, 0.821677721519, 3.21716853287, 0.699583933955, 25.7960513784, 40.3642121296, 0.521311695796, 0.739512977278, 1.13744790335, 0.0, 1.0, 0.0
0.113832227529, 0.905124274934, 2.58853317544, 0.699220903137, 42.5143562795, 44.6975667759, 0.541804527826, 2.37379628213, 1.10949935416, 0.0, 1.0, 0.0
0.12821095263, 0.821028885934, 2.13212134544, 0.699219781353, 42.7948722755, 46.4823748933, 0.541274798895, 0.816924135524, 1.10346217922, 0.0, 1.0, 0.0
0.106971841074, 0.856358753064, 2.03058197813, 0.699551736345, 49.4829303348, 41.4159192664, 0.81808933959, 4.64323398863, 1.10722690147, 0.0, 1.0, 0.0
0.15817285151, 0.821605819071, 2.11151038503, 0.698624472804, 51.3822019286, 45.5850821598, 0.282191095929, 0.86769991985, 1.13873595316, 0.0, 1.0, 0.0
0.12816196123, 0.821024348428, 2.03400004766, 0.699252473715, 33.2894673619, 46.4844763485, 0.811857106659, 4.70465119827, 1.10346217922, 0.0, 1.0, 0.0
0.113832227529, 0.905124274934, 2.27705259281, 0.699570527165, 26.1559612095, 46.0556368907, 0.57337640615, 2.37316310459, 1.10949935416, 0.0, 1.0, 0.0
0.100297755541, 0.828043595276, 2.00094951273, 0.698954317514, 4.07757558123, 48.7168715647, 0.523431507739, 0.656955251323, 1.13744181923, 0.0, 1.0, 0.0
0.102883364557, 0.821770640056, 2.59253881831, 0.686703347195, 51.9090711674, 46.0431029825, 0.868721138393, 2.89525229987, 1.11134107565, 0.0, 1.0, 0.0
0.140571412243, 0.821657521845, 2.84056588521, 0.689336685673, 45.3267700593, 46.0028161819, 0.89509757888, 0.851952444464, 1.30759236832, 0.0, 1.0, 0.0
0.100367885137, 0.828132909351, 2.94123318678, 0.653598929878, 44.7267619179, 46.0952196207, 0.525094970302, 0.840827821759, 1.01899989135, 0.0, 1.0, 0.0
0.128210402945, 0.821657743659, 2.96742808012, 0.699774282049, 25.5762467335, 45.3801700728, 0.811811628921, 0.739196191047, 1.02110227707, 0.0, 1.0, 0.0
0.113832227529, 0.905124274934, 2.58853317544, 0.699220903137, 42.5143562795, 44.6975667759, 0.541911611445, 2.37379628213, 1.10949935416, 0.0, 1.0, 0.0
0.158535493598, 0.820487331172, 3.09931711586, 0.698884411507, 28.1617879677, 45.974922934, 0.526287201463, 0.623983118419, 1.30849065305, 0.0, 1.0, 0.0
0.106268985835, 0.82167780051, 2.80711437224, 0.671891264653, 45.2685379139, 46.1266066506, 0.895997954345, 2.47408751789, 1.04995759793, 0.0, 1.0, 0.0
0.133116443057, 0.821657743659, 2.80544058315, 0.680524595173, 45.1322982427, 42.363975466, 0.818088659965, 4.88747415196, 1.05045094801, 0.0, 1.0, 0.0
0.101464447323, 0.869077756029, 2.01418682268, 0.69881719006, 33.4754319633, 43.284690545, 0.380361124174, 0.187240518478, 1.04764744617, 0.0, 1.0, 0.0
0.104186585971, 0.820044811305, 2.11290494062, 0.699570527165, 26.7850140202, 46.0673676773, 0.571038347875, 2.38471313162, 1.10949935416, 0.0, 1.0, 0.0
0.166189828486, 0.820574530671, 2.28147123819, 0.699245181026, 49.3663500043, 48.6953276674, 0.329777151429, 0.660700568005, 1.04626136403, 0.0, 1.0, 0.0
0.106268985835, 0.82167780051, 2.10875822854, 0.671891264653, 45.1787986937, 46.1266066506, 0.895997954345, 2.41694489013, 1.1398760457, 0.0, 1.0, 0.0
0.104351254389, 0.821634715793, 3.24988159606, 0.699601444259, 24.9755723182, 40.3102322466, 0.238310912756, 0.738475411451, 1.90265859223, 0.0, 1.0, 0.0
0.104186585971, 0.820044811305, 2.11290494062, 0.699599992699, 34.4730762887, 40.2961104536, 0.571038347875, 0.749959061927, 1.91093678749, 0.0, 1.0, 0.0
0.144696006526, 0.831406982257, 4.2686700489, 0.686829868889, 60.7017943129, 45.9644770631, 0.901798719692, 0.818354274217, 1.04190560106, 0.0, 1.0, 0.0
0.113832227529, 0.905124274934, 2.58853317544, 0.697063520469, 44.0789900569, 43.1959380336, 0.572589894787, 2.37379628213, 1.10949935416, 0.0, 1.0, 0.0
0.111620193509, 0.843551343809, 2.58686298199, 0.698623270379, 50.6719700064, 45.4055518643, 0.834673525875, 0.837482284183, 1.10867567873, 0.0, 1.0, 0.0
0.158792558896, 0.821730174694, 2.80582389387, 0.672014824097, 26.5682040285, 45.1089014297, 0.734589949993, 2.35904733948, 1.10740487228, 0.0, 1.0, 0.0
0.10229905937, 0.821417388722, 3.20942849993, 0.699594662706, 25.4373491142, 40.3102322466, 0.242355369154, 0.739050965459, 1.30832967762, 0.0, 1.0, 0.0
0.130471660648, 0.821657743659, 2.59642640691, 0.683438681611, 51.5441791404, 45.3801700728, 0.818121465468, 0.852417434716, 1.05045094801, 0.0, 1.0, 0.0
0.114232657709, 0.91636548477, 2.59232850158, 0.699727405769, 33.290464591, 46.1955033547, 0.561451349654, 2.30430285316, 1.10727220928, 0.0, 1.0, 0.0
0.100884917135, 0.824036195572, 2.01420614756, 0.693999595791, 25.63241984, 45.4009890784, 0.523422587359, 1.03427060162, 1.13744224452, 0.0, 1.0, 0.0
0.106962660963, 0.827929364921, 3.23187092703, 0.699607156823, 51.6092513526, 46.2721586323, 0.242355369154, 2.5298084698, 1.30536350342, 0.0, 1.0, 0.0
0.157360822631, 0.821636774366, 2.17859636719, 0.658286498491, 49.587811094, 36.0754719579, 0.820241540474, 2.88996587184, 1.13768069308, 0.0, 1.0, 0.0
0.113832227529, 0.905124274934, 2.57656289924, 0.699220903137, 42.8031352201, 47.4799659922, 0.541911611445, 2.10747127908, 1.10949935416, 0.0, 1.0, 0.0
0.111578193615, 0.827136838607, 2.0097087612, 0.698889737675, 50.6755134936, 45.408874079, 0.834673525875, 0.590039262779, 1.11130627543, 0.0, 1.0, 0.0
0.108805472947, 0.90530753938, 2.58850995554, 0.698614712509, 51.6307835685, 45.3714135783, 0.530579034123, 0.598780409741, 1.05011703147, 0.0, 1.0, 0.0
0.128160422088, 0.821657743659, 2.5950789059, 0.683513483475, 52.1204356508, 45.3801700728, 0.811857447073, 0.817220116458, 1.05017912513, 0.0, 1.0, 0.0
0.15817285151, 0.831420481813, 2.12526715912, 0.698624472804, 51.3627617437, 45.5850821598, 0.2198576056, 0.855152193132, 1.13873595316, 0.0, 1.0, 0.0
0.133864654123, 0.821634715793, 2.01521103294, 0.699634923548, 25.5787577315, 40.3102322466, 0.523351366778, 0.85589337037, 1.30832967762, 0.0, 1.0, 0.0
0.132593788211, 0.820336009665, 2.27484377087, 0.69978138281, 25.63241984, 44.3423782207, 0.817100282313, 1.03427060162, 1.28604394855, 0.0, 1.0, 0.0
0.103430506973, 0.821652999955, 2.59232850158, 0.683521204232, 33.1719425943, 46.1955033547, 0.514990933908, 4.94177753667, 1.10736762978, 0.0, 1.0, 0.0
0.128210402945, 0.821657743659, 3.30431874523, 0.68326221662, 52.1204356508, 40.3604664656, 0.804873326283, 0.739103500868, 1.00886888045, 0.0, 1.0, 0.0
0.101464447323, 0.869077756029, 2.03157902235, 0.686911774896, 33.4754319633, 45.9365851259, 0.908467913742, 0.187240518478, 1.04185425111, 0.0, 1.0, 0.0
0.113088336482, 0.821605819071, 2.10841531663, 0.699219045507, 51.3822019286, 45.1793991738, 0.282191095929, 0.955726371376, 1.13873595316, 0.0, 1.0, 0.0
0.108805472947, 0.934017815048, 2.02526849879, 0.698614712509, 51.9257087642, 45.3714135783, 0.530579034123, 0.594238971187, 1.05011703147, 0.0, 1.0, 0.0
0.124947652347, 0.822196743763, 2.10841531663, 0.699219045507, 47.9654004003, 45.1872769483, 0.578087722856, 1.56012565668, 1.13873595316, 0.0, 1.0, 0.0
0.128011709224, 0.820190547242, 2.27484377087, 0.699773257142, 32.6349266779, 44.3206250015, 0.817097733575, 1.03657681736, 1.13813944949, 0.0, 1.0, 0.0
0.144736668336, 0.821662515697, 2.01374167641, 0.660874949444, 3.45983605617, 40.4145190511, 0.5266637036, 4.18343626976, 1.10881112957, 0.0, 1.0, 0.0
0.102254929925, 0.821634715793, 3.24988159606, 0.699601444259, 25.4512130935, 46.0037250686, 0.817662047011, 0.739050965459, 1.27883891538, 0.0, 1.0, 0.0
0.132874190365, 0.821079554149, 2.00205757603, 0.699263501221, 51.1564206756, 45.9696659301, 0.838431320008, 4.62815517094, 1.18261179229, 0.0, 1.0, 0.0
0.103769188255, 0.828572082455, 2.35586910293, 0.69818802974, 34.4173859793, 42.0966222389, 0.836526493658, 4.94336827349, 1.18350937496, 0.0, 1.0, 0.0
0.103816305975, 0.820678386132, 2.59232850158, 0.698345462966, 36.9665752004, 46.1961701774, 0.911092955908, 0.778982325498, 1.10629913524, 0.0, 1.0, 0.0
0.114126712148, 0.905124274934, 2.27726054944, 0.661672855529, 6.55591526707, 46.0037016342, 0.31103594897, 0.751425205304, 1.11018249101, 0.0, 1.0, 0.0
0.106124124546, 0.821677589981, 2.0202901656, 0.6750194797, 2.56975755105, 46.1917722061, 0.5266637036, 0.644734726244, 1.10881112957, 0.0, 1.0, 0.0
0.114093118547, 0.821179509502, 2.01186159815, 0.697063520469, 33.1903061787, 44.6975667759, 0.575211743141, 2.37379628213, 1.10948488844, 0.0, 1.0, 0.0
0.157361924178, 0.821031231732, 2.17885814602, 0.658286498491, 49.6051743334, 36.1097397219, 0.820241540474, 2.88996587184, 1.13653289971, 0.0, 1.0, 0.0
0.101464447323, 0.820943938025, 2.01412233386, 0.69881719006, 2.89923090771, 43.3033723877, 0.380361124174, 0.64510160496, 1.02988935172, 0.0, 1.0, 0.0
0.108805472947, 0.90530753938, 2.04978509884, 0.698614712509, 51.6307835685, 45.3714135783, 0.530579034123, 0.194478995718, 1.10874826892, 0.0, 1.0, 0.0
0.133836665073, 0.820190547242, 2.27484377087, 0.699790602137, 25.6202300708, 44.3423782207, 0.817097733575, 1.03427060162, 1.28604394855, 0.0, 1.0, 0.0
0.12821095263, 0.821028885934, 2.14078926627, 0.698657891895, 33.2894673619, 46.4823748933, 0.80453625234, 0.816924135524, 1.10346217922, 0.0, 1.0, 0.0
0.100743697384, 0.82163473962, 2.01374167641, 0.653201283588, 3.45983605617, 40.4145190511, 0.5266637036, 0.644734726244, 1.10881112957, 0.0, 1.0, 0.0
0.128210402945, 0.821657743659, 2.61156568757, 0.68326221662, 52.1204356508, 45.3801700728, 0.811857447073, 0.817220116458, 1.02000815142, 0.0, 1.0, 0.0
0.158535493598, 0.820251658136, 3.04496582991, 0.698862107745, 33.4351072604, 46.4703061938, 0.526409388385, 0.624585375719, 1.10273824481, 0.0, 1.0, 0.0
0.103769188255, 0.821745632684, 2.10964926585, 0.69818802974, 45.8955477263, 42.0966222389, 0.836526493658, 2.43601837945, 1.13969868726, 0.0, 1.0, 0.0
0.100738764988, 0.82213697752, 2.00674682437, 0.653201283588, 3.69161346916, 45.4035218196, 0.5266637036, 2.75524192246, 1.10881112957, 0.0, 1.0, 0.0
0.101127108109, 0.820356240987, 2.05060856878, 0.69261037955, 4.47246965309, 47.4971795443, 0.516690450491, 1.03596414681, 1.10898214274, 0.0, 1.0, 0.0
0.103430506973, 0.821652999955, 2.12323644136, 0.699302447692, 33.2558429337, 46.1955033547, 0.514990933908, 4.94177753667, 1.10736762978, 0.0, 1.0, 0.0
0.226234568156, 0.821657743659, 2.57755258783, 0.698631133223, 51.6307835685, 45.3740965814, 0.834669758119, 0.638987193107, 1.05011703147, 0.0, 1.0, 0.0
0.102212527219, 0.866811837789, 3.29183322533, 0.699601444259, 25.4373491142, 40.3102322466, 0.239603819264, 0.738475411451, 1.30737253622, 0.0, 1.0, 0.0
0.102903284619, 0.831272400621, 2.61154495725, 0.698189195469, 2.3338211118, 47.2143386899, 0.868763401414, 0.627102472856, 1.10881529823, 0.0, 1.0, 0.0
0.103836767759, 0.831272400621, 2.60651896762, 0.698189195469, 50.678101374, 44.9358257076, 0.868763401414, 0.626921363636, 1.1092301468, 0.0, 1.0, 0.0
0.157999397577, 0.820678482933, 2.12526715912, 0.698902650193, 38.7724984752, 45.589219757, 0.834767123079, 0.839382161004, 1.13811816651, 0.0, 1.0, 0.0
0.106214161264, 0.821741213144, 2.00812991988, 0.6750194797, 2.56975755105, 46.1895291976, 0.5266637036, 0.644835048939, 1.10881112957, 0.0, 1.0, 0.0
0.106962660963, 0.821595130934, 3.23187092703, 0.671901320167, 51.6092513526, 46.2721586323, 0.148248487864, 2.5298084698, 1.29567497441, 0.0, 1.0, 0.0
0.114093118547, 0.905124274934, 2.01186159815, 0.697063520469, 26.1559612095, 44.6975667759, 0.575211743141, 2.37379628213, 1.10949935416, 0.0, 1.0, 0.0
0.14485959649, 0.820407017107, 2.56171053509, 0.68328934681, 33.2872287261, 45.7857450563, 0.615015061781, 4.63389349808, 1.18996625438, 0.0, 1.0, 0.0
0.103816305975, 0.820243816398, 2.59232850158, 0.698351015692, 33.1719425943, 46.1821135469, 0.52616670254, 4.94177753667, 1.10736762978, 0.0, 1.0, 0.0
0.104151213913, 0.820320708834, 2.15199339272, 0.699634923548, 51.7611280806, 44.9699204711, 0.840715936446, 0.85589337037, 1.0972798311, 0.0, 1.0, 0.0
0.140571412243, 0.821649833178, 2.84056588521, 0.698342946954, 45.2652844577, 46.0028161819, 0.89509757888, 4.90089042851, 1.10740487228, 0.0, 1.0, 0.0
0.140571412243, 0.821634453616, 2.84056588521, 0.689336685673, 45.2652844577, 46.0028161819, 0.89509757888, 0.761770905947, 1.30759236832, 0.0, 1.0, 0.0
0.158298330499, 0.831272400621, 2.60651896762, 0.698892204244, 50.678101374, 44.9358257076, 0.868763401414, 0.605572166911, 1.10874907988, 0.0, 1.0, 0.0
0.12816196123, 0.821024348428, 2.03400004766, 0.697877731523, 33.2894673619, 46.4823748933, 0.811857106659, 0.816924135524, 1.10346217922, 0.0, 1.0, 0.0
0.158792558896, 0.821730174694, 2.80582389387, 0.672014824097, 45.2652844577, 46.0029683462, 0.897885656448, 4.88695365253, 1.10740487228, 0.0, 1.0, 0.0
0.102254929925, 0.821634715793, 2.00472619102, 0.653230588676, 6.45074133858, 46.0037250686, 0.817662047011, 0.739050965459, 1.27883891538, 0.0, 1.0, 0.0
0.162130348509, 0.821663537203, 2.57518651916, 0.683475818405, 51.6307835685, 45.3893215228, 0.831948674236, 0.638285779593, 1.10779801374, 0.0, 1.0, 0.0
