0.999999782342, 0.415420363894, 0.00127127378846, 0.000348480403053, 0.556407905191, 0.40522259327, 0.576601491804, 0.53819887335, 0.813737685082, 0.49032492642, 0.110253987167, 0.620485294833, 0.855319083122, 0.310631698684, 3.92955602115e-07, 2.15100671119e-10, 7.84698995444e-10, 3.00305682142e-07, 1.44654715832
0.00230713964676, 0.000135965414007, 0.994413097067, 0.567919482841, 0.556407905191, 0.875278154872, 0.375059752323, 0.25143312879, 0.99888687295, 0.149205461015, 0.0338506579274, 0.458835157301, 0.397689964698, 0.0626463884652, 0.0110962436435, 0.0137579906654, 2.01400046909, 0.00043015465246, 0.00729914451038
0.999999822703, 0.00514336999346, 0.00961153517495, 0.102058581411, 0.731325064706, 0.361995781489, 0.893887303548, 0.347214782293, 0.332226250175, 0.605609189881, 0.200592706388, 0.974165627539, 0.817001646462, 0.790523937683, 4.91969122835e-07, 7.9551839962e-08, 7.52468474805e-09, 4.02688535387e-09, 1.78972028469
0.109677868231, 0.079817180028, 0.00961153517495, 0.000154217942851, 0.711813718825, 0.0333530095269, 0.940792045378, 0.459114315889, 0.813737685082, 0.336533866584, 0.566087517747, 0.981188167845, 0.581258600401, 0.281191470676, 1.83168984571, 0.000443717675341, 0.0276565234911, 0.230888173532, 0.321284275104
0.00640178681182, 0.999995934043, 0.283449164321, 0.78622788584, 0.368179818963, 0.999625603465, 0.102711177036, 0.954519021238, 0.286324696502, 0.371767088608, 0.349857162367, 0.764714797593, 0.298709398835, 0.618099120183, 3.49584117149e-06, 1.0016454245e-05, 5.06258911414e-06, 1.84051811059, 0.0185086958527
0.999999709603, 2.37372031389e-05, 0.0251474551261, 0.782322178876, 0.556407905191, 0.82887367031, 0.45110036499, 0.592224363291, 0.332226250175, 0.231343557374, 0.622851110188, 0.400291753988, 0.00490411540058, 0.0626463884652, 2.57366048825e-07, 7.23127098579e-07, 3.03356189092e-08, 2.86418663532e-11, 1.68399281164
8.14857537002e-09, 0.00405423014341, 0.0773787792573, 0.000348480403053, 0.626076243196, 0.741873156447, 0.29096124335, 0.554891339611, 0.779203383441, 0.495572773897, 0.468322480228, 0.458835157301, 0.298709398835, 0.466347082848, 1.23423184332, 0.000675608380146, 0.150759486631, 0.00791857281119, 1.59156045026e-08
0.999999709603, 0.343971905396, 0.999997884457, 0.950219439967, 0.626076243196, 0.741873156447, 0.29096124335, 0.347214782293, 0.777938502441, 0.653361028096, 0.539520304897, 0.400291753988, 0.298709398835, 0.466347082848, 1.31534796369e-13, 1.67870573993e-12, 5.06712791901e-07, 3.03952086238e-07, 1.29536179729
0.0018998123102, 0.107336891383, 0.0342602721515, 0.998415332218, 0.281131282429, 0.573592937465, 0.381862171572, 0.774082574204, 0.782718492373, 0.843583572694, 0.332319462458, 0.496527584063, 0.0258638496344, 0.0730364802353, 0.00435082195328, 1.74788280015, 0.0941551076601, 0.297957657155, 0.00529879507747
0.999999360435, 0.00285855766433, 0.999994626902, 0.000154217942851, 0.720576740635, 0.753407977535, 0.576601491804, 0.440147629192, 0.953560740702, 0.366037015322, 0.349857162367, 0.464512697212, 0.298709398835, 0.395343886929, 1.2050835997e-11, 2.91925455996e-15, 1.42781691604e-06, 6.41124356567e-09, 1.42125625167
0.351736053757, 0.079817180028, 0.00961153517495, 0.000154217942851, 0.637436560056, 0.0333530095269, 0.893887303548, 0.459114315889, 0.813737685082, 0.52766609722, 0.566087517747, 0.944104353016, 0.00490411540058, 0.326619234951, 1.66306365387, 0.000402868826384, 0.0251104514873, 0.209632504329, 1.03360542297
0.217490352895, 0.000135965414007, 0.994413097067, 0.567919482841, 0.556407905191, 0.875278154872, 0.818314424996, 0.25143312879, 0.99888687295, 0.339391526195, 0.259743431562, 0.454448465139, 0.55587810546, 0.0626463884652, 0.00953062050846, 0.0118168086609, 1.72983532007, 0.000369462034563, 0.615110468843
0.217490352895, 9.08333667474e-05, 0.574169427892, 0.708512203934, 0.359691267386, 0.346801425332, 0.684743190418, 0.625681973594, 0.566999046648, 0.0753957432798, 0.658087377541, 0.50338938432, 0.530733408472, 0.039868794724, 0.391420770067, 0.794285324238, 1.12023441561, 0.000203740101459, 0.507741726097
0.505389691313, 0.539277977314, 0.697432983649, 0.458306293666, 0.448033524616, 0.410186999605, 0.45110036499, 0.316416655854, 0.882221494202, 0.92558606205, 0.288637283124, 0.44712823389, 0.523741761409, 0.512395878764, 0.227158928004, 0.199195965156, 0.587091575753, 0.747219425237, 1.01417112307
0.0523166460049, 0.0690382591743, 0.271138744619, 0.238596710022, 0.556407905191, 0.706378955847, 0.381862171572, 0.459114315889, 0.957209247715, 0.847407552183, 0.458596549559, 0.276699072453, 0.530733408472, 0.41363504892, 1.21840171432, 0.479295358842, 0.593986468724, 0.15652799513, 0.119116754248
0.473617750373, 0.552324012318, 0.198780360404, 0.102058581411, 0.556407905191, 0.299810641696, 0.361689464273, 0.485893892151, 0.308291523065, 0.370514961919, 0.473722527487, 0.626916591434, 0.322949012444, 0.743362191201, 0.546895162778, 0.0884334289409, 0.17883248131, 0.686667449899, 0.828543412686
0.002685031611, 0.107336891383, 0.0342602721515, 0.998415332218, 0.538889881737, 0.323264017108, 0.375059752323, 0.774082574204, 0.782718492373, 0.843583572694, 0.332319462458, 0.344050972597, 0.0246057384846, 0.513243018757, 0.00392067970352, 1.57507907524, 0.0848465010865, 0.268500194092, 0.00674849870595
0.0596931201657, 0.00514336999346, 0.00961153517495, 0.102058581411, 0.731325064706, 0.361995781489, 0.893887303548, 0.347214782293, 0.706759337117, 0.495572773897, 0.200592706388, 0.974165627539, 0.817001646462, 0.790523937683, 1.76216005713, 0.284942831461, 0.0269522990164, 0.0144237030249, 0.167893313996
0.505389691313, 0.873889627425, 0.697432983649, 0.682175511007, 0.448033524616, 0.346801425332, 0.825427601519, 0.383619346908, 0.882221494202, 0.495193072677, 0.983523161188, 0.436743297947, 0.742948640728, 0.252744622181, 0.0498639696948, 0.0914410254549, 0.202390395506, 1.133970427, 1.17634054936
0.103957895178, 0.207789180793, 0.271138744619, 0.584309099947, 0.525522335034, 0.346801425332, 0.307021158995, 0.316416655854, 0.294713181764, 0.495193072677, 0.636905989723, 0.50338938432, 0.55587810546, 0.184313682646, 0.650892928972, 0.850957607894, 0.486041909768, 0.398228776533, 0.204639925429
0.999999665902, 2.37372031389e-05, 0.294024177484, 0.972037621358, 0.556407905191, 0.82887367031, 0.45110036499, 0.554891339611, 0.332226250175, 0.305923726121, 0.622851110188, 0.458835157301, 0.00490411540058, 0.0626463884652, 3.37440001065e-08, 7.67755898108e-07, 3.82525283741e-07, 3.20079339004e-11, 1.63574266349
0.109677868231, 0.227381900717, 0.574169427892, 0.708512203934, 0.359691267386, 0.346801425332, 0.407686624297, 0.625681973594, 0.566999046648, 0.0753957432798, 0.658087377541, 0.543495105759, 0.530733408472, 0.039868794724, 0.377445797874, 0.765926800193, 1.0802384675, 0.513849272976, 0.255740255479
0.109677868231, 0.971514919574, 0.999994626902, 0.592578460504, 0.97235375036, 0.678373834908, 0.407686624297, 0.473123043248, 0.410462097002, 0.336533866584, 0.103585068446, 0.46064294596, 0.0594809318359, 0.41363504892, 3.68503958407e-07, 4.94963779297e-07, 0.0731130425005, 1.63293000081, 0.284425215331
0.446610336823, 0.0690382591743, 0.999285851961, 0.998706099895, 0.556407905191, 0.323264017108, 0.381862171572, 0.459114315889, 0.0481751193896, 0.142167795803, 0.0338506579274, 0.40014334174, 0.397689964698, 0.005187975603, 3.22859544328e-06, 0.00158851897286, 1.41607089351, 0.154170807629, 1.20352868962
0.183982214103, 0.736168938429, 0.0779987713432, 0.584309099947, 0.556407905191, 0.583888017156, 0.375059752323, 0.316416655854, 0.308291523065, 0.405038311206, 0.328362135492, 0.85828762858, 0.55587810546, 0.132026544897, 0.326212399071, 0.426480163516, 0.0661166119484, 1.22979859892, 0.399462059803
0.505389691313, 0.539277977314, 0.697432983649, 0.708512203934, 0.448033524616, 0.549875782033, 0.45110036499, 0.316416655854, 0.882221494202, 0.677820033229, 0.288637283124, 0.436743297947, 0.523741761409, 0.512395878764, 0.119101832583, 0.241685789167, 0.523573512044, 0.666376958716, 0.904446867658
0.323450079321, 2.37372031389e-05, 0.129166811973, 0.567919482841, 0.556407905191, 0.875278154872, 0.630216798272, 0.25143312879, 0.375633605122, 0.149205461015, 0.0338506579274, 0.458835157301, 0.34377968175, 0.466347082848, 0.86270180269, 1.06964516369, 0.282705724573, 5.23114818862e-05, 0.781218694436
0.158085561388, 0.208910357517, 0.0248312246259, 0.655349688329, 0.457427240515, 0.323264017108, 0.781241149101, 0.314735534945, 0.960405011534, 0.829456625418, 0.473722527487, 0.330660024503, 0.691343261939, 0.341552888299, 0.736177807286, 1.22430865092, 0.0557504111065, 0.486758078445, 0.38293537173
8.46102186252e-05, 0.873889627425, 0.198780360404, 0.682175511007, 0.556407905191, 0.346801425332, 0.825427601519, 0.383619346908, 0.957209247715, 0.495193072677, 0.983523161188, 0.225307149724, 0.298709398835, 0.41363504892, 0.153539317685, 0.281561872083, 0.103524375227, 1.67890191461, 0.000227585946889
0.0321482042823, 0.000196101860414, 0.558526493433, 0.682175511007, 0.556407905191, 0.995868018824, 0.0744173849969, 0.542399413837, 0.0894431584651, 0.667630948028, 0.349857162367, 0.400291753988, 0.298709398835, 0.512949687669, 0.520131100082, 0.953821395561, 1.30708632128, 0.000523551381644, 0.0859020847063
0.323450079321, 0.44542823718, 0.304119498329, 0.567919482841, 0.671785972424, 0.875278154872, 0.818314424996, 0.25143312879, 0.375633605122, 0.801339417413, 0.385146880875, 0.458835157301, 0.34377968175, 0.466347082848, 0.551570581217, 0.683880342884, 0.454849603758, 0.832770747229, 0.720086090709
0.00230713964676, 0.000135965414007, 0.0342602721515, 0.567919482841, 0.556407905191, 0.875278154872, 0.375059752323, 0.25143312879, 0.99888687295, 0.149205461015, 0.0338506579274, 0.458835157301, 0.0258638496344, 0.0626463884652, 1.39695050021, 1.73204848048, 0.119866267828, 0.000475931315405, 0.00807591276367
0.435604624658, 0.0371071450837, 0.00127127378846, 0.33474293438, 0.525522335034, 0.933429801222, 0.576816372944, 0.0254426152536, 0.32387462304, 0.261705353031, 0.220906596447, 0.676354769691, 0.605784640757, 0.41363504892, 1.09399065326, 0.634849684046, 0.00252580102462, 0.0738091318044, 1.033507388
0.0523166460049, 0.0503369481914, 0.0440576779213, 0.229568041187, 0.492980903086, 0.346801425332, 0.576816372944, 0.0254426152536, 0.243675608231, 0.453688713005, 0.458596549559, 0.413374014373, 0.624702070349, 0.625195159981, 1.26394911777, 0.476626755202, 0.0936345535928, 0.10728883474, 0.111876624796
0.0010282747302, 0.317825490434, 0.574169427892, 0.584544652099, 0.785542159833, 0.346801425332, 0.684743190418, 0.625681973594, 0.566999046648, 0.453688713005, 0.658087377541, 0.50338938432, 0.530733408472, 0.039868794724, 0.462593966818, 0.605245213605, 0.963729669786, 0.669892217992, 0.00226005296019
0.351736053757, 0.0360493842965, 0.888247826873, 0.708512203934, 0.448033524616, 0.549875782033, 0.553311375089, 0.412542249896, 0.315825341797, 0.440978547382, 0.288637283124, 0.436743297947, 0.55587810546, 0.414539632449, 0.0729658065946, 0.148064879999, 0.930662150006, 0.0535796905475, 0.583698545907
8.46102186252e-05, 0.566703600435, 0.198780360404, 5.3463803602e-05, 0.556407905191, 0.183028729813, 0.825427601519, 0.347214782293, 0.957209247715, 0.392337991244, 0.983523161188, 0.225307149724, 0.298709398835, 0.41363504892, 1.08436853415, 9.10660789924e-05, 0.350037361784, 1.40728944816, 0.000240659567431
0.999999782342, 0.415420363894, 0.00127127378846, 0.000348480403053, 0.556407905191, 0.40522259327, 0.576601491804, 0.53819887335, 0.813737685082, 0.49032492642, 0.110253987167, 0.620485294833, 0.855319083122, 0.310631698684, 3.92955602115e-07, 2.15100671119e-10, 7.84698995444e-10, 3.00305682142e-07, 1.44654715832
0.109677868231, 0.971514919574, 0.764667857536, 0.592578460504, 0.97235375036, 0.678373834908, 0.407686624297, 0.473123043248, 0.410462097002, 0.336533866584, 0.339820682127, 0.46064294596, 0.0594809318359, 0.41363504892, 0.0145245795977, 0.0195089920918, 0.0627714271821, 1.50351878203, 0.26188425292
0.0599542220058, 0.244891371244, 0.778447869876, 0.567919482841, 0.448033524616, 0.754460245155, 0.3543335953, 0.352509257234, 0.171168698018, 0.440978547382, 0.349857162367, 0.124220694247, 0.55587810546, 0.414539632449, 0.275850686363, 0.342021254213, 1.21120612201, 0.52161834736, 0.131295494802
0.179511521166, 0.0427396009322, 0.0248312246259, 0.655349688329, 0.457427240515, 0.755196514628, 0.781241149101, 0.314735534945, 0.960405011534, 0.453688713005, 0.473722527487, 0.0237193023923, 0.691343261939, 0.341552888299, 0.830874289745, 1.38179468424, 0.062921732729, 0.108491642937, 0.468503885509
0.0321482042823, 0.000196101860414, 0.979201120282, 5.3463803602e-05, 0.556407905191, 0.995868018824, 0.162439209073, 0.542399413837, 0.0894431584651, 0.392337991244, 0.349857162367, 0.400291753988, 0.298709398835, 0.512949687669, 0.0527888274386, 4.43324513579e-06, 1.61520495704, 0.000497807073737, 0.0816780681225
0.002685031611, 0.62611916427, 0.304119498329, 0.998415332218, 0.671785972424, 0.682703349134, 0.906427763829, 0.357978979661, 0.618815113175, 0.521093909547, 0.766014236202, 0.40014334174, 0.523741761409, 0.0730364802353, 0.00186962551581, 0.75109630247, 0.388846290347, 1.27063513951, 0.00643779530227
0.0596931201657, 2.37372031389e-05, 0.294024177484, 0.972037621358, 0.556407905191, 0.82887367031, 0.45110036499, 0.554891339611, 0.706759337117, 0.305923726121, 0.622851110188, 0.458835157301, 0.00490411540058, 0.0626463884652, 0.0645878567578, 1.46952666594, 0.732174257779, 6.12649313462e-05, 0.154519066834
0.161765476035, 0.661797499225, 0.127439894564, 0.731053432746, 0.448033524616, 0.549875782033, 0.553311375089, 0.0602086026665, 0.566999046648, 0.440978547382, 0.288637283124, 0.50338938432, 0.55587810546, 0.414539632449, 0.249148122568, 0.554245407702, 0.123296015151, 1.05523967918, 0.317871389269
0.231972177938, 0.136761990348, 0.329618522149, 0.584544652099, 0.0549500873473, 0.864953127682, 0.563222239522, 0.470544480129, 0.224168212274, 0.543956302219, 0.191029509039, 0.330660024503, 0.34377968175, 0.21118279071, 0.792895004108, 1.03740199949, 0.743728704095, 0.327870797185, 0.586622086207
0.217490352895, 0.000196101860414, 0.574169427892, 0.584544652099, 0.359691267386, 0.361995781489, 0.3543335953, 0.625681973594, 0.566999046648, 0.453688713005, 0.658087377541, 0.50338938432, 0.530733408472, 0.590963669225, 0.396175818769, 0.518345536811, 0.825359642336, 0.000324076208749, 0.374090939564
0.0324732653642, 0.0541019440114, 0.271138744619, 0.463957154255, 0.556407905191, 0.871007139994, 0.381862171572, 0.459114315889, 0.957209247715, 0.847407552183, 0.458596549559, 0.276699072453, 0.530733408472, 0.41363504892, 1.04522885791, 0.933103809275, 0.63565745918, 0.131069536782, 0.0788341937137
0.231972177938, 0.136761990348, 0.329618522149, 0.76446051836, 0.0549500873473, 0.830917105939, 0.651424443348, 0.426092810582, 0.963840294656, 0.52766609722, 0.191029509039, 0.330660024503, 0.34377968175, 0.530007231829, 0.487987160042, 1.25820023144, 0.768680181954, 0.338870589034, 0.606302768041
0.0010282747302, 0.317825490434, 0.35551800088, 0.532460168766, 0.120965000098, 0.346801425332, 0.410561901316, 0.347214782293, 0.992059089444, 0.495193072677, 0.994881513098, 0.225307149724, 0.298709398835, 0.41363504892, 0.902622498803, 0.999703013944, 0.841524636416, 0.866055086746, 0.00292185863624
5.80899015376e-05, 0.229018200497, 0.198780360404, 0.682175511007, 0.120965000098, 0.346801425332, 0.410561901316, 0.347214782293, 0.957209247715, 0.495193072677, 0.764437105289, 0.225307149724, 0.0975811926738, 0.41363504892, 0.734473231549, 1.34688405021, 0.495220921675, 0.606313540577, 0.000157157792417
0.00640178681182, 0.999992677538, 0.283449164321, 0.78622788584, 0.368179818963, 0.999625603465, 0.127425386917, 0.911662695061, 0.286324696502, 0.371767088608, 0.204321031762, 0.764714797593, 0.38635254686, 0.618099120183, 6.23119624704e-06, 1.78539267199e-05, 9.02386142298e-06, 1.82165214977, 0.0183189751827
0.323450079321, 0.39476532932, 0.304119498329, 0.567919482841, 0.671785972424, 0.782492120344, 0.818314424996, 0.25143312879, 0.375633605122, 0.801339417413, 0.385146880875, 0.458835157301, 0.34377968175, 0.466347082848, 0.562540464204, 0.697481661725, 0.463895856585, 0.72049830006, 0.690394341602
0.0810935099024, 0.24276140395, 0.422200973755, 0.859345302046, 0.393143043766, 0.361995781489, 0.3543335953, 0.625681973594, 0.566999046648, 0.261705353031, 0.200592706388, 0.579827785171, 0.595831223329, 0.581767203873, 0.19725073008, 0.878205750409, 0.703175173867, 0.45796776261, 0.157607177367
0.0264638827628, 0.0741738804434, 0.349678638607, 0.586928283549, 0.451596517418, 0.323264017108, 0.375059752323, 0.774082574204, 0.782718492373, 0.843583572694, 0.100464293281, 0.332618065077, 0.0246057384846, 0.513243018757, 0.887931993526, 1.17080597069, 0.899444813153, 0.201646035823, 0.072148208144
0.217490352895, 0.317825490434, 0.768843786988, 0.584544652099, 0.359691267386, 0.346801425332, 0.684743190418, 0.625681973594, 0.566999046648, 0.453688713005, 0.200592706388, 0.765435923495, 0.530733408472, 0.21118279071, 0.239817116062, 0.313770113855, 1.03941949348, 0.606344302943, 0.450334470729
0.183982214103, 0.00514336999346, 0.00961153517495, 0.102058581411, 0.281131282429, 0.361995781489, 0.893887303548, 0.347214782293, 0.706759337117, 0.495572773897, 0.48441154655, 0.974165627539, 0.38635254686, 0.790523937683, 1.52379280636, 0.246398637313, 0.0233064636722, 0.012472609864, 0.459010084216
0.507251333722, 2.37372031389e-05, 0.0251474551261, 0.782322178876, 0.556407905191, 0.82887367031, 0.45110036499, 0.592224363291, 0.332226250175, 0.231343557374, 0.622851110188, 0.400291753988, 0.00490411540058, 0.0626463884652, 0.39438559834, 1.10811396745, 0.0464860507793, 4.38905584124e-05, 1.20424842528
8.46102186252e-05, 0.566703600435, 0.198780360404, 0.682175511007, 0.556407905191, 0.346801425332, 0.825427601519, 0.347214782293, 0.957209247715, 0.495193072677, 0.983523161188, 0.225307149724, 0.298709398835, 0.41363504892, 0.493755326449, 0.905453249123, 0.332916105506, 1.33845518665, 0.000228888269337
0.00201450978417, 0.0506445522347, 0.0191523468784, 0.043845427088, 0.457427240515, 0.462331265849, 0.818314424996, 0.560607682248, 0.662572114098, 0.261705353031, 0.516381053573, 0.0276319986383, 0.678094178677, 0.584801940747, 1.44505687205, 0.0996819574863, 0.0435901831996, 0.115526722708, 0.00460022126982
0.183982214103, 0.330733530795, 0.0779987713432, 0.584309099947, 0.556407905191, 0.583888017156, 0.381862171572, 0.316416655854, 0.326288668309, 0.502145552974, 0.328362135492, 0.85828762858, 0.55587810546, 0.132026544897, 0.694595736035, 0.90809332792, 0.140780414451, 0.658802869381, 0.394547891298
0.323450079321, 4.65556466335e-05, 0.979630393947, 0.567919482841, 0.556407905191, 0.875278154872, 0.630216798272, 0.25143312879, 0.375633605122, 0.149205461015, 0.0338506579274, 0.458835157301, 0.34377968175, 0.466347082848, 0.0281767088022, 0.0349356871689, 1.40224935954, 0.000102598223123, 0.781218694436
0.109677868231, 0.539277977314, 0.778447869876, 0.708512203934, 0.448033524616, 0.549875782033, 0.553311375089, 0.316416655854, 0.882221494202, 0.677820033229, 0.288637283124, 0.436743297947, 0.523741761409, 0.414539632449, 0.125483326587, 0.2546353499, 0.7825029232, 0.942020825419, 0.218743579702
0.52098547183, 0.0371071450837, 0.0601798648752, 0.722382254897, 0.332267226877, 0.361995781489, 0.3543335953, 0.993648776901, 0.566999046648, 0.261705353031, 0.152979638867, 0.201381831312, 0.574522599963, 0.590963669225, 0.45810516198, 0.983054796662, 0.102829690536, 0.0635717382986, 1.16569640636
0.0324732653642, 0.0690382591743, 0.271138744619, 0.463957154255, 0.556407905191, 0.471217216273, 0.381862171572, 0.459114315889, 0.957209247715, 0.847407552183, 0.458596549559, 0.276699072453, 0.530733408472, 0.41363504892, 0.950572127104, 0.848601209271, 0.578091829848, 0.152339421674, 0.0718582936682
0.446610336823, 0.221178142469, 0.992493740899, 0.998706099895, 0.556407905191, 0.323264017108, 0.375059752323, 0.696491797827, 0.450133662074, 0.142167795803, 0.0338506579274, 0.40014334174, 0.397689964698, 0.0190394308182, 2.90561481364e-05, 0.0142960749973, 1.21242298244, 0.439065905617, 1.08956310117
0.160433085386, 0.571230624992, 0.0466881573215, 0.708512203934, 0.451596517418, 0.805687995896, 0.391782808543, 0.60533671056, 0.566999046648, 0.819897417348, 0.446933226865, 0.436743297947, 0.499169103663, 0.43087395896, 0.329400139825, 0.668430795892, 0.0547484293345, 0.936356492297, 0.308448052641
0.231972177938, 0.798164586541, 0.271138744619, 0.76446051836, 0.556407905191, 0.583888017156, 0.651424443348, 0.426092810582, 0.331457330898, 0.495193072677, 0.330726904673, 0.50338938432, 0.453898554902, 0.41363504892, 0.106020265284, 0.273357033219, 0.133015313393, 0.981252101107, 0.393893189221
0.002685031611, 0.11864594279, 0.575382022663, 0.708512203934, 0.507893365926, 0.815037550247, 0.943027492024, 0.426092810582, 0.512717484488, 0.495193072677, 0.330726904673, 0.985383668153, 0.55587810546, 0.41363504892, 0.423513828919, 0.859409731539, 1.21684090441, 0.292028738558, 0.00664724480504
0.002685031611, 0.625818344265, 0.575382022663, 0.76446051836, 0.556407905191, 0.815037550247, 0.651424443348, 0.426092810582, 0.294713181764, 0.495193072677, 0.330726904673, 0.50338938432, 0.55587810546, 0.41363504892, 0.150362782439, 0.387687429417, 0.528123152244, 1.00879171037, 0.00511274904707
0.000224428811836, 0.531948120415, 0.0342602721515, 0.000276863509451, 0.556407905191, 0.323264017108, 0.375059752323, 0.662933749892, 0.566999046648, 0.909538094752, 0.100464293281, 0.668698535573, 0.484015450001, 0.513243018757, 0.962670160735, 0.00041866160543, 0.0518570469268, 1.06602987582, 0.000506695616697
0.446610336823, 0.539277977314, 0.568389426641, 0.50427489061, 0.412929742477, 0.583888017156, 0.60729297681, 0.844806329092, 0.410462097002, 0.588757457657, 0.328426813007, 0.676354769691, 0.523741761409, 0.41363504892, 0.273943082434, 0.277647056216, 0.484335694607, 0.703754648231, 0.793492595673
0.473617750373, 0.375785923104, 0.0695154298247, 0.102058581411, 0.457427240515, 0.700334982733, 0.361689464273, 0.459114315889, 0.308291523065, 0.370514961919, 0.516381053573, 0.777366644424, 0.230386415927, 0.743362191201, 0.79503595051, 0.128558012614, 0.0882924563183, 0.54279837666, 0.897556179228
0.351736053757, 0.0360493842965, 0.888247826873, 0.76446051836, 0.448033524616, 0.549875782033, 0.553311375089, 0.412542249896, 0.315825341797, 0.440978547382, 0.288637283124, 0.120389369518, 0.55587810546, 0.414539632449, 0.0672075231822, 0.173284315955, 1.04789846245, 0.0603291703038, 0.657227554364
0.002685031611, 0.0072505343397, 0.48055319194, 0.76446051836, 0.636789084184, 0.0375871125477, 0.651424443348, 0.316416655854, 0.294713181764, 0.495193072677, 0.370032127858, 0.50338938432, 0.55587810546, 0.144427140414, 0.38919318403, 1.00347507951, 1.01247959907, 0.0168302315592, 0.00623277493137
0.0321482042823, 0.0835808180934, 0.294350246674, 9.62741927526e-05, 0.556407905191, 0.682703349134, 0.446426849677, 0.13072992341, 0.933283853111, 0.611114567282, 0.349857162367, 0.579827785171, 0.222628528962, 0.505957163585, 1.3130866682, 0.00019857435387, 0.654438298687, 0.19373229398, 0.0747945325168
0.0599542220058, 0.244891371244, 0.778447869876, 0.708512203934, 0.448033524616, 0.754460245155, 0.3543335953, 0.352509257234, 0.171168698018, 0.440978547382, 0.349857162367, 0.124220694247, 0.55587810546, 0.414539632449, 0.194230805873, 0.394140246042, 1.21120612201, 0.52161834736, 0.131295494802
0.0233563777568, 0.409930743806, 0.000136161571864, 0.584544652099, 0.518844555676, 0.471217216273, 0.375059752323, 0.442647694049, 0.566999046648, 0.453688713005, 0.349857162367, 0.496527584063, 0.764095022816, 0.683140744317, 0.559361811608, 0.731853598261, 0.000197014942843, 0.691453348414, 0.0422756981622
0.217490352895, 0.971514919574, 0.999996372022, 0.137779130111, 0.97235375036, 0.678373834908, 0.684743190418, 0.719974886635, 0.355333658953, 0.336533866584, 0.582765004714, 0.46064294596, 0.0594809318359, 0.41363504892, 3.74143797726e-07, 8.22616821928e-08, 0.0672210618583, 1.50133662666, 0.534373100732
0.00230713964676, 7.81556789038e-05, 0.979630393947, 0.567919482841, 0.556407905191, 0.875278154872, 0.818314424996, 0.25143312879, 0.375633605122, 0.149205461015, 0.0338506579274, 0.458835157301, 0.34377968175, 0.43087395896, 0.0340179035445, 0.0421780572287, 1.69294376405, 0.000207943475956, 0.00613847574391
0.158085561388, 0.208910357517, 0.0248312246259, 9.62741927526e-05, 0.457427240515, 0.323264017108, 0.446426849677, 0.314735534945, 0.960405011534, 0.611114567282, 0.473722527487, 0.227575745661, 0.691343261939, 0.341552888299, 1.31225769134, 0.000198448990063, 0.0512103173545, 0.447118418991, 0.351750624316
0.473617750373, 0.375785923104, 0.0695154298247, 0.102058581411, 0.457427240515, 0.700334982733, 0.361689464273, 0.459114315889, 0.308291523065, 0.370514961919, 0.516381053573, 0.777366644424, 0.230386415927, 0.743362191201, 0.79503595051, 0.128558012614, 0.0882924563183, 0.54279837666, 0.897556179228
0.002685031611, 0.136761990348, 0.00961153517495, 0.000154217942851, 0.0549500873473, 0.394707029516, 0.3543335953, 0.459114315889, 0.547006264793, 0.52766609722, 0.349857162367, 0.988772274495, 0.432059681819, 0.650687903879, 1.4885761212, 0.000360600097017, 0.0224758796151, 0.324832606952, 0.00642675548213
0.351736053757, 0.539277977314, 0.568389426641, 0.50427489061, 0.412929742477, 0.583888017156, 0.60729297681, 0.844806329092, 0.410462097002, 0.588757457657, 0.328426813007, 0.676354769691, 0.523741761409, 0.41363504892, 0.305272922872, 0.30940050621, 0.539727347119, 0.784240421554, 0.645256531075
0.539946370249, 0.24276140395, 0.422200973755, 0.859345302046, 0.370429152405, 0.361995781489, 0.3543335953, 0.993648776901, 0.566999046648, 0.261705353031, 0.152979638867, 0.579827785171, 0.369846046307, 0.590963669225, 0.160504534003, 0.714603209178, 0.572179396031, 0.372652117922, 1.13560244461
1.76594147105e-06, 0.134695776807, 0.304119498329, 0.998415332218, 0.671785972424, 0.166892384476, 0.375059752323, 0.696491797827, 0.618815113175, 0.142167795803, 0.332319462458, 0.50338938432, 0.161576271383, 0.4699682894, 0.00319951032435, 1.28535920911, 0.665436853546, 0.310893258223, 4.10656542617e-06
0.300780776476, 0.552324012318, 0.198780360404, 0.102058581411, 0.457427240515, 0.299810641696, 0.361689464273, 0.459114315889, 0.308291523065, 0.370514961919, 0.516381053573, 0.248191321488, 0.322949012444, 0.743362191201, 0.68725995176, 0.111130538802, 0.224731193185, 0.862905855841, 0.578162984989
0.000642926077237, 0.845267931653, 0.198780360404, 0.0988049899472, 0.556407905191, 0.346801425332, 0.929009026868, 0.625681973594, 0.332226250175, 0.588757457657, 0.487058446965, 0.47082235926, 0.479411238895, 0.341186826748, 0.291712749929, 0.0456416113613, 0.0953113549391, 1.25129400839, 0.00130195697453
5.80899015376e-05, 0.566703600435, 0.198780360404, 0.682175511007, 0.120965000098, 0.346801425332, 0.410561901316, 0.347214782293, 0.957209247715, 0.495193072677, 0.994881513098, 0.225307149724, 0.298709398835, 0.41363504892, 0.509149741662, 0.933683675261, 0.343295839121, 1.3801858451, 0.000162044797054
0.446610336823, 0.00852111441891, 0.246491888738, 0.998470154563, 0.412929742477, 0.583888017156, 0.575622979073, 0.252616153336, 0.410462097002, 0.715544531098, 0.458596549559, 0.584026500929, 0.691343261939, 0.524656896468, 0.00200889437963, 0.835966425247, 0.34088486458, 0.01208463047, 0.762855888397
0.999999709603, 0.198891716925, 0.0251474551261, 0.782322178876, 0.556407905191, 0.82887367031, 0.45110036499, 0.592224363291, 0.332226250175, 0.231343557374, 0.622851110188, 0.400291753988, 0.00490411540058, 0.0626463884652, 2.44907740581e-07, 6.88122713444e-07, 2.88671637929e-08, 2.36102416513e-07, 1.68399281164
0.34597437774, 0.539277977314, 0.568389426641, 0.50427489061, 0.538889881737, 0.583888017156, 0.60729297681, 0.844806329092, 0.410462097002, 0.588757457657, 0.328426813007, 0.355833572915, 0.523741761409, 0.334637514341, 0.307837697693, 0.311999959253, 0.544261909495, 0.790829280037, 0.637568386958
