0.526535981039, 0.826153556462, 2.02190693828, 0.299656038532, 40.0570791301, 40.0297393744, 2.12360070144, 1.441638128, 20.1091495137, 186.410530225, 0.462703906051, 0.390977443609
0.526337138126, 0.824331160677, 2.02998788722, 0.466664038151, 7.13773604474, 40.1108456305, 2.57785142394, 1.21792512039, 20.0216122823, 214.965001496, 0.413588043072, 0.0
0.526330981975, 0.823505396555, 2.02362969375, 0.302532879856, 7.283173001, 42.1225050392, 2.15545933293, 1.4808970306, 24.6337982691, 264.038242575, 0.358509853519, 0.648221343874
0.526337072242, 0.824331160677, 2.02989731258, 0.4667950196, 45.0692794148, 40.1065744782, 2.65772795417, 1.21962392936, 20.0231209225, 193.514927448, 0.456253638084, 0.0
0.523670519928, 0.823537022599, 2.05862096941, 0.259790640947, 30.6077094753, 40.0241262301, 2.10791480407, 1.58719457512, 20.4016383157, 237.751896642, 0.37161130225, 0.570446735395
0.506247633547, 0.822174225151, 2.02263566685, 0.494786443068, 10.7363015238, 40.4084291527, 2.15892348361, 1.93118151634, 20.1788321077, 196.546783539, 0.42882694881, 0.167832167832
0.526479209023, 0.823533063932, 2.0043945733, 0.319675886128, 45.0333750044, 42.427098156, 2.1222524117, 1.45951680732, 26.3007601406, 189.272668686, 0.415595835655, 0.628571428571
0.523670519928, 0.822004850741, 2.00174298928, 0.260425608384, 30.6077094753, 40.0241262301, 2.12418599742, 1.58728775514, 20.3073213114, 214.711376202, 0.377561026272, 0.216216216216
0.523984025595, 0.828832092941, 2.000057921, 0.356807760519, 7.59626546236, 40.1664681131, 2.64651905935, 1.9996743712, 20.1967454763, 187.490268581, 0.485152488447, 0.165803108808
0.523700692948, 0.822975342826, 2.001114877, 0.467956615695, 12.8352936444, 40.1078025481, 2.11612913877, 1.93934416876, 20.0691345217, 202.559961551, 0.427576258742, 0.237288135593
0.519841537969, 0.828832092941, 2.02366462443, 0.356807760519, 7.59626546236, 40.1430529142, 2.64930410053, 1.99650042185, 20.1967454763, 194.198914085, 0.40944200818, 0.33203125
0.523670519928, 0.822003690222, 2.05862096941, 0.260304531858, 30.6077094753, 40.0241262301, 2.02007553204, 1.58424607523, 20.3073213114, 185.385012131, 0.482163897008, 0.2
0.523670519928, 0.823600086397, 2.05862096941, 0.261183171909, 30.6077094753, 40.0241262301, 2.10821860523, 1.5866757831, 20.3073213114, 163.98553428, 0.468540424702, 0.519427402863
0.511632116767, 0.822975342826, 2.02952570425, 0.441370288389, 12.8352936444, 40.1078025481, 2.11612913877, 1.93934416876, 20.0691345217, 228.023711021, 0.403288201773, 0.192307692308
0.526662430945, 0.82352365715, 2.01888881549, 0.452473664139, 45.0554349045, 42.4143939095, 2.11002411185, 1.68380894813, 20.5936384753, 190.882481282, 0.4713646834, 0.0
0.523649082466, 0.821986356756, 2.02362969375, 0.470886889136, 45.9148383217, 40.1431342433, 2.12146561889, 1.93836868704, 24.6220518588, 242.113450521, 0.381427277903, 0.010989010989
0.506363624396, 0.824251963358, 2.02190693828, 0.495962279066, 11.9525551723, 42.074099694, 2.18377229251, 1.70255857278, 20.1958861618, 193.217809781, 0.461046930049, 0.0
0.523670519928, 0.824193231163, 2.00178823698, 0.304288562868, 29.9884119621, 42.0833160683, 2.15527351316, 1.71151379422, 20.1458001793, 181.543256375, 0.441244415371, 0.598557692308
0.506148369049, 0.9385601814, 2.00482917083, 0.35631444422, 7.63523528385, 40.0686898363, 2.12284022293, 2.13122706559, 20.4069808532, 176.908730769, 0.517022731606, 0.332075471698
0.503982760496, 0.824028793121, 2.02190693828, 0.294559006598, 45.3062332944, 42.0646821415, 2.1647662448, 1.94405650522, 20.5912477319, 173.993895428, 0.518333038026, 0.0755813953488
0.506148369049, 0.823874099006, 2.00482917083, 0.35486401761, 7.63523528385, 40.0899740952, 2.12284022293, 1.6709497082, 20.4019283611, 183.329066959, 0.545594424583, 0.0679611650485
0.501736575445, 0.82077963113, 2.0020692402, 0.302624608576, 37.85975859, 40.4137127854, 2.80031007796, 1.51683462852, 20.1538500245, 190.061606351, 0.418485155818, 0.541436464088
0.506295831167, 0.826153556462, 2.02190693828, 0.299656038532, 10.4504822979, 40.0295435391, 2.1656499198, 1.58564224456, 43.1109081636, 233.13325646, 0.370869568849, 0.611386138614
0.524953260781, 0.826153556462, 2.03086526016, 0.299656038532, 40.0570791301, 43.9372590719, 2.17638686287, 1.441638128, 20.1091495137, 174.199347449, 0.628907576273, 0.0672268907563
0.503755763485, 0.82360424221, 2.02607966852, 0.289383774561, 30.6077094753, 40.3791292242, 2.24922010884, 1.22046415195, 20.3073213114, 254.927257208, 0.376128714367, 0.546610169492
0.523670519928, 0.834631465557, 2.00189337646, 0.288965605779, 30.6077094753, 40.4006919025, 2.12117647811, 1.59130257519, 20.4755172891, 187.773173602, 0.469022675646, 0.227722772277
0.517087341744, 0.900680232257, 2.02369460124, 0.286406516163, 40.2872006243, 40.0183733597, 2.12017080446, 1.95438860301, 20.622764017, 269.849440255, 0.311886558951, 0.208333333333
0.524495530747, 0.936049654463, 2.04656236052, 0.406279877419, 43.1733987718, 40.017252563, 2.65376564157, 1.57911000852, 28.9301786542, 258.055396255, 0.360129611806, 0.512635379061
0.503938585236, 0.824028793121, 2.02190693828, 0.46661907892, 42.6926389063, 42.0310509126, 2.11556769599, 1.21667027537, 20.0544505658, 172.820283747, 0.455383196891, 0.427027027027
0.526806118845, 0.896666395745, 2.05105837742, 0.497107273211, 29.8908528915, 40.0179218506, 2.05715263821, 1.67731732827, 20.3030173042, 235.666094219, 0.403813282782, 0.0
0.523670519928, 0.823537022599, 2.05862096941, 0.2613328462, 30.6077094753, 40.0241262301, 2.10813468713, 1.5866757831, 20.1466032748, 194.929749247, 0.3833680392, 0.628151260504
0.524954341606, 0.825923867154, 3.20959108492, 0.497280272911, 11.4656285192, 43.9079646897, 2.17586886511, 1.69512226362, 37.8035531178, 393.752588192, 0.379779804225, 0.185897435897
0.524409925388, 0.824966982386, 2.02756122638, 0.282193864693, 7.59626546236, 40.1000842749, 2.65374924385, 1.6704721549, 20.215383008, 186.362270552, 0.455077758914, 0.493638676845
0.526350149755, 0.839967704723, 2.00072703785, 0.35486401761, 7.70062646422, 40.0899740952, 2.12284022293, 1.67290429252, 20.4049942742, 189.866907386, 0.460195118924, 0.0692307692308
0.522970908096, 0.822534666904, 2.05072967543, 0.29420044551, 5.24257095446, 40.0092277314, 2.12287010729, 1.67915176003, 23.6012729196, 260.424831367, 0.3772941039, 0.37106918239
0.500488149719, 0.820030696276, 2.001114877, 0.467956615695, 30.0304592001, 40.1078025481, 2.11612913877, 1.70261708604, 20.4489117187, 193.290153811, 0.434307021831, 0.3875
0.523670519928, 0.824735366509, 2.00189337646, 0.292048216231, 27.8136544449, 40.1476492489, 2.12117647811, 1.58785771145, 20.1458119193, 181.487703137, 0.453466465198, 0.575418994413
0.505908564749, 0.826305011394, 2.02202306622, 0.442064112091, 40.4895043108, 40.1661498667, 2.1224053647, 1.67178430387, 24.2342466967, 185.971655695, 0.488893330257, 0.0
0.501736575445, 0.820760983328, 2.0020692402, 0.301837442354, 37.7936482627, 40.4137127854, 2.78106934312, 1.51616450427, 20.1538500245, 187.582197369, 0.436659340003, 0.408602150538
0.525443154188, 0.821956272121, 2.06013186734, 0.473545251307, 45.9148383217, 40.4848368089, 2.19201792557, 1.93493332228, 24.6220518588, 238.56016733, 0.391008609162, 0.155279503106
0.517087341744, 0.821231385212, 2.02369460124, 0.31975922897, 36.3259446257, 40.4887887205, 2.12017080446, 1.95438860301, 20.622764017, 204.280525988, 0.401444396687, 0.255681818182
0.506532851361, 0.824601079267, 2.02716126631, 0.445255102235, 10.7343724251, 40.1477700837, 2.58420388659, 1.59668035491, 20.0504769247, 213.351370525, 0.417367159977, 0.0610687022901
0.527031818683, 0.823599620427, 2.05862096941, 0.261183171909, 30.6077094753, 40.0250615438, 2.10821860523, 1.5866757831, 20.1334728517, 202.196248976, 0.372623062924, 0.592024539877
0.526324977698, 0.856186150233, 2.00175399384, 0.303817628545, 5.24257095446, 40.1193048472, 2.12728868593, 1.57847091273, 20.1432254194, 197.627531857, 0.440220723547, 0.0
0.506019371079, 0.822288002376, 2.00174463078, 0.282206177039, 7.59626546236, 40.3827122057, 2.12099906186, 1.67547072529, 20.215383008, 244.694029567, 0.426077131834, 0.122641509434
0.526593906108, 0.823525713347, 2.00349279855, 0.285535902493, 7.76682164582, 42.0646697256, 2.15467124937, 2.39409377069, 25.9547453869, 238.991954189, 0.426612515514, 0.088
0.526357948162, 0.825553833185, 2.01377839845, 0.283596261969, 7.59626546236, 40.0984263052, 2.10683144369, 1.20671017161, 20.1303196079, 196.659230653, 0.469464830828, 0.115942028986
0.503559870565, 0.824056508089, 2.001114877, 0.467956615695, 8.78169403082, 40.1078025481, 2.11612913877, 1.70368835231, 20.0691345217, 218.472208232, 0.433536056224, 0.131944444444
0.500708102692, 0.826376432777, 2.02972637927, 0.460619069164, 43.0415464115, 40.0181563184, 2.55890765066, 1.44025150992, 20.4480030117, 246.217949225, 0.391102832849, 0.0636363636364
0.526358250446, 1.1720797659, 2.02972637927, 0.466970114296, 43.8777582243, 40.1066001533, 2.65771422468, 1.46225258136, 24.6670442867, 295.261705951, 0.405231617146, 0.0
0.54793895966, 0.823533064109, 2.33670626867, 0.466539713237, 43.8777582243, 40.1672174266, 2.33171602679, 1.46239427738, 24.6686496856, 270.275585294, 0.426886904027, 0.0252100840336
0.527141600073, 0.946069069076, 2.05001673125, 0.35555130097, 7.67288721726, 40.0043686544, 2.23369421938, 1.45990733874, 38.0204278325, 295.235018642, 0.364469615028, 0.356687898089
0.505390536095, 0.896502885221, 2.05072415611, 0.494391731024, 29.8908528915, 40.0179218506, 2.05763429826, 1.67731732827, 36.0581460248, 288.508908581, 0.388904049295, 0.165354330709
0.512539125116, 0.825960810302, 6.17461571289, 0.310727462954, 8.72759703396, 40.1419939829, 2.00417204638, 1.9719870531, 37.7808605714, 651.699896536, 0.361267681849, 0.505660377358
0.506075473694, 0.956159599239, 2.01698523112, 0.311763289475, 43.5404791435, 40.0761640384, 2.64066329609, 1.33320727929, 27.398263535, 339.736954544, 0.365145758981, 0.356164383562
0.505235552104, 0.896502885221, 2.05105837742, 0.494391731024, 29.8908528915, 40.0179218506, 2.05763429826, 1.67731732827, 36.0581460248, 273.03954794, 0.405699468373, 0.0
0.500708102692, 0.826376432777, 2.02972637927, 0.460623810448, 29.4731735682, 40.0116577381, 2.55890765066, 1.59788429977, 20.4478564625, 211.761524985, 0.449286128368, 0.0555555555556
0.512419928681, 0.936049654463, 2.04842604398, 0.464439900002, 12.8042522599, 40.017252563, 2.64467637079, 1.57911000852, 20.1576543866, 222.119438545, 0.425745470084, 0.248484848485
0.524993387792, 0.821442083084, 2.0132865675, 0.289237805408, 11.6650140414, 42.9758991871, 2.12117647811, 1.59506615966, 20.0238426642, 193.425291522, 0.503255484163, 0.0808823529412
0.527031399754, 0.823533064109, 2.02975826415, 0.312477529894, 45.0335329188, 40.1067516583, 2.65773025969, 1.45951680732, 27.3835104817, 242.6983772, 0.384143106101, 0.322222222222
0.503980724121, 0.824028793121, 2.02190693828, 0.46661907892, 43.8610766315, 42.0310509126, 2.11556769599, 1.21667027537, 20.0544505658, 237.791306425, 0.411309992007, 0.364583333333
0.523627064623, 0.937323955323, 2.00176379462, 0.327135334495, 41.3989795811, 40.017252563, 2.10583482257, 1.57960290581, 43.9282202875, 382.109626538, 0.36288760493, 0.394366197183
0.511409588063, 0.893456418988, 2.00555903567, 0.331528800472, 37.1027431835, 40.0299630694, 2.12017080446, 2.13229632559, 20.4873411061, 263.006047049, 0.44244462969, 0.0379746835443
0.526593906108, 0.823533401828, 2.00349279855, 0.29756038193, 7.76682164582, 42.0889742972, 2.15481025293, 1.212966012, 24.6670442867, 196.054929953, 0.481465025838, 0.108108108108
0.511409588063, 0.893200270895, 2.25263037932, 0.331528800472, 40.0311115699, 40.0299630694, 2.12017080446, 1.9464900632, 20.4873411061, 244.796383938, 0.414938651166, 0.157232704403
0.512845804918, 0.824439413257, 2.10885653724, 0.466792647298, 46.3277789125, 40.0829922477, 2.11671474248, 1.76181236318, 24.580595371, 186.568950019, 0.527238946948, 0.0481927710843
0.52456870354, 0.82616421905, 2.02975992381, 0.406869978368, 43.1733987718, 40.017252563, 2.65695460617, 1.59704955998, 28.9301786542, 192.850535948, 0.472538173559, 0.167512690355
0.526350149755, 0.839967704723, 2.00074969046, 0.35486401761, 12.3968496578, 42.2935987456, 2.80395887859, 1.67290429252, 20.4049942742, 184.770948845, 0.535646678733, 0.238993710692
0.523627064623, 0.82463162542, 2.00176379462, 0.327884684105, 41.4294208163, 40.017252563, 2.10583482257, 1.57960290581, 39.0981347923, 293.137277466, 0.348305234967, 0.648745519713
0.50665085275, 0.821806576763, 2.01888881549, 0.487709081477, 45.0554349045, 40.1374940188, 2.11002411185, 1.68279446118, 20.5936384753, 212.096220194, 0.447859076492, 0.0
0.50372940253, 0.824028955378, 2.02136405284, 0.497473290829, 40.1238356969, 40.0886817716, 2.11053367028, 1.70252924653, 39.5360863731, 260.268082801, 0.444024827723, 0.0
0.501736575445, 0.82077963113, 2.00069286748, 0.302624608576, 37.5120816461, 40.4137127854, 2.80031007796, 1.94330222082, 20.4533883876, 204.431117601, 0.401610279864, 0.467432950192
0.521553783224, 0.825555263709, 2.01385854057, 0.468041058528, 7.67138877309, 40.1105482856, 2.58675931842, 1.95614079757, 20.5319921317, 188.938594121, 0.479220390193, 0.30487804878
0.505386682142, 0.895914793786, 2.05105837742, 0.495904331921, 29.8908528915, 40.0179218506, 2.05763429826, 1.68304495674, 25.6420253606, 226.174049455, 0.447596705175, 0.0
0.503982760496, 0.822022533129, 2.02190693828, 0.452244537381, 45.3062332944, 42.0646821415, 2.36045171796, 1.94054689517, 20.5534600641, 182.980464087, 0.468782053169, 0.495297805643
0.523670519928, 0.822003690222, 2.03784834752, 0.24876864554, 30.6077094753, 40.0241262301, 2.12183212455, 1.94102727186, 20.0344464854, 207.478056308, 0.443505268975, 0.156462585034
0.506363624396, 0.824251963358, 2.02190693828, 0.495962279066, 11.9525551723, 40.0339615492, 2.18186463554, 1.70255857278, 20.1967154274, 204.128212498, 0.468202524243, 0.0185185185185
0.524993640924, 0.821543862429, 2.0132865675, 0.288965605779, 11.6650140414, 43.9235183055, 2.12117647811, 1.58785771145, 20.0238426642, 199.502754104, 0.487944829454, 0.0384615384615
0.523670519928, 0.823600086397, 2.02592616712, 0.288875531166, 30.6077094753, 40.3791292242, 2.08159882459, 1.58785191256, 20.3073213114, 236.571154498, 0.396985360752, 0.578073089701
0.50366258576, 0.824028793121, 2.02190693828, 0.46661907892, 12.5471183302, 40.1036784423, 2.11556769599, 1.21667027537, 20.054572237, 186.254016268, 0.488307441655, 0.275280898876
0.503659166633, 0.824028793121, 2.02190693828, 0.497240727624, 11.705965931, 42.074099694, 2.17947973347, 1.70255857278, 39.5360863731, 268.124409221, 0.378375842839, 0.5
0.526330981975, 0.821986356756, 2.02362969375, 0.302532879856, 45.9148383217, 40.1414330957, 2.10858491133, 1.20690006854, 24.6337982691, 226.132835526, 0.421270232419, 0.321212121212
0.506075473694, 0.956159599239, 2.05911152504, 0.261315413132, 43.4755072124, 40.0752368674, 2.10620489145, 1.33320727929, 27.398263535, 240.377634992, 0.396023746767, 0.456953642384
0.531985350603, 0.924636763812, 2.02190974644, 0.497645857453, 43.4778651055, 42.074099694, 2.06888352961, 1.33018924208, 20.5953519015, 219.257814319, 0.428590963105, 0.046511627907
0.526324977698, 0.856186150233, 2.00070509009, 0.29420044551, 5.24257095446, 40.1239308616, 2.1271971645, 1.57847091273, 20.1432254194, 194.27518988, 0.463995432495, 0.146153846154
0.517087341744, 0.821231385212, 2.02369460124, 0.31975922897, 36.2854739034, 40.4887887205, 2.12093595087, 1.75505026887, 20.4742217182, 214.235431722, 0.406292720795, 0.448559670782
0.52346750567, 0.825506825833, 2.05862096941, 0.261469106612, 31.5338346465, 40.0258603659, 2.55476426514, 1.58799037757, 20.3073213114, 236.469998936, 0.411053298928, 0.432432432432
0.526336936185, 0.856032785433, 2.00043173133, 0.300759494068, 7.37365817105, 40.1747587911, 2.57073249066, 1.2055716461, 21.3621293996, 210.774532375, 0.461659723974, 0.108695652174
0.506148369049, 0.822239964677, 2.00481174246, 0.302535309616, 12.8433348862, 40.0714615134, 2.12284022293, 1.93120612035, 20.1731507807, 204.559862201, 0.438633673362, 0.356481481481
0.503938585236, 0.824028793121, 2.02190693828, 0.46661907892, 42.6926389063, 42.074099694, 2.11556769599, 1.21667027537, 20.0544505658, 199.201049092, 0.460530233568, 0.202247191011
0.51140542544, 0.822975342826, 2.02952570425, 0.441589624771, 38.1116214196, 40.1723839687, 2.11612913877, 1.93934416876, 20.4945339723, 239.014706762, 0.380564597559, 0.528
0.526296376871, 0.856032785433, 2.00043173133, 0.300759494068, 40.1101753718, 40.1664471811, 2.5707479364, 1.20546289088, 20.1416847222, 238.875965722, 0.404007833231, 0.292207792208
