0.489803363078, 0.422303224833, 0.999339817746, 6.54473184202e-05, 4.21598025863e-05, 3.92421410206e-05, 1.1722119108e-05, 0.948092725667, 0.876187282688, 0.00235846233113, 0.515509737966, 0.442511424447, 0.805418934279, 0.416397805706, 0.82113161079, 0.929294745158, 0.659546121445, 0.201097040034, 0.0, 0.0, 0.0, 0.0, 1.99653908415, 1.15087817691e-37, 3.16785901652e-31
0.999057570342, 0.992528074815, 0.0889265496965, 0.071607957556, 0.999816316397, 0.441729002862, 0.999872963811, 0.833769054776, 0.0404064422989, 0.397580004263, 0.226014044203, 0.170743952126, 0.64167145957, 0.998140665026, 0.0235979719356, 0.743094482462, 0.999131621831, 0.000136558712154, 0.00688562510679, 3.54601146664e-38, 0.240803691475, 1.18601240732e-115, 3.02764384977e-106, 0.220847312962, 2.29686263782
0.944594484901, 0.624551120752, 0.837202005538, 0.998924338516, 0.995424267604, 0.489828107189, 0.997394771518, 0.983603384169, 0.000132906715156, 0.732299159183, 0.379798852421, 0.994009012712, 0.435112096247, 0.288391956592, 0.00904720150886, 0.56567060822, 0.997260780402, 0.0719141722616, 0.190665431911, 3.23329008498e-32, 0.312518934984, 2.30780461811, 7.04607286091e-08, 1.32348898123e-20, 0.0122875609218
7.11550747357e-06, 0.99972630879, 0.725247153702, 0.99831365316, 0.999695644029, 0.999793442062, 2.52776298139e-05, 0.124440149991, 0.630009454856, 0.280724610098, 0.429836601445, 0.721026635804, 0.937481329951, 0.772537654729, 0.670860466417, 0.850814920127, 0.0047828400848, 2.97717456729e-05, 0.0, 0.00092667278702, 0.0196722768181, 0.0791225977539, 1.43244066907e-15, 1.92124675052, 0.0
0.209550547904, 0.73313250119, 0.0104808114839, 0.971393130441, 0.997317537308, 0.988007816733, 0.0883088774762, 0.50978074668, 0.947689983326, 0.920178493136, 0.0649252935875, 0.0161274328273, 0.160020890079, 0.925700965704, 0.116976444697, 0.648918045549, 0.999917434139, 0.808185863137, 5.05903355886e-106, 0.410596966168, 2.33710720027, 0.216676988679, 4.32851777485e-198, 1.30345355613e-13, 5.31775502372e-68
0.85733572574, 0.99972630879, 0.725247153702, 0.99831365316, 0.999695644029, 3.92421410206e-05, 2.52776298139e-05, 0.00144534163713, 0.478258965723, 0.280724610098, 0.429836601445, 0.721026635804, 0.937481329951, 0.589788808943, 0.99314750467, 0.850814920127, 0.878398950663, 0.000993114880472, 0.0, 0.0, 0.0210718995335, 0.0847519301462, 1.53435446977e-15, 2.05793761853, 6.68397753528e-07
6.69232258055e-07, 0.00827919200475, 0.555421010637, 6.54473184202e-05, 0.370964635224, 0.130177790843, 0.154239214618, 0.695196350037, 0.0644364843566, 0.363301250188, 0.156931430208, 0.0581467555799, 0.408758939936, 0.0457476005966, 0.34755956794, 0.874988738895, 0.0269125341834, 2.16177063595, 2.24083565107e-81, 9.65204206835e-89, 2.91192668274e-43, 0.0, 9.84373526729e-26, 2.13660846271e-208, 0.0
0.389370809825, 0.999779752363, 0.999771783652, 0.999594199003, 0.338208917887, 0.999961515905, 0.999999981038, 0.50978074668, 0.748198729978, 0.363301250188, 0.040047204313, 0.43875729514, 0.950548658997, 0.923737038912, 0.34755956794, 0.596808503955, 0.864050518261, 2.50806848013e-12, 8.42053647353e-07, 0.000139559820481, 1.81716210915e-51, 0.00223082441938, 0.0630321730755, 1.842302663, 3.14828657739e-41
0.0605233576963, 0.495414398462, 0.00244055816287, 6.54473184202e-05, 0.00664593373495, 1.98855125974e-05, 0.99999998238, 0.983603384169, 0.0855398226575, 0.841622323194, 0.156931430208, 0.620624127685, 0.953594875721, 0.228837230531, 0.858990164159, 0.480490587175, 0.170251946021, 6.0110895897e-06, 2.17186740032, 0.0, 6.14545234405e-218, 0.0, 1.91368034694e-261, 1.07106453064e-30, 5.31195700494e-122
0.284925244155, 2.55822084267e-05, 0.000301618762703, 5.54543974208e-05, 0.0790594822623, 0.319916176522, 0.997903847664, 0.667091174792, 0.876187282688, 0.0864527110115, 0.250378621978, 0.448546228259, 0.509629920667, 0.528487357664, 0.0385659131986, 0.534498758468, 0.807374076956, 0.502404425968, 1.63966717613, 8.58976834805e-50, 1.68173660765e-110, 0.0, 0.0, 0.0, 8.00671357992e-55
0.0952588819467, 0.495414398462, 0.00466728137915, 0.0680764829753, 0.02335258348, 1.98855125974e-05, 0.167817014567, 0.833769054776, 0.0483969777685, 0.841622323194, 0.0518601188111, 0.0234732505861, 0.91070465058, 0.998140665026, 0.940387802891, 0.88330652556, 0.170251946021, 2.72638150007, 1.30408405262e-77, 0.0, 2.91876969761e-163, 8.53920775829e-117, 3.45227137675e-233, 1.34452523265e-30, 3.32854545727e-102
9.42129739656e-06, 0.976603870791, 0.986707930047, 0.229430838872, 0.6492744636, 0.999550199819, 0.104091222122, 0.734796024766, 0.940147065622, 0.920178493136, 0.0518601188111, 0.365497067342, 0.083429103525, 0.772537654729, 0.670860466417, 0.596808503955, 0.0518303418397, 0.133402876692, 1.15530280617e-99, 1.92738634926, 5.30833907551e-19, 3.52619031725e-64, 0.844488856101, 0.31267366664, 0.0
6.69232258055e-07, 0.999946768877, 0.555421010637, 6.54473184202e-05, 0.370964635224, 0.130177790843, 0.154239214618, 0.695196350037, 0.0644364843566, 0.363301250188, 0.0518601188111, 0.0581467555799, 0.91070465058, 0.0457476005966, 0.670860466417, 0.480490587175, 0.0269125341834, 0.0189386610037, 1.96313272347e-83, 8.45588101188e-91, 2.55105659198e-45, 0.0, 8.62381800072e-28, 2.27089763077, 0.0
0.974162636373, 0.998060527954, 0.986007185826, 0.173190735694, 0.967286505529, 0.19066807265, 0.522021683259, 0.482688974861, 0.732357793072, 0.665081007946, 0.532869191398, 0.848607239809, 0.756235477155, 0.979525172368, 0.350162876399, 0.206258516077, 0.997260780402, 0.467021679662, 4.3083521011e-29, 7.82086114003e-73, 0.0263895149156, 5.23136297574e-77, 0.188907195801, 1.77321227699, 0.212244090341
0.987985305289, 0.992211541989, 0.986786969561, 0.987555683581, 0.992622099494, 0.369846044148, 0.999874530393, 0.890967274323, 0.452662588725, 0.397580004263, 0.44165711199, 0.999568329858, 0.799541053631, 0.379986438334, 0.237459857808, 0.596808503955, 0.0269125341834, 0.0144842772185, 0.739396655539, 7.36509679198e-44, 0.687647620244, 0.486605578925, 0.494412144504, 1.07172839523, 0.8247906308
0.995760436807, 0.992211541989, 0.990323744672, 0.607183420583, 0.187528664445, 0.978499956274, 0.998748321306, 0.536877595173, 0.921893058007, 0.540959230716, 0.532869191398, 0.530310478206, 0.704129318189, 0.589788808943, 0.155997388782, 0.780580800897, 0.587132793906, 0.0839148598785, 0.448618693997, 0.0824527813176, 1.47640338954e-73, 1.56469398647e-22, 0.313274259797, 0.489589467175, 1.23013394695
0.974162636373, 0.995689327377, 0.795833869501, 0.646855418905, 0.994521603417, 0.000222028909003, 0.995757330922, 0.482688974861, 0.732357793072, 0.815514341712, 0.523913589013, 0.2679638931, 0.91070465058, 0.998318908334, 0.076646186737, 0.394353132917, 0.39801208323, 0.302925252956, 0.500766991463, 0.0, 0.748009418353, 1.79662361824e-19, 1.80292161583e-10, 1.54556366785, 0.208846081984
0.944594484901, 0.909604533192, 0.837202005538, 0.173190735694, 0.995424267604, 0.489828107189, 0.997394771518, 0.983603384169, 0.000132906715156, 0.732299159183, 0.532869191398, 0.994009012712, 0.435112096247, 0.288391956592, 0.00904720150886, 0.203130024872, 0.997260780402, 0.464196018125, 1.23071894599, 2.0870439521e-31, 2.01726642532, 2.69327851749e-76, 7.25841114272e-08, 0.000290453872579, 0.0126578551657
0.209550547904, 0.73313250119, 0.0104808114839, 0.971393130441, 0.885358769886, 0.988007816733, 0.00814383231161, 0.695196350037, 0.997296257357, 0.920178493136, 0.0649252935875, 0.0161274328273, 0.160020890079, 0.925700965704, 0.116976444697, 0.648918045549, 0.999917434139, 2.31026563861, 4.39201743236e-209, 1.17372513616, 2.0968669814e-05, 0.223986799677, 4.47454457276e-198, 1.34742684188e-13, 5.49715471168e-68
0.63920671238, 0.844746172563, 0.997600985959, 0.114210583411, 0.992622099494, 0.489828107189, 0.999874530393, 0.739517602354, 0.000874533203329, 0.397580004263, 0.226014044203, 0.987723153045, 0.64167145957, 0.379986438334, 0.581698555784, 0.596808503955, 0.0300419263206, 0.00897603848099, 0.45821084012, 7.27174693315e-32, 0.426141491739, 5.79689248819e-95, 1.79536578816, 1.40538610532e-07, 1.09472509556e-19
0.16104512867, 0.0852861148555, 0.525312780685, 0.412621043086, 0.992613654827, 0.397831713584, 0.824773966603, 0.354500981858, 0.570375727108, 0.972174817515, 0.181418117469, 0.0189470106868, 0.552714809719, 0.0258206840004, 0.16374095505, 0.394353132917, 0.523499405583, 1.41745296493, 9.57465124017e-09, 2.07763176146e-40, 1.31631259705, 1.09093889636e-38, 3.34549113476e-28, 3.71960015022e-107, 1.5046047819e-79
0.992558031655, 0.991462948411, 0.997600985959, 0.172659053564, 0.992613654827, 0.994618494643, 0.997914645214, 0.718101613423, 0.801425306689, 0.251430528262, 0.226014044203, 0.531591399554, 0.519392414783, 0.416397805706, 0.449210804583, 0.428450189423, 0.192814927948, 0.0343334727515, 0.112606096754, 0.153244210629, 0.179454059811, 2.16866771887e-77, 0.756571741877, 0.630152574625, 0.93869084597
0.967235783804, 0.909604533192, 0.986007185826, 0.173190735694, 0.839047501599, 0.379580613776, 0.995757330922, 0.482688974861, 0.487562448189, 0.639578673815, 0.532869191398, 0.848607239809, 0.423408069663, 0.979525172368, 0.88849860156, 0.206258516077, 0.997260780402, 0.89262292708, 1.4755986612, 2.30783593078e-42, 6.47824568687e-08, 1.92871591935e-76, 0.696469194568, 0.000224321866689, 0.104544766747
6.69232258055e-07, 0.484100940982, 0.56408935718, 0.999557072324, 0.0397177192759, 0.130177790843, 0.154239214618, 0.687426013299, 0.521289344374, 0.0282332844959, 0.162080460856, 0.0384454943832, 0.447355216141, 0.0457476005966, 0.469581837947, 0.88330652556, 0.0174130810399, 0.147956045403, 1.53367418271e-82, 6.60605686257e-90, 1.8394279528e-141, 2.17018603648, 4.66030565738e-25, 1.0646736297e-31, 0.0
0.995760436807, 0.922509765514, 0.430745586897, 0.0588110286085, 0.997258511345, 0.441729002862, 0.999872963811, 0.983603384169, 0.0404064422989, 0.397580004263, 0.226014044203, 0.994009012712, 0.119305859807, 0.392240878007, 0.0744187349676, 0.429197442394, 0.999131621831, 0.00893849147093, 0.450700657017, 2.32105244334e-36, 1.13821244231, 1.69769764266e-123, 5.08237239142e-37, 0.000604059990931, 2.02524407317
0.995760436807, 0.604369864355, 0.184602028109, 0.987555683581, 0.884690487281, 0.994258872691, 0.129344395813, 0.609281214269, 0.667881964066, 0.920178493136, 0.0550548606684, 0.530310478206, 0.402762317512, 0.852194827997, 0.427344762117, 0.364317611256, 0.878398950663, 0.507534394072, 1.1921942038e-89, 0.617983740284, 6.0003174266e-06, 0.385339199938, 5.86171439869e-74, 1.88216612055e-22, 1.46849459384
0.987985305289, 0.992211541989, 0.986786969561, 0.987555683581, 0.992622099494, 0.489828107189, 0.999874530393, 0.890967274323, 0.452662588725, 0.397580004263, 0.44165711199, 0.999568329858, 0.64167145957, 0.379986438334, 0.237459857808, 0.596808503955, 0.0269125341834, 0.0139314003137, 0.7111732704, 1.12862280749e-31, 0.661399538811, 0.468031439373, 0.475540021853, 1.03081963125, 0.793307686623
0.286695177781, 0.604369864355, 0.184602028109, 0.987555683581, 0.996602698897, 0.996393942592, 0.0883088774762, 0.573127985481, 0.777219902221, 0.920178493136, 0.0550548606684, 0.530310478206, 0.402762317512, 0.495607515405, 0.427344762117, 0.613574473238, 0.537279808045, 0.268789023386, 1.68254946243e-106, 0.521036022868, 1.20416532113, 0.645363446323, 9.81715902848e-74, 3.15223889577e-22, 1.28937082326e-54
0.992558031655, 0.991462948411, 0.997600985959, 0.172659053564, 0.998703052549, 0.994618494643, 0.997914645214, 0.534878129192, 0.801425306689, 0.166423224934, 0.226014044203, 0.531591399554, 0.519392414783, 0.994556978522, 0.449210804583, 0.175898874492, 0.576918714367, 0.010523766263, 0.0345155950465, 0.0469718360707, 0.306035554194, 2.56338041494e-77, 0.894273091608, 0.744844751532, 1.10953914669
0.98043201527, 0.604369864355, 0.14617199659, 0.413449064928, 0.992613654827, 0.994258872691, 0.129344395813, 0.609281214269, 0.667881964066, 0.332028992525, 0.436498735519, 0.530310478206, 0.366617829002, 0.852194827997, 0.427344762117, 0.364317611256, 0.878398950663, 0.62754612909, 1.47410080274e-89, 0.764112360828, 0.918225091005, 9.29939488037e-39, 6.49637663296e-84, 2.86110229856e-22, 0.298496895863
0.989578204924, 0.312396611075, 0.694333824268, 0.998680623203, 0.393927067584, 0.999781387252, 0.99619971363, 0.794339691821, 0.110395278667, 0.536871368723, 0.335549837258, 0.954164019915, 0.799541053631, 0.639396241871, 0.50885478561, 0.770485550273, 0.662243751775, 0.00448309613184, 0.00825725686071, 0.276478454596, 1.51221702311e-41, 1.40597440538, 3.22981414892e-16, 6.65237460088e-51, 0.880461542401
0.987985305289, 0.992211541989, 0.130812618647, 0.114210583411, 0.992622099494, 0.489828107189, 0.999874530393, 0.890967274323, 0.00156328517475, 0.397580004263, 0.44165711199, 0.987723153045, 0.64167145957, 0.379986438334, 0.237459857808, 0.596808503955, 0.0517440902213, 0.0189397395414, 0.966840102711, 1.5343627728e-31, 0.899172711703, 1.22316358278e-94, 9.58988723876e-89, 1.15511004218, 0.888960248302
0.987985305289, 0.992211541989, 0.986007185826, 0.173190735694, 0.992613654827, 0.379580613776, 0.995757330922, 0.482688974861, 0.487562448189, 0.208563536652, 0.532869191398, 0.848607239809, 0.704129318189, 0.979525172368, 0.237459857808, 0.206258516077, 0.0517440902213, 0.433445325762, 0.7165302649, 1.12065315205e-42, 0.777677169974, 1.27811279914e-76, 0.461533076412, 1.07816377715, 0.829743231424
0.18963205528, 0.977349803855, 0.513768015777, 0.908928645768, 0.995598130076, 0.839064007376, 0.930951376519, 0.534878129192, 0.392480014051, 0.00815938234788, 0.342525756252, 0.780772164902, 0.937481329951, 0.483021274405, 0.686417198791, 0.945853925537, 0.0518303418397, 1.04132622201, 0.00127763482784, 3.9193694315e-08, 1.65977014682, 0.000219391232849, 3.67237139232e-29, 0.313993073245, 1.92717605488e-72
0.914683873273, 0.87966404177, 0.513768015777, 0.998943219171, 0.995485986994, 0.999954470009, 0.614971838571, 0.25624389724, 0.920663113893, 0.343161430836, 0.58661896748, 0.000707019644042, 0.419615986734, 0.410341126354, 0.899021362036, 0.458135579591, 0.0269125341834, 0.00116158519635, 1.40182500468e-24, 0.162781366738, 0.253055544866, 1.89329119257, 3.59302423042e-29, 8.13650119733e-06, 0.000403511535722
9.42129739656e-06, 0.992528074815, 0.569590483405, 0.968569783699, 0.997317537308, 0.999550199819, 0.724128883797, 0.80527229269, 0.940147065622, 0.962860818085, 0.981217634238, 0.365497067342, 0.368428336947, 0.772537654729, 0.670860466417, 0.596808503955, 0.0518303418397, 0.0382384788544, 5.75715027395e-16, 0.552464264551, 1.42774166032, 0.0988317307549, 8.67716621554e-25, 1.4068150802, 0.0
0.0952588819467, 0.495414398462, 0.00466728137915, 0.993509442069, 0.02335258348, 1.98855125974e-05, 0.788062527821, 0.833769054776, 0.0483969777685, 0.841622323194, 0.156931430208, 0.0234732505861, 0.408758939936, 0.998140665026, 0.940387802891, 0.88330652556, 0.170251946021, 1.69557533249, 1.20643716348e-10, 0.0, 1.81522428184e-163, 1.81377808377, 3.14395717886e-233, 1.22444886165e-30, 3.03128092885e-102
0.992558031655, 0.991462948411, 0.997678046931, 0.0953447520948, 0.041144995363, 0.248652819059, 0.748050765294, 0.993575260695, 0.623641121506, 0.312093774521, 0.226014044203, 0.795884036548, 0.945703849875, 0.416397805706, 0.0313124116984, 0.285030329096, 0.344936056685, 0.361335906426, 1.40326003003e-13, 2.05764159603e-61, 1.53367298857e-139, 4.8273677539e-103, 1.06948453884, 0.887855403165, 1.32257134709
0.987081153944, 0.669608662059, 0.992198767094, 0.173190735694, 0.639979404052, 0.994258872691, 0.995757330922, 0.482688974861, 0.938438983462, 0.0864527110115, 0.342525756252, 0.635449977879, 0.568311588215, 0.435517555952, 0.652393479016, 0.736425729727, 0.0517440902213, 0.381726548891, 0.631033740451, 0.898004640857, 7.54987521351e-20, 1.29958806304e-76, 1.01461971799, 9.25752674336e-18, 0.703693580396
0.999057570342, 0.992528074815, 0.0889265496965, 0.0780012021858, 0.997258511345, 0.441729002862, 0.999872963811, 0.983603384169, 0.0404064422989, 0.397580004263, 0.226014044203, 0.170743952126, 0.362457463882, 0.228837230531, 0.0235979719356, 0.743094482462, 0.999131621831, 0.00171849607592, 0.0866507858755, 4.46240792292e-37, 0.218830394595, 5.99786596202e-112, 2.9580898019e-106, 0.215773788684, 2.24409682329
0.944594484901, 0.922509765514, 0.966312988052, 0.0780012021858, 0.995424267604, 0.489828107189, 0.997394771518, 0.986282054392, 0.00087836360415, 0.732299159183, 0.44165711199, 0.994009012712, 0.64167145957, 0.288391956592, 0.178948819449, 0.429197442394, 0.997260780402, 0.424890555501, 1.12650870798, 1.91032501258e-31, 1.84645584749, 5.61721251368e-111, 0.112603075378, 0.00108906648544, 0.0116011688287
0.992558031655, 0.991462948411, 0.997600985959, 0.172659053564, 0.994125115439, 0.994618494643, 0.906411757478, 0.251264221322, 0.801425306689, 0.251430528262, 0.226014044203, 0.531591399554, 0.519392414783, 0.416397805706, 0.449210804583, 0.175898874492, 0.192814927948, 0.111947158906, 9.49917714028e-06, 0.145724459875, 0.218441344566, 2.34743041122e-77, 0.818935745525, 0.682095880576, 1.01606687801
0.209550547904, 0.936903673936, 0.0104808114839, 0.971393130441, 0.997317537308, 0.839064007376, 0.0883088774762, 0.50978074668, 0.947689983326, 0.920178493136, 0.331584251326, 0.0161274328273, 0.160020890079, 0.432280085049, 0.116976444697, 0.648918045549, 0.838747882176, 0.736188957834, 4.60835163447e-106, 2.77088415175e-08, 1.89800324673, 0.17596695092, 3.51526057052e-198, 0.00474200001559, 4.31864806098e-68
0.995760436807, 0.669608662059, 0.184602028109, 0.998924338516, 0.798634084812, 0.999794493965, 0.154239214618, 0.687426013299, 0.630009454856, 0.0864527110115, 0.162080460856, 0.635449977879, 0.646011287078, 0.924876213916, 0.652393479016, 0.6526582582, 0.54614197611, 0.00423634416286, 4.39128502926e-84, 0.132528601764, 3.5763120434e-11, 0.820203580383, 5.48643898362e-74, 4.98597452169e-18, 1.3744794507
5.18143795425e-07, 0.335167316346, 0.997207040949, 0.978255750352, 0.994890860492, 0.999868018109, 0.99619971363, 0.739517602354, 0.0644364843566, 0.821754790744, 0.161738239833, 0.954164019915, 0.368428336947, 0.324486149764, 0.375080087918, 0.252029708273, 0.443198029653, 0.00383516879375, 0.00706386231811, 0.390191104715, 0.535681327446, 0.116723008525, 1.66917570232, 9.49498394749e-48, 0.0
3.48312829157e-06, 0.64781015963, 0.994989791438, 0.998943219171, 0.992622099494, 0.999954470009, 0.990788337986, 0.354500981858, 0.92832438198, 0.0879896561628, 0.483206795722, 0.31628905621, 0.474361690975, 0.98735544825, 0.474781032784, 0.109211516975, 0.562638981434, 0.000698583960364, 0.000501471566727, 0.120509348462, 0.112056472143, 1.03545135369, 1.46788474929, 3.95456872378e-19, 0.0
0.967235783804, 0.909604533192, 0.990786503852, 0.412621043086, 0.839047501599, 0.379580613776, 0.995757330922, 0.482688974861, 0.487562448189, 0.639578673815, 0.532869191398, 0.848607239809, 0.423408069663, 0.730144121125, 0.237459857808, 0.206258516077, 0.523499405583, 0.569786929115, 0.94191713462, 1.47315815896e-42, 4.13525084781e-08, 6.2084653916e-39, 0.79004017449, 0.00016342601735, 0.0761643753966
0.489803363078, 0.992211541989, 0.994989791438, 0.638784114156, 0.0790594822623, 0.999781387252, 0.99619971363, 0.687426013299, 0.0419221805479, 0.536871368723, 0.181418117469, 0.77627733039, 0.482516329243, 0.990165359975, 0.950697269341, 0.940074654296, 0.562638981434, 0.0146426520486, 0.0269697850618, 0.903031675102, 8.86074203542e-111, 4.86949827977e-20, 1.26502595501, 1.35989364496, 3.2606715493e-31
2.12694758683e-06, 0.335167316346, 0.997600985959, 0.978255750352, 0.999201263878, 0.721126857277, 0.995757330922, 0.57914690914, 0.846588912574, 0.841622323194, 0.0789001962389, 0.901319041902, 0.89755344561, 0.324486149764, 0.405174333431, 0.729357917398, 0.997260780402, 0.0419800484676, 0.0693973921536, 8.0601756814e-16, 0.66908734084, 0.118697623536, 1.9633406939, 1.09693605259e-47, 0.0
0.0952588819467, 0.495414398462, 0.00466728137915, 6.54473184202e-05, 0.02335258348, 1.98855125974e-05, 0.99999998238, 0.833769054776, 0.0644364843566, 0.841622323194, 0.156931430208, 0.620624127685, 0.567170124818, 0.998525434496, 0.88849860156, 0.480490587175, 0.170251946021, 5.71020397486e-06, 2.06315438775, 0.0, 2.20874169969e-163, 0.0, 2.61246228325e-233, 1.01745230193e-30, 2.5188342735e-102
0.85733572574, 0.968466382578, 0.595469884686, 0.0169427931767, 0.992622099494, 3.92421410206e-05, 0.0256531603181, 0.773006162686, 0.490693721758, 0.0547739984759, 0.483206795722, 0.365497067342, 0.083429103525, 0.926942903813, 0.950697269341, 0.596808503955, 0.878398950663, 1.46367302086, 1.88647681077e-159, 0.0, 1.36097208641, 2.48517272734e-177, 9.61248945961e-23, 0.127614433938, 6.49877153002e-07
0.441409415801, 0.671160738626, 0.986007185826, 0.978255750352, 0.852205762166, 0.379580613776, 0.999874530393, 0.482688974861, 0.775127938473, 0.639578673815, 0.532869191398, 0.848607239809, 0.423408069663, 0.979525172368, 0.792046686878, 0.206258516077, 0.997260780402, 0.0334944753199, 1.70983354274, 2.28854466639e-42, 3.04511470499e-07, 0.301181811401, 0.701276099776, 1.41661377021e-17, 8.96925604621e-36
0.987081153944, 0.669608662059, 0.994939774426, 0.998924338516, 0.798634084812, 0.999794493965, 0.154239214618, 0.687426013299, 0.630009454856, 0.0864527110115, 0.162080460856, 0.635449977879, 0.646011287078, 0.416397805706, 0.652393479016, 0.6526582582, 0.510651039329, 0.00388280286928, 4.02481324839e-84, 0.121468515165, 3.27785329277e-11, 0.751754034345, 1.05548990254, 7.81048691634e-18, 0.593699554446
0.994652853608, 0.80562216376, 0.586157158464, 0.998680623203, 0.393927067584, 0.915620427328, 0.99619971363, 0.794339691821, 0.110395278667, 0.536871368723, 0.335549837258, 0.954164019915, 0.799541053631, 0.639396241871, 0.50885478561, 0.878897026816, 0.0518303418397, 0.107676771036, 0.198326051958, 5.26191005463e-05, 1.23361154428e-41, 1.14694268808, 1.16229648409e-23, 7.53442612764e-10, 1.5316523255
9.42129739656e-06, 0.976603870791, 0.986707930047, 0.229430838872, 0.998431196322, 0.999550199819, 0.104091222122, 0.734796024766, 0.940147065622, 0.953998257893, 0.981217634238, 0.365497067342, 0.083429103525, 0.772537654729, 0.759872580964, 0.206258516077, 0.0269125341834, 0.0329945893409, 2.85741526716e-100, 0.476701272657, 2.05715803676, 3.85458744488e-64, 0.923136827342, 0.341793233303, 0.0
0.0952588819467, 0.495414398462, 0.00466728137915, 0.0680764829753, 0.02335258348, 1.98855125974e-05, 0.795520043435, 0.833769054776, 0.0483969777685, 0.841622323194, 0.156931430208, 0.0234732505861, 0.408758939936, 0.998140665026, 0.940387802891, 0.88330652556, 0.170251946021, 2.48289481157, 4.53096629721e-10, 0.0, 2.65810127386e-163, 7.77659129415e-117, 3.14395717886e-233, 1.22444886165e-30, 3.03128092885e-102
0.250835320403, 0.96691777623, 0.0104835313058, 6.54473184202e-05, 0.229367073433, 0.999957287629, 0.99619971363, 0.251264221322, 0.687871658978, 0.642694132807, 0.181418117469, 0.620624127685, 0.552714809719, 0.99153145845, 0.616727199827, 0.434704245835, 0.997260780402, 0.00556008928483, 0.0102409326151, 1.74049914515, 3.08966047137e-64, 0.0, 3.07300358214e-198, 0.094664152941, 2.37855831039e-60
0.998150506494, 0.599521399477, 0.0583266673389, 0.987555683581, 0.884690487281, 0.994258872691, 0.129344395813, 0.609281214269, 0.0932208665327, 0.920178493136, 0.0789001962389, 0.530310478206, 0.667088452367, 0.852194827997, 0.427344762117, 0.364317611256, 0.878398950663, 0.27765571699, 6.52211042866e-90, 0.338078996223, 3.2825803664e-06, 0.210806662746, 2.94533867327e-124, 4.60137835522e-23, 1.78620191273
0.917646554633, 0.604369864355, 0.995441235053, 0.987555683581, 0.884690487281, 0.994258872691, 0.129344395813, 0.609281214269, 0.667881964066, 0.920178493136, 0.0550548606684, 0.91996261872, 0.402762317512, 0.852194827997, 0.427344762117, 0.364317611256, 0.878398950663, 0.589120989591, 1.38384045955e-89, 0.717325164323, 6.96487367459e-06, 0.447282811662, 1.58609046071, 4.0103431242e-22, 0.000550104602792
0.18963205528, 0.977349803855, 0.513768015777, 0.908928645768, 0.995598130076, 0.994618494643, 0.930951376519, 0.534878129192, 0.392480014051, 0.0103168593702, 0.342525756252, 0.780772164902, 0.937481329951, 0.483021274405, 0.686417198791, 0.945853925537, 0.0518303418397, 0.633701737208, 0.000777507944011, 0.824906263395, 1.65799894261, 0.000219157112072, 3.66845246433e-29, 0.313657999225, 1.92511949159e-72
0.994652853608, 0.80562216376, 0.586157158464, 0.998680623203, 0.393927067584, 0.994258872691, 0.99619971363, 0.955191832623, 0.0222974642443, 0.536871368723, 0.335549837258, 0.985888310663, 0.799541053631, 0.639396241871, 0.50885478561, 0.878897026816, 0.0253420046191, 0.0772501086577, 0.142284254218, 0.197135512579, 1.39446817947e-41, 1.29649814775, 1.31385400022e-23, 8.51687675449e-10, 1.73137195402
0.980764698424, 0.992528074815, 0.999339817746, 0.308661925942, 4.21598025863e-05, 3.92421410206e-05, 0.412541940528, 0.948092725667, 0.707814875926, 0.228863194986, 0.162080460856, 0.506783480767, 0.805418934279, 0.416397805706, 0.342415828491, 0.136318073583, 0.999131621831, 0.139563352603, 7.72150542217e-40, 0.0, 0.0, 1.9462446917e-52, 1.38561804858, 1.27669407789, 0.432841466101
3.48312829157e-06, 0.976603870791, 0.130812618647, 0.744226283247, 0.996864671014, 0.348161533401, 0.995757330922, 0.648616190498, 0.338038813526, 0.0346303516194, 0.532869191398, 0.237087469943, 0.864255438622, 0.845602907524, 0.574571225957, 0.394353132917, 0.813205483744, 0.357979510942, 0.591777413572, 1.63708540432e-46, 1.53500322737, 3.91620086219e-13, 1.22272434265e-88, 0.249667634173, 0.0
0.974343172282, 0.573051192576, 0.38285120164, 0.989241026738, 0.884690487281, 0.994258872691, 0.129344395813, 0.609281214269, 0.667881964066, 0.196911854903, 0.55836898497, 0.530310478206, 0.568311588215, 0.852194827997, 0.427344762117, 0.786590121851, 0.878398950663, 0.812218591449, 1.9078949294e-89, 0.988973139425, 9.60244157915e-06, 0.754158733873, 4.68786926575e-42, 1.53927460995e-24, 0.17424033965
0.489803363078, 0.998877773361, 0.999339817746, 6.54473184202e-05, 4.21598025863e-05, 3.92421410206e-05, 0.0468253348217, 0.948092725667, 0.0419221805479, 0.00235846233113, 0.515509737966, 0.442511424447, 0.805418934279, 0.416397805706, 0.405174333431, 0.929294745158, 0.659546121445, 0.0329651877813, 5.78448336561e-135, 0.0, 0.0, 0.0, 0.327286198795, 1.95332234118, 3.12710490465e-31
0.987985305289, 0.992211541989, 0.999308796486, 0.987555683581, 0.992622099494, 0.489828107189, 0.999874530393, 0.890967274323, 0.452662588725, 0.397580004263, 0.44165711199, 0.994009012712, 0.64167145957, 0.379986438334, 0.515756618058, 0.596808503955, 0.997260780402, 0.00154882634962, 0.0790648373847, 1.25474877159e-32, 0.0735312323436, 0.0520334933625, 1.13802399577, 1.00101573786, 0.770370931242
0.974343172282, 0.604369864355, 0.308237096691, 0.989241026738, 0.884690487281, 0.224483110908, 0.476034672255, 0.548083247118, 0.667881964066, 0.0864527110115, 0.0417841062721, 0.0436920271387, 0.402762317512, 0.288391956592, 0.148570304541, 0.364317611256, 0.997260780402, 1.76533440495, 1.60992430912e-32, 3.64178316746e-65, 1.32459347918e-05, 1.04031222989, 2.48980603007e-51, 4.34465283132e-22, 0.240353055844
0.998150506494, 0.604369864355, 0.0583266673389, 0.987555683581, 0.884690487281, 0.994258872691, 0.129344395813, 0.609281214269, 0.667881964066, 0.920178493136, 0.0789001962389, 0.530310478206, 0.402762317512, 0.852194827997, 0.427344762117, 0.364317611256, 0.878398950663, 0.254293489078, 5.9733335767e-90, 0.30963269356, 3.00638079274e-06, 0.193069180681, 2.69751495076e-124, 9.43034788205e-23, 1.63590910898
0.18963205528, 0.976603870791, 0.471170804179, 0.305676245631, 0.792288902189, 0.173729176381, 0.999529555835, 0.534878129192, 0.392480014051, 0.0103168593702, 0.170172750554, 0.780772164902, 0.937481329951, 0.483021274405, 0.686417198791, 0.945853925537, 0.562638981434, 0.13339394308, 1.84428598567, 2.82070218512e-76, 2.2461483111e-10, 9.75551550715e-52, 6.03835082237e-33, 0.274207169935, 1.81543120288e-72
0.992558031655, 0.992211541989, 0.999009649849, 0.378244489149, 0.244380462961, 0.999334121173, 0.996237799869, 0.62365533996, 0.487562448189, 0.208563536652, 0.532869191398, 0.848607239809, 0.704129318189, 0.542311764986, 0.237459857808, 0.12617376869, 0.00922024706867, 0.00671164110525, 0.01248407198, 0.13954856746, 1.4116345103e-62, 1.31927360264e-43, 0.93966597038, 0.831098745577, 1.1624255082
0.992558031655, 0.761140917879, 0.999009649849, 0.378244489149, 0.244380462961, 0.999334121173, 0.996237799869, 0.62365533996, 0.487562448189, 0.208563536652, 0.667877844597, 0.848607239809, 0.122193249886, 0.379986438334, 0.237459857808, 0.12617376869, 0.00922024706867, 0.00964879174605, 0.0179473557643, 0.200617858548, 2.0293944801e-62, 1.89661456093e-43, 1.3508829088, 3.00628382899e-12, 1.25779448509
7.37303754395e-06, 0.968466382578, 0.595469884686, 0.0169427931767, 0.992622099494, 0.999550199819, 0.104091222122, 0.734796024766, 0.972870088176, 0.0547739984759, 0.483206795722, 0.365497067342, 0.083429103525, 0.416397805706, 0.670860466417, 0.57479976437, 0.0047828400848, 0.098702109102, 8.54785342333e-100, 1.42603444876, 1.32914681752, 2.42705890482e-177, 9.38770890401e-23, 0.124630270108, 0.0
0.987081153944, 0.669608662059, 0.992198767094, 0.173190735694, 0.798634084812, 0.999794493965, 0.154239214618, 0.482688974861, 0.630009454856, 0.0864527110115, 0.342525756252, 0.635449977879, 0.568311588215, 0.416397805706, 0.652393479016, 0.6526582582, 0.510651039329, 0.0282384347299, 2.92712326742e-83, 0.883403266326, 2.38388219486e-10, 9.88476501889e-77, 0.771727425109, 7.04134480124e-18, 0.535234655146
3.48312829157e-06, 0.00869569561557, 0.986007185826, 0.744226283247, 0.992613654827, 0.278951275616, 0.995757330922, 0.482688974861, 0.338038813526, 0.228860811696, 0.532869191398, 0.843776564712, 0.667088452367, 0.152991623092, 0.155997388782, 0.394353132917, 0.997260780402, 0.613468250851, 1.01412690867, 6.64908350081e-56, 1.10066996882, 3.76237088246e-13, 0.653221692029, 2.33454159007e-206, 0.0
0.044305463934, 0.64781015963, 0.716097848008, 6.54473184202e-05, 0.041144995363, 1.03655147564e-05, 0.0449821478898, 0.948092725667, 0.338038813526, 0.536871368723, 0.511936136368, 0.036538218349, 0.965785751385, 0.865445577508, 0.155997388782, 0.523611550962, 0.255857851739, 1.97232483569, 6.23903222215e-135, 0.0, 8.3714385185e-139, 0.0, 9.73498262295e-15, 4.32388165529e-19, 1.37033633444e-135
6.69232258055e-07, 0.484100940982, 0.994939774426, 0.999557072324, 0.0415336806595, 0.130177790843, 0.154239214618, 0.687426013299, 0.521289344374, 0.0282332844959, 0.162080460856, 0.0461556570836, 0.447355216141, 0.0457476005966, 0.492037698913, 0.88330652556, 0.0269125341834, 0.08589179437, 8.90332173811e-83, 3.83496379679e-90, 9.33498219923e-140, 1.25984154472, 1.75024563818, 1.05635381675e-31, 0.0
2.33624943391e-06, 0.422325545122, 0.994989791438, 0.998943219171, 0.992622099494, 0.999968645, 0.154239214618, 0.635976872082, 0.92832438198, 0.0879896561628, 0.483206795722, 0.31628905621, 0.296591402684, 0.98735544825, 0.449210804583, 0.109211516975, 0.562638981434, 0.000605764005067, 6.27919334324e-85, 0.123181976809, 0.114540103358, 1.05840120437, 1.50041909839, 1.0631129405e-37, 0.0
7.37303754395e-06, 0.968466382578, 0.595469884686, 0.0169427931767, 0.992622099494, 0.999550199819, 0.700606756828, 0.734796024766, 0.972870088176, 0.0547739984759, 0.483206795722, 0.365497067342, 0.423408069663, 0.416397805706, 0.670860466417, 0.57479976437, 0.0047828400848, 0.0902410285645, 4.9998394449e-17, 1.30378992501, 1.21520783109, 2.21900315961e-177, 8.58296256351e-23, 0.113946539412, 0.0
0.967235783804, 0.624551120752, 0.986007185826, 0.998924338516, 0.839047501599, 0.379580613776, 0.997446132623, 0.482688974861, 0.487562448189, 0.639578673815, 0.379798852421, 0.848607239809, 0.423408069663, 0.979525172368, 0.88849860156, 0.56567060822, 0.997260780402, 0.0920008454411, 0.248613888529, 3.54745226731e-43, 9.95792943664e-09, 1.6397762456, 0.670820045512, 1.01417598741e-20, 0.100694654156
0.987985305289, 0.624551120752, 0.854369474379, 0.998924338516, 0.995424267604, 0.489828107189, 0.997394771518, 0.983603384169, 0.000132906715156, 0.732299159183, 0.379798852421, 0.997232769247, 0.435112096247, 0.288391956592, 0.515756618058, 0.56567060822, 0.997260780402, 0.0576304043444, 0.152794999789, 2.59108613921e-32, 0.250445663518, 1.8494228482, 4.29863549143e-07, 1.06061437871e-20, 0.949273709814
2.33624943391e-06, 0.219620123431, 0.994989791438, 0.998943219171, 0.992622099494, 0.999968645, 0.154239214618, 0.635976872082, 0.92832438198, 0.0879896561628, 0.483206795722, 0.31628905621, 0.296591402684, 0.98735544825, 0.449210804583, 0.109211516975, 0.945843886753, 0.000669779698116, 6.94276349646e-85, 0.13619955387, 0.126644427875, 1.17025051541, 1.65897980461, 4.70636839391e-66, 0.0
0.987081153944, 0.995689327377, 0.992198767094, 0.173190735694, 0.735843977669, 0.994258872691, 0.995757330922, 0.482688974861, 0.938438983462, 0.0864527110115, 0.342525756252, 0.635449977879, 0.568311588215, 0.772275641558, 0.076646186737, 0.394353132917, 0.0517440902213, 0.221218436689, 0.36569711477, 0.52041227776, 5.04641481171e-14, 7.53138183551e-77, 0.587993128852, 1.4548207605, 0.778913470697
0.767656819339, 0.976603870791, 0.997600985959, 0.744226283247, 0.996864671014, 0.348161533401, 0.995757330922, 0.648616190498, 0.338038813526, 0.0059510536118, 0.532869191398, 0.237087469943, 0.864255438622, 0.845602907524, 0.449210804583, 0.394353132917, 0.813205483744, 0.119525762059, 0.197588532764, 5.46606368595e-47, 0.512522155339, 1.30758012155e-13, 1.61272623343, 0.253266492025, 8.91281193137e-12
0.967235783804, 0.909604533192, 0.986007185826, 0.412621043086, 0.839047501599, 0.379580613776, 0.995757330922, 0.482688974861, 0.487562448189, 0.639578673815, 0.532869191398, 0.848607239809, 0.423408069663, 0.730144121125, 0.88849860156, 0.206258516077, 0.523499405583, 0.689599871513, 1.13998040639, 1.78292906563e-42, 5.00479794745e-08, 7.51396130302e-39, 0.538060420046, 0.000173300870674, 0.0807665314534
0.987081153944, 0.312396611075, 0.694333824268, 0.999715180953, 0.393927067584, 0.999781387252, 0.99619971363, 0.794339691821, 0.110395278667, 0.536871368723, 0.335549837258, 0.954164019915, 0.859768180728, 0.639396241871, 0.90848330774, 0.770485550273, 0.662243751775, 0.0012278047264, 0.00226145027957, 0.0757203377572, 4.14157348788e-42, 1.71633291981, 3.87236567137e-16, 7.97582332907e-51, 0.783680518636
0.209550547904, 0.990293035215, 0.0104808114839, 0.971393130441, 0.997317537308, 0.724623695505, 0.99619971363, 0.338495115507, 0.947689983326, 0.841622323194, 0.0649252935875, 0.221258547478, 0.419615986734, 0.925700965704, 0.116976444697, 0.648918045549, 0.999989063962, 0.316173882641, 0.582349538096, 1.06820159322e-14, 1.70839322951, 0.158387899539, 3.16408697877e-198, 1.23742738374, 4.68509391539e-68
9.42129739656e-06, 0.976603870791, 0.986707930047, 0.229430838872, 0.997317537308, 0.999550199819, 0.104091222122, 0.734796024766, 0.940147065622, 0.920178493136, 0.981217634238, 0.365497067342, 0.083429103525, 0.772537654729, 0.670860466417, 0.596808503955, 0.0518303418397, 0.0489376108173, 4.23812143388e-100, 0.707043846383, 1.82722398521, 3.57704457878e-64, 0.856667965363, 0.317183005895, 0.0
0.989578204924, 0.669608662059, 0.992198767094, 0.173190735694, 0.639979404052, 0.994258872691, 0.996346002919, 0.482688974861, 0.938438983462, 0.0864527110115, 0.342525756252, 0.635449977879, 0.798757287337, 0.435517555952, 0.652393479016, 0.736425729727, 0.0480372292328, 0.336448027753, 0.643865405812, 0.884565057003, 7.43688339096e-20, 1.28013836094e-76, 0.999434866869, 9.11897811978e-18, 0.933694835212
0.987985305289, 0.992211541989, 0.997600985959, 0.114210583411, 0.992622099494, 0.489828107189, 0.999874530393, 0.890967274323, 0.00156328517475, 0.397580004263, 0.226014044203, 0.987723153045, 0.64167145957, 0.379986438334, 0.237459857808, 0.596808503955, 0.0300419263206, 0.00652424078156, 0.333050917283, 5.28547510072e-32, 0.309741285647, 4.21347596246e-95, 1.30496306558, 1.20890305742, 0.930358773498
2.12694758683e-06, 0.980092869237, 0.260218501725, 0.134601108673, 0.965259550739, 0.999550199819, 0.645525549754, 0.287415378122, 0.940147065622, 0.535191550569, 0.548423934388, 0.644855100449, 0.314023553259, 0.288391956592, 0.574571225957, 0.429197442394, 0.997260780402, 0.10797842467, 1.66264865787e-20, 1.56005737571, 0.071616373445, 1.97522647273e-87, 8.40563230447e-59, 0.334153124941, 0.0
9.42129739656e-06, 0.968466382578, 0.986007185826, 0.0169427931767, 0.992622099494, 0.999550199819, 0.33524509219, 0.734796024766, 0.972870088176, 0.639578673815, 0.483206795722, 0.365497067342, 0.083429103525, 0.416397805706, 0.670860466417, 0.596808503955, 0.0047828400848, 0.0833334844401, 4.49968685793e-49, 1.20399068093, 1.12218914716, 2.04914846623e-177, 0.665536441559, 0.11348124342, 0.0
0.995760436807, 0.922509765514, 0.430745586897, 0.0780012021858, 0.997258511345, 0.441729002862, 0.999872963811, 0.983603384169, 0.0404064422989, 0.397580004263, 0.226014044203, 0.994009012712, 0.64167145957, 0.392240878007, 0.0744187349676, 0.429197442394, 0.999131621831, 0.00846689534226, 0.426921623862, 2.19859337402e-36, 1.07816018593, 2.95510150351e-111, 4.81422567426e-37, 0.000572189696695, 1.91839189709
