0.858960410503, 0.287717433502, 0.00931043002297, 0.999055573189, 0.999990568626, 3.92421410206e-05, 2.52776298139e-05, 0.00144534163713, 0.000132906715156, 0.338054778665, 0.429836601445, 0.903033697631, 0.992938779994, 0.785703731756, 0.92623054044, 0.587322847175, 0.12225356065, 0.000490894473238, 0.0, 0.0, 0.331509309974, 2.32510036668, 2.91008488617e-203, 2.90769863181e-54, 9.2097192737e-07
0.389370809825, 0.999779752363, 0.999771783652, 0.999594199003, 0.882977521814, 0.999966961432, 0.999999997775, 0.50978074668, 0.748198729978, 0.363301250188, 0.428372645838, 0.43875729514, 0.300929837285, 0.365587447826, 0.175700568845, 0.596808503955, 0.849616059624, 1.8972269199e-13, 5.42793935403e-07, 0.000104761105608, 6.47575719419e-10, 0.00167456876051, 0.0473151123068, 1.38292483266, 2.36326189809e-41
0.98043201527, 0.780212668165, 0.0107402606544, 0.112381185386, 0.704545641201, 3.92421410206e-05, 2.52776298139e-05, 0.00144534163713, 0.926354405636, 0.338054778665, 0.429836601445, 0.903033697631, 0.937481329951, 0.589788808943, 0.0597345752415, 0.410786430555, 0.12225356065, 2.11668647152, 0.0, 0.0, 2.05442197452e-15, 3.90065265685e-95, 4.20008950448e-197, 5.53447168782e-11, 0.468233999596
0.997943966936, 0.980486377845, 0.0107402606544, 0.309876827177, 0.999992226704, 3.92421410206e-05, 2.52776298139e-05, 0.00144534163713, 8.06785256587e-05, 0.338054778665, 0.4274186281, 0.434571759768, 0.937481329951, 0.444350751776, 0.993553777517, 0.853012398977, 0.12225356065, 0.000768633762785, 0.0, 0.0, 0.629739942551, 1.30074300512e-51, 1.24957858853e-197, 0.140105186036, 2.14471451178
9.42129739656e-06, 0.998767034788, 0.986707930047, 0.765918311351, 0.997317537308, 0.999550199819, 0.00574842997275, 0.734796024766, 0.409423100071, 0.936145550483, 0.998674655943, 0.98272832585, 0.0832275148944, 0.814141882862, 0.692159116529, 0.792830834915, 0.0518303418397, 0.00967031408839, 1.36925701122e-226, 0.139715363186, 0.361068502358, 1.5936323203e-12, 0.169281829582, 2.29253907204, 0.0
0.18963205528, 0.97912804388, 0.513768015777, 0.908928645768, 0.982697598379, 0.999313693649, 0.123235820179, 0.81868524057, 0.392480014051, 0.639578673815, 0.532869191398, 0.71564504601, 0.937481329951, 0.483021274405, 0.686417198791, 0.951944264873, 0.0047828400848, 0.182518969155, 3.39722151691e-92, 1.74488705551, 0.493538677379, 0.000204064608276, 3.41582031281e-29, 0.351593105223, 1.80259706276e-72
0.858960410503, 0.287717433502, 0.00931043002297, 0.309876827177, 0.999990568626, 3.92421410206e-05, 2.52776298139e-05, 0.00144534163713, 0.000132906715156, 0.338054778665, 0.429836601445, 0.903033697631, 0.992938779994, 0.187122619245, 0.92623054044, 0.587322847175, 0.12225356065, 0.00350187856505, 0.0, 0.0, 2.36487760609, 4.88471331962e-51, 2.93023905433e-203, 2.92783627366e-54, 9.2735023722e-07
0.0453965649933, 0.14808359665, 0.572693907178, 6.54473184202e-05, 0.370964635224, 0.0271245705199, 0.999872963811, 0.663809952449, 0.0644364843566, 0.363301250188, 0.00725918450201, 0.846010748702, 0.91070465058, 0.98642349134, 0.535378582588, 0.541358232532, 0.0118820062674, 0.0445003941704, 2.2438189884, 7.64680709704e-157, 3.02304097885e-43, 0.0, 2.18498953756e-24, 3.96176297764e-83, 1.77620192839e-134
1.91751199585e-07, 2.55822084267e-05, 0.00010985396784, 5.54543974208e-05, 0.0790594822623, 0.319916176522, 0.995757330922, 0.287411820559, 0.926354405636, 0.898429185403, 0.429836601445, 0.448546228259, 0.509629920667, 0.363147190349, 0.0655518095822, 0.534498758468, 0.613738052122, 0.83589710837, 1.38182497513, 8.08923427743e-50, 1.58374019659e-110, 0.0, 0.0, 0.0, 0.0
7.11550747357e-06, 0.99972630879, 0.725247153702, 0.99831365316, 0.999990568626, 0.999793442062, 2.52776298139e-05, 0.566343845084, 0.630009454856, 0.250104727491, 0.429836601445, 0.721026635804, 0.509629920667, 0.694199275384, 0.401429470888, 0.850814920127, 0.0047828400848, 7.56450714762e-07, 0.0, 2.35452196789e-05, 0.0159086875866, 0.0639144333818, 1.1571110696e-15, 1.55196367323, 0.0
0.997943966936, 2.55822084267e-05, 0.00010985396784, 2.65787952367e-05, 0.0503799547111, 0.403323793065, 0.995757330922, 0.287411820559, 0.926354405636, 0.898429185403, 0.429836601445, 0.448546228259, 0.509629920667, 0.363147190349, 0.172044742828, 0.534498758468, 0.613738052122, 0.228678250247, 0.378028963488, 2.55119508218e-40, 1.16717683079e-130, 0.0, 0.0, 0.0, 1.46877976279
2.12694758683e-06, 0.335167316346, 0.998903875637, 0.0750904971783, 0.695852719598, 0.721126857277, 2.52776298139e-05, 0.667279232524, 0.999687985918, 0.841622323194, 0.0199893970306, 0.962615359187, 0.983573433133, 0.116146863422, 0.994029625689, 0.729357917398, 0.12225356065, 0.431983309089, 0.0, 4.29293086194e-15, 1.21148972977e-16, 2.45518841647e-113, 2.62402844658, 1.40301187846e-47, 0.0
0.210883032374, 0.302156614216, 0.999999915803, 6.54473184202e-05, 4.21598025863e-05, 7.95962761913e-06, 2.52776298139e-05, 0.833769054776, 0.134067299204, 0.920979922075, 0.515509737966, 0.442511424447, 0.992120631785, 0.416397805706, 0.82113161079, 0.394353132917, 0.659546121445, 2.40043129386e-05, 0.0, 0.0, 0.0, 0.0, 1.81499188632, 3.00749632712e-52, 7.23033385103e-68
0.210883032374, 0.540080161767, 0.000416667656249, 6.54473184202e-05, 0.00664593373495, 1.45075988616e-05, 0.123235820179, 0.833769054776, 0.633258436393, 0.639578673815, 0.156931430208, 0.327119658806, 0.805418934279, 0.416397805706, 0.661246915938, 0.313439129772, 0.170251946021, 1.56603481254, 2.91485711651e-91, 0.0, 4.43120620906e-218, 0.0, 0.0, 4.33255211444e-27, 6.23857032164e-68
0.907333379062, 0.780212668165, 0.102978023224, 0.999003183435, 0.999990568626, 1.73793610365e-05, 2.52776298139e-05, 0.815846958085, 0.560707482925, 0.338054778665, 0.429836601445, 0.87192997045, 0.224854099059, 0.276658903, 0.994029625689, 0.876987580232, 0.12225356065, 0.000423961467665, 0.0, 0.0, 0.286308323404, 1.90600572222, 5.69566525103e-99, 5.03951955023e-11, 0.00018104151705
0.987081153944, 0.604369864355, 0.842092679132, 0.999224763567, 0.798634084812, 0.999794493965, 0.656007629039, 0.482688974861, 0.630009454856, 0.219613979122, 0.175017602717, 0.635449977879, 0.568311588215, 0.416397805706, 0.652393479016, 0.667897266167, 0.510651039329, 0.00436135385297, 3.36225156382e-21, 0.136439369822, 3.68184493759e-11, 1.15924523772, 6.29904625684e-08, 2.47494597396e-22, 0.5324520958
0.987081153944, 0.96691777623, 0.992198767094, 0.173190735694, 0.522835432254, 0.994258872691, 0.999088633075, 0.183800155414, 0.237758480778, 0.0864527110115, 0.291488391177, 0.620624127685, 0.435112096247, 0.772275641558, 0.076646186737, 0.410786430555, 0.809204282797, 0.104247481696, 0.756795598704, 0.930190413444, 1.29758096319e-28, 1.34616716068e-76, 1.05098514198, 0.0869088646127, 0.729992249915
0.995850534785, 0.369439916844, 0.999490606499, 0.987555683581, 0.773730586512, 0.231959045609, 0.759666475966, 0.536877595173, 1.64331525487e-05, 0.0133745761061, 0.856606642944, 0.218925352536, 0.848027449228, 0.379986438334, 0.237459857808, 0.442066949991, 0.997260780402, 0.076874155836, 1.39378690758e-13, 4.19789484154e-65, 8.72723710981e-13, 0.0370428977309, 1.09136569584, 9.7677710862e-44, 1.84974263653
0.209550547904, 0.312396611075, 0.0104808114839, 0.96486399699, 0.997317537308, 0.00704026363083, 0.713081484557, 0.338495115507, 0.947689983326, 0.223274218331, 0.0649252935875, 0.377798246273, 0.419615986734, 0.988444124899, 0.116976444697, 0.849312069647, 0.910654692613, 0.791092085713, 2.56013527363e-15, 7.13245643145e-216, 2.03955157323, 0.0961562577156, 3.76702096372e-198, 1.01657279187e-50, 4.62793401719e-68
3.69882385609e-07, 0.979245594172, 0.986707930047, 0.821610145356, 0.992716428312, 0.999998227126, 0.00812823804004, 0.695196350037, 0.811958732471, 0.936145550483, 0.981217634238, 0.994660513134, 0.160020890079, 0.820750746544, 0.107584205482, 0.752719913558, 0.317358565216, 0.000413801205038, 6.49460879929e-213, 1.48604585229, 1.40172499342, 9.39576208614e-09, 0.892935634309, 0.435426929543, 0.0
0.687108081528, 0.995689327377, 0.992198767094, 0.987555683581, 0.878474213931, 0.994258872691, 0.99886990993, 0.482688974861, 0.887493616445, 0.621469131098, 0.315264365767, 0.584921452297, 0.482576695197, 0.764629283757, 0.116976444697, 0.410786430555, 0.808772816855, 0.0575494284544, 0.339449092058, 0.419217763696, 2.01095758458e-06, 0.261400142316, 0.525779644549, 1.30089129414, 1.20901439562e-16
0.97847266985, 0.73313250119, 0.00617138988654, 0.971393130441, 0.885358769886, 0.988007816733, 0.00814383231161, 0.446985635189, 0.312484616581, 0.312983597837, 0.0649252935875, 0.365497067342, 0.00192430627243, 0.0917326313771, 0.076646186737, 0.648918045549, 0.999917434139, 1.87629946928, 3.5670097151e-209, 0.953249623443, 1.70298615821e-05, 0.18191254994, 3.62406996224e-221, 1.09432275928e-13, 0.380540839764
0.992558031655, 0.73313250119, 0.0104808114839, 0.971393130441, 0.885358769886, 0.988007816733, 0.00814383231161, 0.446985635189, 0.312484616581, 0.312983597837, 0.0649252935875, 0.365497067342, 0.00192430627243, 0.0917326313771, 0.661246915938, 0.648918045549, 0.999917434139, 1.30231657077, 2.47581792572e-209, 0.661638933984, 1.18202191598e-05, 0.12626328158, 2.52233918315e-198, 7.59556076476e-14, 1.35020342837
0.992558031655, 0.942014463751, 0.992198767094, 0.159726333314, 0.982697598379, 0.994258872691, 0.995757330922, 0.482688974861, 0.257484076772, 0.0864527110115, 0.315264365767, 0.620624127685, 0.435112096247, 0.641705938632, 0.076646186737, 0.410786430555, 0.0517440902213, 0.296338454294, 0.489878327289, 0.697130728773, 0.253773699859, 3.20306852865e-80, 0.818233604069, 0.00497418691226, 1.14565228015
0.678990781543, 0.234074496418, 0.178656955741, 0.989241026738, 0.992613654827, 0.224483110908, 0.476034672255, 0.766684407286, 0.408677875123, 0.621832219356, 0.0417841062721, 0.165353833865, 0.402762317512, 0.331569232388, 0.148570304541, 0.175898874492, 0.776930989722, 1.11065771648, 1.01288166812e-32, 2.29122287844e-65, 1.03140829317, 0.893205913051, 4.40003174537e-75, 2.38162091418e-63, 4.24473581792e-17
0.989578204924, 0.272152789526, 0.694333824268, 0.999967046542, 0.839047501599, 0.999781387252, 0.997394771518, 0.482688974861, 0.0975505628835, 0.559221321614, 0.335549837258, 0.954164019915, 0.441003052741, 0.639396241871, 0.50885478561, 0.7180451275, 0.816573273619, 8.28498185758e-05, 0.000219659017767, 0.00690813324612, 2.59648653681e-10, 1.33750321199, 3.01475996963e-16, 6.36355091341e-57, 0.821836827272
0.990890247077, 0.995689327377, 0.992198767094, 0.173190735694, 0.878474213931, 0.994258872691, 0.995757330922, 0.482688974861, 0.811958732471, 0.621469131098, 0.315264365767, 0.584921452297, 0.435112096247, 0.772275641558, 0.076646186737, 0.410786430555, 0.808772816855, 0.158661487971, 0.26228396351, 0.373248213773, 1.79044494633e-06, 5.40163047164e-77, 0.421718307648, 1.04342129006, 0.891128741276
0.18963205528, 0.97912804388, 0.513768015777, 0.987555683581, 0.982697598379, 0.999313693649, 0.123235820179, 0.81868524057, 0.392480014051, 0.639578673815, 0.0620203956971, 0.71564504601, 0.937481329951, 0.483021274405, 0.686417198791, 0.951944264873, 0.112638316576, 0.172890113017, 3.2179998316e-92, 1.65283488958, 0.467501860796, 0.831870013904, 3.5916709297e-29, 0.369693549271, 1.89539696922e-72
0.0605233576963, 0.302156614216, 0.999999915803, 6.54473184202e-05, 4.21598025863e-05, 7.95962761913e-06, 2.52776298139e-05, 0.983603384169, 0.134067299204, 0.920979922075, 0.515509737966, 0.442511424447, 0.992120631785, 0.416397805706, 0.82113161079, 0.394353132917, 0.659546121445, 2.56240551863e-05, 0.0, 0.0, 0.0, 0.0, 1.93746233756, 3.21043356065e-52, 4.73864870166e-122
0.384447485992, 0.942014463751, 0.992198767094, 0.575709347979, 0.982697598379, 0.994258872691, 0.995757330922, 0.482688974861, 0.257484076772, 0.0864527110115, 0.163392403474, 0.620624127685, 0.435112096247, 0.641705938632, 0.076646186737, 0.410786430555, 0.0517440902213, 0.421709672839, 0.697130008403, 0.992064199893, 0.361137147042, 2.19516769179e-24, 1.16440178613, 0.0070786045652, 8.47021109221e-42
9.42129739656e-06, 0.927917569485, 0.986707930047, 0.48654595405, 0.997317537308, 0.999550199819, 0.00574842997275, 0.606533336605, 0.409423100071, 0.936145550483, 0.998674655943, 0.98272832585, 0.083429103525, 0.814141882862, 0.661246915938, 0.410786430555, 0.0518303418397, 0.0503012724291, 7.12235086859e-226, 0.726745841129, 1.87814014485, 1.63180328531e-31, 0.88053928231, 0.00194620405539, 0.0
0.974343172282, 0.998767034788, 0.509145293666, 0.989257729998, 0.229367073433, 0.224483110908, 0.476034672255, 0.86570101588, 0.926354405636, 0.621832219356, 0.0417841062721, 0.531591399554, 0.402762317512, 0.331569232388, 0.128852102653, 0.175898874492, 0.997260780402, 0.320842873722, 2.92597674619e-33, 6.61880363091e-66, 5.69533935338e-65, 0.189462026576, 2.82842264437e-30, 2.02105253286, 0.241062829332
0.974343172282, 0.998767034788, 0.178656955741, 0.989257729998, 0.992613654827, 0.224483110908, 0.476034672255, 0.766684407286, 0.926354405636, 0.621832219356, 0.0417841062721, 0.531591399554, 0.402762317512, 0.331569232388, 0.148570304541, 0.175898874492, 0.997260780402, 0.226369427494, 2.06441138371e-33, 4.6698708662e-66, 0.21021715455, 0.182424088852, 8.97271538682e-76, 1.94597658166, 0.232108078816
3.48312829157e-06, 0.992211541989, 0.987790998407, 0.991100329217, 0.992613654827, 0.278951275616, 0.995757330922, 0.403760446375, 0.00551393343688, 0.228860811696, 0.532869191398, 0.531591399554, 0.667088452367, 0.0663653272189, 0.155997388782, 0.511967983393, 0.997260780402, 0.391385675751, 0.647001283106, 4.24203866374e-56, 0.702214758347, 0.772362509673, 0.638394824125, 1.2582674771, 0.0
0.969338944828, 0.615661950616, 0.998772136062, 5.54543974208e-05, 0.00182278822604, 0.994258872691, 0.995757330922, 0.412281235359, 0.999687985918, 0.621469131098, 0.631892684511, 0.706422783341, 0.568311588215, 0.404510006128, 0.542518071317, 0.344735517775, 0.0286794439304, 0.0943408611726, 0.155955268702, 0.221935129745, 5.34452294614e-275, 0.0, 1.56395824214, 2.14673206971e-21, 0.11112663352
0.399647964232, 0.942014463751, 0.992198767094, 0.159726333314, 0.878474213931, 0.994258872691, 0.995757330922, 0.482688974861, 0.237758480778, 0.0864527110115, 0.315264365767, 0.320335757616, 0.435112096247, 0.772275641558, 0.50464585507, 0.410786430555, 0.479385171964, 0.344753432847, 0.569913329043, 0.811026069701, 3.89043396392e-06, 3.58714101946e-80, 0.916346090757, 0.00557063008544, 3.22039304674e-40
0.992558031655, 0.993937213997, 0.658249103615, 0.00313015162949, 0.999548791301, 0.994618494643, 0.997914645214, 0.442033179131, 0.693862099228, 0.00235846233113, 0.38060724732, 0.531591399554, 0.745186006794, 0.641705938632, 0.449210804583, 0.428450189423, 0.944298333356, 0.00943857601623, 0.0309564142199, 0.0421281919699, 0.765179296682, 4.33975131681e-251, 8.31677368574e-19, 0.882151928568, 1.07649871986
0.96626063912, 0.604369864355, 0.184602028109, 0.987555683581, 0.884690487281, 0.994258872691, 0.129344395813, 0.338495115507, 0.667881964066, 0.920178493136, 0.226014044203, 0.530310478206, 0.402762317512, 0.852194827997, 0.427344762117, 0.394353132917, 0.85083212991, 0.902104016516, 2.11903506891e-89, 1.09841937958, 1.06651106095e-05, 0.684911296743, 1.04187542056e-73, 3.34540798994e-22, 0.0801624786191
0.997943966936, 0.998767034788, 0.00010985396784, 2.65787952367e-05, 0.0790594822623, 0.413689970872, 0.997903847664, 0.287411820559, 0.926354405636, 0.898429185403, 0.429836601445, 0.448546228259, 0.509629920667, 0.363147190349, 0.172044742828, 0.954858451371, 0.613738052122, 0.026614869356, 0.0868613519795, 6.63638393028e-40, 8.90899796862e-112, 0.0, 0.0, 0.492763952088, 1.66576680679
0.997106497727, 0.909604533192, 0.986007185826, 0.412621043086, 0.755387388449, 0.379580613776, 0.75337030105, 0.73901537658, 0.205219811434, 0.639578673815, 0.468708256035, 0.848607239809, 0.423408069663, 0.730144121125, 0.966554586132, 0.279255777862, 0.997260780402, 0.663384168919, 5.23280497349e-13, 8.87743193888e-43, 6.83688004619e-13, 3.74129747194e-39, 0.267907167482, 8.62887208477e-05, 1.71529072507
3.48312829157e-06, 0.0667814986669, 0.987790998407, 0.285436329829, 0.992613654827, 0.278951275616, 0.995757330922, 0.601043615438, 0.00551393343688, 0.228860811696, 0.532869191398, 0.531591399554, 0.667088452367, 0.152991623092, 0.155997388782, 0.511967983393, 0.997260780402, 0.626859422617, 1.03626391023, 6.79422388765e-56, 1.12469608686, 9.23132764383e-55, 0.818589356028, 8.46431832824e-118, 0.0
0.988558151849, 0.72685855639, 0.995441235053, 0.997839706673, 0.986102752935, 0.999942998223, 0.123235820179, 0.721334093195, 0.651730275709, 0.211884297837, 0.326765598833, 0.354451862934, 0.602012562105, 0.886496948318, 0.427344762117, 0.364317611256, 0.250765081181, 0.00172841649243, 3.21709777645e-94, 0.193576857695, 0.0790218935552, 0.663038230175, 1.07018028322, 2.79911759093e-14, 0.692187963967
0.0605233576963, 0.149674855866, 0.000416667656249, 0.999003183435, 0.00664593373495, 1.45075988616e-05, 0.123235820179, 0.983603384169, 0.67545042244, 0.639578673815, 0.264349885133, 0.327119658806, 0.364849383882, 0.416397805706, 0.661246915938, 0.313439129772, 0.170251946021, 0.232380099726, 4.32528563222e-92, 0.0, 6.57535919716e-219, 1.54699419474, 0.0, 8.04153060478e-83, 3.82609039742e-122
0.18963205528, 0.97912804388, 0.513768015777, 0.899697654521, 0.991094779721, 0.988007816733, 0.99999998238, 0.534878129192, 0.392480014051, 0.77035403346, 0.532869191398, 0.377798246273, 0.937481329951, 0.483021274405, 0.686417198791, 0.951944264873, 0.0047828400848, 3.44935472052e-06, 1.24628671023, 0.633173092401, 1.04548796231, 7.04251908084e-05, 3.27171612505e-29, 0.33676034641, 1.7265503853e-72
0.987985305289, 0.992211541989, 0.986786969561, 0.407432757375, 0.322719940525, 0.489828107189, 0.999874530393, 0.613350461075, 0.452662588725, 0.397580004263, 0.568167852222, 0.999568329858, 0.456723076752, 0.379986438334, 0.427344762117, 0.394353132917, 0.708841399387, 0.0163159748493, 0.832901569986, 1.32180404889e-31, 9.98566410355e-50, 1.32553494429e-39, 0.367429699515, 0.796470812047, 0.612955359221
9.42129739656e-06, 0.927917569485, 0.986707930047, 0.48654595405, 0.999769035853, 0.988007816733, 0.00574842997275, 0.606533336605, 0.409423100071, 0.312983597837, 0.531749094435, 0.98272832585, 0.083429103525, 0.814141882862, 0.661246915938, 0.410786430555, 0.0518303418397, 0.0526013148314, 7.44802272956e-226, 0.0267239768367, 1.64422662268, 1.33274641658e-31, 0.719164855052, 0.00158952767414, 0.0
0.989578204924, 0.604369864355, 0.178656955741, 0.99622452077, 0.983288067696, 0.224483110908, 0.129344395813, 0.766684407286, 0.17958655163, 0.939865014254, 0.825875644241, 0.755123034076, 0.419615986734, 0.57488159878, 0.661246915938, 0.7180451275, 0.997260780402, 0.725167915297, 1.70341359226e-89, 1.49597962863e-65, 0.217350275526, 1.40330878647, 3.98780120144e-75, 3.38080914414e-22, 0.979728273101
3.48312829157e-06, 0.996265039158, 0.0583266673389, 0.285436329829, 0.992613654827, 0.599323748203, 0.995757330922, 0.165060683153, 0.00551393343688, 0.228860811696, 0.532869191398, 0.531591399554, 0.667088452367, 0.152991623092, 0.300616095335, 0.511967983393, 0.997260780402, 0.33360220686, 0.551479191135, 5.90897472817e-23, 0.598541049374, 4.91273029186e-55, 5.33475301401e-124, 1.64772120472, 0.0
0.98043201527, 0.33600987162, 0.00678363696728, 0.309876827177, 0.704545641201, 3.92421410206e-05, 2.52776298139e-05, 0.00144534163713, 0.000132906715156, 0.338054778665, 0.429836601445, 0.620122262001, 0.937481329951, 0.589788808943, 0.427344762117, 0.850814920127, 0.12225356065, 1.96694585158, 0.0, 0.0, 1.90908612803e-15, 4.06277096187e-51, 4.32685259953e-217, 1.33387751286e-47, 0.435109750767
0.724645943175, 0.984163138822, 0.993969020788, 0.173190735694, 0.522835432254, 0.994258872691, 0.999088633075, 0.183800155414, 0.237758480778, 0.0911516312606, 0.291488391177, 0.620624127685, 0.435112096247, 0.772275641558, 0.219589933525, 0.410786430555, 0.997260780402, 0.0971738974829, 0.705444167357, 0.867073490938, 1.20953520835e-28, 1.25482464937e-76, 1.29759238034, 0.56522633805, 2.92050213662e-14
0.0185062799023, 0.994311267161, 0.0104808114839, 0.984848910226, 0.542964743441, 0.988007816733, 0.00814383231161, 0.766684407286, 0.112291656308, 0.920178493136, 0.702375788922, 0.411563898721, 0.3575907123, 0.683222163218, 0.0157769952669, 0.598843857006, 0.777914381986, 0.966015041812, 1.83647924838e-209, 0.490781716845, 5.10653750217e-27, 0.384819211515, 1.97810413645e-198, 1.41346751638, 1.54384393731e-173
2.12694758683e-06, 0.489532608759, 0.998548781362, 0.0750904971783, 0.229367073433, 0.721126857277, 0.647558947083, 0.667279232524, 0.999687985918, 0.841622323194, 0.0199893970306, 0.699938223478, 0.983573433133, 0.116146863422, 0.516368050595, 0.729357917398, 0.997260780402, 0.494413418797, 1.0426557687e-19, 4.91334405624e-15, 8.77642120656e-65, 2.81001157507e-113, 2.29340164489, 3.50450818363e-31, 0.0
2.12694758683e-06, 0.489532608759, 0.998548781362, 0.0750904971783, 0.995856168814, 0.721126857277, 0.647558947083, 0.667279232524, 0.999859235802, 0.841622323194, 0.0199893970306, 0.699938223478, 0.983573433133, 0.116146863422, 0.516368050595, 0.729357917398, 0.997260780402, 0.251575504041, 5.30541123236e-20, 2.50008790312e-15, 0.425664263781, 2.81021659551e-113, 2.29356897309, 3.50476387502e-31, 0.0
0.907333379062, 0.507360948294, 0.0107402606544, 0.999003183435, 0.995687287493, 3.92421410206e-05, 2.52776298139e-05, 0.00144534163713, 0.31457907325, 0.628253316154, 0.429836601445, 0.946138335742, 0.937481329951, 0.589788808943, 0.99314750467, 0.850814920127, 0.12225356065, 0.172073360929, 0.0, 0.0, 0.279886542778, 2.18721996076, 4.38873916322e-197, 1.18184705405e-29, 0.000207752587099
0.908099160957, 0.369439916844, 0.999490606499, 0.172659053564, 0.998703052549, 0.998219159757, 0.759666475966, 0.534878129192, 0.801425306689, 0.828065487808, 0.423146245089, 0.531591399554, 0.519392414783, 0.660927490002, 0.00576915073287, 0.175898874492, 0.265529579025, 0.00615101704225, 1.11522616782e-14, 0.0234571785531, 0.125294380662, 1.04947662809e-77, 1.63217927987, 1.46080765028e-43, 0.000167316470629
6.69232258055e-07, 0.999779752363, 0.572693907178, 6.54473184202e-05, 0.370964635224, 0.0271245705199, 0.999872963811, 0.663809952449, 0.0644364843566, 0.363301250188, 0.00725918450201, 0.846010748702, 0.91070465058, 0.999630045713, 0.475115001803, 0.541358232532, 0.0121261037314, 0.0015308367152, 0.0771885407699, 2.63054143147e-158, 1.03994182709e-44, 0.0, 7.51647770494e-26, 2.25509081274, 0.0
0.995850534785, 0.797504255867, 0.184602028109, 0.998643866318, 0.992622099494, 0.369846044148, 0.999874530393, 0.536877595173, 1.64331525487e-05, 0.397580004263, 0.766631722042, 0.218925352536, 0.482576695197, 0.379986438334, 0.237459857808, 0.667974569892, 0.997260780402, 0.00256185038117, 0.130777916996, 1.30267294247e-44, 0.121625006996, 0.884140348304, 5.95626226947e-74, 2.11167920055e-10, 1.52413916907
9.42129739656e-06, 0.976603870791, 0.986707930047, 0.15616277875, 0.997317537308, 0.999610191415, 0.0552014500181, 0.734796024766, 0.595520540826, 0.920178493136, 0.596022961443, 0.176461951722, 0.219496503049, 0.772537654729, 0.670860466417, 0.596808503955, 0.250765081181, 0.0316448454511, 7.7888158853e-128, 0.526214800957, 1.35910995049, 5.21868006684e-81, 0.637199361115, 0.235924321773, 0.0
0.98347047487, 0.615661950616, 0.998772136062, 5.54543974208e-05, 0.00182278822604, 0.994258872691, 0.995757330922, 0.412281235359, 0.392480014051, 0.621469131098, 0.102365634205, 0.706422783341, 0.281265717239, 0.994127570354, 0.542518071317, 0.394353132917, 0.192814927948, 0.0927144458868, 0.153266634851, 0.218109017889, 5.25238456934e-275, 0.0, 1.53699595285, 2.10972289035e-21, 0.477677595298
0.96626063912, 0.614234268893, 0.992198767094, 0.173190735694, 0.740072174931, 0.994258872691, 0.00812823804004, 0.183800155414, 0.667881964066, 0.920178493136, 0.226014044203, 0.530310478206, 0.402762317512, 0.863003298328, 0.427344762117, 0.638068609676, 0.997260780402, 0.856346527649, 1.34403564465e-209, 1.04270417201, 1.79320581736e-13, 1.50899653918e-76, 1.17810996159, 1.91723549605e-21, 0.0910066962487
0.994652853608, 0.991462948411, 0.0319702730614, 0.0780012021858, 0.995472275997, 0.994618494643, 0.906411757478, 0.139495173262, 0.801425306689, 0.251430528262, 0.137677982032, 0.531591399554, 0.64167145957, 0.416397805706, 0.50464585507, 0.198539430712, 0.479385171964, 0.241495805364, 2.04919129365e-05, 0.314361223123, 0.614378605737, 1.86322677577e-111, 3.42586822964e-150, 0.575058795893, 1.21885779399
0.96626063912, 0.614234268893, 0.00678363696728, 0.173190735694, 0.740072174931, 0.994258872691, 0.0027860393706, 0.183800155414, 0.347275306824, 0.338054778665, 0.226014044203, 0.530310478206, 0.402762317512, 0.863003298328, 0.427344762117, 0.638068609676, 0.997260780402, 1.03847398404, 5.14328309753e-256, 1.26446610188, 2.17458415399e-13, 1.82992935376e-76, 3.59938611813e-217, 1.75134972817e-21, 0.083132485845
0.992397487791, 0.369439916844, 0.184602028109, 0.987555683581, 0.884690487281, 0.994258872691, 0.129344395813, 0.633106938279, 0.667881964066, 0.920178493136, 0.226014044203, 0.218925352536, 0.187875220668, 0.379986438334, 0.427344762117, 0.394353132917, 0.85083212991, 0.692136687596, 1.62582350443e-89, 0.842759079945, 8.18277515117e-06, 0.525496203925, 7.99375891553e-74, 1.08015485934e-43, 1.08835792334
0.997551807533, 0.73313250119, 0.0104808114839, 0.971393130441, 0.885358769886, 0.999550199819, 0.00814383231161, 0.36529895244, 0.312484616581, 0.936145550483, 0.0649252935875, 0.365497067342, 0.00192430627243, 0.0917326313771, 0.661246915938, 0.648918045549, 0.999917434139, 0.0498467471123, 9.47630344341e-211, 0.720178922087, 5.84154094878e-06, 0.0623991924097, 1.24653760018e-198, 3.75371883012e-14, 2.03883542402
0.687108081528, 0.99261691855, 0.184602028109, 0.987555683581, 0.995687287493, 0.369846044148, 0.999874530393, 0.536877595173, 0.392480014051, 0.841622323194, 0.744154270105, 0.218925352536, 0.482576695197, 0.379986438334, 0.237459857808, 0.871930987155, 0.999588204243, 0.0117780106158, 0.601246546641, 5.98898977792e-44, 0.978147352108, 0.553285857295, 8.41649039812e-74, 1.18421100194, 1.37760213172e-16
2.12694758683e-06, 0.335167316346, 0.998548781362, 0.0750904971783, 0.695852719598, 0.721126857277, 2.52776298139e-05, 0.667279232524, 0.999687985918, 0.841622323194, 0.0199893970306, 0.901319041902, 0.983573433133, 0.116146863422, 0.994029625689, 0.729357917398, 0.12225356065, 0.549269536316, 0.0, 5.45848900723e-15, 1.54041692844e-16, 3.12178775131e-113, 2.54785895807, 1.37507349775e-47, 0.0
0.687108081528, 0.418243501351, 0.184602028109, 0.987555683581, 0.992622099494, 0.369846044148, 0.999874530393, 0.536877595173, 0.921893058007, 0.77035403346, 0.744154270105, 0.612943913072, 0.482576695197, 0.379986438334, 0.116976444697, 0.871930987155, 0.999588204243, 0.0242163532209, 1.23620186984, 1.23137511613e-43, 1.14968233569, 0.813558895671, 1.23757196094e-73, 4.0911350946e-38, 1.48398433366e-16
0.994205345991, 0.369439916844, 0.184602028109, 0.987555683581, 0.884690487281, 0.994258872691, 0.129344395813, 0.633106938279, 0.667881964066, 0.920178493136, 0.226014044203, 0.218925352536, 0.187875220668, 0.379986438334, 0.427344762117, 0.394353132917, 0.85083212991, 0.594114445154, 1.39557004645e-89, 0.723405292846, 7.0239087248e-06, 0.451074030926, 6.86166147223e-74, 9.27180449233e-44, 1.25308033173
0.907888717279, 0.418243501351, 0.184602028109, 0.173190735694, 0.992622099494, 0.369846044148, 0.770886266816, 0.536877595173, 0.921893058007, 0.77035403346, 0.744154270105, 0.612943913072, 0.275629644246, 0.379986438334, 0.076646186737, 0.871930987155, 0.999588204243, 1.43296043125, 1.12560227546e-11, 1.42709164234e-43, 1.33241449426, 2.18832326514e-76, 1.29208943777e-73, 4.271357635e-38, 0.000195392401332
0.990890247077, 0.995689327377, 0.992198767094, 0.173190735694, 0.00664593373495, 0.994258872691, 0.995757330922, 0.482688974861, 0.811958732471, 0.621469131098, 0.315264365767, 0.0661696868365, 0.49729767979, 0.772275641558, 0.076646186737, 0.410786430555, 0.808772816855, 0.177181680513, 0.292899770578, 0.416816623936, 1.52618482206e-218, 6.03215043996e-77, 0.470944520988, 1.16521747034, 0.99514816072
0.687108081528, 0.99261691855, 0.184602028109, 0.987555683581, 0.992622099494, 0.369846044148, 0.999874530393, 0.536877595173, 0.921893058007, 0.77035403346, 0.744154270105, 0.218925352536, 0.482576695197, 0.379986438334, 0.237459857808, 0.871930987155, 0.999588204243, 0.0176316929817, 0.900066646438, 8.96552333662e-44, 0.837072608927, 0.592344377379, 9.01064196538e-74, 1.26780889008, 1.47485222373e-16
0.687108081528, 0.99261691855, 0.184602028109, 0.987555683581, 0.999990568626, 0.369846044148, 0.999874530393, 0.536877595173, 0.392480014051, 0.841622323194, 0.744154270105, 0.218925352536, 0.482576695197, 0.379986438334, 0.0883977065453, 0.871930987155, 0.999588204243, 3.52240863878e-05, 0.00179812711926, 1.79110632682e-46, 1.21453851169, 0.585243177178, 8.90261971518e-74, 1.25261002082, 1.45717125754e-16
0.977116620462, 0.139745418002, 0.149752858849, 6.54473184202e-05, 0.88816186753, 9.74849356772e-06, 0.99999998238, 0.983603384169, 0.451290292584, 0.77035403346, 0.0180876847425, 0.365497067342, 0.805418934279, 0.416397805706, 0.661246915938, 0.175898874492, 0.160659451362, 5.21223799353e-06, 1.88323424762, 0.0, 2.09043437409e-05, 0.0, 1.01985028648e-82, 1.01107163591e-85, 0.294556645497
3.69882385609e-07, 0.979245594172, 0.986707930047, 0.173190735694, 0.998396075485, 0.999998227126, 0.00812823804004, 0.62232458353, 0.811958732471, 0.936145550483, 0.981217634238, 0.994660513134, 0.160020890079, 0.820750746544, 0.107584205482, 0.410786430555, 0.317358565216, 0.000126746884918, 1.98929201763e-213, 0.45517432122, 1.91848882338, 2.20514216344e-76, 0.861863256866, 0.420274941669, 0.0
0.724645943175, 0.96691777623, 0.184602028109, 0.820240708509, 0.522835432254, 0.994258872691, 0.999088633075, 0.375503673563, 0.237758480778, 0.0911516312606, 0.291488391177, 0.620624127685, 0.435112096247, 0.772275641558, 0.076646186737, 0.410786430555, 0.910943764592, 0.150807394776, 1.094802203, 1.34564011154, 1.87711781029e-28, 6.77832364803e-09, 1.14983931967e-73, 0.0947049064908, 2.81979966595e-14
0.940359428591, 0.998767034788, 0.986786969561, 0.721644259536, 0.998997450841, 0.859117067731, 0.241979897005, 0.734796024766, 0.452662588725, 0.10555664278, 0.924425753101, 0.999866757895, 0.610741777481, 0.732013530267, 0.692159116529, 0.342121942762, 0.218188794727, 0.0458434624837, 1.71919857656e-63, 1.83076244984e-08, 0.303502546723, 3.27715511312e-15, 0.135381167875, 1.81964517692, 0.00620518388381
3.69882385609e-07, 0.569486942227, 0.986707930047, 0.821610145356, 0.992716428312, 0.99982852965, 0.00812823804004, 0.695196350037, 0.811958732471, 0.936145550483, 0.981217634238, 0.979258258843, 0.160020890079, 0.814141882862, 0.300990277606, 0.752719913558, 0.317358565216, 0.0380554233235, 5.97279766633e-211, 1.4245758054, 1.34422218296, 9.01032077002e-09, 0.856304833854, 1.18714889235e-24, 0.0
6.69232258055e-07, 0.823710912735, 0.572693907178, 6.54473184202e-05, 0.370964635224, 0.0271245705199, 0.999872963811, 0.663809952449, 0.0644364843566, 0.363301250188, 0.00725918450201, 0.846010748702, 0.91070465058, 0.98642349134, 0.535378582588, 0.541358232532, 0.0121261037314, 0.0444956702766, 2.24358079809, 7.64599535806e-157, 3.02272007103e-43, 0.0, 2.18475759224e-24, 1.33238259529e-08, 0.0
6.69232258055e-07, 0.823710912735, 0.572693907178, 0.00778772635755, 0.370964635224, 0.0271245705199, 0.999872963811, 0.663809952449, 0.0644364843566, 0.363301250188, 0.00725918450201, 0.508916164637, 0.91070465058, 0.98642349134, 0.535378582588, 0.541358232532, 0.849616059624, 0.0398273688924, 2.00819359569, 6.84380920171e-157, 2.70558880402e-43, 4.36595394467e-211, 1.9555418769e-24, 1.19259453333e-08, 0.0
0.96626063912, 0.879443259534, 0.0104808114839, 0.771487410371, 0.885358769886, 0.991164901582, 0.00814383231161, 0.695196350037, 0.452662588725, 0.920178493136, 0.0649252935875, 0.00121849714865, 0.382202451877, 0.264242894422, 0.661246915938, 0.648918045549, 0.999917434139, 1.61202931933, 3.06460900152e-209, 1.21713073758, 1.63448804029e-05, 1.71528673852e-11, 3.47490825837e-198, 8.36055013696e-06, 0.102625324392
0.580962446814, 0.992211541989, 0.986786969561, 0.407432757375, 0.370964635224, 0.489828107189, 0.999930543561, 0.196754070546, 0.452662588725, 0.397580004263, 0.568167852222, 0.320335757616, 0.456723076752, 0.772275641558, 0.427344762117, 0.238364339222, 0.708841399387, 0.0099954812442, 0.919277276699, 1.45868756536e-31, 1.23834888857e-43, 1.4628048252e-39, 0.405480021246, 0.878951816408, 5.45000587867e-24
2.12694758683e-06, 0.991462948411, 0.0319702730614, 0.296994442482, 0.995472275997, 0.994618494643, 0.906411757478, 0.139495173262, 0.801425306689, 0.251430528262, 0.0628530472809, 0.531591399554, 0.64167145957, 0.416397805706, 0.50464585507, 0.198539430712, 0.479385171964, 0.413587004894, 3.50945594403e-05, 0.538376708159, 1.05218807852, 3.70361340658e-53, 5.86716021059e-150, 0.984848762373, 0.0
0.166877380742, 0.707012989243, 0.978975611211, 0.107533212031, 0.994521603417, 0.149000027689, 0.129344395813, 0.956575109831, 0.388592486761, 0.77035403346, 0.484068187246, 0.707957727115, 0.419615986734, 0.995687150776, 0.00904720150886, 0.366160617811, 0.997260780402, 1.26883301987, 2.98047854401e-89, 4.15106239079e-83, 1.62166601035, 4.61371988904e-97, 0.390944838394, 2.88548472524e-15, 5.7177737238e-78
7.81547021467e-06, 0.940019532374, 0.986707930047, 0.987555683581, 0.582271925563, 0.999550199819, 0.129344395813, 0.734796024766, 0.327285741514, 0.558348893093, 0.991910806496, 0.979258258843, 0.723202461791, 0.814141882862, 0.661246915938, 0.220366231999, 0.0518303418397, 0.114767703923, 2.69588412132e-90, 1.65814794525, 8.49896495887e-24, 0.800913582173, 0.806469218635, 0.00651293620442, 0.0
3.48312829157e-06, 0.991462948411, 0.0583266673389, 0.285436329829, 0.992613654827, 0.599323748203, 0.995757330922, 0.601043615438, 0.00551393343688, 0.228860811696, 0.532869191398, 0.531591399554, 0.667088452367, 0.152991623092, 0.300616095335, 0.511967983393, 0.997260780402, 0.526418067332, 0.870223889417, 9.32425203538e-23, 0.944486624943, 7.75219687517e-55, 8.41814086833e-124, 1.09163160558, 0.0
0.977116620462, 0.139745418002, 0.000416667656249, 6.54473184202e-05, 0.88816186753, 9.74849356772e-06, 0.99999998238, 0.983603384169, 0.633258436393, 0.77035403346, 0.0180876847425, 0.365497067342, 0.805418934279, 0.416397805706, 0.661246915938, 0.175898874492, 0.160659451362, 5.25430813512e-06, 1.89843461482, 0.0, 2.10730713972e-05, 0.0, 0.0, 1.01923241577e-85, 0.296934134744
0.992558031655, 0.909604533192, 0.998772136062, 5.54543974208e-05, 0.997258511345, 0.379580613776, 0.995757330922, 0.412281235359, 0.118369832885, 0.621469131098, 0.102365634205, 0.706422783341, 0.225091673133, 0.990084021745, 0.619568692253, 0.394353132917, 0.0517440902213, 0.0483876219063, 0.0799897783682, 1.25103993022e-43, 0.236047099513, 0.0, 1.38259769779, 0.000169542558294, 1.29450518607
0.858960410503, 0.287717433502, 0.0107402606544, 0.309876827177, 0.999990568626, 3.92421410206e-05, 2.52776298139e-05, 0.00144534163713, 0.000132906715156, 0.338054778665, 0.429836601445, 0.903033697631, 0.992938779994, 0.416397805706, 0.92623054044, 0.587322847175, 0.12225356065, 0.00336727089361, 0.0, 0.0, 2.27397477725, 4.69695127322e-51, 4.51219781255e-197, 2.81529404358e-54, 8.9170409652e-07
0.994652853608, 0.991462948411, 0.0583266673389, 0.00109396574577, 0.995472275997, 0.994618494643, 0.906411757478, 0.251264221322, 0.801425306689, 0.251430528262, 0.226014044203, 0.531591399554, 0.64167145957, 0.416397805706, 0.076646186737, 0.198539430712, 0.0517440902213, 0.281724218416, 2.39054593398e-05, 0.366727570075, 0.716721900207, 1.06518009084e-296, 5.17329125074e-124, 0.670852189635, 1.42189533626
0.96626063912, 0.879443259534, 0.0104808114839, 0.771487410371, 0.885358769886, 0.988007816733, 0.00814383231161, 0.695196350037, 0.452662588725, 0.920178493136, 0.0649252935875, 0.00121849714865, 0.382202451877, 0.264242894422, 0.661246915938, 0.648918045549, 0.999917434139, 1.80083028141, 3.42353617545e-209, 0.914907676386, 1.63448804029e-05, 1.71528673852e-11, 3.47490825837e-198, 8.36055013696e-06, 0.102625324392
9.42129739656e-06, 0.976603870791, 0.987190723306, 0.765918311351, 0.997317537308, 0.711924254523, 0.104091222122, 0.734796024766, 0.595520540826, 0.219613979122, 0.981217634238, 0.379161482995, 0.083429103525, 0.451250138088, 0.424635185775, 0.596808503955, 0.115936288108, 0.56099005487, 4.85831640742e-99, 1.54331278707e-15, 1.44631474596, 6.38353639108e-12, 0.716609416105, 0.253404195201, 0.0
1.91751199585e-07, 2.55822084267e-05, 0.00010985396784, 5.54543974208e-05, 0.0790594822623, 0.319916176522, 0.997903847664, 0.287411820559, 0.926354405636, 0.898429185403, 0.429836601445, 0.448546228259, 0.509629920667, 0.363147190349, 0.0655518095822, 0.534498758468, 0.613738052122, 0.473128836425, 1.54412219135, 8.08923427743e-50, 1.58374019659e-110, 0.0, 0.0, 0.0, 0.0
