0.128690680854, 1.06955701992, 3.59554031579, 0.872337324853, 87.2109794161, 3.98570840058, 0.856186921264, 1.96781659199, 17.1936556038, 180.781043336, 0.0, 0.0
0.127710786747, 0.874372752871, 2.49451936103, 0.751702301202, 94.525327293, 4.0133202194, 0.977269339778, 1.5884474766, 13.453518986, 102.538519526, 0.0397709026682, 0.375
0.125913852182, 1.065878707, 3.38673775678, 0.832047612967, 86.6960378664, 6.84964675102, 0.986689866912, 0.623715448593, 17.0741485011, 107.059458965, 0.0330297004665, 0.0
0.127710786747, 0.874372752871, 2.49451936103, 0.751702301202, 94.525327293, 3.57495687482, 0.977269339778, 1.5884474766, 13.453518986, 77.2903413515, 0.0368584571023, 0.5
0.110394951193, 0.960425149103, 3.96597579398, 0.79777473314, 84.7062362062, 1.75882945427, 0.830504522193, 1.50937654372, 14.3293455279, 133.1467807, 0.00663516315627, 0.142857142857
0.153319502178, 0.932668836249, 3.71716293565, 0.87284184612, 90.9540618265, 3.47536765259, 0.013180410097, 1.98199990158, 15.2865916371, 110.136627152, 0.00709627962464, 0.0
0.122707495167, 0.964981294509, 4.07436166956, 0.854217839196, 93.06799259, 4.59692868077, 0.555890682659, 2.2364779508, 17.2954146324, 90.268350443, 0.0431955896331, 0.25
0.181774814532, 1.10381482659, 2.41252094718, 0.867343016039, 88.2166113969, 4.36579319211, 0.985375587662, 2.02460219612, 18.4947735269, 104.631149716, 0.0563992844814, 0.0
0.150146334415, 0.968549754675, 2.41252094718, 0.867343016039, 88.2166113969, 4.36579319211, 0.985375587662, 2.02460219612, 10.8232494289, 88.7814942054, 0.0665545683922, 0.55
0.130718210301, 0.932575648535, 2.04464552901, 0.843719980238, 92.6357889139, 3.98257194785, 0.56500719553, 1.5384498005, 13.2254556804, 92.0478632148, 0.0599149492616, 0.619047619048
0.123041017845, 0.96442803117, 4.34898379917, 0.674582513228, 87.7437702374, 3.31451485997, 0.705039898848, 1.74982735856, 18.5012846797, 192.700743088, 0.00702063361597, 0.0
0.122531479453, 1.01814562849, 4.86530714776, 0.864487986075, 91.8499950989, 3.3617260666, 0.851801878053, 3.11427975657, 14.062084568, 326.839855962, 0.0, 0.0
0.128690680854, 1.06955701992, 3.59554031579, 0.872337324853, 87.2109794161, 3.98570840058, 0.856186921264, 1.98199990158, 17.1936556038, 345.020030419, 0.00232010578382, 0.0
0.122416688262, 0.955048446808, 4.70155684329, 0.823521191252, 88.3773091615, 5.19959311897, 0.574308345451, 1.6491703479, 14.062084568, 133.764373069, 0.0200912445727, 0.0
0.112259094029, 0.928209404061, 3.22653202365, 0.861066083488, 85.5076169603, 3.61664603714, 0.0302782954288, 3.74162174359, 13.8447924212, 137.235976714, 0.0186943098711, 0.0
0.127710786747, 1.01646087248, 2.49451936103, 0.751702301202, 94.525327293, 4.0133202194, 0.977269339778, 1.5884474766, 17.1936556038, 123.712900928, 0.0253741331848, 0.272727272727
0.127710786747, 0.85947558292, 2.49451936103, 0.751702301202, 94.525327293, 3.57495687482, 0.977269339778, 1.5884474766, 13.453518986, 127.074963598, 0.0194819395457, 0.333333333333
0.126941527161, 0.946630302644, 4.04414865403, 0.805097114141, 89.1784307059, 2.46998234054, 0.488166049934, 4.56510573229, 17.6774359334, 145.773536283, 0.0130671694635, 0.0
0.124571528981, 0.994870124647, 3.32991573558, 0.805229316665, 84.9668859553, 3.29884763275, 0.519759114965, 0.688001943526, 14.57841192, 187.240936448, 0.00710028538561, 0.0
0.135003211307, 0.946630302644, 4.04414865403, 0.790042468266, 89.1784307059, 5.49125114668, 0.488166049934, 2.08752038709, 17.6774359334, 131.520123846, 0.0573802570049, 0.0
0.12482334662, 0.912991715949, 3.21508669937, 0.823271062358, 86.7140341884, 3.52165403469, 0.542925653722, 3.24810647297, 17.2949222638, 156.628695643, 0.0149928138445, 0.0
0.100017166163, 0.912991715949, 3.62518600518, 0.81192365288, 86.7140341884, 7.06221965585, 0.542925653722, 2.65199585949, 17.2949222638, 165.799589007, 0.013934725116, 0.0
0.130718210301, 0.932575648535, 4.12109144144, 0.843719980238, 92.6357889139, 3.98257194785, 0.56500719553, 1.5384498005, 13.2254556804, 126.033317545, 0.0420556390905, 0.5
0.118800932819, 0.994870124647, 3.52121161943, 0.805229316665, 84.9668859553, 3.29884763275, 0.519759114965, 0.74908077878, 15.223935145, 157.474476019, 0.0141849120181, 0.4
0.135502315354, 1.08299506311, 2.4555095688, 0.76978297501, 84.3895763131, 4.80603172978, 0.719492652347, 4.16473850111, 14.9097264799, 137.399630785, 0.0328932287268, 0.0
0.130718210301, 0.932575648535, 2.04464552901, 0.843719980238, 92.6357889139, 3.98257194785, 0.56500719553, 1.5384498005, 17.2954146324, 125.280730848, 0.0514186133849, 0.538461538462
0.153319502178, 0.932668836249, 2.69366404571, 0.87284184612, 90.3885772006, 3.47536765259, 0.285526322163, 2.00461723342, 15.2865916371, 126.376647921, 0.0747623768821, 0.444444444444
0.137286489302, 1.00343123721, 3.13529841322, 0.850254105002, 89.5935710144, 5.73688336129, 0.611667676594, 1.88346337235, 16.4374039309, 124.610384898, 0.0675822483068, 0.454545454545
0.130053065761, 0.977967686653, 4.05675633653, 0.816115026355, 87.8759571253, 3.96590473868, 0.738524703588, 2.92066001366, 16.011577321, 219.744950216, 0.00796917390101, 0.0
0.124860431716, 0.96442803117, 4.34898379917, 0.762228874037, 87.7437702374, 3.31451485997, 0.705039898848, 4.99072839686, 14.9869344382, 222.166780581, 0.00748532206347, 0.0
0.131538994872, 0.953022489669, 2.04464552901, 0.845075998655, 89.9665266522, 3.84052001103, 0.818430667255, 2.34468196965, 17.4202179962, 127.00357958, 0.066606078169, 0.52380952381
0.135502315354, 1.08299506311, 2.4555095688, 0.864588603197, 84.3895763131, 7.78155721977, 0.980961698269, 4.3179859762, 14.9097264799, 136.461983504, 0.106226404538, 0.2
0.142846073149, 1.0166964357, 3.43651207829, 0.870064765976, 90.4811965803, 3.36082720779, 0.941222727431, 1.65457876352, 15.4061755251, 148.833831535, 0.0269476027764, 0.0
0.135502315354, 1.00585118094, 3.35424592043, 0.864588603197, 84.3895763131, 4.80603172978, 0.719492652347, 2.29543625321, 14.9097264799, 170.048013558, 0.0182157384603, 0.0
0.126251444901, 0.918492718043, 4.22500503339, 0.789616039726, 91.0329311462, 4.87040993507, 0.64065316019, 2.32411437781, 16.4999263832, 178.198104867, 0.017172563347, 0.0
0.124860431716, 1.06096003981, 4.61223421208, 0.805325266504, 95.182274787, 1.56792480789, 0.672224992688, 2.37081952575, 14.9408009601, 177.951429445, 0.015861285601, 0.1
0.124227045159, 1.07275113031, 5.17555201049, 0.81973396656, 84.5154985386, 3.76197284458, 0.754907425263, 2.52318458101, 13.6958751309, 382.740743464, 0.00744112816589, 0.333333333333
0.124860431716, 1.06096003981, 4.61223421208, 0.805325266504, 87.7800274426, 1.56792480789, 0.672224992688, 2.37081952575, 14.9408009601, 233.685287923, 0.010864297707, 0.0
0.109334349169, 1.11602683866, 3.55184400967, 0.853483731501, 88.5441910262, 4.22727845377, 0.781232531044, 3.71405067786, 16.1331940432, 243.60110074, 0.00854504671311, 0.0
0.131538994872, 0.953022489669, 3.50518098683, 0.845075998655, 89.9665266522, 3.84052001103, 0.885458959418, 2.34468196965, 17.727304785, 253.88626777, 0.0083390397108, 0.0
0.106420648822, 0.953022489669, 3.27646155485, 0.845075998655, 89.9665266522, 3.47663533374, 0.885458959418, 2.34468196965, 14.9408009601, 225.939734234, 0.0118275574203, 0.1
0.164408996695, 0.973017989937, 2.68555117279, 0.808148741899, 90.2977201686, 5.77000556489, 0.481136015948, 1.99722810336, 13.9197105526, 128.849596994, 0.0770902531567, 0.7
0.100536442032, 0.928209404061, 3.22653202365, 0.80794109591, 85.5076169603, 2.12669438711, 0.0178879007183, 3.74162174359, 13.8447924212, 172.15831604, 0.0159533645948, 0.285714285714
0.120451236002, 0.922511462802, 3.39554640453, 0.871132039203, 91.0500312027, 4.14084399061, 0.92472848688, 3.03773068752, 17.727304785, 134.945101047, 0.0518458997121, 0.461538461538
0.134193690542, 1.04689721162, 4.13047172272, 0.824299649064, 91.8251456268, 7.71901326341, 0.546690627958, 2.66942561474, 13.1129102606, 137.60517488, 0.13535297796, 0.0
0.120621652471, 1.02826204656, 3.22653202365, 0.867102554901, 91.8251456268, 4.06325068931, 0.546690627958, 2.66942561474, 13.1129102606, 160.643817017, 0.0219522047876, 0.0
0.111953886623, 0.99596320399, 3.42775014623, 0.864588603197, 92.3558858126, 3.57495687482, 0.911139103608, 4.46619372067, 16.1190080267, 290.850961595, 0.00915142091453, 0.0
0.128320750784, 1.0008961736, 3.93150299681, 0.823285785972, 89.0823814809, 2.86675126414, 0.916124731314, 4.23980608485, 13.9162890618, 260.007344907, 0.0100733359874, 0.111111111111
0.12482334662, 0.912991715949, 3.21508669937, 0.823271062358, 86.7140341884, 3.52165403469, 0.542925653722, 3.24810647297, 17.2949222638, 136.081936805, 0.0638870101258, 0.409090909091
0.12959110134, 0.973006194346, 3.79506326992, 0.753357785535, 94.4816247751, 3.86254398505, 0.85737435474, 1.30312266123, 12.6388390163, 148.141659376, 0.0276413886026, 0.470588235294
0.128320750784, 1.13418697964, 3.93150299681, 0.823285785972, 89.0823814809, 2.86675126414, 0.916124731314, 4.23980608485, 13.9162890618, 317.360061915, 0.0120901284054, 0.0
0.111953886623, 0.99596320399, 3.42775014623, 0.76978297501, 92.3558858126, 3.57495687482, 0.911139103608, 1.18439918426, 16.1190080267, 174.059645233, 0.0197467520855, 0.0
0.133382781989, 1.0400178385, 3.4292034621, 0.799696186199, 94.2073256581, 6.84829810098, 0.724469860212, 1.62497144361, 14.2124176018, 175.062350159, 0.0186011534113, 0.333333333333
0.164408996695, 0.973017989937, 3.29852752896, 0.808148741899, 90.2977201686, 5.77000556489, 0.481136015948, 1.99722810336, 13.9197105526, 138.570031763, 0.0956245611913, 0.266666666667
0.154025059316, 1.06342261488, 3.23575346053, 0.744056786909, 88.1123957359, 7.02312822483, 0.675348542581, 2.93773928486, 13.9116779571, 149.215152509, 0.050054660496, 0.0
0.110394951193, 0.960425149103, 3.96597579398, 0.79777473314, 84.7062362062, 1.75882945427, 0.0345796205027, 1.50937654372, 14.3293455279, 224.227957607, 0.0132325945831, 0.571428571429
0.131538994872, 1.10059872934, 2.04464552901, 0.845075998655, 89.9665266522, 3.98257194785, 0.818430667255, 3.28543027515, 17.4202179962, 144.508673988, 0.0413921997094, 0.5625
0.121698207777, 0.998883358092, 3.52121161943, 0.838376972207, 89.8695119334, 5.02557092689, 0.71538603458, 1.96581460066, 15.223935145, 206.421746241, 0.0162345206102, 0.0
0.124571528981, 0.994870124647, 3.32991573558, 0.805229316665, 84.9668859553, 3.29884763275, 0.519759114965, 2.00809858717, 14.57841192, 167.852082082, 0.0247264981553, 0.0
0.128569454509, 0.952091859487, 3.69311349085, 0.824228955152, 95.3356267995, 4.82489050327, 0.56500719553, 1.68034328311, 14.4214109989, 148.356370207, 0.0390997104069, 0.470588235294
0.121596257056, 1.04310759758, 3.21508669937, 0.74450980585, 90.4811965803, 5.18821451713, 0.751367282539, 2.11840338094, 15.3066129136, 152.218190255, 0.037712169006, 0.3
0.153319502178, 0.932668836249, 3.71716293565, 0.87284184612, 90.3885772006, 3.47536765259, 0.895962887318, 1.96781659199, 15.2865916371, 203.982211538, 0.0176704882642, 0.0
0.120510137036, 0.960425149103, 4.0306741983, 0.841519638468, 89.4939705566, 4.85557773585, 0.744104602992, 1.43111633199, 13.9158259612, 245.659222436, 0.0146907589709, 0.0
0.135502315354, 1.08299506311, 2.4555095688, 0.864588603197, 84.3895763131, 4.80603172978, 0.719492652347, 4.16473850111, 14.9097264799, 147.347839738, 0.0889285853844, 0.272727272727
0.126941527161, 1.03465143134, 4.28042922166, 0.761734462075, 89.691144403, 3.48801677892, 0.519555589425, 1.2678510547, 14.8173084274, 261.258455263, 0.0141572737782, 0.0
0.128320750784, 1.0008961736, 3.93150299681, 0.823285785972, 89.0823814809, 2.86675126414, 0.916124731314, 4.23980608485, 13.9162890618, 162.075063015, 0.0297580221076, 0.272727272727
0.110394951193, 0.960425149103, 3.96597579398, 0.79777473314, 84.7062362062, 1.75882945427, 0.830504522193, 1.50937654372, 14.3293455279, 277.998772889, 0.013224483523, 0.64
0.143844752532, 0.967340889999, 3.37449923954, 0.692333339228, 92.8456366966, 7.64085532443, 0.21479942675, 2.52318458101, 13.6958751309, 179.370860792, 0.0194736237445, 0.2
0.124227045159, 1.07275113031, 5.17555201049, 0.81973396656, 84.5154985386, 3.76197284458, 0.754907425263, 2.0675883884, 15.5551933431, 360.626000416, 0.0140975343661, 0.0
0.154025059316, 1.06342261488, 3.23575346053, 0.744056786909, 87.7800274426, 1.56792480789, 0.672224992688, 2.93773928486, 13.9116779571, 180.545826525, 0.0205124428344, 0.0909090909091
0.127942425363, 0.971048653268, 3.52460225772, 0.849085031159, 86.5190527833, 6.76418427376, 0.550117055461, 2.00461723342, 16.2235635635, 160.979623336, 0.0485515520096, 0.1875
0.122531479453, 1.01814562849, 4.86530714776, 0.864487986075, 88.4749380827, 3.3617260666, 0.851801878053, 3.11427975657, 14.062084568, 271.81069654, 0.0160658890255, 0.0
0.121446828316, 1.07352010535, 4.67403953758, 0.795286669364, 87.168754586, 6.84829810098, 0.573799277689, 1.7287107488, 13.5839252288, 281.954171741, 0.0150563366666, 0.0
0.133382781989, 1.0400178385, 3.4292034621, 0.799696186199, 94.0235554064, 6.46091710512, 0.724469860212, 1.62497144361, 14.2124176018, 237.622168984, 0.0162254769747, 0.272727272727
0.128569454509, 0.952091859487, 3.2523690317, 0.824228955152, 95.3356267995, 4.82489050327, 0.56500719553, 1.68034328311, 14.4214109989, 165.170362833, 0.0605787517045, 0.166666666667
0.125442189159, 0.939672058255, 2.85236736118, 0.845103337704, 93.6065557348, 3.06834392726, 1.26008128932, 1.31578790557, 17.0944660406, 319.157094794, 0.0159400267042, 0.0
0.13663066811, 0.940941627074, 3.69849220815, 0.849085031159, 87.5433480305, 3.06834392726, 0.707117200561, 1.23951196046, 17.9233738603, 165.856111719, 0.0303639099243, 0.571428571429
0.100017166163, 0.912991715949, 3.62518600518, 0.81192365288, 86.7140341884, 2.44180326956, 0.542925653722, 2.65199585949, 17.2949222638, 176.667125093, 0.0244580149101, 0.333333333333
0.12258349075, 0.968549754675, 3.97318818038, 0.854880943263, 85.7875996624, 5.25488518965, 0.92472848688, 2.0174948917, 17.4422609412, 170.523026412, 0.0411778767628, 0.0833333333333
0.120451236002, 1.05594929385, 3.39554640453, 0.871132039203, 91.0500312027, 4.14084399061, 0.544593270094, 3.03773068752, 17.727304785, 171.750668657, 0.0362042641099, 0.0714285714286
0.124515911141, 1.01502856583, 3.9601981089, 0.811126287252, 85.2650304729, 3.28413482601, 0.776088178204, 1.57037412804, 14.3217902215, 288.818912358, 0.0157697587154, 0.272727272727
0.135502315354, 0.894120338772, 3.35424592043, 0.789616039726, 84.3895763131, 4.80603172978, 0.719492652347, 2.29543625321, 16.5960794572, 157.119664048, 0.0891901117317, 0.35
0.120510137036, 0.960425149103, 4.0306741983, 0.841519638468, 89.4939705566, 4.85557773585, 0.744104602992, 1.43111633199, 13.9158259612, 169.692314293, 0.0752964674099, 0.0
0.120908307241, 1.04374187439, 3.69311349085, 0.803765066622, 80.198756885, 5.54989185329, 0.748894971787, 2.20829145691, 14.7943943642, 236.477384267, 0.0186910796255, 0.0
0.124571528981, 0.974240943275, 3.32991573558, 0.805229316665, 88.5578903563, 3.29884763275, 0.519759114965, 0.688001943526, 17.6774359334, 186.740244333, 0.0247728774477, 0.04
0.150146334415, 1.10381482659, 2.41252094718, 0.867343016039, 88.2166113969, 4.36579319211, 0.985375587662, 2.02460219612, 17.027214011, 191.577266285, 0.0219997237061, 0.0
0.12258349075, 0.968549754675, 4.86530714776, 0.864487986075, 85.7875996624, 5.25488518965, 0.92472848688, 3.11427975657, 10.8232494289, 194.539314447, 0.0210612347811, 0.0
0.109334349169, 1.09792010111, 3.55184400967, 0.853483731501, 88.5441910262, 4.22727845377, 0.781232531044, 3.71405067786, 16.1331940432, 208.962943983, 0.0194097156931, 0.25
0.128569454509, 0.952091859487, 3.30316123128, 0.824228955152, 95.3356267995, 4.82489050327, 0.56500719553, 1.68034328311, 14.4214109989, 172.73437998, 0.0413478425681, 0.25
0.112259094029, 0.928209404061, 3.22653202365, 0.80794109591, 85.5076169603, 4.74171768516, 0.0302782954288, 3.74162174359, 13.8447924212, 164.740673165, 0.0597821053386, 0.384615384615
0.120451236002, 0.916114724251, 3.39554640453, 0.85660582831, 91.0500312027, 4.14084399061, 0.544593270094, 3.03773068752, 17.727304785, 193.00842849, 0.0225688894646, 0.0
0.126577697026, 1.1343710561, 3.38391445582, 0.710304532311, 91.8499950989, 3.25528267348, 0.463747695733, 2.26554227219, 13.7892752966, 159.605139969, 0.075762708674, 0.608695652174
