3.81535697214, 1.15672881947, 1.04025570928, 0.913861426866, 3.9302901057, 0.891030659515, 3.78711516124, 0.965338256244, 0.953755923368, 3.47447949632, 4.76994546282, 0.914863032306, 3.7953227641, 0.907933826115, 1.09000053196, 1.0219865729, 1.01819190656, 1.12512351023, 5.84913070283, 1.07977014096, 0.881068688304, 185.362538879, 1.08843176446, 2.55768541845, 1.08586185286, 2.47776433323, 1.08877441414, 19.2688666332, 6.27797809393, 41.9739178583
4.12183225803, 1.25139364144, 0.951972465112, 1.10505450926, 3.91404936653, 0.843514130191, 4.77317127066, 1.00507266642, 0.935473662994, 3.49674648013, 3.41863248191, 1.0120305824, 3.79377529646, 0.908193891251, 1.09000060625, 1.02250528751, 1.01819190656, 1.12211313015, 8.0847677908, 1.07988903633, 0.946449490665, 166.710190681, 1.05753046892, 2.55902138307, 1.086339267, 2.88888519311, 1.1989372883, 22.0940112067, 7.69110564914, 20.9757233719
3.9268627754, 1.18003338674, 0.890030495681, 0.947871924174, 3.05784499006, 0.938181208438, 3.36953068359, 1.03509106995, 0.941803310528, 2.63605933466, 4.3437199868, 0.94319788807, 3.8123709638, 1.04060061505, 1.09000025512, 1.0325111295, 1.02059013158, 0.896259052812, 8.58887235298, 1.05242940335, 0.870302151696, 308.148533482, 1.08837095929, 4.71811807197, 1.10313444121, 2.54373495545, 1.02765683462, 14.9322958818, 5.78822180069, 61.3072032687
3.7769343199, 1.11289902673, 1.00564849901, 0.966923487107, 4.08220786498, 0.77418922865, 2.11322605764, 1.03328417969, 0.955498651076, 3.36563187854, 2.74986468897, 0.885295441552, 3.65019148428, 0.929271400241, 1.09000075966, 1.08531224369, 1.01748489579, 1.11978528181, 5.54154116038, 1.08952416486, 0.927726892624, 217.192098495, 1.00797353694, 3.86773951648, 1.01012004563, 2.1458587104, 1.0242469927, 11.3906748062, 7.85729462319, 29.7150824393
4.12490134987, 1.19793521844, 1.0051698792, 0.887698040948, 3.24656971124, 0.935012164631, 2.77009546724, 0.906561520616, 0.938184990979, 2.60091463595, 4.36622449274, 0.944584997387, 2.0067617544, 0.945991412386, 1.09000041257, 1.08060201317, 1.02878212815, 1.11384444243, 6.58269204804, 1.01267076583, 0.92718002454, 217.02359584, 0.980399517949, 4.91174910124, 1.09208300498, 3.73809893349, 1.02423904607, 11.2358726806, 10.3012889934, 31.1395850117
3.83918664389, 1.1235605976, 1.05401504365, 0.940403738521, 3.63456012294, 0.889152764317, 3.88692558406, 1.0124503513, 0.933576267094, 2.50283034981, 4.11521110974, 0.992796744731, 3.81786946426, 0.929527507712, 1.09000023341, 1.0723129458, 1.02776058975, 0.970048304777, 5.29692064712, 1.03375160267, 0.940391063056, 300.632051997, 0.997248428982, 4.88282130875, 1.0242609949, 4.5078669594, 1.02545109817, 15.2288802099, 8.28079927505, 14.6518308547
2.50788533567, 1.19633717377, 1.04002564474, 0.94332010903, 5.37482135276, 0.896995200606, 2.34826191981, 1.03422796924, 0.947895648033, 3.47724353597, 4.53840582892, 0.914399798344, 3.13043135384, 1.02445629092, 1.09000057491, 1.02167813278, 1.01819937388, 1.09177642598, 6.85474179913, 1.12451921662, 0.931122158524, 187.438215745, 1.08897571023, 3.84423281214, 1.16004298813, 2.83768379307, 0.984184801354, 19.4528596948, 7.67313535209, 347.138895493
2.70432515902, 1.1138335527, 0.864246254276, 1.12454546786, 3.47774305022, 0.787634121728, 2.79277917959, 0.973182256241, 0.962132083077, 3.36438797706, 3.23149088364, 0.915007567448, 2.88359743172, 0.968867800893, 1.09000027095, 1.07302314168, 1.02544487981, 1.11460001318, 4.81436296246, 1.01215307591, 0.92843237678, 121.024599521, 0.980646816715, 3.87011324429, 1.01023643591, 3.14446535465, 1.20381565397, 38.752421024, 7.80408400269, 80.1596440586
3.82760446417, 1.12373660071, 1.03297643906, 1.06316985477, 3.88771956854, 0.825528204448, 3.38313315125, 1.01402012018, 0.940669706667, 3.69325247477, 5.63552160353, 0.971455264451, 3.81654476426, 0.949141264129, 1.09000073128, 1.08756621565, 1.01825211836, 0.896133643569, 5.27101882938, 1.0334133252, 0.894576184776, 306.017723561, 1.00809507367, 4.0555977893, 1.01010349907, 2.40778367911, 0.99142831242, 27.4498585035, 7.18409595684, 115.47212168
4.14688530212, 1.20208071416, 0.916433993567, 0.888512221877, 3.24246603223, 0.934671381417, 2.77011643944, 0.906561520616, 0.938184990979, 2.69290208642, 4.36622449274, 0.944584997387, 2.0067617544, 1.18725086687, 1.09000041257, 1.08060201317, 1.02878212815, 1.11384444243, 6.58269204804, 1.03833890633, 0.902529223019, 120.410451373, 0.980273942779, 4.91174910124, 1.09147712186, 3.73809893349, 1.02423904607, 20.0748468678, 12.503906842, 115.048477251
4.44762460334, 1.10376376275, 0.892138779691, 0.985651758553, 5.00630039749, 0.920717202779, 3.26744437967, 1.03576058486, 0.956540007027, 3.17208707367, 5.78395413157, 1.01438355108, 2.31294338379, 1.06493599979, 1.09000060828, 1.02735868178, 1.03691412218, 1.12292245989, 8.08439180796, 1.08696070384, 0.880391558461, 237.288157261, 1.02942266708, 4.6746229031, 1.07502394215, 2.09168840843, 1.02193371712, 52.6309231845, 8.68597788747, 71.2532828373
3.77770751203, 1.18199668705, 1.00036486675, 1.12508072611, 4.15840314773, 0.831178889983, 3.68500232561, 0.978089787587, 0.959324337814, 2.60010606284, 4.26175477237, 0.942073646913, 3.65080317409, 0.949316269988, 1.09000027354, 1.08532445241, 1.01605305499, 1.10114719372, 5.54281429433, 1.0124197661, 0.927753880045, 217.04559561, 1.00930647159, 4.80108357405, 1.00981995624, 2.5485050008, 1.18096658747, 20.126480886, 9.33562662035, 32.273705976
2.68128347627, 1.19056320303, 1.03180852369, 0.904043942169, 5.88381795845, 0.835139187342, 2.34616477268, 1.01901580864, 0.970775768711, 4.35939478683, 4.47107068739, 0.914740890116, 3.13373329238, 1.05208593433, 1.09000041609, 1.03237140994, 1.01572167092, 1.08936354911, 5.8296198145, 1.04886938015, 0.926928746033, 186.915252767, 0.980536514291, 4.07035694317, 1.09133015235, 4.34860582738, 1.02440124352, 15.9021110655, 8.7018682218, 134.5960428
3.21470448696, 1.13564374042, 0.930217853727, 1.04617802635, 5.69566120969, 0.91368141442, 4.55198438571, 0.947141350353, 0.940824455786, 4.89858419242, 5.68406590959, 0.970847367401, 3.78621835297, 1.06349848341, 1.09000041235, 1.04682363429, 1.01943269293, 1.00431123073, 5.9752685073, 1.06153314939, 0.917775795204, 255.878441483, 1.06475864952, 4.84695758653, 1.00970972011, 2.40170631783, 1.12372341603, 69.3893660057, 9.23124744265, 38.8849867769
4.729548091, 1.11212014062, 0.865119708139, 0.898266707716, 3.47815818227, 0.784680972642, 2.79303293038, 1.01073811275, 0.955961393233, 3.37256745107, 3.14072747714, 0.915250686708, 2.88145207207, 1.18547575475, 1.0900002722, 1.08890341991, 1.02545370644, 1.11088419173, 4.78595528879, 1.11620445583, 0.928430843988, 118.663324837, 1.0574027057, 3.87153392245, 1.01513757322, 2.00973868611, 1.15127448735, 22.2983343713, 7.86170994259, 364.062986911
4.12977030649, 1.26154880797, 0.99800681287, 0.966724296608, 3.94783916066, 0.936842032665, 3.78647116152, 1.00371617638, 0.935471208332, 3.67814692205, 2.93566497807, 0.885471597243, 3.59872346162, 0.906642465547, 1.09000042427, 1.08716147513, 1.01842311505, 1.10106413816, 5.52213854891, 1.08390488029, 0.94076069909, 257.534986974, 1.05754493041, 4.06350115653, 1.01364371241, 2.11521736605, 1.15204618065, 33.4405381272, 7.69698079398, 156.250544617
3.83918664389, 1.22718596204, 1.05401504365, 0.940403738521, 3.63456012294, 0.831245883766, 3.88875132276, 1.01247252902, 0.933576267094, 4.03326266402, 4.11467963986, 0.992796744731, 3.80938974127, 0.929527507712, 1.09000023341, 1.07224172387, 1.02776058975, 0.970048304777, 5.30245706072, 1.03375160267, 0.934194195171, 300.71825022, 0.996607203408, 4.77269603994, 1.02407148193, 4.51219010484, 1.02459842695, 38.5030897285, 7.74081826639, 150.748663746
2.67410713267, 1.15389790455, 0.917145340002, 0.950721444241, 3.52330911414, 0.920864981828, 2.77001781954, 1.01633549455, 0.937717401213, 4.0377035288, 5.76627318341, 0.925774334846, 2.96850518667, 1.13656242664, 1.09000021604, 1.08195500985, 1.02887926519, 0.978454556188, 4.86400908876, 1.03820098668, 0.839116738107, 120.410451373, 0.968001377866, 4.79424003322, 1.01164199869, 2.30973530212, 0.96688976204, 29.2374627356, 7.19990501565, 161.086082896
3.9268627754, 1.1576299956, 0.901036263602, 0.889395297585, 3.05784499006, 0.937760485635, 3.38518134955, 1.03509106995, 0.941803310528, 2.63605933466, 4.3437199868, 0.94319788807, 3.8123709638, 1.04078864301, 1.09000025512, 1.0325312851, 1.02059013158, 0.896259052812, 8.58887235298, 1.05242940335, 0.894556875536, 229.732545479, 1.08837095929, 4.71811807197, 1.10234221978, 2.54373495545, 0.996971788637, 54.4389755837, 8.80379056593, 93.1704748877
4.37244480868, 1.17546450204, 0.890056374695, 0.896653065361, 3.64911262645, 0.802039552797, 2.49418263375, 0.963753777415, 0.965356043767, 3.4991221355, 4.55600948123, 1.0020661353, 3.02863579372, 0.930417072374, 1.090000287, 1.07189288377, 1.03058039567, 1.1302386461, 6.08893857715, 1.04670543777, 0.936254350393, 282.811644409, 1.00874223111, 2.49547336023, 1.13578325815, 2.41037260277, 1.0230751781, 35.5687476535, 10.773704152, 34.0682347912
4.42484689284, 1.22054817222, 0.844443369646, 1.04946653982, 3.12915710398, 0.82535028668, 4.70218356215, 1.03712517846, 0.925690795693, 3.93750622761, 3.17137796547, 1.03741110024, 3.65036707728, 1.09093333135, 1.09000026092, 1.08572909764, 1.01589828448, 0.932494703747, 7.80503950067, 1.02202806427, 0.944509968105, 194.547962647, 1.00147659839, 4.06553037455, 1.06846805487, 3.39031392049, 1.16990602303, 63.929838265, 10.7030640318, 66.686358587
3.9268627754, 1.15723329222, 1.00456213167, 0.888636346715, 3.05784499006, 0.937760485635, 3.38518134955, 1.00417359548, 0.941803310528, 2.63605933466, 4.3437199868, 0.94319788807, 3.8123709638, 1.04078864301, 1.09000025551, 1.03308457407, 1.02059013158, 0.896259052812, 8.58887235298, 1.05242940335, 0.940138141574, 257.655166798, 1.08833945638, 4.71811807197, 1.10234221978, 2.55708155568, 0.996971788637, 47.5639402896, 9.96942028519, 126.402688892
4.73697805954, 1.26128788897, 0.951203571273, 0.898266707716, 3.33092875248, 0.784680972642, 2.67040533453, 1.01073811275, 0.955961393233, 4.24043985083, 3.1399867311, 0.937053284793, 3.61783248074, 1.18547575475, 1.09000041324, 1.0891489789, 1.03064273284, 1.11088419173, 5.84445405318, 1.11620445583, 0.938485929417, 295.922724884, 1.05765747477, 4.65409509016, 1.01513757322, 2.11619446135, 1.15127448735, 67.1409736276, 13.5197645737, 32.4903809126
4.44872163498, 1.33704078794, 0.91715384271, 0.974008879991, 4.99448670305, 0.835125479999, 2.10473166204, 1.03192087848, 0.956068811473, 3.51709242455, 3.11499396077, 0.914507950435, 3.78275405901, 0.929672448723, 1.0900007637, 1.07290025075, 1.01756867616, 1.12015088914, 5.82970123421, 1.08923244441, 0.863247306899, 309.069535984, 1.00798145724, 4.66955140367, 1.05140994619, 2.46093910773, 1.02421806489, 26.3002030999, 10.4890085626, 68.3538355664
3.81535697214, 1.15672881947, 1.03978052076, 0.957177275228, 3.9302901057, 0.891030659515, 3.78711516124, 0.973380028332, 0.918373662681, 3.47380066372, 4.78554959894, 0.914863032306, 3.7953227641, 0.907933826115, 1.09000052685, 1.0219865729, 1.01819190656, 1.17611554921, 5.84913070283, 1.07930606162, 0.941125762865, 119.552650589, 1.08843176446, 2.55768541845, 1.08586185286, 2.47776433323, 1.11902655042, 23.1166719239, 13.9925015699, 69.4786860136
4.53201663237, 1.17506642204, 0.999742527844, 1.05877127208, 4.16327760707, 0.931442690679, 2.67925356265, 0.946850750478, 0.95525235299, 4.20964366694, 3.02319669666, 0.884604359849, 3.59619613216, 1.20499246278, 1.09000043118, 1.08531224369, 1.01748927349, 1.10115386132, 5.54231587454, 1.01196963824, 0.894927089873, 253.64159653, 1.06011342942, 4.6546805711, 1.06982757238, 2.74987751857, 1.15435907665, 38.2503101481, 9.5371392383, 130.851226526
4.37244480868, 1.17546450204, 0.950699644621, 0.896653065361, 3.64911262645, 0.802039552797, 2.4902599811, 0.964955892447, 0.965239370723, 2.96443941521, 4.56937854581, 1.00315500906, 3.02863579372, 1.091599198, 1.09000028944, 1.08951178494, 1.03058039567, 1.17593750195, 6.08893857715, 1.04670543777, 0.936254350393, 282.811644409, 1.09857936188, 2.49547336023, 1.13578325815, 2.41056731359, 1.0230751781, 78.8937892956, 9.98095474308, 62.2951436885
4.44943643823, 1.13054879902, 0.952315291056, 0.990790930905, 5.79940636647, 0.834100678415, 2.08448912078, 1.02489353817, 0.970709618432, 2.85996731934, 3.22815410476, 0.914782525897, 3.89305194075, 0.96834630796, 1.09000024216, 1.07557681212, 1.02548853475, 1.00272734944, 5.83269897398, 1.04886938015, 0.901629548893, 308.785826908, 0.980536514291, 3.99132490756, 1.08632761069, 4.54870906474, 1.02440124352, 26.3616334681, 8.43673682635, 376.715621584
4.52260531489, 1.1360994785, 0.930252588882, 0.960138718386, 5.65188992258, 0.82534539841, 4.25753673267, 0.947957627985, 0.92601929331, 4.91495817817, 4.22296930494, 1.00996604942, 3.78561451498, 1.06270475433, 1.09000026344, 1.04123593045, 1.02046641888, 0.894625734294, 5.97637112522, 1.07088411961, 0.94631021149, 253.452381756, 1.00645414701, 4.83168152481, 1.06990372208, 3.39031392049, 1.16990602303, 31.3946712918, 8.62397739318, 182.93364838
3.85618306653, 1.20143762254, 0.87693819372, 1.06733835305, 4.10163742597, 0.932015475825, 3.59158065576, 1.01460522041, 0.940428637319, 3.66208448933, 4.5233928714, 0.970351000403, 1.99628365016, 1.0359652548, 1.09000066257, 1.08159145588, 1.01933752675, 0.90000500609, 4.42589687233, 1.1219718585, 0.835430884822, 313.189219304, 0.969083233172, 4.90050768266, 1.16140622272, 2.84252976597, 0.966373937763, 58.9843876342, 9.23452280507, 135.859663434
3.85618306653, 1.15932422419, 0.87693819372, 1.07135023697, 4.10163742597, 0.788684799973, 3.59158065576, 1.01755557987, 0.964871251849, 3.47120808805, 4.5233928714, 0.935435910179, 3.63274725626, 1.07357071632, 1.09000066391, 1.07480544326, 1.02720347046, 1.13790350811, 4.42589687233, 1.12312570247, 0.93698613624, 299.858422962, 1.02051838118, 4.07648222143, 1.16106671722, 2.84252976597, 1.0214079945, 41.8191274578, 11.2022225667, 39.5632195562
4.11274066384, 1.26325287903, 0.970423957857, 1.08718176351, 3.90275870154, 0.843514130191, 4.77317127066, 1.00525601268, 0.935584106521, 3.49674648013, 3.41863248191, 1.01215302749, 3.79027387879, 0.903771034589, 1.09000060187, 1.03184645658, 1.01808434064, 1.11963447143, 8.0847677908, 1.07796203782, 0.880676619676, 168.606452906, 1.05672070381, 2.55013773612, 1.08621535155, 2.88888519311, 1.19969982164, 40.2576109795, 11.5495713528, 52.1154994675
4.85416449675, 1.14280311251, 0.873597653574, 1.06311860718, 3.68218477791, 0.832273786609, 2.67265725551, 1.0086867449, 0.945178641273, 5.09586107898, 5.29202179384, 1.02674649663, 1.99890398674, 1.08424160257, 1.09000047861, 1.04852284067, 1.03078329555, 1.08245705589, 5.5470695964, 1.07796020153, 0.936799550474, 110.969183504, 1.01715006622, 2.90508838319, 1.13176111625, 2.5874332447, 1.02423352869, 37.9644258987, 11.3781326926, 88.2171904562
4.12208387853, 1.16013098484, 1.03102399242, 0.95240069172, 3.13664708642, 0.825527322393, 4.06755466581, 1.00383505379, 0.925613305932, 3.6920837868, 3.16194052418, 0.885471597243, 3.59941899967, 1.08949688545, 1.09000073128, 1.08796631743, 1.01809152071, 0.933078383482, 5.53810294108, 1.02260478326, 0.94076069909, 258.081111905, 1.05742276193, 4.06348898563, 1.01275696185, 3.3679518845, 1.15511956059, 35.4523186938, 10.8527768685, 149.004957027
2.67410713267, 1.1539583633, 0.917145340002, 0.950721444241, 3.52330911414, 0.920179107958, 2.77887908497, 1.01633549455, 0.937717401213, 4.03550450354, 5.76325387884, 0.914630564694, 3.79371659703, 1.13656242664, 1.09000021604, 1.08195500985, 1.02918635138, 1.00256983729, 4.86400908876, 1.04844865214, 0.90382400129, 120.410451373, 0.967986341082, 4.78500701343, 1.01164199869, 4.4491277147, 1.02348913809, 26.8692091656, 14.2102085448, 73.7371375593
4.12208387853, 1.16289104535, 1.03102399242, 0.954033249312, 3.88771956854, 0.825528204448, 4.06755466581, 1.00383505379, 0.935471208332, 3.69207493933, 3.02817187161, 0.885471597243, 3.59941899967, 1.0244103078, 1.09000073128, 1.08796631743, 1.01819190656, 1.10107283749, 5.53810294108, 1.08698856441, 0.94076069909, 257.534986974, 1.05754493041, 4.06350115653, 1.01364371241, 2.11521736605, 1.15503770896, 28.0385640056, 14.2093941203, 79.316632461
4.44762460334, 1.15620763143, 0.916877746134, 0.891047880352, 5.00630039749, 0.92075721135, 3.26744437967, 1.03712531311, 0.956589461176, 2.38856271831, 5.78395413157, 1.01438355108, 2.31294338379, 1.06428097794, 1.09000060828, 1.02427695987, 1.01464497226, 1.12292245989, 8.08439180796, 1.08696070384, 0.880391558461, 236.763039444, 1.02942266708, 4.6746229031, 1.07502394215, 2.09168840843, 1.02193371712, 27.2893583713, 14.0333171759, 149.692343786
4.50029939698, 1.17546450204, 0.970393326983, 0.965945207675, 3.71101646421, 0.781122101966, 4.454937443, 1.0049308526, 0.961792220326, 3.13477058739, 3.42240979039, 1.01888971797, 3.0285531, 0.902906287232, 1.09000059683, 1.07064476726, 1.0174513437, 1.11959645816, 7.11536030042, 1.03348111025, 0.939589561151, 110.487328596, 1.01849459454, 3.7727295015, 1.08640009488, 2.09129701304, 1.02308141674, 57.3471023287, 8.87309526627, 457.799626064
3.68965774136, 1.14104132013, 0.915684925718, 1.04542124999, 3.1914255736, 0.774106929984, 4.62900824851, 1.0011348627, 0.94023375582, 4.27517811836, 3.36042693176, 0.961760963414, 4.07742135858, 0.910963639074, 1.09000038344, 1.07076176124, 1.00989153761, 1.12953857548, 6.18146571936, 1.05102175777, 0.894472206311, 232.380748652, 1.02348038072, 4.48258075712, 1.07085288227, 4.53608847707, 1.02282298055, 37.0026434811, 9.38572934446, 200.531551919
2.68829947393, 1.23058910346, 1.07984745849, 1.12494466594, 3.67032501184, 0.823969573792, 2.59130865733, 0.978456619172, 0.959933848942, 3.3063609106, 3.72571745231, 0.925665122593, 3.63912963074, 0.933479889476, 1.09000027357, 1.05858110947, 1.02953674929, 1.11347874399, 4.82291903399, 1.0376899146, 0.838907045758, 121.00413862, 1.00750046553, 4.79748783027, 1.10543585026, 2.38930179741, 0.969729660604, 36.6629413238, 9.43821970319, 471.895731577
3.8635883682, 1.12373660071, 1.03297643906, 1.05358640584, 3.88771956854, 0.826392977928, 2.34699259451, 1.03328452403, 0.947851855014, 3.69460896303, 4.52960110746, 1.00933703137, 3.10019019089, 0.949141264129, 1.09000073128, 1.0882750592, 1.0182650405, 1.10107283749, 5.2873371874, 1.12583545878, 0.906889793932, 184.627353805, 1.03472646075, 4.06308669324, 1.01364371241, 2.40924038266, 1.02676097383, 55.4044186468, 10.2993187076, 194.957006183
4.11455813381, 1.16013098484, 1.03951341038, 0.95240069172, 3.13664708642, 0.825527322393, 4.06755466581, 1.00383505379, 0.925425083265, 3.6920837868, 3.14749624061, 0.885471597243, 3.59941899967, 1.08949688545, 1.09000073009, 1.08646144666, 1.01809225288, 0.933078383482, 5.84528175518, 1.02303322509, 0.94076069909, 258.081111905, 1.05742276193, 4.07524181893, 1.01351440778, 3.3679518845, 1.15511956059, 32.3365351114, 11.4807333261, 286.584040273
3.77770751203, 1.16283392403, 1.00023225466, 1.05877127208, 4.16327760707, 0.772159237816, 3.81910959249, 0.97755795502, 0.955572869472, 2.63504765233, 3.02319669666, 0.884024783066, 3.59619613216, 0.949142172766, 1.09000043118, 1.08531224369, 1.01748927349, 1.10114755455, 5.54281429433, 1.01266317006, 0.927753880045, 307.178686362, 1.00930647159, 3.87619965685, 1.00981995624, 2.5485050008, 1.15435907665, 64.794264375, 9.34942432748, 171.219652804
2.68829947393, 1.23008444595, 1.07984745849, 1.12494523387, 3.52194010721, 0.831075164159, 2.77641616028, 0.97368489656, 0.959933848942, 4.03387325346, 3.72571745231, 0.925665122593, 2.97141069787, 0.933479889476, 1.09000027357, 1.05858110947, 1.02953674929, 1.11458390933, 4.82291903399, 1.03684952483, 0.838907045758, 121.00413862, 1.00750046553, 4.79748783027, 1.10543585026, 3.14446535465, 1.17409532286, 89.6724126829, 9.85425987451, 144.889861862
3.78707318351, 1.26173466756, 0.859462258269, 0.898183215117, 3.33651986499, 0.784650198579, 3.79866184617, 0.978659739831, 0.95550268111, 3.36571707612, 2.97868222761, 0.995102756532, 4.14997762378, 1.12469453252, 1.09000042929, 1.08685129667, 1.01669656522, 1.1013982779, 5.86103450183, 1.1161272639, 0.926658238915, 165.029975535, 1.00003335767, 4.64935449602, 1.00981995624, 2.14647742014, 1.15072888864, 66.8598404117, 18.1330659274, 50.894209956
4.44943643823, 1.13054879902, 0.917285027188, 0.990790930905, 5.89811745268, 0.835140275844, 2.10780840522, 1.01933976698, 0.970775768711, 4.36074318717, 3.22815410476, 0.914638932791, 3.79351465929, 1.05221270136, 1.0900004152, 1.07557681212, 1.01572167092, 1.00272734944, 5.83269897398, 1.04886938015, 0.902763275486, 309.304223808, 0.980536514291, 3.99132490756, 1.09060739157, 4.34529979775, 1.02440124352, 124.480774421, 12.532151688, 68.8551407059
3.22184455351, 1.16106280663, 0.87153292487, 1.06082000038, 3.71111157349, 0.845266313423, 4.41609020467, 1.01703828752, 0.961361777213, 4.50712146616, 5.76715472326, 1.01901473227, 2.33550975243, 0.987558938656, 1.09000047182, 1.08530454082, 1.01744399683, 1.08660043856, 4.27278059249, 1.03403723304, 0.90771819334, 306.255982739, 1.0091834175, 4.89173310211, 1.06252894032, 2.08837501132, 1.02969066517, 58.8735649398, 17.2903464894, 53.3691234557
2.68829947393, 1.23008444595, 1.07984745849, 1.12494523387, 3.47774305022, 0.831075164159, 2.77612929821, 0.97368489656, 0.959261572234, 3.97219472502, 3.72571745231, 0.93643797024, 2.97141069787, 0.933479889476, 1.09000027357, 1.07302314168, 1.02953674929, 1.11460001318, 4.81398642473, 0.984186703688, 0.896687394083, 121.024599521, 1.00791093277, 4.79502048521, 1.10543585026, 3.14446535465, 1.17409532286, 75.3651031607, 11.5607001059, 81.4489959721
4.82667927894, 1.20208071416, 0.916693129227, 0.948017194714, 3.23178496475, 0.935259058378, 2.76109481086, 0.930520184728, 0.971686775683, 2.89326709035, 4.35690098036, 0.91505888319, 3.94757982717, 0.97034206382, 1.09000024381, 1.08215269031, 1.028794511, 1.11384444243, 6.49504368194, 1.0383353821, 0.903021331787, 120.410451373, 0.968529672924, 4.91283601305, 1.07108663839, 3.74647859333, 0.96688976204, 68.8424721038, 13.5637036922, 88.6927776466
4.1463071149, 1.17647960159, 0.89078215667, 0.888556617867, 3.64911262645, 0.84524636658, 4.71690517885, 0.96356546022, 0.964007187827, 3.49913597415, 4.57240177902, 1.00855149885, 3.74133927727, 0.93148937777, 1.09000041168, 1.07189288377, 1.03059043657, 1.11241432366, 8.07816940794, 1.04670543777, 0.946091317499, 282.811644409, 0.980360370397, 4.92294368514, 1.09167682525, 2.87995385141, 1.02469141043, 55.7016206835, 12.3786909029, 99.4182961265
3.68804004771, 1.27228110238, 0.876491832713, 0.958083164666, 3.88298061285, 0.844761445482, 4.65409840868, 0.947695890119, 0.942171497807, 5.09986396937, 3.32758894436, 0.975292449898, 2.38482588745, 0.92339833735, 1.09000026956, 1.03818091009, 1.02544133851, 0.98144433802, 4.23049320738, 1.00887209197, 0.91791308062, 121.04282653, 0.966632106951, 4.48098441387, 1.00882827137, 2.40244135161, 1.11987406426, 33.1830914762, 14.6022325475, 77.0652387664
3.81535697214, 1.15498026424, 0.931760153565, 0.905744675403, 3.9302901057, 0.889636339487, 2.09732535139, 0.965338256244, 0.953755923368, 3.48358422476, 4.76994546282, 0.914863032306, 3.7953227641, 1.02852502362, 1.09000053196, 1.0216284174, 1.01809138645, 1.1581268916, 5.83257553906, 1.07992462427, 0.8810505416, 181.594098859, 1.08805307384, 4.61923859642, 1.09057564871, 2.49428945257, 1.02358191073, 31.021799689, 14.5971714308, 77.8786254087
3.92888714785, 1.1576299956, 0.901779643414, 0.887907912038, 3.05784499006, 0.937760485635, 3.38518134955, 1.03498176697, 0.935471946408, 2.63605933466, 4.3437199868, 0.94319788807, 3.8123709638, 1.04078864301, 1.09000025512, 1.03118202308, 1.02059013158, 0.896259052812, 8.59104090181, 1.05242940335, 0.894556875536, 229.732545479, 1.08837095929, 4.07011051741, 1.10234221978, 2.54664848788, 0.996919659266, 29.5201155358, 14.474815139, 94.4095606204
4.72462099813, 1.17539543407, 0.931440902388, 1.12826251557, 3.33092875248, 0.784680972642, 2.6663048663, 0.946536245693, 0.942367969013, 4.21215722442, 3.1399867311, 0.936605380224, 3.6158381435, 1.18116813217, 1.09000041356, 1.04331076628, 1.01919787816, 1.10741233805, 5.84445405318, 1.06061205166, 0.938485929417, 296.006851308, 1.05765747477, 4.65409509016, 1.0091980578, 2.11927894912, 1.11982592318, 31.9036741765, 14.4100422356, 100.318294608
4.30087848322, 1.19446450042, 0.969611453362, 0.97342527849, 3.68537019671, 0.825557958836, 2.66633065078, 1.03583237559, 0.962998278479, 5.09857795307, 5.32404583091, 1.00840507071, 3.14087430852, 0.909058906234, 1.09000049346, 1.08971463006, 1.01707929208, 1.11740382555, 6.08909998163, 1.07721263014, 0.879986815184, 110.913316144, 1.06607640379, 2.49995932275, 1.07609547785, 2.5874332447, 1.15314693801, 39.7112877292, 11.2335091209, 240.011950553
3.68952534088, 1.27228110238, 0.95153956021, 0.957692201176, 3.88298061285, 0.801842515005, 4.65409840868, 1.01258847743, 0.942170492074, 5.11267304539, 3.32758894436, 0.975292449898, 2.38482588745, 0.924155635768, 1.09000026956, 1.03814245667, 1.02544133851, 1.07448941623, 6.95132776699, 1.00887209197, 0.917891150069, 119.406045927, 0.966632106951, 4.48098441387, 1.12041954757, 2.60247243166, 1.12737888763, 63.5719886115, 9.43075601494, 273.872254354
4.79653793946, 1.19052656712, 0.943158112894, 0.96700718057, 3.67089585703, 0.937246815411, 3.81176840597, 0.978446012799, 0.96465789156, 3.30630709233, 6.19572582389, 0.967153494992, 3.63554714454, 1.18200427913, 1.0900003989, 1.07505777602, 1.02722130176, 1.16130726177, 7.99046069698, 1.12306470225, 0.825171928991, 216.38763841, 0.96609560378, 4.87646492793, 1.06711509347, 2.38615595564, 0.967474765714, 40.4676956967, 9.58388251772, 211.349443727
4.11163661334, 1.16013098484, 1.02777294486, 0.95240069172, 3.13664708642, 0.824452793392, 4.06162875527, 1.00402268909, 0.925613305932, 3.69404439563, 3.16694777844, 0.91498845997, 3.60117515532, 1.02790191541, 1.09000073128, 1.08796631743, 1.01819128602, 0.933078383482, 5.53810294108, 1.02260478326, 0.879232103518, 256.375217774, 1.05707432753, 4.14224957181, 1.01275696185, 3.3679518845, 1.15511956059, 65.3361994858, 9.40665850069, 466.631438124
3.33791391627, 1.13571174866, 0.93023240606, 0.889395297585, 4.08102631804, 0.9144300849, 3.38442659138, 0.946720743503, 0.940834780735, 3.66591935865, 5.68041565506, 0.970895874083, 3.78736850659, 1.04117374885, 1.09000025496, 1.0325312851, 1.01941248758, 0.896259052812, 8.58887235298, 1.06170578134, 0.894556875536, 297.183050063, 1.0638498129, 4.72264606969, 1.01008250306, 2.54439607306, 0.990666850814, 88.6825505579, 11.7227155984, 114.986341572
2.66919231425, 1.1576299956, 0.917071204908, 0.961355737058, 3.05784499006, 0.826077661814, 3.9034131348, 1.03661833566, 0.941227097227, 2.88022795089, 5.78808454268, 0.944213109798, 2.00589113361, 1.04113710997, 1.09000021773, 1.07562356041, 1.0120646452, 1.10529998571, 5.90349065597, 1.04936965599, 0.879740754651, 119.717220592, 1.05696865523, 4.55834273886, 1.01203964169, 4.45912291104, 1.0216892191, 91.4511118969, 11.6971552987, 107.779837051
4.49889868596, 1.17546450204, 0.952262738272, 0.965945207675, 3.71101646421, 0.781122101966, 4.454937443, 1.02494677627, 0.961792220326, 2.96498064183, 4.56525289592, 1.01888971797, 3.0285531, 0.976883219466, 1.09000028409, 1.07064476726, 1.0174513437, 1.12944865298, 7.11536030042, 1.03315730267, 0.939878799616, 110.487328596, 1.01849459454, 3.7727295015, 1.02142423069, 2.09129701304, 1.02308141674, 67.6525242374, 13.7102737679, 161.624498168
4.12259965969, 1.26150956685, 0.999209894741, 0.955612985815, 3.88771956854, 0.825528204448, 3.78647116152, 1.00383505379, 0.935471208332, 3.67814692205, 3.02817187161, 0.885471597243, 3.59941899967, 0.908411706276, 1.09000042029, 1.08716147513, 1.01819190656, 1.10106413816, 5.52213854891, 1.08390488029, 0.94076069909, 257.534986974, 1.05754493041, 4.06350115653, 1.01364371241, 2.11521736605, 1.15725188371, 66.8244464257, 18.1537325158, 113.920637176
4.82667927894, 1.20208071416, 0.916433993567, 0.948017194714, 3.23178496475, 0.935313152081, 2.77011643944, 0.930520184728, 0.938184990979, 2.89326709035, 4.35690098036, 0.944584997387, 2.0067617544, 1.18396947992, 1.09000040443, 1.08215269031, 1.02878787604, 1.11384444243, 6.49504368194, 1.0383353821, 0.838642449537, 120.410451373, 0.968529672924, 4.90108597526, 1.07094440352, 3.73809893349, 0.96688976204, 46.5359813293, 16.9574001785, 152.815261143
4.12259764357, 1.26015729648, 1.03344241313, 1.06386118241, 3.88771956854, 0.825528204448, 3.81204962579, 1.00383505379, 0.935471208332, 3.69352829595, 3.02817187161, 0.88546051133, 3.59937442769, 0.949141264129, 1.09000041849, 1.08803397698, 1.01818981363, 1.10107283749, 5.53810294108, 1.08386559699, 0.907883591305, 257.275328973, 1.00809507367, 3.98060990813, 1.01364371241, 1.93090662609, 1.19714640512, 47.9483802188, 9.81288138269, 754.180413918
4.44943643823, 1.19767944704, 0.916442784641, 0.990790930905, 5.89811745268, 0.835239632418, 2.77499713666, 1.02816030966, 0.970775768711, 4.31976731028, 3.22815410476, 0.910032749313, 3.79351465929, 1.17859894209, 1.0900004152, 1.07557681212, 1.01572167092, 0.996879065678, 6.49435988678, 1.04886938015, 0.902763275486, 309.304223808, 0.980536514291, 3.99132490756, 1.07010578367, 4.34529979775, 0.964207909442, 69.0774290825, 11.0306253072, 265.147252521
2.56467394059, 1.19563879678, 1.03184321438, 0.903346695287, 5.42887033471, 0.917846249474, 2.34801030941, 1.03422796924, 0.947895648033, 3.47322724429, 4.52382932095, 1.0097624771, 3.13524271928, 1.05956508159, 1.09000057385, 1.03226668364, 1.01692993009, 1.09173149983, 5.35880401823, 1.12597410792, 0.926924135826, 187.359531054, 1.03473577083, 3.84423281214, 1.16004298813, 2.84775788377, 1.02682710707, 51.3232820748, 12.1907653963, 358.120115565
4.12259965969, 1.26150956685, 0.901786081718, 0.959937184899, 3.06094960674, 0.824092259013, 3.77896112449, 1.00383505379, 0.935471208332, 3.67814692205, 4.25408119955, 0.885471597243, 3.59941899967, 0.908411706276, 1.09000024589, 1.08746741858, 1.01819190656, 1.09367676905, 8.49691985228, 1.08390488029, 0.952449855172, 257.534986974, 1.05754493041, 4.06350115653, 1.01420109372, 2.11521736605, 1.15725188371, 59.4975262358, 10.4894942295, 469.495045663
3.77770751203, 1.18148830621, 1.00036486675, 0.96685279206, 4.16327760707, 0.77418922865, 3.79336340478, 0.978027135635, 0.955498651076, 2.63504765233, 4.26175477237, 0.942073646913, 3.65019148428, 0.949316269988, 1.09000042929, 1.08531224369, 1.01748489579, 1.10114719372, 5.54281429433, 1.01266317006, 0.927753880045, 217.192098495, 1.00930647159, 3.87619965685, 1.00981995624, 2.5485050008, 1.03035569319, 89.5059907388, 10.4838635297, 232.702936888
3.85618306653, 1.15932422419, 0.87693819372, 1.06559841513, 4.10163742597, 0.788684799973, 3.59158065576, 1.01460522041, 0.940428637319, 3.66208448933, 4.5233928714, 0.970351000403, 3.63271601946, 1.0407369598, 1.09000066257, 1.07490560267, 1.01931112869, 0.898675880376, 4.42589687233, 1.12312570247, 0.937004671855, 298.365102028, 1.02051838118, 4.71691503871, 1.16140622272, 2.84252976597, 1.0214079945, 44.945207006, 15.9211235798, 246.786184348
3.77770751203, 1.16283878371, 0.999742527844, 1.05877127208, 4.16327760707, 0.931189478234, 4.30577479038, 1.03496415208, 0.955572869472, 4.88794388697, 3.02319669666, 0.884024783066, 3.59619613216, 0.949142172766, 1.09000043118, 1.08531224369, 1.01748927349, 1.10114755455, 5.54281429433, 1.01266317006, 0.894491293328, 253.64159653, 1.00930647159, 4.71315148108, 1.06982757238, 2.74346705906, 1.15435907665, 63.4617342971, 10.8358413945, 325.386138711
3.85785689408, 1.1576299956, 0.952348813319, 0.961355737058, 3.05784499006, 0.826077661814, 3.91518612256, 1.03662199673, 0.941227097227, 2.88022795089, 3.43884374726, 0.944478494538, 1.9899791164, 1.04113710997, 1.09000053023, 1.07566684681, 1.01229976908, 1.10529998571, 5.89696740732, 1.04938545369, 0.879740754651, 229.183979202, 1.05696865523, 4.55948289473, 1.07597440824, 2.45826640752, 1.0216892191, 46.3855688685, 10.3231290351, 1641.00439291
3.78554276448, 1.1152599362, 0.903280072027, 1.05696748678, 4.09240732537, 0.788809734609, 3.79866184617, 1.0349140477, 0.955498651076, 3.37135893036, 4.33549706261, 0.943059610209, 3.8126093754, 1.04126763865, 1.09000042929, 1.0322865553, 1.01669656522, 0.894261999506, 8.60022223933, 1.05267554418, 0.927742405908, 226.667965722, 0.979904582606, 3.87034010795, 1.00996672994, 2.1458587104, 1.15341004746, 83.6354196721, 11.8712721082, 215.191244749
4.70978357484, 1.14083091808, 0.952120987821, 1.10530559438, 3.71101646421, 0.781229787396, 4.40249342559, 1.02494677627, 0.941945764062, 2.96497847021, 3.14752159888, 1.03185080382, 3.89311101971, 0.967796445387, 1.09000041334, 1.02201489793, 1.01912340102, 0.910272502429, 7.124116025, 1.07584993271, 0.939878799616, 112.003868588, 1.05658939137, 3.7727295015, 1.02357581751, 2.62551628995, 1.1134425605, 70.4460969705, 9.6019132383, 327.327371503
4.29945907186, 1.11539182646, 0.969611453362, 1.07130950384, 3.68537019671, 0.832294722942, 3.36453619913, 1.03539073702, 0.935583120382, 5.09586107898, 4.3595037713, 1.02582237248, 3.62577255981, 1.07371607641, 1.09000042735, 1.03184174657, 1.03165044502, 0.892026068287, 5.5470695964, 1.07796020153, 0.936799550474, 168.808656571, 0.979981489762, 2.90508838319, 1.01027557461, 2.56437453416, 1.15169776403, 133.819876452, 15.7722502422, 117.49844675
2.50788533567, 1.19563879678, 1.03421707486, 0.94332010903, 5.41876747316, 0.89680756331, 2.34826191981, 1.03422796924, 0.947895648033, 3.47724353597, 4.53636244438, 0.997327122247, 3.13524271928, 1.02476797264, 1.09000057385, 1.06246030297, 1.01691393346, 1.09173149983, 6.85474179913, 1.12456590317, 0.931122158524, 187.359531054, 1.03473577083, 3.84423281214, 1.16004298813, 2.84775788377, 0.984184801354, 157.730295193, 13.5626487342, 113.018375907
2.70432515902, 1.22571853656, 0.948960182823, 1.12454546786, 3.47774305022, 0.831075164159, 2.78095636946, 0.973182256241, 0.962132083077, 3.95983141064, 3.23149088364, 0.915007567448, 2.88359743172, 0.968867800893, 1.09000027357, 1.07302314168, 1.02544487981, 1.11460001318, 4.81398642473, 0.984186703688, 0.896687394083, 121.024599521, 0.980650905316, 3.99657534703, 1.08649955025, 3.14446535465, 1.20381565397, 124.634106243, 13.1266162941, 167.392689503
4.1144392288, 1.26373592647, 0.951430758093, 1.10505450926, 3.90198532555, 0.843514130191, 4.77317127066, 1.00525601268, 0.935471448952, 3.49674648013, 3.41863248191, 1.0120305824, 3.79377529646, 0.908193891251, 1.09000060625, 1.02250528751, 1.01819190656, 1.12211985142, 8.0847677908, 1.07988903633, 0.880676619676, 188.716812385, 1.05672070381, 2.55902138307, 1.086339267, 2.88888519311, 1.1989372883, 94.9375966853, 21.360173647, 127.679485822
3.85841323163, 1.2621063716, 0.93139080392, 0.972445512354, 3.27949754475, 0.825551792446, 2.35402808259, 0.965092542682, 0.955905792598, 3.50148961597, 3.4477730205, 1.00844007005, 3.12257055043, 0.909116498837, 1.09000054636, 1.08967784196, 1.01693515352, 1.11702995431, 5.15805194857, 1.12599433533, 0.880462125904, 185.71622315, 1.05703033815, 3.70594857047, 1.15818806794, 2.46061803272, 1.15051744717, 90.8414044103, 20.3851519959, 129.78051214
3.77770751203, 1.1152599362, 1.00564849901, 0.96685279206, 4.09240732537, 0.77418922865, 3.79336340478, 0.978027135635, 0.955498651076, 3.36571707612, 5.79332561178, 0.885295441552, 3.65019148428, 0.949316269988, 1.09000042929, 1.08531224369, 1.01748489579, 1.10114719372, 5.54281429433, 1.01239871755, 0.927753880045, 217.192098495, 1.00930647159, 3.87092364133, 1.00981995624, 2.1458587104, 1.03035569319, 67.5525540299, 18.588609429, 135.738239374
3.78707318351, 1.1152599362, 0.863967862032, 1.05696748678, 4.09240732537, 0.787312307806, 3.79866184617, 0.97877385604, 0.955498651076, 3.36571707612, 2.99133364674, 0.919692308258, 3.65019148428, 1.10550516522, 1.09000042929, 1.08685129667, 1.01669656522, 1.10122564148, 5.54281429433, 1.01110670398, 0.927742405908, 165.696213754, 0.979904582606, 3.87034010795, 1.00981995624, 2.1458587104, 1.15341004746, 65.433965936, 17.8753200436, 176.849220944
4.29846401679, 1.12464520474, 1.03460952589, 0.973987120706, 3.88412352045, 0.825201331568, 3.36480152861, 0.974094439947, 0.96019097204, 5.11340771167, 5.32427251228, 1.00779370342, 2.97141069787, 0.932345015425, 1.09000027791, 1.05678555305, 1.02925404586, 1.11458390933, 6.06428917233, 1.03684952483, 0.894384261521, 110.934199184, 1.06565212825, 2.51747433002, 1.07609798774, 2.40972079529, 1.17622203211, 256.816727791, 13.5834197994, 255.137026949
3.78707318351, 1.1152599362, 0.863967862032, 1.05696748678, 3.23115632332, 0.787312307806, 3.36603012222, 0.97877385604, 0.955498651076, 3.36571707612, 4.37390108128, 0.919583053709, 3.64647258711, 1.10550516522, 1.09000042929, 1.03163172323, 1.01669656522, 0.890300682398, 8.6389773146, 1.01075764736, 0.927742405908, 166.412612431, 0.979904582606, 3.87040329004, 1.00981995624, 2.1458587104, 1.15341004746, 83.4073724067, 9.84838338246, 414.91750104
4.75713108354, 1.20119646464, 1.08085449126, 0.921338700552, 3.32477400256, 0.89669693718, 2.09611881539, 1.00962079854, 0.958117533456, 4.00279141242, 4.35721411716, 0.936782458127, 3.87344294448, 1.1806737598, 1.09000041193, 1.04841920256, 1.01718154039, 1.1330000635, 7.27419140619, 1.04099204776, 0.885743850837, 237.299183361, 0.998808800182, 4.8901990247, 0.993005148618, 3.68006227956, 1.0883571487, 77.5460565991, 9.79223451737, 1800.68232595
3.81298015721, 1.15672881947, 0.929259953996, 0.957232304271, 5.69963674333, 0.891030659515, 4.52923683704, 0.973848450419, 0.941364089512, 3.47380066372, 4.78554959894, 0.914863032306, 3.7953227641, 0.907933826115, 1.09000056491, 1.0219865729, 1.01937334994, 1.00331494593, 5.84913070283, 1.07930606162, 0.917285575082, 119.552650589, 1.08844128212, 2.55768541845, 1.08586185286, 2.40253362348, 1.11902655042, 151.135775674, 11.943448254, 266.190117217
2.69504143939, 1.17546450204, 0.916248000496, 0.896773504502, 4.10442568872, 0.802162742314, 2.4902599811, 0.978297647194, 0.964584120135, 2.96211159732, 5.66793803688, 0.944496729407, 3.02955623511, 1.091599198, 1.09000065699, 1.08203731598, 1.01016243062, 1.17638503395, 6.08535213526, 1.09599024909, 0.885773206567, 265.927040725, 0.977718731442, 4.56604126048, 1.07602498797, 2.41056731359, 0.966824943056, 71.9368339919, 13.8218477473, 283.74251946
4.07486149511, 1.1592493908, 0.87693819372, 1.07135023697, 4.10163742597, 0.784688695556, 3.57571855755, 0.972699823165, 0.964871251849, 4.24664587487, 4.47834123608, 1.0144837223, 3.66086820271, 1.07357071632, 1.09000066085, 1.07480544326, 1.02539624036, 1.13790350811, 4.41480594132, 1.12312570247, 0.93698613624, 299.858422962, 1.05820665732, 4.66876842439, 1.15932751409, 2.84252976597, 1.00535617361, 90.9752212392, 15.0664834523, 264.227587922
3.68965774136, 1.13941052716, 0.915250771854, 1.04548006187, 3.1914255736, 0.774106929984, 4.62915967764, 1.01284359704, 0.940241718272, 5.10483561911, 3.36042693176, 0.961760963414, 4.07530537182, 0.910963639074, 1.09000038344, 1.07055174603, 1.00989153761, 1.12953857548, 6.18146571936, 1.0507095109, 0.917485245493, 230.431554681, 1.02348038072, 4.48257525819, 1.07085288227, 2.61965162863, 1.02282298055, 68.3991513901, 13.2451005158, 626.285626901
4.0890677174, 1.16289104535, 1.03813140882, 1.00259675297, 3.8877700312, 0.844753385052, 3.19941291073, 1.00398794038, 0.935367872333, 4.49807402598, 3.02817187161, 0.884266656943, 3.59581228315, 0.912551353895, 1.09000073171, 1.08803397698, 1.01818973192, 1.10107283749, 5.53810294108, 1.03110302656, 0.818216523557, 133.899542914, 1.00809507367, 4.06229355325, 1.01364371241, 1.93230675717, 1.15330954399, 57.9984140779, 16.7906543045, 341.982196785
4.29945907186, 1.14385372387, 0.969611453362, 1.07130950384, 3.68537019671, 0.832859344274, 2.66633065078, 1.03583237559, 0.962699379937, 5.09586107898, 5.32404583091, 1.02512439832, 1.99890398674, 1.07360628164, 1.09000049346, 1.08971532699, 1.03165044502, 1.08313647829, 6.08909998163, 1.07721263014, 0.936793893177, 110.969183504, 0.97779746166, 2.49995932275, 1.07609547785, 2.5874332447, 1.02153737437, 179.295599139, 14.7375109911, 180.625559007
4.3673617198, 1.17546450204, 0.950977590556, 0.896653065361, 3.16121314195, 0.802162742314, 2.4902599811, 0.964955892447, 0.965239370723, 2.96443941521, 4.57559235335, 1.00315500906, 3.02863579372, 1.091599198, 1.09000028946, 1.08951178494, 1.0305385252, 1.17593750195, 6.08893857715, 1.11710879762, 0.935975699654, 284.920964739, 0.977718731442, 2.49547336023, 1.13578325815, 2.41056731359, 1.02308141674, 71.1678325775, 13.0609688724, 318.71669865
3.8221233552, 1.16193739122, 1.03189337621, 1.04841417721, 3.66297364709, 0.788350114573, 3.43760793135, 1.00460717165, 0.953325272403, 3.34483548087, 3.63194705812, 0.935436099104, 3.42718381232, 1.06668181436, 1.09000027233, 1.06319495642, 1.02073876623, 1.05399410728, 4.56202028578, 1.0873135717, 0.904444692617, 263.05330871, 1.02134235822, 4.8689877153, 1.03205602387, 2.71036409577, 1.03398083514, 77.9214054131, 9.78528602715, 462.527219156
4.49889868596, 1.14083091808, 0.952120987821, 0.956911306187, 3.71101646421, 0.781253030454, 4.454937443, 1.02494677627, 0.961792220326, 2.96497847021, 4.64672282602, 1.03219044363, 3.89311101971, 0.967796445387, 1.09000028029, 1.07064476726, 1.0311329543, 0.910272502429, 7.11536030042, 1.08924990042, 0.939878799616, 110.487328596, 1.01849459454, 3.7727295015, 1.02357581751, 2.09129701304, 1.1134425605, 62.5771323466, 10.8175952291, 945.979962063
