0.78468552922, 0.697008192174, 0.79314311397, 0.469625966644, 0.205305644727, 0.383034390197, 0.229525209894, 0.737632516835, 0.379760054133, 0.426103689955, 0.742702531214, 0.478687362996, 0.656644484002, 0.499059214962, 0.0479097327036, 0.0435430754677, 0.192182748348, 0.393424578547, 1.258395585
0.555912900805, 0.48869812117, 0.488503957333, 0.525063320124, 0.303292551734, 0.504542843047, 0.469788101528, 0.660175156899, 0.402040982381, 0.483556649313, 0.762949560739, 0.741277505827, 0.437367282976, 0.257598778319, 0.285676657606, 0.309104940574, 0.405967100427, 0.564375821535, 0.969646700605
0.697610140547, 0.788837163695, 0.72388326654, 0.734554702124, 0.665547511253, 0.251429100187, 0.627476714128, 0.431338819598, 0.213868052511, 0.465427144953, 0.602695833722, 0.714793545564, 0.786207768024, 0.559600445009, 0.0338474688041, 0.076416882926, 0.180460243814, 0.577421250824, 1.18754336333
0.765588149991, 0.673009565197, 0.765124333938, 0.743614719491, 0.226779734415, 0.765499805068, 0.55411592128, 0.614800883554, 0.378757297675, 0.421870028707, 0.229074214764, 0.548132569273, 0.681898204444, 0.413461519917, 0.0324555123856, 0.0761841755342, 0.214173396703, 0.407034534026, 1.21131921717
0.335149713734, 0.606387177186, 0.688748427169, 0.738971133338, 0.39630971684, 0.354479736896, 0.486798168045, 0.651849013852, 0.689231600968, 0.441185715943, 0.757536253757, 0.729031454146, 0.454049259535, 0.318646150195, 0.117116431011, 0.269444537222, 0.552257615019, 0.87940779484, 0.627186155511
0.766203091422, 0.578761450926, 0.713708984484, 0.591945536254, 0.223749583211, 0.535293880267, 0.585514694153, 0.542719217398, 0.685137192027, 0.367468959256, 0.798245213795, 0.5537801234, 0.453698879986, 0.565084859023, 0.0709235923429, 0.0950650433044, 0.245719390605, 0.350342820627, 1.15429210818
0.695039003975, 0.774473599178, 0.75468091554, 0.724387099869, 0.388022155731, 0.711675415417, 0.608790904973, 0.565099750945, 0.322705759107, 0.539299917904, 0.658587120166, 0.643665388211, 0.262078149615, 0.783978289513, 0.0325115062562, 0.0703447043783, 0.191049139458, 0.557422353865, 1.14429995564
0.266542052341, 0.582220416741, 0.733200584115, 0.596158067158, 0.396052471589, 0.674796505636, 0.392382852602, 0.464082260721, 0.693621716689, 0.370063119519, 0.706638337301, 0.603147705349, 0.54550449904, 0.60739938962, 0.158038509669, 0.214783508223, 0.598594612764, 0.850924896199, 0.477928040087
0.522466868893, 0.602023072153, 0.591683037285, 0.573446436358, 0.269665020365, 0.62487846371, 0.561730608077, 0.458191526507, 0.486964930651, 0.59557882413, 0.62790577042, 0.706809074753, 0.477035250311, 0.581971576698, 0.170448246913, 0.215130671008, 0.367579694322, 0.635648934288, 0.841277083312
0.632122446788, 0.717735366921, 0.794328105284, 0.631705996103, 0.458336998926, 0.601537964228, 0.503584840739, 0.631610829716, 0.539125691355, 0.654718037487, 0.680826484107, 0.660792055333, 0.794339811157, 0.78478603667, 0.0521139816799, 0.0798011635294, 0.284680179104, 0.632135096106, 1.07312514955
0.792603712264, 0.724211257502, 0.450609220869, 0.603841981865, 0.22455677671, 0.611984801152, 0.256653265665, 0.597131452348, 0.643125854006, 0.543562004125, 0.587119598697, 0.757884016156, 0.49015687084, 0.262497347496, 0.0779474419268, 0.108658440217, 0.11443370954, 0.380542198421, 1.24113743854
0.750036777877, 0.515206885016, 0.727958374638, 0.770063183099, 0.60381591098, 0.451110828979, 0.416587799803, 0.359659893457, 0.540571643771, 0.316845305092, 0.713417790407, 0.699916376117, 0.796853696649, 0.717864816365, 0.050116674126, 0.132669749524, 0.311429919026, 0.358952605905, 1.19748133289
0.649327533013, 0.777364242666, 0.273772021923, 0.657142591396, 0.299449554779, 0.369924059356, 0.735793373923, 0.372862282296, 0.474559297968, 0.362040921684, 0.554276178705, 0.515485542366, 0.574528829399, 0.520492463652, 0.0967927564056, 0.162003632778, 0.0865586289865, 0.569282687042, 0.98649854391
0.534048670284, 0.775464320071, 0.22314348357, 0.754762196376, 0.41833876734, 0.654858509204, 0.282336205429, 0.651092408073, 0.523040802097, 0.266214457426, 0.728935312376, 0.636090956994, 0.576738815586, 0.620709673944, 0.101629232425, 0.250641430406, 0.0988835452017, 0.78233760963, 0.927961824166
0.579248388088, 0.778393638712, 0.703751981415, 0.456688049235, 0.461137186382, 0.562152863088, 0.479953995858, 0.226508852502, 0.571311946066, 0.369703250196, 0.729446477295, 0.732391691235, 0.652245403605, 0.568106933456, 0.0875891310613, 0.0764140499209, 0.23149000375, 0.713837804125, 0.976608045129
0.770090856241, 0.708344658601, 0.691867707169, 0.757547842307, 0.439930006254, 0.443905611544, 0.666149871919, 0.706037887793, 0.234158553174, 0.45864676094, 0.625599786791, 0.496381535516, 0.705638392612, 0.228760874569, 0.0346211599645, 0.0864684878039, 0.177169495838, 0.405904703513, 1.19821906407
0.377950735993, 0.796490475193, 0.27223425828, 0.469791462098, 0.270183540405, 0.552236669652, 0.762405272922, 0.412720445903, 0.329496748026, 0.550442516673, 0.749466020199, 0.771827167908, 0.354909671719, 0.683808121332, 0.237547275536, 0.216009191061, 0.146329300126, 1.06592082947, 0.75778457221
0.595030703303, 0.771529151565, 0.53343195641, 0.574177897484, 0.508277866973, 0.712668135402, 0.670782374297, 0.502053857742, 0.322710393104, 0.581248491123, 0.506855724769, 0.488245008312, 0.404305021945, 0.590238906402, 0.0978161424055, 0.123750157255, 0.175243280078, 0.628535959722, 0.908965413603
0.761303313214, 0.589047516385, 0.695281272252, 0.772409624206, 0.429036171189, 0.571960240267, 0.625706166317, 0.489342020668, 0.717303860252, 0.504505043183, 0.741541000187, 0.777798021475, 0.366880037845, 0.332040121942, 0.0445586841102, 0.119284647314, 0.245396054074, 0.367073224479, 1.16764190205
0.668401400439, 0.729858102637, 0.720335618755, 0.731665986909, 0.232860962181, 0.657158147994, 0.625593482083, 0.657723280231, 0.685010224548, 0.400398853796, 0.768330513003, 0.315532974395, 0.56206066873, 0.488681080753, 0.0460206241791, 0.102639702807, 0.2393696175, 0.585414305431, 1.11968122144
0.590829156125, 0.717629069531, 0.702442366555, 0.762855043043, 0.371321096582, 0.527892717386, 0.217447218271, 0.475401254975, 0.649061671915, 0.316164920251, 0.682539441577, 0.684096345133, 0.618772312655, 0.761816877854, 0.0549888221475, 0.140726545873, 0.299361549213, 0.70577423029, 1.04353485584
0.625704954583, 0.444760254729, 0.685005046053, 0.634888709063, 0.312752967969, 0.596383654198, 0.351821420439, 0.748101349913, 0.354533910895, 0.551191673784, 0.529483038604, 0.4378636036, 0.589776734897, 0.27175108961, 0.133119309049, 0.20608632719, 0.454705721481, 0.43397596237, 1.01225636324
0.577548210966, 0.73439064086, 0.725904143747, 0.597198894929, 0.269378001888, 0.601428562232, 0.762921687474, 0.489829644066, 0.398537552483, 0.459981864168, 0.417444292877, 0.626921446548, 0.586933702017, 0.399680054741, 0.0730065592683, 0.0995607328547, 0.268808249976, 0.667368021458, 0.933645915998
0.500754218509, 0.781531058079, 0.640901223694, 0.687146428516, 0.521183915691, 0.375622659026, 0.74896922526, 0.527629029908, 0.636257137684, 0.507321829959, 0.73247032158, 0.738764878088, 0.389662978421, 0.483240145095, 0.0731906164191, 0.136747274499, 0.245168377657, 0.811934982991, 0.864253379538
0.452345774902, 0.656834786031, 0.539966022782, 0.771388498816, 0.361536685149, 0.525290632175, 0.664471386545, 0.551978958185, 0.30384267921, 0.509474162969, 0.790630004744, 0.514376442154, 0.403855026997, 0.428171784168, 0.107364322769, 0.286016486499, 0.346488678964, 0.772305314424, 0.774350742166
0.5857899376, 0.728524413421, 0.719420940909, 0.691185387511, 0.360902579929, 0.559102100589, 0.378045686702, 0.605762240576, 0.660741246893, 0.552244721048, 0.582306176726, 0.735186578, 0.346677785712, 0.509223558981, 0.0579654762853, 0.109972407406, 0.263557801559, 0.64142150158, 0.925511814428
0.771522998277, 0.753759411488, 0.59797687841, 0.556163906758, 0.488700693512, 0.618666908885, 0.395102836381, 0.458707014203, 0.561074977815, 0.606904210172, 0.32896947254, 0.58888127023, 0.674950968859, 0.696780790935, 0.0576809489873, 0.0688750351798, 0.122828614279, 0.373612064309, 1.07538040554
0.668525426635, 0.678853621305, 0.679389849003, 0.633349567936, 0.32161116238, 0.698969426033, 0.548358663641, 0.667866621626, 0.634806316987, 0.383316851032, 0.627726993101, 0.468749429866, 0.36988456391, 0.343461265875, 0.0753565736319, 0.116045426144, 0.251116446087, 0.51931258735, 1.03442151709
0.773156425869, 0.646935706159, 0.727607540775, 0.620325577769, 0.707187158883, 0.697742153089, 0.652670767067, 0.445968519784, 0.247259469567, 0.416377800425, 0.715420228375, 0.612702362871, 0.56282945269, 0.651586198054, 0.0541621585015, 0.0797849357296, 0.211451360342, 0.375180557469, 1.18568937246
0.713860061193, 0.379626112459, 0.605046914649, 0.501765128706, 0.406274761255, 0.558669114755, 0.751674440792, 0.495268436339, 0.372029014471, 0.565185982781, 0.795825089766, 0.73771523428, 0.758720069532, 0.634742017606, 0.195315891625, 0.196401994015, 0.387666529422, 0.323388170519, 1.1936937878
0.512838473673, 0.581549051264, 0.687210270852, 0.772385913502, 0.266334813328, 0.489130107182, 0.458388365573, 0.621294197173, 0.222073675848, 0.4590418769, 0.650340844296, 0.648712903525, 0.546671874954, 0.484102961942, 0.083663706962, 0.223944270562, 0.446764399874, 0.656531463145, 0.863469232056
0.502917269617, 0.422347399728, 0.795027518341, 0.640792578069, 0.340103123256, 0.53878828358, 0.533270961185, 0.488679286684, 0.267755592615, 0.395993698317, 0.728687965596, 0.732004467761, 0.79544670509, 0.707919037034, 0.124785312343, 0.197172351525, 0.699513081377, 0.576357849357, 0.944541980091
0.48590327788, 0.750905321587, 0.543104428115, 0.637517376617, 0.439354019861, 0.631906733319, 0.379668269968, 0.565235744695, 0.453619256829, 0.347251658262, 0.756387484218, 0.546352771934, 0.64580729093, 0.688582385019, 0.11626771031, 0.181639018707, 0.247040789981, 0.794895723604, 0.822621368194
0.668181080485, 0.777694361683, 0.369680147664, 0.635276495791, 0.29891007419, 0.708985779569, 0.433908523314, 0.77532532388, 0.5054268122, 0.510672191874, 0.563856685196, 0.633017868894, 0.370342654753, 0.609696556707, 0.0938178767853, 0.14543680056, 0.113562126921, 0.568502767569, 1.05370072655
0.444402749225, 0.794622114309, 0.365784767902, 0.634814356046, 0.417307095225, 0.519833547175, 0.573684787656, 0.631657652514, 0.434908999245, 0.593701013461, 0.562314032295, 0.7484322615, 0.573447374434, 0.499169345724, 0.123256770486, 0.190768921979, 0.147048706246, 0.809400276834, 0.716014789938
0.502964193744, 0.558355038156, 0.795496457529, 0.769294521281, 0.344929316519, 0.547489393805, 0.517499915298, 0.391176758676, 0.550511660488, 0.242670616424, 0.790764703756, 0.713302512814, 0.642834646256, 0.564982878453, 0.0635639657222, 0.167655037954, 0.538829508537, 0.682846862509, 0.896434027481
0.45700361042, 0.790619180981, 0.395605169602, 0.400425695767, 0.23499304376, 0.777154573825, 0.328841837852, 0.520346365464, 0.384880490881, 0.688384663407, 0.593430589779, 0.561199769118, 0.572835026408, 0.771335901701, 0.210637684576, 0.15325253935, 0.186522591837, 0.93874043984, 0.866220279942
0.723272362299, 0.722307751125, 0.728343012687, 0.657622994262, 0.558593791995, 0.44359704391, 0.523276875135, 0.358219187661, 0.266634229743, 0.32694929081, 0.771027289054, 0.767961041739, 0.638904553027, 0.647964925696, 0.0489673854456, 0.0820981631198, 0.210252948882, 0.495476965609, 1.17739171034
0.768690885948, 0.56503653899, 0.598968094288, 0.537079117458, 0.374388840941, 0.652434768828, 0.44779570204, 0.465110255921, 0.52499066987, 0.734979810173, 0.51354399095, 0.792485786679, 0.592353883039, 0.659214291486, 0.107050934567, 0.120308174105, 0.220899018832, 0.335820101769, 1.13886348253
0.984734167851, 0.626914398959, 0.488503957333, 0.525063320124, 0.303292551734, 0.504542843047, 0.572239961081, 0.660175156899, 0.402040982381, 0.483556649313, 0.762949560739, 0.741277505827, 0.441851077649, 0.257598778319, 0.00822063259325, 0.00889480495364, 0.0116821108365, 0.0253489668277, 1.26858764199
0.764716347426, 0.587082148094, 0.549514336951, 0.573565298727, 0.280331423039, 0.716236802819, 0.297597243459, 0.370720758929, 0.50045071333, 0.447531308608, 0.38736391406, 0.524755347224, 0.420500861341, 0.406649432895, 0.104248898551, 0.131627872968, 0.196293789739, 0.340774805514, 1.10384896774
0.177804360547, 0.753974403697, 0.480303345991, 0.717400317796, 0.230778925888, 0.446183991286, 0.703150150201, 0.283203158616, 0.388014665906, 0.523896288596, 0.772323495012, 0.680577810285, 0.309967924822, 0.528602633411, 0.14970779638, 0.314802038893, 0.327657494476, 1.17568062142, 0.364020409994
0.678621341473, 0.727296014599, 0.471475804971, 0.873665827174, 0.320398642473, 0.662318638523, 0.259016280722, 0.433428012824, 0.533661238359, 0.291139901556, 0.337200944107, 0.535709248897, 0.633298615407, 0.710344535293, 0.036705670261, 0.182531807765, 0.170206727041, 0.552427516625, 1.09902769903
0.335149713734, 0.806723316412, 0.688748427169, 0.738971133338, 0.39630971684, 0.354479736896, 0.486798168045, 0.651849013852, 0.689231600968, 0.441185715943, 0.757536253757, 0.729031454146, 0.454049259535, 0.565084859023, 0.0590176237581, 0.13577920864, 0.278295127842, 1.00620024395, 0.612788824445
0.766203091422, 0.639497847656, 0.713708984484, 0.591945536254, 0.341535335292, 0.535293880267, 0.585514694153, 0.542719217398, 0.685137192027, 0.367468959256, 0.798245213795, 0.5537801234, 0.453698879986, 0.318646150195, 0.0607968563969, 0.0814913006408, 0.21063465641, 0.367908271019, 1.13324570106
0.6914040155, 0.693502642073, 0.653912977993, 0.298578415836, 0.419178045555, 0.684578805615, 0.334061894223, 0.710509528813, 0.769040697669, 0.429358782993, 0.744129330728, 0.742566126411, 0.419742505499, 0.621214488049, 0.132352243954, 0.0670649856682, 0.2454986927, 0.549054092559, 1.1762435424
0.217216152103, 0.677668565578, 0.724264271031, 0.467136016965, 0.523895905836, 0.611631227389, 0.634009676739, 0.601429773905, 0.449776428211, 0.702222332813, 0.791427078002, 0.647342240061, 0.559636026655, 0.261213622473, 0.178330511144, 0.160807736727, 0.51929606675, 1.03172697832, 0.418914665761
0.544040401583, 0.774473599178, 0.482416703009, 0.271292683849, 0.230971823143, 0.792104662358, 0.63751003069, 0.292182103587, 0.349812387043, 0.602358320522, 0.623232912878, 0.765368708684, 0.49440339557, 0.451069914551, 0.20197886878, 0.091691148366, 0.209890197397, 0.825664202737, 1.01140477263
0.774923402937, 0.701243247413, 0.615072796759, 0.362672146226, 0.356166387008, 0.605931192806, 0.650006270012, 0.752842764113, 0.262210028917, 0.250284347497, 0.61983669483, 0.49845016105, 0.328244848238, 0.381568469851, 0.0970759390224, 0.0621793641442, 0.166840405126, 0.399936107419, 1.21502762385
0.632122446788, 0.717735366921, 0.794328105284, 0.631705996103, 0.458336998926, 0.601537964228, 0.503584840739, 0.631610829716, 0.539125691355, 0.654718037487, 0.680826484107, 0.660792055333, 0.794339811157, 0.78478603667, 0.0521139816799, 0.0798011635294, 0.284680179104, 0.632135096106, 1.07312514955
0.750036777877, 0.515206885016, 0.727958374638, 0.770063183099, 0.60381591098, 0.451110828979, 0.416587799803, 0.359659893457, 0.540571643771, 0.316845305092, 0.713417790407, 0.699916376117, 0.796853696649, 0.717864816365, 0.050116674126, 0.132669749524, 0.311429919026, 0.358952605905, 1.19748133289
0.649327533013, 0.832110618925, 0.273772021923, 0.993052982663, 0.299449554779, 0.369924059356, 0.735793373923, 0.372862282296, 0.474559297968, 0.362040921684, 0.554276178705, 0.766192242812, 0.574528829399, 0.520492463652, 0.00166228493211, 0.152324573031, 0.069870802237, 0.620695215578, 1.04667171094
0.707558120317, 0.783383993191, 0.687421277442, 0.234621599281, 0.41833876734, 0.702648793938, 0.282336205429, 0.501788161537, 0.286346186517, 0.694728882296, 0.751182632102, 0.636090956994, 0.738535869419, 0.677829726976, 0.0877866349153, 0.0339021122872, 0.176006665532, 0.5637533658, 1.20899196237
0.579248388088, 0.708344658601, 0.297165983976, 0.857243477616, 0.461137186382, 0.562152863088, 0.479953995858, 0.226508852502, 0.571311946066, 0.369703250196, 0.729446477295, 0.496381535516, 0.652245403605, 0.568106933456, 0.063782441422, 0.2796528701, 0.144544625014, 0.651350917099, 0.93398445951
0.770090856241, 0.778393638712, 0.691867707169, 0.757547842307, 0.439930006254, 0.443905611544, 0.666149871919, 0.706037887793, 0.197905869057, 0.45864676094, 0.625599786791, 0.732391691235, 0.705638392612, 0.228760874569, 0.0282570438646, 0.0705737143204, 0.144601920343, 0.450202177673, 1.26799010685
0.182743066233, 0.771529151565, 0.53343195641, 0.574177897484, 0.508277866973, 0.712668135402, 0.670782374297, 0.502053857742, 0.322710393104, 0.581248491123, 0.506855724769, 0.488245008312, 0.404305021945, 0.590238906402, 0.157913762004, 0.199781471648, 0.282911643646, 1.0147044804, 0.319928599589
0.761303313214, 0.589047516385, 0.876242464874, 0.772409624206, 0.429036171189, 0.571960240267, 0.625706166317, 0.489342020668, 0.855113564104, 0.504505043183, 0.741541000187, 0.777798021475, 0.366880037845, 0.332040121942, 0.0198635185496, 0.0531751072079, 0.288311485797, 0.390149473012, 1.24104631548
0.444832455357, 0.78832693395, 0.720335618755, 0.731665986909, 0.232860962181, 0.372741286507, 0.625593482083, 0.657723280231, 0.685010224548, 0.400398853796, 0.768330513003, 0.315532974395, 0.56206066873, 0.488681080753, 0.0557640500211, 0.124370445285, 0.290048637147, 0.92807224248, 0.824887914698
0.590829156125, 0.444760254729, 0.685005046053, 0.762855043043, 0.312752967969, 0.527892717386, 0.217447218271, 0.475401254975, 0.649061671915, 0.551191673784, 0.682539441577, 0.684096345133, 0.280036742802, 0.761816877854, 0.105117634266, 0.269015429007, 0.535294026912, 0.510890295647, 1.06082925492
0.625704954583, 0.717629069531, 0.702442366555, 0.634888709063, 0.371321096582, 0.596383654198, 0.351821420439, 0.748101349913, 0.354533910895, 0.316164920251, 0.529483038604, 0.4378636036, 0.589776734897, 0.27175108961, 0.0715284307208, 0.110735487452, 0.261199801486, 0.615804164997, 1.02280016802
0.489596157568, 0.795191647765, 0.840219711354, 0.634156281423, 0.450462989552, 0.574606543361, 0.787035081485, 0.501783139609, 0.435159185843, 0.271303653752, 0.799877095541, 0.630631401515, 0.700412968889, 0.818434865178, 0.0428012978863, 0.0660951138649, 0.307125101522, 0.95129828284, 0.970493481091
0.500754218509, 0.781531058079, 0.736520256351, 0.687146428516, 0.521183915691, 0.375622659026, 0.74896922526, 0.527629029908, 0.636257137684, 0.507321829959, 0.73247032158, 0.738764878088, 0.389662978421, 0.483240145095, 0.0550552023135, 0.102863580493, 0.265616688715, 0.811934982991, 0.864253379538
0.48219067203, 0.735223640201, 0.789214286168, 0.771388498816, 0.556858966024, 0.756153266049, 0.442806114573, 0.729565037754, 0.466401283134, 0.523962824246, 0.387408807974, 0.252310200559, 0.719054743629, 0.374530145848, 0.042402175425, 0.112958578066, 0.350989724694, 0.84031993969, 0.868623036155
0.452345774902, 0.656834786031, 0.539966022782, 0.655381166855, 0.361536685149, 0.525290632175, 0.64281834655, 0.551978958185, 0.30384267921, 0.509474162969, 0.790630004744, 0.514376442154, 0.403855026997, 0.428171784168, 0.156535524765, 0.260357286991, 0.344546767756, 0.76797689495, 0.770010859001
0.5857899376, 0.721482374226, 0.719420940909, 0.691185387511, 0.360902579929, 0.559102100589, 0.378045686702, 0.605762240576, 0.660741246893, 0.552244721048, 0.582306176726, 0.735186578, 0.392286555018, 0.509223558981, 0.058765530185, 0.111490273885, 0.267195491792, 0.631626976707, 0.916038637306
0.773156425869, 0.646935706159, 0.786741708534, 0.620325577769, 0.707187158883, 0.697742153089, 0.652670767067, 0.445968519784, 0.247259469567, 0.416377800425, 0.715420228375, 0.612702362871, 0.56282945269, 0.651586198054, 0.0429128205088, 0.0632138142385, 0.219484297157, 0.375180557469, 1.18568937246
0.713860061193, 0.379626112459, 0.605046914649, 0.501765128706, 0.406274761255, 0.558669114755, 0.751674440792, 0.495268436339, 0.372029014471, 0.565185982781, 0.795825089766, 0.73771523428, 0.758720069532, 0.634742017606, 0.195315891625, 0.196401994015, 0.387666529422, 0.323388170519, 1.1936937878
0.739626076634, 0.555802045659, 0.699490226714, 0.660195276914, 0.278277338773, 0.628792146453, 0.376533846647, 0.547997765498, 0.651166212418, 0.289620640252, 0.515653232075, 0.598217980244, 0.546671874954, 0.679733339088, 0.0706241002855, 0.119502477398, 0.271894266511, 0.364103220839, 1.09623677088
0.502917269617, 0.422347399728, 0.543104428115, 0.640792578069, 0.340103123256, 0.53878828358, 0.533270961185, 0.488679286684, 0.267755592615, 0.395993698317, 0.728687965596, 0.202091559436, 0.79544670509, 0.688582385019, 0.264656217621, 0.418181337167, 0.566894269763, 0.588172061782, 0.9639032495
0.48590327788, 0.750905321587, 0.795027518341, 0.637517376617, 0.439354019861, 0.631906733319, 0.379668269968, 0.565235744695, 0.453619256829, 0.347251658262, 0.756387484218, 0.546352771934, 0.64580729093, 0.707919037034, 0.0563043292181, 0.08796133579, 0.313086066866, 0.800017120499, 0.827921397363
0.24600299633, 0.797677857636, 0.615955504738, 0.506945411688, 0.219857089415, 0.785052300263, 0.627577011489, 0.749363881575, 0.289753966512, 0.539969196742, 0.746511934953, 0.565623141384, 0.461314404241, 0.382929086193, 0.156671887557, 0.160128259541, 0.325179404848, 1.20039381855, 0.514160039816
0.452438335688, 0.578724036297, 0.695787108222, 0.680046102777, 0.234724807265, 0.755397662681, 0.584874341882, 0.357180765923, 0.646879955887, 0.565610084069, 0.712854902922, 0.544062490922, 0.25935885109, 0.457855218589, 0.13370632378, 0.243252626008, 0.535978170049, 0.77493241688, 0.845460426813
0.444402749225, 0.794622114309, 0.365784767902, 0.740965284695, 0.417307095225, 0.523114970743, 0.992470502606, 0.631657652514, 0.434908999245, 0.313849133595, 0.562314032295, 0.7484322615, 0.573447374434, 0.499169345724, 0.111114892301, 0.257843299342, 0.181779261459, 1.00056769151, 0.885126044504
0.502964193744, 0.558355038156, 0.795496457529, 0.400425695767, 0.344929316519, 0.547489393805, 0.517499915298, 0.391176758676, 0.550511660488, 0.242670616424, 0.790764703756, 0.713302512814, 0.413150945588, 0.564982878453, 0.143509014899, 0.104412090349, 0.533338688088, 0.675888465731, 0.887299118923
0.45700361042, 0.790619180981, 0.395605169602, 0.769294521281, 0.23499304376, 0.777154573825, 0.328841837852, 0.287569063447, 0.383929193934, 0.688384663407, 0.593430589779, 0.561199769118, 0.40134846849, 0.771335901701, 0.0958076530235, 0.25270033928, 0.193513849637, 0.973926399658, 0.898688032124
0.600233850566, 0.590869148206, 0.699502326853, 0.313502354472, 0.314247530362, 0.745884078841, 0.615059040933, 0.268714958032, 0.60249417438, 0.530066498029, 0.647018771494, 0.654397579693, 0.371274297105, 0.714916681205, 0.180757292144, 0.0969830067008, 0.401816243444, 0.602585365553, 1.03688298634
0.502338323069, 0.56503653899, 0.38948332661, 0.537079117458, 0.374388840941, 0.652434768828, 0.44779570204, 0.465110255921, 0.52499066987, 0.734979810173, 0.51354399095, 0.792485786679, 0.592353883039, 0.659214291486, 0.294885997404, 0.331404822014, 0.311234460544, 0.665696129913, 0.86470247723
0.217216152103, 0.677668565578, 0.724264271031, 0.467136016965, 0.523895905836, 0.611631227389, 0.634009676739, 0.601429773905, 0.449776428211, 0.702222332813, 0.757148786603, 0.647342240061, 0.747348176556, 0.261213622473, 0.183860352766, 0.165794215541, 0.5353988917, 1.06371974698, 0.431904769025
0.24600299633, 0.797677857636, 0.615955504738, 0.506945411688, 0.219857089415, 0.785052300263, 0.627577011489, 0.749363881575, 0.289753966512, 0.539969196742, 0.746511934953, 0.565623141384, 0.39902910558, 0.382929086193, 0.157670822455, 0.161149232155, 0.327252738237, 1.20804749079, 0.517438307634
0.452438335688, 0.578724036297, 0.695787108222, 0.680046102777, 0.234724807265, 0.755397662681, 0.738951578686, 0.357180765923, 0.646879955887, 0.565610084069, 0.712854902922, 0.544062490922, 0.661825658069, 0.457855218589, 0.135581248049, 0.246663685701, 0.543494033547, 0.78579906517, 0.857316068545
0.266542052341, 0.582220416741, 0.733200584115, 0.596158067158, 0.396052471589, 0.674796505636, 0.657641580422, 0.464082260721, 0.103080456116, 0.370063119519, 0.706638337301, 0.603147705349, 0.54550449904, 0.60739938962, 0.175962507467, 0.239143261657, 0.666484448879, 0.947432867567, 0.532132430879
0.534048670284, 0.775464320071, 0.22314348357, 0.754762196376, 0.371121009776, 0.654858509204, 0.210959390074, 0.651092408073, 0.523040802097, 0.266214457426, 0.728935312376, 0.608690135801, 0.576738815586, 0.620709673944, 0.1048392538, 0.258558093062, 0.102006842369, 0.807048220833, 0.957272065123
0.268000391612, 0.717276307929, 0.604319620813, 0.606395219538, 0.256306750757, 0.736249950058, 0.770078140866, 0.586357476017, 0.448749309542, 0.781155298792, 0.691328156784, 0.688289407333, 0.560340797178, 0.700814182744, 0.184401317604, 0.259243691809, 0.444185003471, 1.14830044057, 0.569372315357
0.465436654435, 0.611633821035, 0.680870734799, 0.580967605817, 0.235603855269, 0.567339230881, 0.236484954401, 0.496332572121, 0.596127809189, 0.48994949339, 0.416959156076, 0.730795298647, 0.679636414791, 0.259131429204, 0.163443114666, 0.211372188364, 0.487599990875, 0.795451905387, 0.870461539533
0.268000391612, 0.717276307929, 0.604319620813, 0.606395219538, 0.256306750757, 0.736249950058, 0.770078140866, 0.586357476017, 0.448749309542, 0.781155298792, 0.691328156784, 0.688289407333, 0.560340797178, 0.700814182744, 0.184401317604, 0.259243691809, 0.444185003471, 1.14830044057, 0.569372315357
0.512838473673, 0.581549051264, 0.687210270852, 0.772385913502, 0.266334813328, 0.489130107182, 0.458388365573, 0.621294197173, 0.222073675848, 0.4590418769, 0.650340844296, 0.648712903525, 0.24573973272, 0.484102961942, 0.088029175262, 0.23562940441, 0.470076011277, 0.690788459331, 0.90852398396
0.600233850566, 0.590869148206, 0.699502326853, 0.313502354472, 0.314247530362, 0.745884078841, 0.615059040933, 0.268714958032, 0.60249417438, 0.530066498029, 0.769475424889, 0.583777828447, 0.371274297105, 0.714916681205, 0.185579485753, 0.0995702928319, 0.412535787303, 0.618660973148, 1.06454466709
0.522466868893, 0.602023072153, 0.591683037285, 0.573446436358, 0.269665020365, 0.62487846371, 0.561730608077, 0.458191526507, 0.306653355951, 0.59557882413, 0.62790577042, 0.706809074753, 0.477035250311, 0.581971576698, 0.175964336818, 0.222092784987, 0.379475402714, 0.656219968212, 0.868502708161
0.405572476482, 0.753974403697, 0.480303345991, 0.717400317796, 0.230778925888, 0.446183991286, 0.614383075362, 0.283203158616, 0.388014665906, 0.640970508985, 0.772323495012, 0.680577810285, 0.309967924822, 0.528602633411, 0.124350085504, 0.261480439894, 0.272158420865, 0.976542233158, 0.780181314967
0.487470020578, 0.770485904817, 0.299744410914, 0.560373283509, 0.267593283181, 0.223214620798, 0.758422498254, 0.539275172739, 0.422867391323, 0.496004561841, 0.772770027661, 0.722522340516, 0.422556106429, 0.383425465745, 0.194653524224, 0.235576798361, 0.155552352218, 0.909567307573, 0.93452709818
0.487470020578, 0.770485904817, 0.299744410914, 0.560373283509, 0.267593283181, 0.223214620798, 0.758422498254, 0.539275172739, 0.422867391323, 0.496004561841, 0.772770027661, 0.722522340516, 0.422556106429, 0.383425465745, 0.194653524224, 0.235576798361, 0.155552352218, 0.909567307573, 0.93452709818
0.377950735993, 0.796490475193, 0.27223425828, 0.469791462098, 0.270183540405, 0.552236669652, 0.762405272922, 0.412720445903, 0.329496748026, 0.290231050332, 0.749466020199, 0.771827167908, 0.354909671719, 0.683808121332, 0.244817621631, 0.222620344884, 0.150807838781, 1.09854428652, 0.780977244461
