0.999702883033, 0.0052761676935, 0.812452722107, 0.989092260883, 0.762990711684, 0.999999995936, 0.998877651202, 0.102752303916, 0.00263869983587, 0.791314709961, 0.01719180104, 0.753561756696, 0.624246657134, 0.190826117102, 0.0267271722802, 0.898776006213, 0.967300328424, 1.05459549639e-08, 6.26173561442e-08, 0.0994768514495, 2.79104613649e-13, 0.0575613656025, 1.72331201131e-10, 3.07902446771e-229, 2.49719701063
0.999211494294, 0.99903204238, 0.997391799682, 0.583763312864, 6.71559525451e-05, 0.338453900704, 0.130953214893, 0.135855154734, 0.487783542959, 0.980634549638, 0.516679525544, 0.54141445759, 0.724498501282, 0.764101732721, 0.520734172278, 0.327552399191, 0.707524154074, 0.00945834696079, 7.6480654817e-91, 1.32399849599e-49, 0.0, 6.24618590608e-26, 0.0250494818084, 0.183381388299, 1.54808380145
2.39828141382e-05, 0.0052761676935, 0.129570999812, 0.623550466387, 0.104317219552, 0.999999994467, 1.25407055637e-05, 0.787883486684, 0.448417143823, 0.578336370584, 0.623309188146, 0.753561756696, 0.871989569282, 0.273531838214, 0.5479960402, 0.461170006199, 0.741176122836, 1.23662707824e-06, 0.0, 1.42281437873, 1.53062364497e-98, 6.86165632278e-21, 3.98152196696e-89, 3.81177413452e-228, 0.0
0.433044283727, 0.528810238447, 0.954579917775, 0.951094035858, 0.284250045246, 0.320902641725, 0.997135350888, 0.0475679366712, 0.214822208982, 0.239541876394, 0.871577778468, 0.0185470319835, 0.999775977979, 0.7750493429, 0.0267271722802, 0.172174712674, 0.0181731489358, 0.997402370803, 2.41442740267, 1.78023462841e-49, 9.62060234127e-55, 0.0272589803541, 0.0393037306365, 8.77417530464e-28, 1.84693589189e-36
0.00877981671037, 0.0052761676935, 0.732976836052, 0.623550466387, 0.999411056459, 0.371922676982, 0.998838373805, 0.464333623153, 0.70179224326, 0.0351289029583, 0.0223530240982, 0.00797383053734, 0.652199436095, 0.94143200646, 0.520734172278, 0.0135492341207, 0.00214778791146, 0.0374225865066, 0.214960616016, 3.80389141515e-44, 2.42147106438, 1.17250848713e-20, 1.23304850063e-13, 6.51349661581e-228, 8.52118730526e-206
0.99898776657, 0.995833603578, 0.000260744775482, 0.999486706732, 0.952834082307, 0.000773568129388, 0.59846964739, 0.582763814322, 0.0316613222925, 0.590708122351, 0.516679525544, 0.182968386909, 0.940806946873, 0.662027412678, 0.48239014524, 0.94241875947, 0.847428359596, 0.0113204560671, 8.99905109324e-25, 1.25846364474e-313, 0.000141819137447, 0.143716393286, 0.0, 0.242618728878, 1.85113142824
0.433044283727, 0.999202421872, 0.871364379378, 0.259946007307, 0.284250045246, 0.998896888173, 0.997135350888, 0.862343970588, 0.0700027607267, 0.173690070909, 0.871577778468, 0.0185470319835, 0.999775977979, 0.7750493429, 0.0267271722802, 0.0829065444675, 0.0256633295384, 0.0205505109051, 0.049746940774, 0.324954527146, 1.21303696968e-55, 1.59270339867e-59, 5.41751379798e-07, 2.72105023875, 1.93752016005e-36
0.234001449915, 0.448118839169, 0.196907028405, 0.989001025464, 0.952834082307, 0.796450498628, 1.25407055637e-05, 0.0776192213932, 0.970010527193, 0.510031677006, 0.721548771784, 0.840866344555, 0.064935112561, 0.109256778448, 0.0633944981451, 0.0135492341207, 0.964212339397, 2.21256473861, 0.0, 4.5383158055e-10, 0.0277183199082, 1.26619358043, 1.06826803868e-70, 5.51923199738e-35, 3.34513200179e-63
0.509152457636, 0.660981162077, 0.995763659664, 0.899965773623, 0.345637855485, 0.186399651694, 0.997135350888, 0.94467942574, 0.255604930257, 0.022352961801, 0.759366989594, 0.923382473075, 0.860648779343, 0.00496043458101, 0.0633944981451, 0.88446859166, 0.445527548399, 0.483381953529, 1.17013019892, 2.2033206312e-73, 1.44776555529e-46, 5.26220026571e-05, 2.09598786434, 4.01753741508e-18, 1.8613847076e-29
0.0555425871454, 6.21512758392e-06, 0.000674405127516, 0.899460091379, 0.342811489669, 0.329951116687, 0.975275146007, 0.135855154734, 0.380463267266, 0.54534037396, 0.277226086394, 0.537800095561, 0.787877455081, 0.570411492375, 0.941523410613, 0.327552399191, 0.510520225716, 1.50015890883, 0.193808006661, 1.66269187407e-48, 7.61006650903e-47, 5.94348797688e-05, 1.85326741116e-317, 0.0, 6.89385321313e-126
0.391602107906, 0.0052761676935, 0.812452722107, 0.90380264089, 0.515588749652, 0.999999993946, 0.999074250266, 0.642435134269, 0.00263869983587, 0.578336370584, 0.025324620218, 0.753561756696, 0.624246657134, 0.190826117102, 0.0267271722802, 0.994505215521, 0.967300328424, 3.11015258397e-07, 2.22390368612e-06, 2.36132078944, 6.30402749572e-29, 0.00015018808089, 3.54066371119e-09, 6.3260687137e-228, 7.1412946635e-41
0.234001449915, 0.448118839169, 0.329447287293, 0.999486706732, 0.952834082307, 0.796450498628, 1.25407055637e-05, 0.0776192213932, 0.970010527193, 0.510031677006, 0.721548771784, 0.840866344555, 0.064935112561, 0.109256778448, 0.0633944981451, 0.0135492341207, 0.964212339397, 0.200194800956, 0.0, 4.10630800311e-11, 0.00250797793168, 2.54152965016, 2.40520450304e-48, 5.51923199738e-35, 3.34513200179e-63
0.959640289301, 0.999458757823, 0.000305554026911, 0.0053875808807, 0.855764012617, 0.290790441455, 0.996705104236, 0.378706593339, 0.487499255885, 0.125578325525, 0.526120557911, 0.198101064442, 0.474918081268, 0.94143200646, 0.713667278211, 0.650900816645, 0.89070377236, 0.0587590255937, 0.124311085988, 4.92527947055e-55, 3.7138137434e-08, 2.97713483796e-228, 0.0, 1.6572145274, 0.0424551084803
0.515677017956, 0.985566676961, 0.217243263863, 0.000282019300615, 0.308303252812, 0.796450498628, 0.176601393166, 0.582763814322, 0.829819343003, 0.510031677006, 0.621058538054, 0.632905800825, 0.507971563887, 0.7750493429, 0.0267271722802, 0.241642803507, 0.536558213282, 1.41487025067, 1.11236937143e-75, 2.90211983826e-10, 1.75649605138e-51, 0.0, 1.10019177332e-66, 0.543973928976, 4.11671119496e-29
0.984672389618, 0.000302049639306, 0.589910128525, 0.456086897154, 0.710885603263, 0.998896888173, 0.994487323016, 0.457856976443, 0.601140746472, 0.173690070909, 0.315537042226, 0.956313757919, 0.064935112561, 0.418392998414, 0.99969222382, 0.0135492341207, 0.115107438692, 0.209191498666, 0.265650495851, 2.04138415173, 4.9191927611e-15, 2.61024636476e-34, 3.89499787433e-23, 0.0, 0.720781059298
2.39828141382e-05, 0.0171479669696, 0.129570999812, 0.00135844377262, 0.104317219552, 0.999999994467, 1.25407055637e-05, 0.787883486684, 0.448417143823, 0.578336370584, 0.623309188146, 0.753561756696, 0.871989569282, 0.273531838214, 0.5479960402, 0.461170006199, 0.741176122836, 1.23662707824e-06, 0.0, 1.42281437873, 1.53062364497e-98, 4.50230431189e-287, 3.98152196696e-89, 5.89565352008e-177, 0.0
0.984672389618, 0.0158691259742, 0.98744004298, 0.120555251687, 0.356873973991, 0.945613491756, 0.999342191517, 0.297597835734, 0.0171604949588, 0.794751096762, 0.563890807821, 0.923382473075, 0.355303777319, 0.0375446533495, 0.00454211211563, 0.0135492341207, 0.2617467786, 0.197428845722, 1.96701107892, 0.011573754523, 5.54113141247e-45, 4.0806012424e-92, 0.939908087099, 3.90538798344e-180, 0.762508771562
0.974543612278, 0.0698334826558, 0.825335667753, 0.982568616606, 0.644936517044, 0.995743948106, 0.960961594367, 0.365361099446, 0.0730579282895, 0.398617471396, 0.166473639443, 0.744183374076, 0.495298017613, 0.361477868025, 0.264514872076, 0.562923386784, 0.0487087950756, 0.825470899445, 0.0241851604651, 1.36093357036, 2.23733429701e-19, 0.441684625485, 1.19453798218e-08, 6.61467764414e-116, 0.19784722827
0.00877981671037, 0.0171479669696, 0.991663730744, 0.0388565229797, 0.998533820217, 0.999533072121, 1.25407055637e-05, 0.464333623153, 0.69019427539, 0.0858573003688, 0.701951508979, 0.00797383053734, 0.652199436095, 0.94143200646, 0.520734172278, 0.961678292678, 0.624373676306, 0.0229661510431, 0.0, 0.319870826105, 1.47303297821, 2.09306027494e-141, 1.21929832326, 8.03416279473e-177, 6.79550526727e-206
0.433044283727, 0.985993778242, 0.871364379378, 0.951094035858, 0.284250045246, 0.320902641725, 0.997135350888, 0.0475679366712, 0.214822208982, 0.239541876394, 0.871577778468, 0.0185470319835, 0.999775977979, 0.7750493429, 0.0267271722802, 0.0829065444675, 0.0181731489358, 0.948677091896, 2.29647736361, 1.69326628812e-49, 9.15061495598e-55, 0.0259273197732, 4.08695553621e-06, 1.00199675799, 1.89394223017e-36
0.984083083283, 0.97905562429, 0.995848211693, 0.786236595496, 0.992691747802, 0.993410662437, 0.948269127477, 0.0119295579002, 0.338752534796, 0.226145860857, 0.556648887888, 0.771007864299, 0.394069144649, 0.738722357315, 0.790033945548, 0.0525781912212, 0.23319115104, 0.439223603957, 0.00340388909396, 0.462290114562, 0.599242050347, 4.93723435218e-11, 1.47780260728, 0.328824946603, 0.571180084321
0.989772578754, 0.991423767945, 0.993950896513, 0.90380264089, 0.278580828569, 0.506954607803, 0.884085879652, 0.582763814322, 0.0580750934735, 0.112233045179, 0.025324620218, 0.27476401384, 0.999616295402, 0.271261874723, 0.016178850597, 0.833928731768, 0.630441130836, 1.00151782885, 7.01817159703e-06, 4.9395347039e-30, 4.91927540513e-56, 6.36999603644e-05, 1.15459063516, 1.19561841535, 1.22176011515
0.999702883033, 0.0052761676935, 0.812452722107, 0.90380264089, 0.305991395403, 0.999999993946, 0.999074250266, 0.642435134269, 0.00263869983587, 0.578336370584, 0.025324620218, 0.753561756696, 0.624246657134, 0.190826117102, 0.0267271722802, 0.989813600036, 0.967300328424, 1.42709689988e-08, 1.02044062804e-07, 0.108349461554, 6.33677149678e-53, 6.891396446e-06, 1.6246373994e-10, 2.90272351791e-229, 2.35421074682
0.394736185823, 0.0383555205529, 0.0208945871478, 0.999486706732, 0.99754392742, 0.796450498628, 0.488483595633, 0.0776192213932, 0.481223512027, 0.487680413799, 0.721548771784, 0.840866344555, 0.724498501282, 0.109256778448, 0.0688378034061, 0.0135492341207, 0.976860946238, 0.0579409302116, 6.98399166958e-33, 1.18845896247e-11, 0.162531903639, 2.19040908191, 3.47830702994e-168, 8.33252450743e-142, 1.47462811926e-40
0.57628371549, 0.534493419408, 0.651898869322, 0.994193527347, 0.952834082307, 0.796450498628, 0.998877651202, 0.0776192213932, 0.0366784691931, 0.510031677006, 0.721548771784, 0.840866344555, 0.724498501282, 0.109256778448, 0.895633701038, 0.0135492341207, 0.964212339397, 0.251566805412, 1.49369576321, 3.10695178549e-10, 0.0189760887564, 1.82290438636, 9.74819011566e-19, 2.31812832624e-27, 4.31058255381e-24
0.850665477229, 0.999202421872, 0.965023374436, 0.996489488357, 0.284250045246, 0.320902641725, 0.997135350888, 0.582763814322, 0.156347567189, 0.692211895976, 0.336748484027, 0.0185470319835, 0.999616295402, 0.916012288989, 0.0267271722802, 0.0829065444675, 0.21562352805, 0.047792318825, 0.115691608107, 8.53031268371e-51, 4.60988371235e-56, 0.249056947025, 0.0124565269613, 2.30502071422, 3.45012071426e-07
0.898866813549, 0.97905562429, 0.995376370034, 0.00822176101073, 0.992691747802, 0.832822176895, 0.994487323016, 0.0119295579002, 0.963147430791, 0.346646297199, 0.228000015377, 0.530440097694, 0.359650223552, 0.738722357315, 0.93750939608, 0.0135492341207, 0.23319115104, 0.51819921909, 0.658056758417, 1.49411230829e-08, 0.787103556607, 5.66334176045e-209, 1.74451436781, 0.399985852727, 7.82412871961e-05
0.99778024782, 0.985566676961, 0.0708085317144, 0.120555251687, 0.992691747802, 0.945613491756, 0.997135350888, 0.886607371464, 0.0171604949588, 0.328098168043, 0.563890807821, 0.754449377076, 0.359650223552, 0.0375446533495, 0.294981508753, 0.0135492341207, 0.61111821484, 0.160372756293, 0.388216820783, 0.00245911688382, 0.394722986077, 1.18976683958e-92, 9.23437162161e-116, 0.221610353536, 1.90811123757
0.699277834329, 0.0517973541242, 0.0209615509982, 0.994919781252, 0.980675992079, 0.980463693091, 0.994487323016, 0.365361099446, 0.103959801693, 0.253244293601, 0.232649046129, 0.188077278405, 0.222361204264, 0.190826117102, 0.48239014524, 0.898357362274, 0.000238244329004, 0.686234539292, 0.871443375066, 0.246187579354, 0.257883456362, 1.60842293912, 4.32967699187e-168, 8.41146596089e-129, 9.10102514853e-16
0.850665477229, 0.996665452492, 0.965023374436, 0.996489488357, 0.205919016812, 0.320902641725, 0.997135350888, 0.582763814322, 0.656628764003, 0.984371072527, 0.336748484027, 0.0185470319835, 0.905998782484, 0.916012288989, 0.0366120067711, 0.0829065444675, 0.21562352805, 0.172307503059, 0.417107447556, 3.07546675905e-50, 1.66045612535e-69, 0.897934683156, 0.0449100003989, 2.10376880754, 3.46507716992e-07
0.920620276189, 0.985566676961, 0.965023374436, 0.201380503804, 0.057209309187, 0.0425595013248, 0.997135350888, 0.582763814322, 0.197975434279, 0.253244293601, 0.759366989594, 0.355195725966, 0.933559458464, 0.498061784413, 0.0577633310885, 0.0829065444675, 0.21562352805, 0.671303228348, 1.62503414617, 2.19204475906e-137, 1.54122737978e-124, 6.96528123189e-70, 0.078572122115, 0.676661028712, 0.0007579130859
0.971741688046, 0.985566676961, 0.965023374436, 0.201380503804, 0.057209309187, 0.0425595013248, 0.997135350888, 0.582763814322, 0.46076166518, 0.150880161947, 0.221575296177, 0.675619239792, 0.933559458464, 0.498061784413, 0.334793088901, 0.0829065444675, 0.0530428293438, 0.648078961104, 1.56881480192, 2.11620923326e-137, 1.48790739704e-124, 6.72431180716e-70, 0.0758538572761, 0.653251404118, 0.163123638671
0.984672389618, 0.159755177681, 0.98744004298, 0.120555251687, 0.998170169588, 0.945613491756, 0.999342191517, 0.365361099446, 0.0171604949588, 0.794751096762, 0.563890807821, 0.933995782014, 0.355303777319, 0.00958705278622, 0.264514872076, 0.0135492341207, 0.467891246843, 0.0461512360593, 0.459811190724, 0.0027054966316, 1.71723652068, 3.67067672791e-92, 0.845487842782, 6.85298297681e-80, 0.68590951096
0.993932697715, 0.97905562429, 0.995848211693, 0.543615324424, 0.992691747802, 0.796450498628, 0.948269127477, 0.0119295579002, 0.338752534796, 0.81531149078, 0.48112921664, 0.771007864299, 0.394069144649, 0.0375820906167, 0.93750939608, 0.0525781912212, 0.23319115104, 0.508745531427, 0.00394266917903, 1.04354786944e-10, 0.478090692312, 3.70881709628e-27, 1.17902886021, 0.262344984435, 1.60326357608
0.929589614668, 0.220650597811, 0.00239455309167, 0.99456051176, 0.324407372675, 0.994433837365, 0.996241164761, 0.365361099446, 0.2912151576, 0.676873846282, 0.701951508979, 0.676769133497, 0.395903109987, 0.190826117102, 0.534393136148, 0.961678292678, 0.221686577853, 0.282455740935, 0.525844177766, 0.750488611548, 1.9363041256e-49, 1.23459052826, 2.0539717201e-262, 5.76312769589e-66, 0.00165681446779
0.989772578754, 0.0569485449431, 0.000260744775482, 0.971736146254, 0.995553462019, 0.998896888173, 0.998130685227, 0.609733080682, 0.417906676043, 0.692211895976, 0.284635378665, 0.898494086623, 0.12492580814, 0.190826117102, 0.747417290907, 0.651102341179, 0.00287713418931, 0.0357011407597, 0.129984206945, 0.813814181412, 1.30169439046, 0.138017105346, 0.0, 8.58890898509e-125, 0.974142637423
0.99778024782, 0.985566676961, 0.0708085317144, 0.990181140615, 0.992691747802, 0.945613491756, 0.997135350888, 0.886607371464, 0.0171604949588, 0.328098168043, 0.563890807821, 0.754449377076, 0.359650223552, 0.709832489679, 0.294981508753, 0.0135492341207, 0.61111821484, 0.122335365995, 0.296139119596, 0.00187586078184, 0.301102145305, 0.291591694889, 8.45238187834e-116, 0.202843833131, 1.74652759355
0.990098580967, 0.985566676961, 0.98744004298, 0.613164279837, 0.992691747802, 0.945613491756, 0.788023846775, 0.365361099446, 0.0171604949588, 0.398617471396, 0.579984760317, 0.323246615994, 0.355303777319, 0.782902948197, 0.200645948413, 0.0135492341207, 0.544916004851, 0.887690589666, 6.28517684173e-11, 0.00519699683669, 0.834191381268, 1.09523275471e-21, 0.579157080442, 0.518580271591, 0.94824754406
0.00877981671037, 0.0171479669696, 0.955208834552, 0.0388565229797, 0.998533820217, 0.999533072121, 1.25407055637e-05, 0.464333623153, 0.69019427539, 0.0858573003688, 0.701951508979, 0.00797383053734, 0.652199436095, 0.94143200646, 0.520734172278, 0.961678292678, 0.00104654885602, 0.0330904111511, 0.0, 0.460880760176, 2.12239599038, 3.01575239716e-141, 0.0349037854988, 9.00164739168e-177, 7.61382907307e-206
0.929589614668, 0.220650597811, 0.00239455309167, 0.995747750596, 0.324407372675, 0.994433837365, 0.996241164761, 0.365361099446, 0.2912151576, 0.676873846282, 0.701951508979, 0.547405411658, 0.395903109987, 0.738722357315, 0.534393136148, 0.961678292678, 0.221686577853, 0.228397165614, 0.425204031466, 0.606854267275, 1.56571919051e-49, 1.27895379888, 1.96515094846e-262, 5.51391031671e-66, 0.00158516813593
0.984083083283, 0.97905562429, 0.995848211693, 0.534710453967, 0.992691747802, 0.993410662437, 0.948269127477, 0.0119295579002, 0.338752534796, 0.81531149078, 0.48112921664, 0.771007864299, 0.394069144649, 0.738722357315, 0.93750939608, 0.0525781912212, 0.23319115104, 0.469992506593, 0.00364234151585, 0.494674893968, 0.641220714826, 9.53742364283e-28, 1.58132701746, 0.351860099256, 0.611192925715
0.850665477229, 0.996665452492, 0.965023374436, 0.996489488357, 0.992691747802, 0.945613491756, 0.997135350888, 0.365361099446, 0.656628764003, 0.984371072527, 0.563890807821, 0.0185470319835, 0.905998782484, 0.916012288989, 0.0366120067711, 0.0135492341207, 0.21562352805, 0.128330044474, 0.310650530854, 0.00196778172529, 0.315856754784, 0.917717774509, 0.0458994472453, 2.15011856024, 3.54141895678e-07
0.99429850086, 0.445701884662, 0.984513978488, 0.0206188520274, 0.998069883091, 0.320902641725, 0.99788782719, 0.407159483289, 0.271138696292, 0.290685618877, 0.103268508756, 0.397305182849, 0.314844115188, 0.205822004913, 0.264514872076, 0.00316323082274, 0.692454852054, 0.0832534120136, 0.26974071631, 1.92377487322e-50, 0.996861564976, 4.34463954114e-169, 0.35469634207, 1.38044412687e-35, 1.34303999284
0.920620276189, 0.592461720061, 0.984513978488, 0.992559371085, 0.998069883091, 0.320902641725, 0.99788782719, 0.365361099446, 0.524448734633, 0.361317192198, 0.103268508756, 0.540960751057, 0.314844115188, 0.635627120973, 0.787462941565, 0.0135492341207, 0.652788821473, 0.0890402111163, 0.288489921866, 2.05749310099e-50, 1.06615166937, 1.02061960366, 0.515746110794, 4.61509392018e-23, 0.000640036342619
0.987499209738, 0.985566676961, 0.28862558952, 0.590394896036, 0.999906266399, 0.217257640752, 0.999905971796, 0.365361099446, 0.00294288823764, 0.361317192198, 0.232649046129, 0.352521931072, 0.779700538314, 0.0986556951305, 0.0633944981451, 0.898357362274, 0.000238244329004, 0.000401942650036, 0.0273384984773, 2.14016561243e-68, 1.86547256487, 3.81254361336e-23, 3.16547350233e-54, 0.717293637441, 0.956856618132
0.984672389618, 0.996665452492, 0.975617169603, 0.99897711087, 0.998170169588, 0.217257640752, 0.997135350888, 0.365361099446, 0.0903229572046, 0.356191864898, 0.578555627479, 0.420358081097, 0.999616295402, 0.7750493429, 0.264514872076, 0.0829065444675, 0.53139726153, 0.0108228869044, 0.0261991303438, 2.218843399e-68, 0.105333708398, 0.708295322373, 0.0959271856466, 1.51207896995, 0.5838348234
0.509152457636, 0.556394863467, 0.990371006013, 0.120555251687, 0.57922548182, 0.424170234871, 0.997135350888, 0.199275816671, 0.255604930257, 0.022352961801, 0.759366989594, 0.355195725966, 0.393201606512, 0.0986556951305, 0.466383602833, 0.88446859166, 0.53139726153, 0.564922255834, 1.36751607455, 1.31912293407e-37, 4.47746554495e-24, 3.05407509039e-92, 1.00556423368, 9.70583696533e-26, 1.35989767648e-29
0.989772578754, 0.0569485449431, 0.000260744775482, 0.971736146254, 0.992691747802, 0.998896888173, 0.998130685227, 0.365361099446, 0.417906676043, 0.692211895976, 0.471156795003, 0.898494086623, 0.12492580814, 0.190826117102, 0.747417290907, 0.00888098627767, 0.00287713418931, 0.0533592118939, 0.194275440327, 1.21633321581, 1.15858133014, 0.151521921876, 0.0, 9.42932394485e-125, 1.06946138476
0.984672389618, 0.996665452492, 0.975617169603, 0.999486706732, 0.998170169588, 0.980463693091, 0.488483595633, 0.0771366928215, 0.0903229572046, 0.791680085028, 0.578555627479, 0.479941762544, 0.999616295402, 0.7750493429, 0.303409080413, 0.319648731295, 0.53139726153, 0.0147676952691, 1.78004495892e-33, 0.00327768947414, 0.0562109807706, 0.738945161337, 0.0992185348292, 1.56395977775, 0.60386672839
0.987499209738, 0.965662227933, 0.000260744775482, 0.49313683214, 0.284250045246, 0.186399651694, 0.320849506781, 0.320128703503, 0.0382186226091, 0.253244293601, 0.582445855176, 0.371908519858, 0.395903109987, 0.190826117102, 0.208033039077, 0.871191381832, 0.00910016130187, 1.71191461011, 1.14746534239e-49, 2.9792820856e-73, 6.30458093472e-55, 5.32532445511e-31, 0.0, 0.081744049064, 0.820449338651
0.170527760607, 0.0256311219544, 0.0208945871478, 0.00537316961654, 0.313627192832, 0.482229372726, 0.488483595633, 0.0776192213932, 0.0730579282895, 0.510031677006, 0.558625868586, 0.313329660244, 0.0508068879119, 0.190826117102, 0.0633944981451, 0.0135492341207, 0.438594379148, 2.12746080145, 2.5643648558e-31, 7.06882822955e-32, 1.4633645471e-50, 3.52400465633e-227, 3.36791316983e-168, 2.51618834765e-159, 5.05231398052e-77
0.394736185823, 0.0383555205529, 0.0208945871478, 0.999486706732, 0.952834082307, 0.796450498628, 1.25407055637e-05, 0.0776192213932, 0.0730579282895, 0.510031677006, 0.721548771784, 0.840866344555, 0.724498501282, 0.109256778448, 0.0633944981451, 0.0135492341207, 0.964212339397, 0.186255449758, 0.0, 3.82039014157e-11, 0.0023333500941, 2.36456564209, 3.75486267088e-168, 8.99503262875e-142, 1.59187387162e-40
0.987499209738, 0.311172269286, 0.00151089168431, 0.996489488357, 0.980675992079, 0.992329757963, 0.997135350888, 0.365361099446, 0.103959801693, 0.224134931925, 0.1767133309, 0.425170022558, 0.0680945441421, 0.0609473362274, 0.48239014524, 0.898357362274, 0.000238244329004, 0.242118783382, 0.586100697582, 0.564443260458, 0.192689176341, 1.7321183041, 2.55233001056e-282, 6.07704483344e-51, 0.928023516369
0.168213642522, 0.999202421872, 0.642099453053, 0.98718349189, 0.651179941182, 0.994433837365, 0.794481878937, 0.582763814322, 0.613417789591, 0.74647921127, 0.99543361657, 0.397305182849, 0.849290495967, 0.0375446533495, 0.264514872076, 0.488012360785, 0.107881487809, 0.127801978432, 2.04671349139e-11, 0.160685921649, 7.56200813964e-20, 0.0947633875434, 2.04504211481e-20, 1.86805229661, 1.13969646107e-77
0.189973737445, 0.0517973541242, 0.991663730744, 0.996489488357, 0.99974450018, 0.180627002876, 0.999579831824, 0.0654690381949, 0.28024260893, 0.253244293601, 0.871577778468, 0.540140849561, 0.801712665057, 0.190826117102, 0.318320481645, 0.292867570449, 0.624373676306, 0.00153324508657, 0.0236845705111, 1.77730138134e-76, 0.598573126003, 1.19190369256, 1.07891981369, 7.26630441588e-129, 1.99486117955e-72
0.00877981671037, 0.0171479669696, 0.955208834552, 0.00135844377262, 0.999411056459, 0.371922676982, 0.998838373805, 0.464333623153, 0.70179224326, 0.0351289029583, 0.0383973852275, 0.00797383053734, 0.652199436095, 0.94143200646, 0.520734172278, 0.0135492341207, 0.00214778791146, 0.0371858318032, 0.213600663601, 3.77982602395e-44, 2.40615158176, 7.64479032477e-287, 0.0388212292359, 1.00119517668e-176, 8.46837096849e-206
0.99429850086, 0.99610398734, 0.280501557192, 0.82202928568, 0.995711026727, 0.796450498628, 0.997135350888, 0.61095977304, 0.312061510865, 0.137438104584, 0.721548771784, 0.562311583552, 0.355303777319, 0.709832489679, 0.264514872076, 0.0135492341207, 0.61111821484, 0.0979887657775, 0.237202926494, 5.26420454809e-11, 0.41973418784, 2.38120000217e-09, 4.80390630398e-56, 0.88438673665, 1.24115486364
0.99429850086, 0.985566676961, 0.0708085317144, 0.990181140615, 0.992691747802, 0.290489443657, 0.997239076932, 0.886607371464, 0.0171604949588, 0.328098168043, 0.457560661581, 0.754449377076, 0.724498501282, 0.709832489679, 0.868199048251, 0.0135492341207, 0.61111821484, 0.259744871095, 0.651412083232, 2.26491481646e-54, 0.659011743828, 0.638196553333, 1.84994328603e-115, 0.443957209475, 1.51723522221
6.9254821719e-06, 0.709130340759, 0.999261252092, 0.0206188520274, 0.992691747802, 0.761691448373, 0.940755990182, 0.365361099446, 0.271138696292, 0.81531149078, 0.716643019034, 0.822525187076, 0.941847574116, 0.738722357315, 0.93750939608, 0.0525781912212, 0.536558213282, 0.159984367194, 0.000559626703638, 3.78536755047e-13, 0.150340795761, 9.20621407795e-170, 1.95374203961, 3.6502157971e-15, 0.0
0.984672389618, 0.159755177681, 0.98744004298, 0.120555251687, 0.992691747802, 0.945613491756, 0.999342191517, 0.365361099446, 0.0171604949588, 0.794751096762, 0.563890807821, 0.933995782014, 0.355303777319, 0.0375446533495, 0.264514872076, 0.0135492341207, 0.467891246843, 0.127766043171, 1.27295087761, 0.00748995322653, 1.20224326164, 3.62377975506e-92, 0.834685796363, 6.76542850651e-80, 0.677146255001
0.959640289301, 0.995313236858, 0.000305554026911, 0.0053875808807, 0.855764012617, 0.290790441455, 0.996705104236, 0.378706593339, 0.487499255885, 0.21213031234, 0.526120557911, 0.198101064442, 0.392512034547, 0.94143200646, 0.713667278211, 0.650900816645, 0.89070377236, 0.383666516374, 0.811688090907, 3.21595669353e-54, 2.42493126289e-07, 1.94391745016e-227, 0.0, 1.34429104673, 0.0412709223742
0.990098580967, 0.985566676961, 0.98744004298, 0.613164279837, 0.992691747802, 0.945613491756, 0.839022278075, 0.365361099446, 0.249284058543, 0.398617471396, 0.563890807821, 0.323246615994, 0.355303777319, 0.782902948197, 0.200645948413, 0.0135492341207, 0.544916004851, 0.79905017221, 2.99256217113e-08, 0.00467805028653, 0.750893131704, 9.85868197147e-22, 0.52132530214, 0.466797395561, 0.853560206901
0.168213642522, 0.00173081603748, 0.569556659126, 0.00658458285036, 0.926044028097, 0.945613491756, 0.911797183618, 0.365361099446, 0.00086214902139, 0.553254707575, 0.852476450274, 0.397305182849, 0.406137535213, 0.0375446533495, 0.264514872076, 0.0465868549873, 0.430343688437, 1.89341903639, 0.000290530184877, 0.0110850480708, 0.00136942319278, 2.11934095836e-218, 1.06430858972e-24, 1.988223684e-276, 1.14682115874e-77
0.992422493888, 0.985993778242, 0.481139411185, 0.989649384073, 0.990000930643, 0.970240040521, 0.994487323016, 0.0475679366712, 0.212857816421, 0.752744409888, 0.825364282282, 0.741873970978, 0.406137535213, 0.26891611313, 0.745903900997, 0.506749101014, 0.544916004851, 0.496854563654, 0.630951362947, 0.0616107961384, 0.521991026748, 0.59502444839, 2.99238431384e-32, 0.455376666538, 1.0988063886
0.509152457636, 0.359378200656, 0.99446277344, 0.99877566191, 0.985306443649, 0.980463693091, 0.0293241502213, 0.575567302289, 0.0730579282895, 0.328098168043, 0.260542417877, 0.724816968623, 0.533059871726, 0.709832489679, 0.784414454273, 0.948992904132, 0.168290036354, 0.180190209331, 1.49415148411e-154, 0.0399932109721, 0.0689441422467, 1.07595250209, 1.38271347525, 9.94399122799e-45, 1.3402079254e-29
0.433044283727, 0.999202421872, 0.871364379378, 0.951094035858, 0.284250045246, 0.320902641725, 0.997135350888, 0.862343970588, 0.214822208982, 0.239541876394, 0.871577778468, 0.0185470319835, 0.999775977979, 0.7750493429, 0.0267271722802, 0.0829065444675, 0.0256633295384, 0.119228412973, 0.288618070185, 2.12807344036e-50, 1.15003651743e-55, 0.00325850936596, 5.13642868198e-07, 2.57986984669, 1.83699285191e-36
0.926639252242, 0.311172269286, 0.984513978488, 0.996489488357, 0.980675992079, 0.995342915807, 0.997135350888, 0.231638136616, 0.848538424231, 0.253244293601, 0.232649046129, 0.479941762544, 0.395903109987, 0.0609473362274, 0.48239014524, 0.898357362274, 0.383632662934, 0.148910210646, 0.360469258591, 0.587704079604, 0.160092401268, 1.43909992169, 0.5514019303, 5.33669102858e-51, 0.0013129637275
0.99429850086, 0.959212626747, 0.280501557192, 0.82202928568, 0.995711026727, 0.822153311216, 0.997135350888, 0.61095977304, 0.312061510865, 0.137438104584, 0.721548771784, 0.27476401384, 0.355303777319, 0.947704285343, 0.264514872076, 0.144103879826, 0.61111821484, 0.213244262916, 0.516203697644, 2.74432789133e-09, 0.913430297815, 5.18199443875e-09, 1.04543153573e-55, 0.0261422479437, 1.31345297161
0.650465285452, 0.994871745977, 0.975617169603, 0.90380264089, 0.278580828569, 0.320902641725, 0.998877651202, 0.582763814322, 0.0580750934735, 0.528428153793, 0.025324620218, 0.449436741218, 0.999616295402, 0.83870409996, 0.0267271722802, 0.833928731768, 0.630441130836, 0.208693803663, 1.23913427222, 8.56329910026e-50, 6.172121391e-56, 7.99231300532e-05, 0.168201259561, 1.73355565721, 7.0876308137e-19
0.509152457636, 0.359378200656, 0.975617169603, 0.998565033619, 0.985306443649, 0.980463693091, 0.0339396867239, 0.61095977304, 0.0730579282895, 0.150880161947, 0.701951508979, 0.870226366983, 0.533059871726, 0.195212885394, 0.784414454273, 0.773686985199, 0.168290036354, 0.350547902322, 6.4811217434e-148, 0.0778040952693, 0.13412617995, 1.7973341115, 0.245993956778, 1.04577037673e-44, 1.40944386908e-29
0.509152457636, 0.660981162077, 0.995763659664, 0.899965773623, 0.57922548182, 0.186399651694, 0.997135350888, 0.677219130267, 0.255604930257, 0.022352961801, 0.759366989594, 0.636224357811, 0.860648779343, 0.0986556951305, 0.0633944981451, 0.88446859166, 0.445527548399, 0.402245306386, 0.973721457622, 1.83348876783e-73, 3.18811921704e-24, 4.37892921466e-05, 1.74417202487, 3.34318556299e-18, 1.54894748666e-29
0.984083083283, 0.97905562429, 0.975617169603, 0.534710453967, 0.998975345956, 0.993410662437, 0.997135350888, 0.0119295579002, 0.338752534796, 0.81531149078, 0.563890807821, 0.771007864299, 0.394069144649, 0.738722357315, 0.93750939608, 0.0525781912212, 0.369830863658, 0.07115881356, 0.172255244654, 0.196156333162, 1.75402204588, 1.8077121664e-27, 0.237563188272, 0.342830113891, 0.595507534885
0.127673293104, 0.220650597811, 0.984513978488, 0.0365434598179, 0.998533820217, 0.998896888173, 0.999365713185, 0.405095864537, 0.537254289503, 0.0351289029583, 0.0383973852275, 0.309133772134, 0.705259371039, 0.582446364372, 0.48239014524, 0.0135492341207, 0.00214778791146, 0.00637293528201, 0.0657882145522, 0.399041910352, 1.85787783446, 5.70373182484e-144, 0.650944540814, 7.40917586987e-66, 1.28607145453e-89
0.987499209738, 0.311172269286, 0.0164868451604, 0.996489488357, 0.980675992079, 0.992329757963, 0.997135350888, 0.365361099446, 0.103959801693, 0.827765720464, 0.232649046129, 0.425170022558, 0.395903109987, 0.0609473362274, 0.48239014524, 0.898357362274, 0.000238244329004, 0.222132600911, 0.53771983541, 0.51785015504, 0.176783260308, 1.58913711114, 1.44525164658e-178, 5.57540293178e-51, 0.851417946672
0.226388559365, 0.0347088298864, 0.465736210388, 0.994919781252, 0.530006220401, 0.501597700065, 0.256693507817, 0.329970359328, 0.181199039474, 0.239541876394, 0.582445855176, 0.259230721241, 0.395903109987, 0.190826117102, 0.757583467559, 0.898357362274, 0.00910016130187, 1.07682099706, 1.47826356968e-59, 1.83576481444e-30, 4.53273222793e-28, 1.48656148472, 1.87887210697e-33, 3.1907589596e-146, 8.81747615473e-65
0.984672389618, 0.159755177681, 0.98744004298, 0.990181140615, 0.992691747802, 0.945613491756, 0.99977498504, 0.365361099446, 0.0171604949588, 0.794751096762, 0.563890807821, 0.923382473075, 0.355303777319, 0.709832489679, 0.00454211211563, 0.0135492341207, 0.61111821484, 0.037666377251, 1.07714535572, 0.00631001682742, 1.0128468072, 0.980855572705, 0.843771330841, 6.83907003033e-80, 0.684516975425
0.512605973666, 0.973279923883, 0.0708085317144, 0.990181140615, 0.992691747802, 0.290489443657, 0.997239076932, 0.886607371464, 0.0171604949588, 0.328098168043, 0.457560661581, 0.754449377076, 0.724498501282, 0.709832489679, 0.917409029497, 0.0135492341207, 0.61111821484, 0.446598057324, 1.12001969341, 3.89423110751e-54, 1.13308633701, 1.0972972814, 3.18074067917e-115, 0.208610666627, 2.98345751745e-29
0.989772578754, 0.991423767945, 0.280501557192, 0.721136111984, 0.16585716328, 0.314902980467, 0.200743261805, 0.52239623419, 0.0730579282895, 0.112233045179, 0.336748484027, 0.937865698956, 0.511473297314, 0.531637027917, 0.126545600282, 0.432814413285, 0.544916004851, 1.13221466417, 3.26697874513e-70, 1.16876114577e-50, 1.67290767102e-78, 1.12660859063e-14, 1.10554470531e-55, 0.88567427324, 0.90503917317
0.984672389618, 0.660981162077, 0.778897013522, 0.99456051176, 0.99974450018, 0.0173851745482, 0.997135350888, 0.455479711155, 0.77263955507, 0.207837541104, 0.48112921664, 0.397305182849, 0.355303777319, 0.294266068719, 0.438930462573, 0.538540826389, 0.387401128077, 0.0109862232336, 0.0265945211315, 4.71011571227e-178, 0.725687684389, 0.935043257993, 2.61492976086e-11, 1.9425150491e-18, 0.412417982191
0.984672389618, 0.996665452492, 0.994507235075, 0.99897711087, 0.998170169588, 0.217257640752, 0.997135350888, 0.365361099446, 0.000498630204494, 0.356191864898, 0.70500061773, 0.420358081097, 0.920040509344, 0.98862513975, 0.264514872076, 0.0106849907468, 0.53139726153, 0.00777636344145, 0.0188243637029, 1.59426341999e-68, 0.0756834296043, 0.508917990119, 0.656332049856, 1.74458017298, 0.673606787373
0.509152457636, 0.359378200656, 0.975617169603, 0.951094035858, 0.985306443649, 0.980463693091, 0.0339396867239, 0.61095977304, 0.0730579282895, 0.150880161947, 0.701951508979, 0.870226366983, 0.533059871726, 0.195212885394, 0.784414454273, 0.773686985199, 0.794878261703, 1.65966479892, 3.06847924171e-147, 0.368362546958, 0.6350187749, 0.018936752069, 0.24293209918, 1.03275379691e-44, 1.39190068844e-29
0.433044283727, 0.999202421872, 0.871364379378, 0.998565033619, 0.284250045246, 0.286655483847, 0.997135350888, 0.129389393447, 0.214822208982, 0.239541876394, 0.871577778468, 0.00587685058448, 0.999775977979, 0.7750493429, 0.0267271722802, 0.0829065444675, 0.0256633295384, 0.0250457863026, 0.0606287237134, 5.61096724191e-56, 2.4158309364e-56, 0.307588585578, 5.17283606698e-07, 2.59815615427, 1.85001359261e-36
0.509152457636, 0.660981162077, 0.645056732423, 0.899965773623, 0.57922548182, 0.186399651694, 0.997135350888, 0.677219130267, 0.255604930257, 0.022352961801, 0.965133676905, 0.636224357811, 0.860648779343, 0.0986556951305, 0.0633944981451, 0.88446859166, 0.445527548399, 0.834909958849, 2.02107949852, 3.80563304878e-73, 6.6173363419e-24, 9.08900999557e-05, 3.1311832898e-19, 3.58777740164e-18, 1.66227051542e-29
0.57628371549, 0.584108464256, 0.0470609531334, 0.97247628829, 0.952834082307, 0.796450498628, 0.998877651202, 0.0776192213932, 0.0730579282895, 0.779982729684, 0.721548771784, 0.483988903551, 0.724498501282, 0.789067751291, 0.869272574364, 0.0135492341207, 0.964212339397, 0.365447620167, 2.16987118401, 4.5134259034e-10, 0.0275663017811, 0.212770542351, 6.40846448266e-133, 1.54893097621e-23, 4.0208406289e-24
0.127673293104, 0.0134401430156, 0.984513978488, 0.0388565229797, 0.998533820217, 0.998896888173, 0.781573789224, 0.405095864537, 0.293354772908, 0.0351289029583, 0.0383973852275, 0.309133772134, 0.705259371039, 0.94143200646, 0.520734172278, 0.0803062521128, 0.00214778791146, 0.0716544815698, 2.23029281509e-12, 0.432599073442, 2.01411483081, 2.86189366015e-141, 0.705685287466, 2.36981879295e-187, 1.39422277504e-89
0.168213642522, 0.00173081603748, 0.993530843946, 0.00658458285036, 0.926044028097, 0.945613491756, 0.911797183618, 0.365361099446, 0.00086214902139, 0.553254707575, 0.852476450274, 0.397305182849, 0.779700538314, 0.0375446533495, 0.264514872076, 0.760648519385, 0.467891246843, 1.24147013262, 0.00019049377883, 0.00726820415036, 0.000897898436681, 1.38960179976e-218, 1.33275018502, 1.91257305221e-276, 1.10318535161e-77
0.650465285452, 0.94145134775, 0.993950896513, 0.90380264089, 0.278580828569, 0.506954607803, 0.998877651202, 0.582763814322, 0.0580750934735, 0.528428153793, 0.025324620218, 0.27476401384, 0.999616295402, 0.876033702886, 0.0267271722802, 0.833928731768, 0.630441130836, 0.24186543232, 1.43609317188, 7.18263191981e-30, 7.15317264991e-56, 9.26268152835e-05, 1.67890298329, 0.00837056921083, 7.33466432886e-19
0.99429850086, 0.445701884662, 0.984513978488, 0.235101667475, 0.998069883091, 0.320902641725, 0.99788782719, 0.407159483289, 0.524448734633, 0.290685618877, 0.103268508756, 0.309133772134, 0.314844115188, 0.205822004913, 0.264514872076, 0.0829065444675, 0.652788821473, 0.0778500622478, 0.252233885045, 1.7989171856e-50, 0.932162814818, 2.0320454787e-63, 0.331675683211, 1.29084993164e-35, 1.25587341726
0.149319632125, 0.999202421872, 0.993530843946, 0.0019290923046, 0.651179941182, 0.994433837365, 0.794481878937, 0.582763814322, 0.114700117269, 0.650103629377, 0.814487003463, 0.397305182849, 0.779700538314, 0.0375446533495, 0.00454211211563, 0.488012360785, 0.61111821484, 0.0936818454565, 1.50028895754e-11, 0.117786546528, 5.5431291954e-20, 8.10875991778e-273, 0.161561777166, 1.82403685644, 7.44737785205e-83
0.984083083283, 0.97905562429, 0.995848211693, 0.481339771647, 0.992691747802, 0.993410662437, 0.948269127477, 0.0119295579002, 0.338752534796, 0.81531149078, 0.48112921664, 0.771007864299, 0.394069144649, 0.974629285617, 0.93750939608, 0.0525781912212, 0.23319115104, 0.510172931047, 0.00395373122113, 0.536965455898, 0.696039717532, 2.80779125572e-32, 1.7165172383, 0.381941191908, 0.663444803849
0.984672389618, 0.0216699173643, 0.98744004298, 0.120555251687, 0.615603287843, 0.945613491756, 0.999342191517, 0.405095864537, 0.0171604949588, 0.794751096762, 0.563890807821, 0.933995782014, 0.446636572967, 0.958870005702, 0.264514872076, 0.83384492913, 0.467891246843, 0.162065839543, 1.6146845246, 0.00950068991475, 2.17012471746e-21, 3.34969322124e-92, 0.771553886528, 1.08735112861e-166, 0.62592993324
0.168213642522, 0.972394380828, 0.792132478021, 0.00661165777096, 0.901808077847, 0.990563699011, 0.0678989422419, 0.13657885029, 0.197975434279, 0.456710885097, 0.265991232808, 0.323246615994, 0.359650223552, 0.205822004913, 0.200645948413, 0.0525781912212, 0.23319115104, 1.45238193256, 3.50349567713e-117, 1.01216049326, 9.02762105104e-05, 2.98674251503e-218, 2.10835244832e-10, 0.169719041905, 1.07713337533e-77
