0.999996189107, 0.000575286301995, 0.000305554026911, 0.000256395934315, 0.0186842709897, 0.999999999999, 0.243020856118, 0.0790295236936, 0.744248646923, 0.791314709961, 0.491792685501, 0.457579507936, 0.689273192074, 0.700179404027, 0.421667038713, 0.960864958725, 0.845298213206, 9.9765754478e-14, 5.74719609481e-75, 0.00103975397908, 2.29438459836e-176, 0.0, 0.0, 0.0, 1.73726390478
0.918466060515, 0.999551484485, 0.000152094734197, 0.189022990199, 0.998727617813, 0.999999999515, 6.33151657259e-06, 0.787883486684, 0.501456179091, 0.757048283232, 0.623309188146, 0.195214625353, 0.630645448519, 0.570411492375, 0.5479960402, 0.495237057853, 0.741176122836, 1.31251752325e-09, 0.0, 0.0172193227658, 0.0906167780818, 6.49372833476e-74, 0.0, 1.33639091123, 0.000425987321232
0.999996189107, 0.000575286301995, 0.000305554026911, 0.000256395934315, 0.998797916619, 0.999999999999, 0.371971382553, 0.508079998406, 0.788194028318, 0.791314709961, 0.491792685501, 0.457579507936, 0.689273192074, 0.700179404027, 0.421667038713, 0.960864958725, 0.601433878943, 1.49948979767e-14, 2.64859944924e-57, 0.00015627611818, 0.000868584460777, 0.0, 0.0, 0.0, 1.47456946847
0.999011301677, 0.985566676961, 0.59015418663, 0.680956089314, 0.994312861026, 0.886500224823, 0.00235204099979, 0.980230155707, 0.00263869983587, 0.625723577477, 0.380249484136, 0.832027316102, 0.637937516992, 0.0261742291835, 0.0033487567498, 0.00882882914234, 0.057506634637, 0.220983705119, 4.8413771806e-264, 2.03406644555e-06, 0.271727778454, 1.12823471621e-17, 6.87128429634e-24, 0.134657414056, 2.51781996703
0.959640289301, 0.399843638459, 0.343440382233, 0.499523265474, 0.226837624133, 0.0913466989632, 0.32085395919, 0.102752303916, 0.711661502044, 0.154203556224, 0.856719703081, 0.00198822798814, 0.474918081268, 0.851229928758, 0.991925706449, 0.991138353753, 0.967300328424, 2.52219325602, 1.69292805672e-49, 4.64712125913e-104, 1.47709091399e-64, 2.84099377734e-30, 1.52417249163e-46, 6.12233814145e-40, 0.064393179452
0.252240764038, 0.528810238447, 0.954579917775, 0.0115391899781, 0.284250045246, 0.886500224823, 0.999871206023, 0.0119295579002, 0.00263869983587, 0.965034648884, 0.0223530240982, 0.475049169375, 0.298355327872, 0.677035819607, 0.929011636194, 0.205979954528, 0.000103511079039, 0.0507094855252, 2.52220975545, 2.32206216919e-05, 9.2905854963e-55, 6.53914830571e-194, 0.0379534231615, 8.47273230396e-28, 6.01956767497e-60
0.959640289301, 0.649027907551, 0.998663276156, 0.989092260883, 0.314788109241, 0.0913466989632, 0.32085395919, 0.102752303916, 0.214822208982, 0.154203556224, 0.0481373477639, 0.00198822798814, 0.474918081268, 0.700179404027, 0.929011636194, 0.991138353753, 0.967300328424, 0.421876532117, 2.83168871373e-50, 7.77304196042e-105, 4.19891561299e-51, 0.244114977007, 2.4463444473, 6.59823932811e-19, 0.0636843254404
0.0494142107473, 0.0517973541242, 0.000442822453866, 0.999865898836, 6.56908726149e-06, 0.000190689835258, 0.870975727058, 0.789543930361, 0.277195070296, 0.299256336897, 0.830573196521, 0.182968386909, 0.709451845095, 0.533468504361, 0.421667038713, 0.926490100295, 0.707524154074, 0.0347262104958, 5.46238701147e-08, 0.0, 0.0, 1.6592864315, 0.0, 7.02900620925e-129, 6.32881849545e-131
0.918466060515, 0.0519050401549, 0.12163919325, 0.894799249447, 0.324407372675, 0.999980630916, 0.360387073893, 0.0119295579002, 0.612581223337, 0.226145860857, 0.85895753848, 0.794858518682, 0.0283025763864, 0.0209199412851, 0.991925706449, 0.0133418633015, 0.729682127198, 0.00767573878336, 5.73007921379e-47, 2.52526072876, 5.09917218132e-49, 5.90186433661e-05, 1.27579594758e-91, 1.31637990557e-128, 0.000803044101192
0.967682513867, 0.754339144717, 0.000152094734197, 0.91761477836, 0.998727617813, 0.973569301828, 0.430885939518, 0.859876119796, 0.00263869983587, 0.823193164195, 0.27652802888, 0.042034239262, 0.999616295402, 0.478878441203, 0.593712040101, 0.905565026925, 0.496963235598, 0.401004044809, 1.71989087137e-37, 0.0434154300976, 2.12261796842, 0.000626230727146, 0.0, 1.9380230923e-12, 0.127199315847
3.74921486895e-06, 0.282125090529, 0.592150788921, 0.998083022259, 0.880609088533, 0.116872257929, 0.664626131303, 0.0396396799584, 0.00778227362344, 0.280769656753, 0.349160491381, 0.840866344555, 0.313042706337, 0.969135702065, 0.14565421386, 0.0133418633015, 0.769179561564, 0.631332076959, 1.79522541963e-18, 5.85492297275e-94, 2.98328037497e-06, 2.24399090567, 6.4108251013e-23, 4.05372095974e-55, 0.0
3.74921486895e-06, 0.000302049639306, 0.139197173652, 0.619732824841, 0.505871688692, 0.469395276957, 0.997135350888, 0.652254387469, 0.0903229572046, 0.871506956877, 0.607462771865, 0.487703520195, 0.355303777319, 0.533468504361, 0.460912801339, 0.101818320564, 0.0256633295384, 0.667343605614, 1.61544902595, 3.91289924064e-33, 6.96088702011e-30, 4.56117869768e-21, 6.33386554012e-86, 0.0, 0.0
0.999011301677, 0.0479699394315, 0.42628700433, 6.65130185599e-05, 2.39523808279e-05, 0.00320123969291, 0.315292345792, 0.0276611703028, 0.0435954565213, 0.791314709961, 0.0153750385057, 0.189353689254, 0.45870777976, 0.533468504361, 0.576520739279, 0.960864958725, 0.0648686931298, 0.332846612826, 3.88782572953e-51, 1.7790302635e-250, 0.0, 0.0, 4.88172516248e-38, 6.53553327142e-133, 2.23338596278
0.252240764038, 0.999551484485, 0.266707096288, 0.189022990199, 0.995444374079, 0.845911375105, 0.984064239741, 0.861762620339, 0.342147729945, 0.965034648884, 0.0223530240982, 0.0384288474651, 0.940806946873, 0.677035819607, 0.657562393232, 0.960864958725, 0.000494382080171, 0.0900308802271, 0.0293476628596, 8.03389597274e-09, 0.145864315602, 1.22432570451e-73, 1.09620346922e-58, 2.51962764614, 6.0258117374e-60
0.998145938856, 0.985566676961, 0.59015418663, 0.99374126521, 0.99114872659, 0.000481069872279, 0.0669475932727, 0.886607371464, 0.0696704609437, 0.0152945670967, 0.380249484136, 0.754449377076, 0.706903091002, 0.497368144124, 0.0629162707729, 0.0135492341207, 0.321499569639, 0.281923941219, 1.65862701387e-118, 0.0, 0.212394669168, 0.39252846405, 1.03565513178e-23, 0.202958625904, 2.07534482258
0.987499209738, 0.993655278095, 0.592150788921, 0.990181140615, 0.989560666182, 0.590245733405, 0.983819578138, 0.0119295579002, 0.468339690985, 0.940776138595, 0.68658106271, 0.661405560696, 0.37421977809, 0.093264215703, 0.57172643847, 0.0525781912212, 0.282105572719, 0.793909437192, 0.25201350533, 1.65967713281e-23, 0.510684437197, 0.647942131335, 3.22412972507e-23, 1.28493541997, 0.832670077621
0.246660870127, 0.982296385145, 0.985700317837, 0.999281331445, 0.734276755155, 0.332563455626, 0.999999264993, 0.0539407604769, 0.000742280842206, 0.328098168043, 0.314710294369, 0.475049169375, 0.783313792162, 0.923551475626, 0.101079320036, 0.151386707867, 0.349279239973, 2.34422401393e-05, 0.203050192129, 4.91106527838e-49, 1.2294228774e-14, 1.85606395307, 0.72861601578, 0.54016687705, 5.288435435e-61
0.84557484376, 0.991423767945, 0.995291984512, 0.993974281515, 0.995231142274, 0.998896888173, 0.999895859079, 0.646759803724, 0.470492754958, 0.204743894981, 0.988359896586, 0.216367198755, 0.394069144649, 0.8762929158, 0.0358388099795, 0.0406615756346, 0.53139726153, 0.000861336883108, 0.0529212802785, 0.319543570837, 0.47660977241, 0.667040099128, 1.31389548168, 1.23766846003, 1.6377790293e-07
0.967682513867, 0.985566676961, 0.99043645964, 0.998083022259, 0.995711026727, 0.292583285819, 0.999802601102, 0.0396396799584, 0.312061510865, 0.137438104584, 0.462251021802, 0.216367198755, 0.355303777319, 0.0894055779246, 0.00308413115205, 0.0127992780306, 0.61111821484, 0.00715655974967, 0.232991533316, 1.54388902846e-54, 0.381228385721, 1.58825824023, 1.1308836873, 0.769047194111, 0.12616472992
0.918466060515, 0.528810238447, 0.954579917775, 0.0115391899781, 0.284250045246, 0.886500224823, 0.999878836394, 0.187551371538, 0.00263869983587, 0.306566581712, 0.904101613834, 0.475049169375, 0.878648209833, 0.724105960606, 0.929011636194, 0.00354478149836, 0.599487738988, 0.0412420081208, 2.17970712803, 2.00669216046e-05, 8.02878808714e-55, 5.65103631389e-194, 0.0327987931295, 7.32201132153e-28, 0.000693355840484
0.10170845785, 0.919280976358, 0.98744004298, 0.0148760069233, 0.990452597735, 0.994036797845, 0.999338476297, 0.365361099446, 0.312061510865, 0.154203556224, 0.234853837905, 0.0917022446176, 0.480020940329, 0.909448086782, 0.0383283306634, 0.00354478149836, 0.906072977193, 0.106956579252, 1.05979250951, 1.24657568842, 1.12622817958, 5.53906970634e-183, 0.945745505483, 0.000765384425304, 1.88260530604e-99
0.978314869353, 0.991423767945, 0.988980364844, 0.993974281515, 0.995231142274, 0.998896888173, 0.997135350888, 0.646759803724, 0.484571317078, 0.524132670423, 0.457560661581, 0.343264096831, 0.394069144649, 0.733475102462, 0.0358388099795, 0.0996623068194, 0.53139726153, 0.0230259388181, 0.0557392475514, 0.36409717964, 0.543062949033, 0.760044766863, 0.573293223535, 0.904658644937, 0.260184127133
0.978314869353, 0.994294090584, 0.442736808546, 0.0148760069233, 0.996870530984, 0.994036797845, 0.997135350888, 0.528634782505, 0.117935675646, 0.971114313424, 0.457560661581, 0.0185470319835, 0.298608276452, 0.909448086782, 0.0383283306634, 0.0289673052349, 0.53139726153, 0.142287671972, 0.344437976414, 0.436136368284, 1.27550480769, 3.8944190074e-183, 9.04416568031e-36, 1.71385465728, 0.39198699494
0.252240764038, 0.999551484485, 0.671411020089, 0.189022990199, 0.995444374079, 0.845911375105, 0.984064239741, 0.208336845994, 0.342147729945, 0.965034648884, 0.0223530240982, 0.0384288474651, 0.940806946873, 0.677035819607, 0.657562393232, 0.960864958725, 0.739197021925, 0.081543488958, 0.0265809999447, 7.27652452015e-09, 0.132113394633, 1.10890606995e-73, 1.23673989481e-18, 2.2820973051, 5.45774640471e-60
0.202577890056, 0.981134474406, 0.792132478021, 0.036059441665, 0.413056778446, 0.999639365269, 0.795458621572, 0.375793943634, 0.338752534796, 0.226145860857, 0.468539836997, 0.661405560696, 0.743854688079, 0.909448086782, 0.23309135409, 0.00104474383675, 0.23319115104, 0.0953328107679, 1.7263212026e-11, 1.71134263465, 1.07424912605e-38, 1.35528131325e-144, 2.04132268504e-10, 0.408322938008, 1.26275972859e-69
0.978314869353, 0.000246898772993, 0.907563791665, 0.16250147274, 0.00419058568144, 0.998896888173, 0.969324871904, 0.365361099446, 0.785238785416, 0.388828942317, 0.230202013514, 0.0185470319835, 0.116684173934, 0.574832302877, 0.101079320036, 0.0320192963215, 0.701165463917, 0.319033247132, 0.0222635783869, 1.93078130398, 5.190423033e-238, 3.74507408013e-79, 0.000188558610409, 0.0, 0.346801338349
0.998145938856, 0.985566676961, 0.59015418663, 0.99374126521, 0.99114872659, 0.47635255978, 0.0669475932727, 0.886607371464, 0.0696704609437, 0.326485468239, 0.380249484136, 0.754449377076, 0.480020940329, 0.541387307591, 0.0629162707729, 0.0135492341207, 0.321499569639, 0.249742845962, 1.46929781502e-118, 2.434799852e-33, 0.188150211422, 0.347722067551, 9.1743701839e-24, 0.179791275004, 1.83844805837
0.904890791273, 0.786285577163, 0.99043645964, 0.971736146254, 0.809251303981, 0.973569301828, 0.997822833284, 0.112777784571, 0.312061510865, 0.946580245225, 0.759366989594, 0.831786066973, 0.999616295402, 0.758409005661, 0.3995465747, 0.0135492341207, 0.912507103062, 0.567669254799, 1.78677345228, 0.202976678908, 1.90520619613e-09, 0.168886177845, 1.29769067801, 1.30315354936e-10, 0.000164657494661
0.74319477731, 0.97905562429, 0.447154562405, 0.993974281515, 0.941671060134, 0.990563699011, 0.999467171483, 0.406214218796, 0.673178772379, 0.154203556224, 0.98297068168, 0.554985247921, 0.246469306841, 0.694296106358, 0.459559421054, 0.00354478149836, 0.784406764227, 0.0783175670254, 0.958504892225, 0.670205179436, 0.00451901856118, 1.35688314674, 3.12960841234e-35, 0.343308283585, 3.69662929305e-13
3.74921486895e-06, 0.455171050253, 0.592150788921, 0.998083022259, 0.880609088533, 0.116872257929, 0.368595414884, 0.0396396799584, 0.00778227362344, 0.280769656753, 0.349160491381, 0.840866344555, 0.313042706337, 0.969135702065, 0.178292900237, 0.0133418633015, 0.769179561564, 0.625356107507, 4.43853988592e-44, 5.79950231204e-94, 2.95504168247e-06, 2.22275006968, 6.35014246474e-23, 2.38240436982e-34, 0.0
0.918466060515, 0.982867524283, 0.592150788921, 0.990181140615, 0.989560666182, 0.590245733405, 0.99982246299, 0.0119295579002, 0.468339690985, 0.441179904733, 0.68658106271, 0.661405560696, 0.37421977809, 0.093264215703, 0.57172643847, 0.0525781912212, 0.282105572719, 0.0328035863779, 1.1863508694, 2.36474674592e-23, 0.727635114795, 0.923203083497, 4.5938153422e-23, 0.478541404201, 0.000552562803991
0.081789743324, 0.251966593671, 0.792132478021, 0.894799249447, 0.324407372675, 0.999935571915, 0.529927135304, 0.365361099446, 0.338752534796, 0.175675932055, 0.842722837364, 0.869201736597, 0.622447214361, 0.047476584806, 0.929011636194, 0.0133418633015, 0.23319115104, 0.0213353129134, 8.84778862319e-30, 2.11482057646, 4.2705820716e-49, 4.94284074527e-05, 2.51882218133e-10, 4.52597326669e-60, 6.1844350263e-109
0.0509581149681, 0.919280976358, 0.524866122325, 0.0148760069233, 0.996023308342, 0.994036797845, 0.999823015405, 0.365361099446, 0.338752534796, 0.154203556224, 0.380249484136, 0.840866344555, 0.910114123237, 0.909448086782, 0.99958648864, 0.00354478149836, 0.599487738988, 0.0188736812822, 0.684684847354, 0.801591202696, 1.85766348106, 5.94790206447e-183, 3.39297629849e-28, 0.000742256373904, 1.76629029954e-129
0.978314869353, 0.991423767945, 0.995291984512, 0.993974281515, 0.995231142274, 0.998896888173, 0.997135350888, 0.646759803724, 0.484571317078, 0.524132670423, 0.856719703081, 0.343264096831, 0.394069144649, 0.8762929158, 0.0358388099795, 0.0996623068194, 0.53139726153, 0.0168763211495, 0.0408527725945, 0.266856477896, 0.398025236005, 0.557056964103, 1.09725731501, 1.03359878336, 0.297267923938
0.97239610503, 0.991950821478, 0.988980364844, 0.993974281515, 0.995231142274, 0.998896888173, 0.997135350888, 0.646759803724, 0.484571317078, 0.524132670423, 0.457560661581, 0.343264096831, 0.168104817778, 0.733475102462, 0.00506391506612, 0.0127992780306, 0.53139726153, 0.0257185749581, 0.0622573536561, 0.406674432717, 0.606568325923, 0.848923835964, 0.640333706216, 1.08813044947, 0.161951560756
0.967682513867, 0.985566676961, 0.58780046157, 0.998083022259, 0.995711026727, 0.338380140491, 0.999802601102, 0.0396396799584, 0.230519387318, 0.593247172365, 0.429562488898, 0.216367198755, 0.355303777319, 0.0894055779246, 0.00308413115205, 0.0127992780306, 0.61111821484, 0.00834517703539, 0.271688585197, 3.72291126215e-48, 0.444545770739, 1.85204856191, 2.53108226172e-23, 0.739699929386, 0.121350214301
0.991614945236, 0.991423767945, 0.98744004298, 0.995956214238, 0.352489293867, 0.120480725861, 0.676879892996, 0.0119295579002, 0.129952458513, 0.804712280503, 0.457560661581, 0.442522968915, 0.389114999317, 0.605342599487, 0.0383283306634, 0.00104474383675, 0.676563734479, 0.551465119315, 9.74539089871e-18, 1.07002878599e-92, 4.48984138046e-46, 0.955782080209, 0.52462954812, 0.955776066999, 1.2461115094
0.990098580967, 0.989901684596, 0.472335847124, 0.933265597274, 0.989560666182, 0.991614783878, 0.0322453606617, 0.948912304691, 0.252074311486, 0.940776138595, 0.380249484136, 0.754449377076, 0.929163541072, 0.605122352078, 0.00308413115205, 0.0135492341207, 0.000194003437368, 1.15372684505, 1.27334697183e-149, 0.926762081761, 0.907306400855, 0.00272997297973, 7.25643869278e-33, 1.11086567351, 1.35233025143
0.904890791273, 0.754339144717, 0.994786646052, 0.971736146254, 0.809251303981, 0.973569301828, 0.997822833284, 0.112777784571, 0.935004829697, 0.946580245225, 0.759366989594, 0.831786066973, 0.999616295402, 0.758409005661, 0.3995465747, 0.0135492341207, 0.912507103062, 0.438229164555, 1.37935290774, 0.156693884106, 1.47078058671e-09, 0.130376707909, 1.96533676229, 2.19692425196e-12, 0.000175698251634
0.988254010535, 0.455171050253, 0.592150788921, 0.998083022259, 0.99114872659, 0.157132660816, 0.29781912164, 0.210797787977, 0.897614812829, 0.328098168043, 0.840188106424, 0.840866344555, 0.313042706337, 0.758409005661, 0.178292900237, 0.0133418633015, 0.769179561564, 0.386747127191, 1.50940163493e-53, 2.57154095601e-81, 0.291365918682, 1.7210936675, 4.91696755876e-23, 1.84471530572e-34, 0.935182949147
0.918466060515, 0.991423767945, 0.997728841171, 0.877061138069, 0.352489293867, 0.120480725861, 0.676879892996, 0.0119295579002, 0.711661502044, 0.017826241095, 0.80223879304, 0.442522968915, 0.88261582811, 0.605342599487, 0.641279547095, 0.0298980342362, 0.676563734479, 0.504570897684, 8.91668477627e-18, 9.79038140731e-93, 4.10804458242e-46, 1.59231465321e-06, 1.52532762873, 1.25677473751, 0.000648655805537
0.918466060515, 0.269846582756, 0.792132478021, 0.894799249447, 0.324407372675, 0.999952170404, 0.529927135304, 0.0119295579002, 0.338752534796, 0.226145860857, 0.842722837364, 0.794858518682, 0.0283025763864, 0.047476584806, 0.929011636194, 0.0133418633015, 0.503276290255, 0.0179269577908, 7.43433826511e-30, 2.3917165353, 4.82962433444e-49, 5.58988530003e-05, 2.84854961154e-10, 4.8588562504e-57, 0.00076059430724
0.115104202826, 0.985566676961, 0.985700317837, 0.171284879658, 0.994312861026, 0.972818860382, 0.160774804915, 0.948912304691, 0.00263869983587, 0.328098168043, 0.314710294369, 0.754449377076, 0.996162667604, 0.0291609988319, 0.0629162707729, 0.0135492341207, 0.27813694261, 1.3768980971, 9.05358961561e-80, 0.13793241339, 1.70154663603, 8.11150020415e-77, 0.855856609458, 0.905147230805, 5.0936841092e-94
0.853698158361, 0.989901684596, 0.472335847124, 0.936701751491, 0.989560666182, 0.991614783878, 0.0322453606617, 0.948912304691, 0.252074311486, 0.940776138595, 0.380249484136, 0.754449377076, 0.929163541072, 0.605122352078, 0.00308413115205, 0.0135492341207, 0.000194003437368, 1.37993842321, 1.52301250511e-149, 1.10847260882, 1.08520224656, 0.004715448351, 8.67922251563e-33, 1.32867523224, 5.22833508672e-07
0.246660870127, 0.997527807396, 0.988980364844, 0.996755310696, 0.995711026727, 0.691995200315, 0.999802601102, 0.503298455122, 0.11745013812, 0.226145860857, 0.117788572216, 0.707454718764, 0.0907451801422, 0.923551475626, 0.101079320036, 0.0135492341207, 0.61111821484, 0.00429374519651, 0.139788713012, 2.24959831795e-17, 0.228726875373, 0.575659294555, 0.362467093711, 2.03829789492, 5.51695940309e-61
0.699277834329, 0.290486153339, 0.712255147814, 0.984127187901, 0.881562721855, 0.993410662437, 0.671489822237, 0.0281702380264, 0.659698569527, 0.0903518179646, 0.895916370442, 0.657112255413, 0.939513393297, 0.189515093307, 0.0979153739387, 0.780590986926, 0.301263847133, 1.41809500928, 1.12659715846e-17, 1.49252365478, 1.08406131736e-05, 0.6757193487, 6.24463972323e-15, 6.99022687109e-54, 9.92942113827e-16
0.909127789369, 0.996652139359, 0.98744004298, 0.00312880486074, 0.43790581497, 2.03526505493e-05, 0.998978388898, 0.886607371464, 0.213532678079, 0.979653103553, 0.310651831525, 0.387389209515, 0.355303777319, 0.312438425693, 0.759314966538, 0.0135492341207, 0.927352122662, 0.121969477172, 0.792938425127, 0.0, 1.73184305436e-36, 4.34795531107e-251, 0.381427449542, 1.85059085728, 0.000234936348219
0.978314869353, 0.640112627922, 0.442736808546, 0.0148760069233, 0.996870530984, 0.994036797845, 0.997135350888, 0.528634782505, 0.117935675646, 0.971114313424, 0.457560661581, 0.0185470319835, 0.355303777319, 0.909448086782, 0.0383283306634, 0.0525781912212, 0.53139726153, 0.220914014858, 0.534769985235, 0.677139732545, 1.98033240782, 6.04642501029e-183, 1.40418556562e-35, 1.44045925881e-19, 0.384779540586
0.990098580967, 0.985566676961, 0.59015418663, 0.171284879658, 0.994312861026, 0.972818860382, 0.160774804915, 0.948912304691, 0.00263869983587, 0.328098168043, 0.380249484136, 0.754449377076, 0.996162667604, 0.0291609988319, 0.0629162707729, 0.0135492341207, 0.27813694261, 1.22593553246, 8.0609576188e-80, 0.122809557955, 1.51498973355, 7.22215851907e-77, 3.83101250248e-23, 0.750768290979, 1.37281386717
0.10170845785, 0.959395968742, 0.296183923955, 0.348840331223, 0.996023308342, 0.990563699011, 0.999338476297, 0.365361099446, 0.312061510865, 0.154203556224, 0.380249484136, 0.0729491678425, 0.480020940329, 0.0419270539626, 0.229571822008, 0.217495619736, 0.906072977193, 0.0771487095508, 0.764437541589, 0.535440319314, 1.64997227981, 5.45638806727e-46, 4.26957340535e-53, 0.0472187851755, 1.62210005467e-99
0.918466060515, 0.804435135414, 0.078912404181, 0.933265597274, 0.989560666182, 0.292583285819, 0.997135350888, 0.464333623153, 0.312061510865, 0.441179904733, 0.312440931544, 0.480569114548, 0.359650223552, 0.541387307591, 0.00308413115205, 0.836630927578, 0.000194003437368, 0.555648849837, 1.34506779669, 9.63894112203e-54, 0.892262616413, 0.00268470808907, 1.38962963103e-110, 9.49455629319e-10, 0.000542853765248
0.990098580967, 0.640112627922, 0.545210817587, 0.990181140615, 0.994312861026, 0.972818860382, 0.0322453606617, 0.886607371464, 0.00263869983587, 0.328098168043, 0.162271000873, 0.754449377076, 0.458219027945, 0.275571452215, 0.0383283306634, 0.0135492341207, 0.27813694261, 0.943246043576, 1.0410432057e-149, 0.0944908003617, 1.16564699725, 0.996384476379, 1.28386225448e-26, 1.19594582439e-19, 1.18299555676
0.252240764038, 0.528810238447, 0.954579917775, 0.0115391899781, 0.284250045246, 0.944827056226, 0.999871206023, 0.0119295579002, 0.0234487299394, 0.965034648884, 0.0223530240982, 0.642980334541, 0.298355327872, 0.677035819607, 0.929011636194, 0.205979954528, 0.000103511079039, 0.0506997793814, 2.52172698718, 0.0135875774588, 9.28894199831e-55, 6.537991535e-194, 0.0379467092278, 8.47123348362e-28, 6.01850281772e-60
0.918466060515, 0.251966593671, 0.792132478021, 0.92223262193, 0.324407372675, 0.95172544627, 0.195197093001, 0.365361099446, 0.338752534796, 0.175675932055, 0.842722837364, 0.869201736597, 0.622447214361, 0.047476584806, 0.929011636194, 0.0133418633015, 0.23319115104, 2.11479637215, 3.70444364845e-71, 0.023581669701, 4.27058136729e-49, 0.0010126596396, 2.51882205397e-10, 4.52597303784e-60, 0.000672553396101
0.959640289301, 0.649027907551, 0.885343523217, 0.499523265474, 0.252359643324, 0.0913466989632, 0.32085395919, 0.102752303916, 0.711661502044, 0.154203556224, 0.856719703081, 0.00198822798814, 0.474918081268, 0.672009516373, 0.991925706449, 0.991138353753, 0.967300328424, 2.42844861382, 1.63000546561e-49, 4.47439749236e-104, 6.07350351418e-60, 2.73539998729e-30, 1.96168941226e-05, 6.42371017576e-19, 0.0619998198043
0.985726528648, 0.985566676961, 0.997728841171, 0.521820876486, 0.894424869177, 0.0591166939739, 0.999338476297, 0.996242930489, 0.896488676455, 0.216177121561, 0.431042652024, 0.205947200274, 0.525392520686, 0.312438425693, 0.999878361364, 0.827092463335, 0.398980364202, 0.0542211266196, 0.537256747088, 1.25752360158e-123, 1.21028844502e-05, 4.79343969505e-29, 1.63238778722, 0.661049314051, 0.720941520914
0.985726528648, 0.985566676961, 0.976430165025, 0.521820876486, 0.818837621021, 0.0591166939739, 0.999338476297, 0.886607371464, 0.482447789062, 0.216177121561, 0.431042652024, 0.205947200274, 0.525392520686, 0.312438425693, 0.99958648864, 0.827092463335, 0.398980364202, 0.148909179761, 1.47548504647, 3.45357648792e-123, 4.86445281249e-09, 1.31643736961e-28, 0.215981590157, 0.576175201125, 0.628377667116
0.10170845785, 0.919280976358, 0.98744004298, 0.0148760069233, 0.996023308342, 0.994036797845, 0.999338476297, 0.365361099446, 0.312061510865, 0.154203556224, 0.380249484136, 0.0917022446176, 0.480020940329, 0.909448086782, 0.0383283306634, 0.00354478149836, 0.906072977193, 0.0624220245527, 0.618516359741, 0.727526803624, 1.68602146586, 5.39833541421e-183, 0.921716411914, 0.000745937868208, 1.83477288306e-99
0.990098580967, 0.989901684596, 0.59015418663, 0.877061138069, 0.275728492997, 0.991614783878, 0.0322453606617, 0.948912304691, 0.312061510865, 0.441179904733, 0.380249484136, 0.754449377076, 0.929163541072, 0.605122352078, 0.0629162707729, 0.0135492341207, 0.282105572719, 1.09242400212, 1.20568815835e-149, 0.877518926348, 2.45919104818e-56, 4.42195550331e-06, 2.74901299347e-23, 0.89671875812, 1.09163504873
0.978314869353, 0.986851158485, 0.442736808546, 0.0148760069233, 0.996870530984, 0.994036797845, 0.997135350888, 0.528634782505, 0.117935675646, 0.971114313424, 0.457560661581, 0.0185470319835, 0.355303777319, 0.909448086782, 0.0383283306634, 0.0525781912212, 0.53139726153, 0.201884479253, 0.488704892981, 0.618810908734, 1.80974655301, 5.52558589517e-183, 1.28322900596e-35, 0.881655975786, 0.384779540586
0.978878124795, 0.998645745729, 0.985700317837, 0.902378423717, 0.734276755155, 0.586426409485, 0.999999264993, 0.886607371464, 0.600072672479, 0.971114313424, 0.522117447268, 0.475049169375, 0.97850185134, 0.758409005661, 0.116249753509, 0.151386707867, 0.428631744543, 4.08078058179e-05, 0.353465912918, 3.67975965774e-24, 2.14015596422e-14, 1.92016114261e-05, 0.137933555994, 1.88068641705, 0.360577457961
0.909127789369, 0.999234050865, 0.998733847992, 0.00312880486074, 0.994312861026, 0.999961876488, 0.998978388898, 0.0539407604769, 0.213532678079, 0.979653103553, 0.352459736369, 0.541500789957, 0.355303777319, 0.312438425693, 0.759314966538, 0.0135492341207, 0.927352122662, 2.55862517937e-05, 0.000166339338928, 0.0281562169406, 0.034622294635, 2.41856770918e-252, 0.235956119467, 2.063287191, 0.000237735791125
0.155965557403, 0.981134474406, 0.792132478021, 0.036059441665, 0.995231142274, 0.999639365269, 0.981598598198, 0.375793943634, 0.338752534796, 0.226145860857, 0.468539836997, 0.661405560696, 0.743854688079, 0.909448086782, 0.23309135409, 0.00104474383675, 0.23319115104, 0.0519815599912, 0.0130073770134, 0.961904428877, 1.41762144215, 1.35528131325e-144, 2.04132268504e-10, 0.408322938008, 5.55887037669e-81
0.918466060515, 0.991423767945, 0.976430165025, 0.990181140615, 0.352489293867, 0.120480725861, 0.676879892996, 0.0119295579002, 0.338752534796, 0.017826241095, 0.779930753693, 0.442522968915, 0.88261582811, 0.605342599487, 0.99958648864, 0.000990515424885, 0.676563734479, 1.47167063882, 2.60070948227e-17, 2.85553862225e-92, 1.19818416454e-45, 0.975968425273, 0.257183059001, 1.3959310546, 0.000720478185682
0.984672389618, 0.640112627922, 0.630448519888, 0.493904474609, 0.104457992893, 0.990563699011, 0.462687414654, 0.816152214908, 0.889231407597, 0.328098168043, 0.717605681301, 0.0185470319835, 0.894179106684, 0.0419270539626, 0.229571822008, 0.0525781912212, 0.53139726153, 1.70422648977, 9.04515160263e-34, 1.18767018911, 2.5572628177e-98, 7.54924908269e-31, 3.01002863397e-20, 1.37799350294e-19, 0.723584260114
0.972875070623, 0.9983612293, 0.630448519888, 0.990229722156, 0.803887383281, 0.993410662437, 0.998452318233, 0.652254387469, 0.659698569527, 0.086594920844, 0.856719703081, 0.343264096831, 0.355303777319, 0.375355268956, 0.108196777562, 0.148732512384, 0.61111821484, 0.0508929097793, 0.221960767306, 0.239672501564, 1.71771213132e-10, 0.22062089635, 5.75936329104e-21, 1.64112929058, 0.170141603941
0.99429850086, 0.0636125582478, 0.992001045811, 0.601773755044, 0.995711026727, 0.802335796816, 0.882484436693, 0.61095977304, 0.312061510865, 0.137438104584, 0.310651831525, 0.475049169375, 0.894179106684, 0.0796097261592, 0.102858188504, 0.650900816645, 0.142058712118, 0.466606943746, 2.7275742054e-06, 1.99842555883e-10, 0.763117675007, 1.23312853551e-22, 0.758937778087, 4.16604802305e-120, 1.43865043151
0.999011301677, 0.985566676961, 0.59015418663, 0.680956089314, 0.994312861026, 0.960044666077, 0.00235204099979, 0.365361099446, 0.00263869983587, 0.625723577477, 0.380249484136, 0.832027316102, 0.637937516992, 0.0261742291835, 0.00103842869938, 0.00882882914234, 0.057506634637, 0.20266517281, 4.44004928968e-264, 0.00539691444695, 0.249291140298, 1.03507606226e-17, 6.30392044307e-24, 0.123538713968, 2.30992287287
0.74319477731, 0.809870303592, 0.447154562405, 0.993974281515, 0.852592417751, 0.990563699011, 0.999467171483, 0.406214218796, 0.673178772379, 0.154203556224, 0.98297068168, 0.554985247921, 0.246469306841, 0.694296106358, 0.459559421054, 0.000978785979222, 0.784406764227, 0.0798522687769, 0.977287640371, 0.683338440616, 2.22686702638e-07, 1.38346218715, 3.19091213527e-35, 1.99386461379e-09, 3.70180144957e-13
0.10170845785, 0.919280976358, 0.524866122325, 0.990181140615, 0.852592417751, 0.994036797845, 0.923666141635, 0.365361099446, 0.00263869983587, 0.154203556224, 0.380249484136, 0.0917022446176, 0.88261582811, 0.909448086782, 0.198589151864, 0.0634041955017, 0.609882921896, 1.17682351456, 0.000658163327491, 1.37723703572, 3.37532541641e-07, 1.20136315246, 3.45281706965e-28, 0.000755347297595, 1.85791712418e-99
0.644438737879, 0.992134042195, 0.992894063003, 0.990181140615, 0.995711026727, 0.586426409485, 0.999338476297, 0.886607371464, 0.312061510865, 0.328098168043, 0.779930753693, 0.475049169375, 0.549836503548, 0.958932185805, 0.802331543982, 0.650900816645, 0.755037591407, 0.0399604886655, 0.395953450084, 4.14301555467e-24, 0.650856080268, 0.505921060702, 0.887378160427, 1.10272561449, 2.19305289054e-19
0.984672389618, 0.998645745729, 0.985700317837, 0.999118434306, 0.994312861026, 0.586426409485, 0.999999264993, 0.886607371464, 0.600072672479, 0.328098168043, 0.314710294369, 0.475049169375, 0.845996686921, 0.758409005661, 0.116249753509, 0.151386707867, 0.45993398099, 2.81646036223e-06, 0.0243953996835, 2.53968499674e-25, 0.0299972697119, 0.289871209622, 0.114118741359, 1.55597791458, 0.552927289745
0.990098580967, 0.640112627922, 0.545210817587, 0.552664100929, 0.994312861026, 0.00320123969291, 0.0322453606617, 0.451154766373, 0.00263869983587, 0.328098168043, 0.443125248458, 0.754449377076, 0.458219027945, 0.275571452215, 0.0383283306634, 0.0135492341207, 0.27813694261, 1.00143069844, 1.1052605327e-149, 5.35254213405e-250, 1.2313873496, 4.39414976761e-26, 1.13030523535e-26, 1.05290409605e-19, 1.04150275199
0.998145938856, 0.985566676961, 0.59015418663, 0.99374126521, 0.99114872659, 0.000773568129388, 0.0669475932727, 0.886607371464, 0.0696704609437, 0.119734451944, 0.380249484136, 0.754449377076, 0.706903091002, 0.541387307591, 0.0629162707729, 0.0135492341207, 0.321499569639, 0.270307475351, 1.59028452402e-118, 3.00493309292e-312, 0.203643105132, 0.376354621258, 9.9298173399e-24, 0.194595866998, 1.98983178601
0.460512752701, 0.987979151067, 0.812066910749, 0.990181140615, 0.647612954386, 0.993410662437, 0.368595414884, 0.0396396799584, 0.13061719443, 0.593247172365, 0.631140398308, 0.729073487407, 0.313042706337, 0.205822004913, 0.563666333818, 0.0127992780306, 0.23319115104, 0.952998794939, 6.76402310907e-44, 1.00301688894, 2.94219806798e-19, 0.917538766875, 2.37383732962e-09, 0.840597283583, 6.16588435675e-34
0.918466060515, 0.991423767945, 0.997728841171, 0.990181140615, 0.352489293867, 0.120480725861, 0.676879892996, 0.0119295579002, 0.338752534796, 0.017826241095, 0.779930753693, 0.442522968915, 0.88261582811, 0.605342599487, 0.99958648864, 0.00104474383675, 0.676563734479, 0.467054994476, 8.25371058467e-18, 9.06244604099e-93, 3.80260286227e-46, 0.309737053557, 1.69417898169, 1.3958977107, 0.000720460975985
0.246660870127, 0.996652139359, 0.985700317837, 0.999118434306, 0.734276755155, 0.560793223927, 0.999999264993, 0.886607371464, 0.000742280842206, 0.328098168043, 0.314710294369, 0.475049169375, 0.845996686921, 0.923551475626, 0.101079320036, 0.151386707867, 0.349279239973, 1.2711704777e-05, 0.110105266473, 1.31281555122e-26, 6.66662425206e-15, 0.825461246249, 0.324973972358, 1.8622828544, 5.26281442552e-61
0.999011301677, 0.985566676961, 0.59015418663, 0.408839706831, 0.994312861026, 0.999935571915, 0.0322453606617, 0.600169538729, 0.00263869983587, 0.226145860857, 0.380249484136, 0.832027316102, 0.637937516992, 0.711535887476, 0.0033487567498, 0.00882882914234, 0.057506634637, 0.0019305112079, 2.1306695005e-152, 0.191358094541, 0.235311268288, 6.81246340393e-40, 5.95040607089e-24, 0.116610848792, 2.18038587418
0.985726528648, 0.985566676961, 0.976430165025, 0.486195218051, 0.818837621021, 0.425127351849, 0.999338476297, 0.886607371464, 0.482447789062, 0.216177121561, 0.596378452073, 0.205947200274, 0.355303777319, 0.269784169143, 0.99958648864, 0.827092463335, 0.398980364202, 0.152592352362, 1.51198021825, 1.69734942213e-37, 4.98477191802e-09, 1.14534100796e-31, 0.221323755605, 0.590426523422, 0.643920183769
0.967682513867, 0.754339144717, 0.997564286222, 0.91761477836, 0.477598974296, 0.973569301828, 0.430885939518, 0.975313899479, 0.0234487299394, 0.823193164195, 0.27652802888, 0.042034239262, 0.999616295402, 0.478878441203, 0.593712040101, 0.9670621152, 0.496963235598, 0.759170607154, 3.25605343378e-37, 0.0821929824742, 9.66781513428e-33, 0.000221324627502, 2.15913315932, 2.05425866807e-12, 0.13482826814
0.0322655214005, 0.455171050253, 0.997391799682, 0.990229722156, 0.99114872659, 0.157132660816, 0.0760883255853, 0.226309833298, 0.0366784691931, 0.5210365815, 0.380249484136, 0.83166540655, 0.313042706337, 0.219626570919, 0.178292900237, 0.00154959186643, 0.769179561564, 0.458174108748, 9.74884407606e-113, 3.04646990964e-81, 0.345177276639, 0.382808981231, 1.82646195027, 2.01435238667e-34, 2.29372301663e-149
0.918466060515, 0.991423767945, 0.98744004298, 0.995956214238, 0.994312861026, 0.972818860382, 0.676879892996, 0.0119295579002, 0.312061510865, 0.017826241095, 0.779930753693, 0.442522968915, 0.389114999317, 0.605342599487, 0.0383283306634, 0.0135492341207, 0.61111821484, 0.462702214156, 8.1767890456e-18, 0.0463517476087, 0.571799320255, 1.27737741028, 0.701153481961, 1.27736937379, 0.000659285260429
0.967682513867, 0.985566676961, 0.995720611324, 0.998083022259, 0.995711026727, 0.292583285819, 0.999802601102, 0.0396396799584, 0.935004829697, 0.137438104584, 0.462251021802, 0.216367198755, 0.355303777319, 0.0894055779246, 0.00308413115205, 0.0127992780306, 0.61111821484, 0.00484273795495, 0.157661918721, 1.04472683215e-54, 0.257971600547, 1.0747508204, 1.82999860749, 0.82418329307, 0.135209988894
0.904890791273, 0.754339144717, 0.992001045811, 0.971736146254, 0.992691747802, 0.973569301828, 0.866922644732, 0.112777784571, 0.655803286622, 0.827765720464, 0.759366989594, 0.831786066973, 0.999616295402, 0.758409005661, 0.3995465747, 0.72564074512, 0.282105572719, 1.03657222548, 1.02271392165e-06, 0.112226371726, 0.979775873375, 0.12813733441, 1.21882031973, 1.68980322285e-12, 0.000135141424013
0.967682513867, 0.754339144717, 0.997564286222, 0.885004905392, 0.477598974296, 0.973569301828, 0.902603093796, 0.975313899479, 0.0234487299394, 0.823193164195, 0.27652802888, 0.042034239262, 0.999616295402, 0.415430645849, 0.209318499288, 0.9670621152, 0.496963235598, 0.786444589762, 4.37995638255e-05, 0.0851458497923, 1.00151413231e-32, 6.150158813e-06, 2.23670214189, 2.12805993138e-12, 0.139672106296
0.999996189107, 0.000575286301995, 0.000305554026911, 0.000256395934315, 0.998797916619, 0.999999999999, 0.243020856118, 0.508079998406, 0.744248646923, 0.791314709961, 0.491792685501, 0.457579507936, 0.689273192074, 0.700179404027, 0.421667038713, 0.960864958725, 0.845298213206, 1.58647910331e-14, 9.13921470824e-76, 0.00016534210251, 0.000918973305872, 0.0, 0.0, 0.0, 1.56011308096
0.699277834329, 0.870082272611, 0.885343523217, 0.966177141962, 0.838529977264, 0.50700847947, 0.671489822237, 0.0345538731313, 0.081802377364, 0.328098168043, 0.741304810788, 0.374335611121, 0.939513393297, 0.189515093307, 0.254829126672, 0.650900816645, 0.301263847133, 1.90463338749, 1.51312468363e-17, 9.49409440595e-30, 6.72652228548e-08, 0.0959343202806, 1.54050436738e-05, 2.70715740089e-06, 8.73891877111e-16
0.84557484376, 0.251966593671, 0.901099957438, 0.952676535056, 0.999738506004, 0.95172544627, 0.195197093001, 0.365361099446, 0.338752534796, 0.175675932055, 0.842722837364, 0.869201736597, 0.394069144649, 0.047476584806, 0.929011636194, 0.0133418633015, 0.23319115104, 0.0855683467531, 1.49888245891e-72, 0.000954155452771, 2.10926079315, 0.0260121411755, 9.95261411345e-05, 4.51790119389e-60, 1.72125673018e-07
0.400537441202, 0.665579952737, 0.646555888436, 0.971736146254, 0.992691747802, 0.973569301828, 0.676879892996, 0.947980536821, 0.000742280842206, 0.827765720464, 0.759366989594, 0.831786066973, 0.389114999317, 0.923551475626, 0.3995465747, 0.72564074512, 0.912507103062, 1.55693366303, 2.75138474187e-17, 0.168564246393, 1.4716254227, 0.192462545813, 3.89668437849e-19, 7.08127317654e-18, 6.22873708036e-40
0.999011301677, 0.985566676961, 0.59015418663, 0.680956089314, 0.623897647781, 0.886500224823, 0.170238034986, 0.980230155707, 0.00263869983587, 0.625723577477, 0.380249484136, 0.832027316102, 0.637937516992, 0.0261742291835, 0.0033487567498, 0.00882882914234, 0.057506634637, 0.350242463881, 7.01695103308e-78, 3.223841519e-06, 1.78576169122e-21, 1.12823471621e-17, 6.87128429634e-24, 0.134657414056, 2.51781996703
0.644438737879, 0.992134042195, 0.992894063003, 0.990181140615, 0.995711026727, 0.973569301828, 0.999338476297, 0.886607371464, 0.312061510865, 0.328098168043, 0.779930753693, 0.564953139655, 0.549836503548, 0.958932185805, 0.802331543982, 0.650900816645, 0.755037591407, 0.039813086742, 0.394492899872, 0.0429274474562, 0.652244700574, 0.507000457944, 0.889271407444, 1.10507831154, 2.19773183242e-19
0.918466060515, 0.991423767945, 0.98744004298, 0.995956214238, 0.352489293867, 0.120480725861, 0.676879892996, 0.0119295579002, 0.312061510865, 0.017826241095, 0.779930753693, 0.442522968915, 0.389114999317, 0.605342599487, 0.0383283306634, 0.00104474383675, 0.61111821484, 0.741398947783, 1.31018668361e-17, 1.43856463127e-92, 6.03621799202e-46, 1.2849694455, 0.705320756161, 1.28496136124, 0.000663203692736
