0.000294094560529, 0.000561324213391, 0.450380957766, 0.999254440252, 0.578245854692, 0.220911160447, 0.0379493365113, 0.287810331944, 0.864672107885, 0.822819183813, 0.809294588844, 0.00118335508175, 0.814295740363, 0.0356927800484, 0.990189694451, 0.763405217935, 0.0203926078679, 0.279467164349, 3.65484862848e-143, 1.15935480608e-66, 7.14008653501e-25, 2.46496631678, 8.88600006335e-35, 0.0, 0.0
0.437164731523, 0.263326626336, 0.638368653634, 7.08955793464e-05, 0.797048594762, 0.999913832671, 0.871286785321, 0.88985439787, 0.889339715912, 0.00259664882925, 0.809294588844, 0.321303561183, 0.985800910151, 0.0449292620779, 0.481765931032, 0.326698947952, 0.413729979129, 0.029103615958, 4.74438089417e-08, 2.15928154696, 4.77472802562e-10, 0.0, 1.09049562659e-19, 3.80142220434e-58, 3.93532289752e-36
0.994855634038, 0.999677849229, 0.0547159867355, 0.999254440252, 9.49701804379e-05, 0.00024055437485, 0.000703796053592, 0.577469318495, 0.332764524342, 0.0440500929125, 0.493350467194, 0.835010209053, 0.495839479841, 0.274440496682, 0.461071811889, 0.326698947952, 0.081741271948, 0.00534631049645, 4.66505675985e-318, 0.0, 0.0, 0.0471557197908, 4.82893374775e-128, 0.952088350209, 1.29933406056
0.9999938015, 0.410889732273, 0.995876615491, 0.999893128812, 0.99999831397, 0.726300516382, 0.999993614951, 0.0649161984854, 0.422688428129, 0.0440500929125, 0.406976018464, 0.410473750966, 0.892543643784, 0.854160628424, 0.655146854062, 0.152723143518, 0.299894455214, 4.12198848335e-12, 4.11111658048e-09, 8.35055193026e-23, 1.55242629355e-05, 0.000929577595723, 0.00158074107182, 6.79232580459e-42, 1.88406708258
0.597875664208, 0.000561324213391, 0.000318841156365, 0.000116608051699, 0.00167774337701, 0.671669575693, 0.0695949461498, 0.925459084728, 0.767827603018, 0.278597312616, 0.989027400758, 0.410473750966, 0.814295740363, 0.992361614722, 0.395654667906, 0.153137675828, 0.314641118022, 2.05569006311, 5.84585214364e-116, 1.6774330066e-17, 9.58585427346e-278, 0.0, 0.0, 0.0, 1.47967095668e-22
0.964227802971, 0.487353813187, 0.909273052847, 0.000263961319486, 0.000185582833745, 0.990110902643, 0.999989398301, 0.816924442043, 0.640172927974, 0.278597312616, 0.914901714766, 0.410473750966, 0.887492978754, 0.259807507886, 0.988810010944, 0.669655620779, 0.299894455214, 0.00259170253594, 1.55710281355, 1.02337153742, 0.0, 0.0, 0.00021668725181, 1.78171465408e-31, 0.0766674841789
0.000294094560529, 0.410889732273, 0.80955235173, 0.0111474304821, 0.00167774337701, 0.133333980345, 0.999781491677, 0.306964999224, 0.358101322184, 0.0163430375082, 0.809294588844, 0.0017814979725, 0.939274816578, 0.0356927800484, 0.852557075054, 0.74790052458, 0.00452102074696, 0.0840215079735, 2.47357416591, 1.21277327806e-87, 1.15411350425e-277, 2.02848817739e-195, 2.59530908888e-09, 9.1669337947e-39, 0.0
0.999483547708, 0.975783341137, 0.909273052847, 9.31050214685e-05, 0.999800437008, 0.395206111269, 0.0295925162118, 0.816285850029, 0.0853852827929, 0.793240969453, 0.179975132377, 0.125375190591, 0.035488725663, 0.0387757514049, 0.986112877894, 0.466972011735, 0.0541462500451, 0.00598934486323, 1.23506159652e-155, 4.52756157313e-43, 0.192896021932, 0.0, 2.24431830681e-05, 0.0262818415147, 2.45766700516
0.36609269217, 0.27305035117, 0.998098481706, 0.999988152215, 0.999991704461, 0.738482603451, 5.43612349803e-05, 0.920922808867, 0.422688428129, 0.842414465668, 0.308694438699, 0.001745438767, 0.999958422822, 0.999655049635, 0.454321471779, 0.204861492122, 0.586707448804, 1.4211508754e-06, 0.0, 1.5233053471e-19, 0.00109107294091, 0.586612442445, 2.10123327772, 1.44266403741e-56, 7.83424655969e-44
0.000294094560529, 0.000561324213391, 0.450380957766, 0.666690389193, 0.999933616008, 0.220911160447, 0.0379493365113, 0.287810331944, 0.864672107885, 0.822819183813, 0.578329263067, 0.00118335508175, 0.67659459597, 0.0356927800484, 0.990189694451, 0.763405217935, 0.0203926078679, 0.0241499845385, 3.15831514854e-144, 1.00184938387e-67, 2.32350878629, 9.00963308086e-18, 8.323187286e-35, 0.0, 0.0
0.994855634038, 0.999677849229, 0.0547159867355, 0.999254440252, 0.999991704461, 0.00024055437485, 0.000603556551781, 0.577469318495, 0.332764524342, 0.0440500929125, 0.493350467194, 0.835010209053, 0.495839479841, 0.274440496682, 0.461071811889, 0.326698947952, 0.081741271948, 6.96370252809e-06, 0.0, 0.0, 0.00534630596125, 0.0471557197908, 4.82893374775e-128, 0.952088350209, 1.29933406056
0.000274752402811, 0.999852560574, 0.412586522096, 0.0551963324923, 0.725805976043, 0.990414962096, 0.246742842188, 0.0120334495328, 0.0383817757962, 0.887818871553, 0.85930837077, 0.00132217387749, 0.236760931495, 0.0356927800484, 0.940975135533, 0.0556043284899, 0.392552679171, 0.0506330430384, 1.33355276786e-62, 0.0346078973056, 1.16372209055e-15, 1.49560709256e-127, 3.43003846538e-40, 2.66705073754, 0.0
0.000274752402811, 0.102240281284, 0.412586522096, 0.0559345408768, 0.516016025025, 0.408596402007, 0.698151278883, 0.732507170053, 0.0383817757962, 0.106650944319, 0.870150793696, 0.0017814979725, 0.236760931495, 0.0356927800484, 0.940975135533, 0.288614494508, 0.874486815203, 2.47136701302, 9.63853242961e-16, 5.23011123455e-39, 7.16763728874e-29, 2.27543737425e-125, 1.38216791091e-38, 3.55844852278e-99, 0.0
0.000294094560529, 0.401253455679, 0.998767578113, 0.999810500679, 0.137910881287, 0.000334865570194, 0.649717510693, 0.175562507141, 0.701844952053, 0.740952063138, 0.245730845543, 0.0017814979725, 1.82078168401e-05, 0.151405771729, 0.999273874615, 0.0181336926438, 0.217726614624, 0.0130895921688, 3.85037618364e-21, 0.0, 1.87456008799e-88, 0.443752006844, 2.40901635403, 8.45454508871e-40, 0.0
0.000194756330712, 0.000561324213391, 0.000318841156365, 0.000116608051699, 0.0971297892739, 0.671669575693, 0.0695949461498, 0.306964999224, 0.549933107659, 0.278597312616, 0.809294588844, 0.410473750966, 0.814295740363, 0.992361614722, 0.395654667906, 0.153137675828, 0.314641118022, 1.69921417615, 4.83212669674e-116, 1.38655043166e-17, 1.45081705348e-101, 0.0, 0.0, 0.0, 0.0
0.195735040049, 0.984767182792, 0.909273052847, 0.235399828569, 0.473886327947, 0.992349958449, 0.997713004743, 0.539342352917, 0.485798322698, 0.682642845263, 0.998800438574, 0.0017814979725, 0.495839479841, 0.64860309447, 0.93032622126, 0.942253355355, 0.711169779398, 0.44009541656, 1.32161450367, 1.24356872135, 1.08330825882e-32, 4.44578409991e-63, 0.000217153184679, 0.657249155684, 4.56618702928e-71
0.997371629646, 0.635699594757, 0.980863301103, 0.643217834698, 0.993141576091, 0.986393481411, 0.998795736308, 0.225592795254, 0.354276819226, 0.93973935995, 0.661031077399, 0.00885479238073, 0.887492978754, 0.151405771729, 0.998299232159, 0.992254145612, 0.299894455214, 0.0940733043754, 0.521949997174, 0.223703135289, 0.580105123635, 8.79561112498e-20, 0.189186729985, 2.78604454218e-20, 2.20523680666
0.997371629646, 0.828454347031, 0.980863301103, 0.643217834698, 0.993141576091, 0.986393481411, 0.998795736308, 0.225592795254, 0.354276819226, 0.93973935995, 0.661031077399, 0.00885479238073, 0.236760931495, 0.151405771729, 0.998299232159, 0.992254145612, 0.727094424301, 0.0913091292992, 0.506613434025, 0.217130020471, 0.563059776552, 8.5371678906e-20, 0.183627817739, 8.58421348273e-09, 2.14043988411
0.986827641758, 0.975783341137, 0.959585739506, 0.986798240139, 0.0586017943644, 0.998215934581, 0.831804796261, 0.539342352917, 0.398618987416, 0.0148645273998, 0.541014891571, 0.657694065613, 0.434387909707, 0.184833410938, 0.948765534615, 0.895818119344, 0.262868248637, 0.377085942798, 5.95253889149e-09, 1.43554957568, 1.44117986261e-123, 0.655484272155, 0.0411897094178, 0.221034581102, 0.725837310348
0.986827641758, 0.00672657858158, 0.980863301103, 0.997266833947, 0.993141576091, 0.986393481411, 0.998795736308, 0.339937698936, 0.701844952053, 0.623814576687, 0.661031077399, 0.584375295274, 0.691023558511, 0.151405771729, 0.998299232159, 0.94361960399, 0.105939994436, 0.0705420365705, 0.391390692961, 0.167746576516, 0.434999037378, 1.55179847866, 0.386238944043, 1.61875826106e-217, 0.758843391752
0.982410391785, 0.153441600392, 0.970745103417, 0.00585418157998, 0.966906903545, 0.999431800603, 0.743832737885, 0.586339259335, 0.797918586315, 0.675334503923, 0.919169254876, 0.0017814979725, 0.939274816578, 0.200744087303, 0.500780277309, 0.8219631575, 0.359260057683, 0.162867175348, 3.59320769613e-14, 1.87189091162, 0.102077700644, 1.64928949782e-223, 0.152104500676, 1.165209849e-81, 0.515025254617
0.964227802971, 0.487353813187, 0.695760905693, 0.000263961319486, 0.0800539014404, 0.992349958449, 0.523778624436, 0.816924442043, 0.0169396244184, 0.106650944319, 0.976763368634, 0.795865190086, 0.691023558511, 0.709952602842, 0.988810010944, 0.866434588857, 0.244280358504, 1.73108524971, 2.2346803442e-28, 1.54542642744, 7.94260396899e-110, 0.0, 6.42265996858e-16, 2.21896031408e-31, 0.095482239192
0.733337057966, 0.889607702295, 0.980863301103, 0.990862668547, 0.01232433576, 0.998658135161, 0.00183991866811, 0.539342352917, 0.0698669807265, 0.00341012644138, 0.969107816536, 0.00061464226842, 0.311839564255, 0.110292231673, 0.383819376637, 0.152836750685, 0.262868248637, 0.35267364528, 1.67245895771e-274, 1.7635714457, 3.36806014262e-191, 1.3038473283, 0.51425370873, 2.97806930613e-05, 1.21463152628e-13
0.972783089476, 0.991031101212, 0.328259773885, 0.791671429989, 0.998088510427, 0.927898190547, 0.999809024475, 0.453170559271, 0.42896975634, 0.51914708511, 0.811389050877, 0.148644311397, 0.424877869808, 0.515109078097, 0.5295639436, 0.77981426165, 0.413729979129, 0.00847173711348, 0.285000957823, 0.00025187837176, 1.01622727197, 1.18593988567e-10, 6.93956176137e-49, 0.78263315095, 0.131142668836
0.997891139224, 0.992587236191, 0.985925197282, 0.998675283401, 0.00167774337701, 0.712552817979, 0.0576335267915, 0.668686815012, 0.891454044035, 0.508841516577, 0.553257019549, 0.490798682017, 0.464032182111, 0.326683180197, 0.424971300699, 0.20221710043, 0.000258814817802, 0.0606830198064, 1.1135422426e-125, 1.82344747168e-16, 2.82969984229e-279, 0.30721944952, 0.125311301878, 0.311982139249, 1.49087592478
0.973865594377, 0.993864318245, 0.0365178188267, 0.346828672208, 0.993141576091, 0.987660011591, 0.827950408003, 0.900935311875, 0.11923011697, 0.136711164508, 0.578586609923, 0.0404097258166, 0.78086203589, 0.389733441816, 0.733321177231, 0.0566957957296, 0.413729979129, 0.83344178455, 8.26851648434e-09, 0.406514184364, 0.934541253749, 2.1234857458e-46, 3.68156937908e-144, 1.49516870062, 0.222405249061
0.98028846435, 0.975783341137, 0.998284630953, 0.796538961982, 0.413858195877, 0.998314117823, 0.999633381668, 0.140606279707, 0.117418709327, 0.672602983758, 0.969107816536, 0.550432348061, 0.939274816578, 0.333796588892, 0.395654667906, 0.0117405736082, 0.422396769901, 0.00649478494022, 0.114716493029, 0.461741964872, 3.62010771134e-39, 9.86887957344e-11, 1.88071926833, 0.264192182559, 0.426610695593
0.995760436807, 0.992587236191, 0.985925197282, 0.998675283401, 0.00167774337701, 0.28794188754, 0.132211692898, 0.293435988146, 0.891454044035, 0.508841516577, 0.661031077399, 0.520278423149, 0.464032182111, 0.326683180197, 0.424971300699, 0.20221710043, 4.80768121941e-05, 0.109176616293, 2.29739739192e-89, 1.46128266334e-55, 5.09099670537e-279, 0.552727600983, 0.225451270651, 0.561296296983, 1.36748633386
0.976800564675, 0.980573668528, 0.0365178188267, 0.905953444855, 0.612080579348, 0.622050931303, 0.999981583705, 0.343811350176, 0.32113728893, 0.631069868385, 0.152548760093, 0.441883839989, 0.78086203589, 0.709952602842, 0.0333588897098, 0.641422427274, 0.0716887214284, 0.00485661240613, 1.68037400465, 6.36974589575e-21, 1.26586574519e-21, 0.000135555055251, 4.69905590926e-144, 0.377306407714, 0.260664824483
0.973865594377, 0.993864318245, 0.0365178188267, 0.9931822639, 0.993141576091, 0.395206111269, 0.827950408003, 0.586339259335, 0.11923011697, 0.51914708511, 0.578586609923, 0.0404097258166, 0.78086203589, 0.259807507886, 0.733321177231, 0.662393816301, 0.413729979129, 0.518008197321, 5.1391223694e-09, 3.9158105975e-41, 0.522055217824, 0.746006285742, 2.92944417181e-144, 1.18971362071, 0.17696902966
0.986827641758, 0.975783341137, 0.998284630953, 0.997193136878, 0.413858195877, 0.998314117823, 0.983816176541, 0.336238889161, 0.398618987416, 0.672602983758, 0.969107816536, 0.657694065613, 0.939274816578, 0.333796588892, 0.395654667906, 0.0117405736082, 0.422396769901, 0.0343271297602, 0.0108925683661, 0.14472665674, 1.13467288217e-39, 0.368155028643, 1.57002162896, 0.220547238391, 0.724236965637
0.986782252374, 0.992587236191, 0.985838830897, 0.998675283401, 0.00167774337701, 0.598958089917, 0.999757366154, 0.354004080118, 0.891454044035, 0.363087828761, 0.553257019549, 0.490798682017, 0.311839564255, 0.326683180197, 0.892591884095, 0.52930554959, 0.673714992476, 0.00659192693299, 0.174961210087, 1.51012602511e-23, 8.16437578045e-279, 0.886403213321, 0.358078315072, 0.898955419651, 0.583604063962
0.995760436807, 0.362957091102, 0.992406376405, 0.996554153923, 0.999433933915, 0.686587489847, 0.370626326494, 0.849664623751, 0.00829398264493, 0.785986671385, 0.661031077399, 0.867253579919, 0.495839479841, 0.384076706049, 0.0333588897098, 0.122714954153, 0.46214184017, 0.0291241346609, 3.58095954907e-45, 2.1377725962e-18, 0.335966643322, 0.683177989303, 0.68587411828, 1.55748703879e-44, 1.69586149154
0.990501518118, 0.0816504663554, 0.501438480165, 0.978910817576, 0.514686191823, 0.991787637462, 0.976684375031, 0.134491320228, 0.340581368521, 0.753802476609, 0.094970736967, 0.0426200210315, 0.340573278145, 0.614719123746, 0.839497984586, 0.94361960399, 0.87910180046, 1.29073680138, 0.193013538396, 1.07414445485, 3.78730160564e-29, 0.318758433506, 2.84074626145e-30, 4.24163757063e-109, 1.18900568862
0.000294094560529, 0.102485910498, 0.858002481862, 0.60065913776, 0.00167774337701, 0.000334865570194, 0.377874435469, 0.306964999224, 0.358101322184, 0.106650944319, 0.902059528114, 0.0017814979725, 0.939274816578, 0.907387414378, 0.839497984586, 0.74790052458, 0.00452102074696, 2.40313460619, 2.04950560838e-42, 0.0, 1.12060171656e-277, 2.75236995153e-22, 8.42854061331e-07, 4.39859882652e-99, 0.0
0.976728982794, 0.996617817946, 0.80955235173, 0.351012875921, 0.00019476057186, 0.00672759085594, 0.998831342752, 0.306964999224, 0.851424055589, 0.0163430375082, 0.317449967816, 0.0017814979725, 0.939274816578, 0.871900051059, 0.988810010944, 0.74790052458, 0.314641118022, 0.174275296529, 0.99526465557, 9.69557706371e-218, 0.0, 5.40656295883e-46, 1.0595229672e-09, 2.0842577673, 0.347976726086
0.000294094560529, 0.102240281284, 0.112763119114, 0.0559345408768, 0.999945359581, 0.473397756576, 0.999993614951, 0.37839201485, 0.0383817757962, 0.631069868385, 0.0053025106848, 0.262460787548, 0.236760931495, 0.0356927800484, 0.940975135533, 0.288614494508, 0.371348860185, 1.79092680318e-05, 0.0178620316498, 9.34696245676e-35, 2.08670325277, 1.92134009109e-125, 5.39889037034e-95, 3.00469258625e-99, 0.0
0.92604551788, 0.996617817946, 0.418891971397, 0.986798240139, 0.489613372353, 0.990110902643, 0.997174713648, 0.171843015512, 0.366925179964, 0.156218022806, 0.9224764959, 0.795865190086, 0.774156728303, 0.751082024259, 0.988810010944, 0.989912697276, 0.914193116599, 0.2893157251, 0.709712296194, 0.503710048321, 1.39275800212e-31, 0.405027107103, 2.55530305354e-38, 2.06811020713, 0.00166250385055
0.976800564675, 0.00672657858158, 0.0365178188267, 0.232635399656, 0.151385481161, 0.520591709456, 0.72119912046, 0.343811350176, 0.825265654957, 0.106650944319, 0.956622765657, 0.549293657055, 0.723726394601, 0.561874590417, 0.879895606071, 0.0566957957296, 0.823262897634, 1.97260418601, 1.98006144766e-14, 1.38319874481e-28, 3.15923826377e-82, 1.44125205764e-63, 5.51623542536e-144, 1.86458350184e-217, 0.29856152417
0.986827641758, 0.104867959196, 0.239267360485, 0.520234710674, 0.636217709004, 0.986393481411, 0.999368146816, 0.175176024652, 0.701844952053, 0.106650944319, 0.661031077399, 0.00885479238073, 0.691023558511, 0.151405771729, 0.998299232159, 0.986972275252, 0.823262897634, 0.187421526194, 1.94202957083, 0.822944156066, 7.62992746357e-20, 1.38636508136e-28, 2.57211823043e-62, 3.85679633516e-98, 0.938290313718
0.986827641758, 0.102240281284, 0.256899824199, 0.306966294815, 0.999964351071, 0.986393481411, 0.999368146816, 0.175176024652, 0.701844952053, 0.41252235757, 0.661031077399, 0.692666171301, 0.691023558511, 0.119024417929, 0.998299232159, 0.94361960399, 0.0125770271851, 0.000941438616082, 0.00975502477584, 0.00413373758677, 1.90279934469, 1.52963872901e-51, 2.83074248105e-59, 2.73982749949e-99, 0.843163550216
0.707102605306, 0.978440304447, 0.939258249125, 0.99163258976, 0.979678374619, 0.0423370701732, 0.997713004743, 0.457020646724, 0.0169396244184, 0.493689305015, 0.998800438574, 0.0671285529323, 0.644597778091, 0.326683180197, 0.0622172392503, 0.517771461649, 0.132277601689, 0.486349222849, 1.46051552136, 1.13642615194e-137, 0.314595762474, 1.26524092964, 0.00601714701002, 0.362180676912, 2.85773690361e-15
0.986827641758, 0.362957091102, 0.992406376405, 0.980507844881, 0.999433933915, 0.686587489847, 0.997174713648, 0.539342352917, 0.00821599604068, 0.785986671385, 0.998800438574, 0.657694065613, 0.495839479841, 0.278110032469, 0.0333588897098, 0.558218997739, 0.46214184017, 0.0404465150925, 0.0992182125234, 7.86471004476e-18, 1.23599686849, 0.276641740999, 1.14430227987, 2.5984884425e-44, 0.757851986779
0.986827641758, 0.975783341137, 0.998284630953, 0.988276404474, 0.413858195877, 0.998314117823, 0.983816176541, 0.539342352917, 0.245930315962, 0.576849340062, 0.459900796413, 0.657694065613, 0.947753262836, 0.333796588892, 0.395654667906, 0.610228915229, 0.422396769901, 0.0613982536272, 0.019482685557, 0.258861257531, 2.0295006862e-39, 0.139900367165, 1.1905708154, 0.167244259952, 0.549199691783
0.98028846435, 0.978440304447, 0.996111357785, 0.99163258976, 0.999433933915, 0.498855967172, 0.997713004743, 0.689170670663, 0.79471673326, 0.54632772977, 0.998800438574, 0.583784643638, 0.14986531527, 0.326683180197, 0.295987373247, 0.681791770176, 0.132277601689, 0.0172945489664, 0.0519358436566, 5.39435261984e-32, 0.63145940474, 0.510408601958, 1.46559001931, 0.300971209604, 0.371110346579
0.000294094560529, 0.00672657858158, 0.989335636946, 0.232635399656, 0.151385481161, 0.987660011591, 0.72119912046, 0.198053158214, 0.825265654957, 0.809838668842, 0.914901714766, 0.61767040772, 0.723726394601, 0.436624608923, 0.282840879456, 0.0566957957296, 0.823262897634, 1.45226977259, 1.45775995443e-14, 0.708349728828, 2.58781441335e-82, 1.18056712936e-63, 0.963371788656, 1.77818932118e-217, 0.0
0.990501518118, 0.0816504663554, 0.940407177406, 0.978910817576, 0.270675034699, 0.991787637462, 0.976684375031, 0.336238889161, 0.340581368521, 0.566646217523, 0.340737827199, 0.611259458773, 0.340573278145, 0.614719123746, 0.839497984586, 0.94361960399, 0.866556876041, 0.9749278134, 0.14578825578, 0.811329857119, 3.52397705124e-57, 0.240766717311, 0.0043792175427, 3.20383979811e-109, 0.898092701686
0.557265688467, 0.000595369291846, 0.980863301103, 0.643217834698, 0.994882127647, 0.986393481411, 0.534688310794, 0.585049499654, 0.0853852827929, 0.96451501388, 0.355161345966, 0.00885479238073, 0.887492978754, 0.151405771729, 0.998299232159, 0.662393816301, 0.299894455214, 1.1872162914, 1.20425567755e-27, 0.500761886979, 1.76550839994, 2.35243326094e-19, 0.505990032781, 9.88131291682e-323, 1.42323387614e-25
0.986827641758, 0.00672657858158, 0.993181481145, 0.997266833947, 0.993141576091, 0.986393481411, 0.998795736308, 0.539342352917, 0.701844952053, 0.748444497867, 0.661031077399, 0.584375295274, 0.691023558511, 0.151405771729, 0.998299232159, 0.94361960399, 0.105939994436, 0.0514425586085, 0.28542043355, 0.122328664061, 0.317221681749, 1.13164416662, 1.23400934436, 1.63804932335e-217, 0.767886678508
0.0391790609417, 0.552217879988, 0.976221790689, 0.988276404474, 0.987361395418, 0.994378660866, 0.940177241144, 0.870044368785, 0.11923011697, 0.397002970819, 0.282337796182, 0.183010024503, 0.122439207827, 0.630493548945, 0.140649565819, 0.20049382589, 0.493806986313, 0.903560744902, 0.00297202323244, 1.12452979651, 0.679635025198, 0.836315895744, 0.256633287973, 4.64473908893e-26, 5.77187789299e-141
0.964227802971, 0.487353813187, 0.998767578113, 0.000263961319486, 0.0800539014404, 0.992349958449, 0.649717510693, 0.816924442043, 0.0169396244184, 0.106650944319, 0.792190634548, 0.795865190086, 0.691023558511, 0.709952602842, 0.988810010944, 0.0181336926438, 0.244280358504, 0.307785306715, 9.05367561772e-20, 0.27477534515, 1.41218741198e-110, 0.0, 2.23889022278, 2.17691551572e-31, 0.0936730443776
0.000294094560529, 0.980573668528, 0.989335636946, 0.905953444855, 0.612080579348, 0.622050931303, 0.999981583705, 0.198053158214, 0.32113728893, 0.631069868385, 0.152548760093, 0.441883839989, 0.78086203589, 0.709952602842, 0.0333588897098, 0.641422427274, 0.0716887214284, 0.00438071225009, 1.51571391154, 5.74557356899e-21, 1.14182337671e-21, 0.000122271995672, 0.903695832016, 0.396233213875, 0.0
0.98028846435, 0.989122501306, 0.992406376405, 0.910694243708, 0.999433933915, 0.00851208734528, 0.999757366154, 0.705764403481, 0.79471673326, 0.971689560108, 0.999423085238, 0.550432348061, 0.14986531527, 0.326683180197, 0.295987373247, 0.760199340582, 0.509415830742, 0.00380938426531, 0.101107686344, 1.60257814802e-208, 1.16717325776, 0.000159272230608, 1.05468206179, 0.915524382275, 0.397204805752
0.986827641758, 0.00672657858158, 0.980863301103, 0.370588320277, 0.993141576091, 0.986393481411, 0.998795736308, 0.320153918445, 0.42896975634, 0.106650944319, 0.814571929765, 0.00885479238073, 0.691023558511, 0.151405771729, 0.118753029279, 0.951273340078, 0.105939994436, 0.225016646393, 1.24846723232, 0.535081972773, 1.38757015439, 2.37891685264e-43, 0.452521188727, 1.89655244209e-217, 0.889068072987
0.92604551788, 0.996617817946, 0.418891971397, 0.986798240139, 0.489613372353, 0.990110902643, 0.394069607081, 0.279310575491, 0.216971992403, 0.156218022806, 0.9224764959, 0.795865190086, 0.774156728303, 0.751082024259, 0.988810010944, 0.989912697276, 0.299894455214, 0.723699351024, 4.101777955e-41, 0.475634804051, 1.3151299674e-31, 0.382452145564, 2.41287834383e-38, 1.95284012381, 0.00156984101434
0.995760436807, 0.362957091102, 0.992406376405, 0.980507844881, 0.999433933915, 0.686587489847, 0.370626326494, 0.849664623751, 0.00829398264493, 0.785986671385, 0.998800438574, 0.867253579919, 0.495839479841, 0.384076706049, 0.0333588897098, 0.558218997739, 0.46214184017, 0.066940713601, 8.23069905363e-45, 4.91358884214e-18, 0.772206526031, 0.172835840623, 0.71491903483, 1.62344240853e-44, 1.76767664565
0.986827641758, 0.102240281284, 0.362812235664, 0.996554153923, 0.967111999034, 0.986393481411, 0.999368146816, 0.621299259584, 0.701844952053, 0.106650944319, 0.661031077399, 0.692666171301, 0.691023558511, 0.151405771729, 0.998299232159, 0.94361960399, 0.0125770271851, 0.0756004512042, 0.783358853104, 0.331951994938, 0.047399347223, 1.73304480516, 2.82144893007e-44, 2.78280809804e-99, 0.856390541357
0.733337057966, 0.975783341137, 0.980863301103, 0.988276404474, 0.0968496134738, 0.998658135161, 0.211041374666, 0.539342352917, 0.0698669807265, 0.0148645273998, 0.969107816536, 0.0017814979725, 0.939274816578, 0.110292231673, 0.383819376637, 0.152836750685, 0.262868248637, 0.406572931429, 1.74589872123e-68, 2.03309893455, 1.32611843972e-101, 1.08737365696, 0.541987295303, 0.327262638952, 1.29195240022e-13
0.986827641758, 0.0254606054255, 0.980863301103, 0.988276404474, 0.995927518533, 0.998658135161, 0.211041374666, 0.320153918445, 0.0698669807265, 0.0148645273998, 0.969107816536, 0.0017814979725, 0.939274816578, 0.110292231673, 0.383819376637, 0.0668899749733, 0.262868248637, 0.196064856914, 8.41938448193e-69, 0.980437262004, 1.72090547789, 1.04380583364, 0.520271478876, 1.399608575e-159, 1.02217702215
0.940138522617, 0.464286601554, 0.328259773885, 0.998675283401, 0.682142724645, 0.989457620975, 0.997174713648, 0.995728389447, 0.366925179964, 0.0382270794522, 0.9805050634, 0.760133978946, 0.381473578912, 0.0505977041033, 0.431796799375, 0.561364755801, 0.914193116599, 0.135872659492, 0.33330541271, 0.217866377843, 1.6130794336e-17, 2.13006199677, 1.42754474854e-48, 1.62718983241e-33, 0.00711229120845
0.995760436807, 0.973423977121, 0.980863301103, 0.00265968165948, 0.0317039168729, 0.225110052511, 0.659541586911, 0.559190250984, 0.673512800765, 0.21888405837, 0.17282598956, 0.611259458773, 0.533813988136, 0.484092077766, 0.606757389028, 0.517771461649, 0.753627078402, 0.656245748073, 8.65774651432e-19, 1.7892676408e-65, 1.33192092274e-150, 3.13438420713e-258, 0.151921347116, 0.07183981665, 1.12065823972
0.557265688467, 0.316835708427, 0.980863301103, 0.643217834698, 0.994882127647, 0.986393481411, 0.534688310794, 0.585049499654, 0.231857867217, 0.989765850061, 0.355161345966, 0.00885479238073, 0.887492978754, 0.151405771729, 0.998299232159, 0.662393816301, 0.299894455214, 1.14704684993, 1.16350970876e-27, 0.483818617703, 1.70577245556, 2.27283872463e-19, 0.488869869287, 4.12581173943e-50, 1.375078784e-25
0.98028846435, 0.975783341137, 0.998284630953, 0.997193136878, 0.413858195877, 0.998314117823, 0.999633381668, 0.140606279707, 0.117418709327, 0.672602983758, 0.969107816536, 0.550432348061, 0.939274816578, 0.333796588892, 0.395654667906, 0.0117405736082, 0.422396769901, 0.00243855354834, 0.0430718358969, 0.173367173389, 1.3592176779e-39, 0.441010648089, 1.88071926833, 0.264192182559, 0.426610695593
0.000294094560529, 0.00672657858158, 0.989335636946, 0.232635399656, 0.151385481161, 0.520591709456, 0.72119912046, 0.198053158214, 0.825265654957, 0.106650944319, 0.914901714766, 0.61767040772, 0.723726394601, 0.561874590417, 0.379047256401, 0.0566957957296, 0.823262897634, 1.6381495252, 1.64434240957e-14, 1.14867766333e-28, 2.62359002301e-82, 1.19688804812e-63, 0.976690059431, 1.80277215321e-217, 0.0
0.990501518118, 0.922135232499, 0.989335636946, 0.554916195639, 0.354805421685, 0.987660011591, 0.998795736308, 0.628961264627, 0.311628871848, 0.753802476609, 0.094970736967, 0.0426200210315, 0.152380126881, 0.614719123746, 0.839497984586, 0.737544367153, 0.25932240514, 0.208766453542, 1.15830575486, 0.574070723947, 2.05235742183e-45, 5.4446286245e-26, 0.780749279114, 0.000722329336422, 1.05387970095
0.973865594377, 0.993864318245, 0.0365178188267, 0.9931822639, 0.517947254009, 0.395206111269, 0.827950408003, 0.586339259335, 0.11923011697, 0.51914708511, 0.578586609923, 0.0404097258166, 0.909849331367, 0.259807507886, 0.733321177231, 0.531950029514, 0.316326934467, 0.776955106351, 7.70811617985e-09, 5.87328357923e-41, 3.27392928321e-29, 0.788116286073, 3.09480322762e-144, 1.25686967813, 0.186958444012
0.72959257538, 0.975783341137, 0.992406376405, 0.459230037031, 0.999800437008, 0.923585393608, 0.0784191347321, 0.816285850029, 0.0853852827929, 0.793240969453, 0.426838113893, 0.209436176467, 0.236760931495, 0.0387757514049, 0.986112877894, 0.466972011735, 0.079969593156, 0.0489890925487, 2.13021714267e-112, 2.71596966425e-05, 1.57776897787, 3.95732003519e-34, 1.42106251022, 0.289246450912, 6.84377169415e-14
0.986827641758, 0.102240281284, 0.239267360485, 0.996554153923, 0.516016025025, 0.998860958521, 0.999368146816, 0.175176024652, 0.701844952053, 0.106650944319, 0.719886603135, 0.00885479238073, 0.691023558511, 0.151405771729, 0.998299232159, 0.94361960399, 0.0125770271851, 0.0159150217858, 0.164908714362, 0.969818997799, 2.85348631358e-29, 1.99319147597, 2.70000635833e-62, 3.20053432189e-99, 0.984942987079
0.000294094560529, 0.999852560574, 0.693246924637, 0.0551963324923, 0.578245854692, 0.990414962096, 0.246742842188, 0.0120334495328, 0.0383817757962, 0.402233043379, 0.85930837077, 0.0017814979725, 0.236760931495, 0.0356927800484, 0.940975135533, 0.0556043284899, 0.392552679171, 0.0479511631037, 1.26291849041e-62, 0.0327748211207, 1.48392938065e-25, 1.41638928516e-127, 1.11932341436e-17, 2.52578508514, 0.0
0.995760436807, 0.362957091102, 0.998284630953, 0.980507844881, 0.999433933915, 0.830118172814, 0.370626326494, 0.849664623751, 0.00829398264493, 0.785986671385, 0.998800438574, 0.867253579919, 0.495839479841, 0.384076706049, 0.0333588897098, 0.558218997739, 0.46214184017, 0.0220918125607, 2.71630000571e-45, 2.84671096238e-10, 0.254844039054, 0.0570393829019, 1.03589497949, 1.62344240853e-44, 1.76767664565
0.295837198751, 0.975783341137, 0.999751985802, 0.997193136878, 0.413858195877, 0.998314117823, 0.999633381668, 0.140606279707, 0.117418709327, 0.672602983758, 0.969107816536, 0.451316254015, 0.939274816578, 0.333796588892, 0.395654667906, 0.0117405736082, 0.422396769901, 0.000391458927901, 0.00691428519762, 0.0278304849505, 2.1819405825e-40, 0.0707950643984, 1.98385462706, 0.270367688182, 4.01069685699e-53
0.986827641758, 0.975783341137, 0.930235981004, 0.997193136878, 0.413858195877, 0.998314117823, 0.983816176541, 0.336238889161, 0.117418709327, 0.672602983758, 0.969107816536, 0.657694065613, 0.939274816578, 0.333796588892, 0.395654667906, 0.0117405736082, 0.422396769901, 0.150609103741, 0.0477907698812, 0.634983239535, 4.9783383294e-39, 1.61526755336, 0.0019800421207, 0.237336503809, 0.779369855672
0.996444552632, 0.153441600392, 0.970745103417, 0.00288959704812, 0.966906903545, 0.999431800603, 0.743832737885, 0.586339259335, 0.797918586315, 0.675334503923, 0.919169254876, 0.0017814979725, 0.939274816578, 0.200744087303, 0.500780277309, 0.8219631575, 0.359260057683, 0.0765600607367, 1.68908313703e-14, 0.879932261247, 0.047984346413, 1.68490418214e-254, 0.0715007783814, 5.4773797495e-82, 1.74406160004
0.970609267252, 0.994956572962, 0.993729525045, 0.998675283401, 0.593435325556, 0.989930615663, 0.307226067185, 0.49843589228, 0.157825556767, 0.0382270794522, 0.9805050634, 0.614186769455, 0.381473578912, 0.0505977041033, 0.395654667906, 0.561364755801, 0.914193116599, 0.125533209719, 1.09820813769e-52, 0.0806305861479, 5.09589860318e-24, 0.755340746986, 0.854504492683, 1.59961670758, 0.157034185626
0.988010079637, 0.993864318245, 0.0365178188267, 0.9931822639, 0.993141576091, 0.395206111269, 0.983816176541, 0.586339259335, 0.11923011697, 0.51914708511, 0.578586609923, 0.0404097258166, 0.78086203589, 0.259807507886, 0.733321177231, 0.476366385012, 0.413729979129, 0.435736985053, 0.138266581928, 3.45574704969e-41, 0.460719622119, 0.658358967271, 2.58526754598e-144, 1.04993569847, 0.710920546443
0.000294094560529, 0.999852560574, 0.693246924637, 0.0559345408768, 0.999933616008, 0.990414962096, 0.246742842188, 0.0120334495328, 0.0383817757962, 0.402233043379, 0.85930837077, 0.0017814979725, 0.236760931495, 0.0356927800484, 0.940975135533, 0.406282119188, 0.392552679171, 0.000461142121127, 1.2145376124e-64, 0.00031519257413, 0.0537407416576, 4.94828556137e-127, 1.03571950427e-17, 2.33713048679, 0.0
0.733337057966, 0.00672657858158, 0.980863301103, 0.370588320277, 0.0968496134738, 0.986393481411, 0.999420375247, 0.539342352917, 0.42896975634, 0.972687033343, 0.814571929765, 0.00885479238073, 0.691023558511, 0.151405771729, 0.118753029279, 0.951273340078, 0.105939994436, 0.177090070657, 1.9961594792, 0.845276908562, 1.39111451838e-101, 2.64695446757e-43, 0.503507712277, 2.11024103427e-217, 1.18925022926e-13
0.999483547708, 0.975783341137, 0.909273052847, 0.000263961319486, 0.999800437008, 0.395206111269, 0.0295925162118, 0.816285850029, 0.0853852827929, 0.793240969453, 0.179975132377, 0.125375190591, 0.035488725663, 0.0387757514049, 0.986112877894, 0.466972011735, 0.0541462500451, 0.00598934486323, 1.23506159652e-155, 4.52756157313e-43, 0.192896021932, 0.0, 2.24431830681e-05, 0.0262818415147, 2.45766700516
0.986827641758, 0.102240281284, 0.239267360485, 0.996554153923, 0.516016025025, 0.986393481411, 0.999368146816, 0.175176024652, 0.701844952053, 0.106650944319, 0.661031077399, 0.00885479238073, 0.691023558511, 0.151405771729, 0.998299232159, 0.94361960399, 0.0125770271851, 0.0862795708433, 0.894014051313, 0.378842655138, 2.82717354452e-29, 1.97481171829, 2.67510886946e-62, 3.17102132929e-99, 0.975860561407
0.990501518118, 0.156711443204, 0.989335636946, 0.978910817576, 0.354805421685, 0.987660011591, 0.998795736308, 0.539342352917, 0.311628871848, 0.753802476609, 0.094970736967, 0.0426200210315, 0.340573278145, 0.614719123746, 0.839497984586, 0.737544367153, 0.25932240514, 0.19291856196, 1.0703763787, 0.530491832611, 1.89655874174e-45, 0.228204937378, 0.734198174109, 7.28863801812e-81, 0.991043457897
0.707102605306, 0.978440304447, 0.992406376405, 0.99163258976, 0.979678374619, 0.0423370701732, 0.997713004743, 0.457020646724, 0.0169396244184, 0.493689305015, 0.998800438574, 0.0671285529323, 0.495839479841, 0.326683180197, 0.0622172392503, 0.517771461649, 0.132277601689, 0.35777380595, 1.07440121661, 8.35990869236e-138, 0.231426551104, 0.930751076745, 1.33594474825, 0.358488944688, 2.82860779738e-15
0.986827641758, 0.975783341137, 0.992406376405, 0.219359476123, 0.413858195877, 0.998314117823, 0.983816176541, 0.539342352917, 0.245930315962, 0.576849340062, 0.903102238113, 0.657694065613, 0.947753262836, 0.82205792155, 0.395654667906, 0.610228915229, 0.61582401745, 0.247946298714, 0.0786774783889, 1.04536671474, 8.19578984179e-39, 2.2083851528e-66, 0.969784948182, 0.197392340162, 0.648200496737
0.986827641758, 0.102240281284, 0.256899824199, 0.996554153923, 0.999964351071, 0.986393481411, 0.999368146816, 0.175176024652, 0.701844952053, 0.41252235757, 0.661031077399, 0.692666171301, 0.691023558511, 0.151405771729, 0.998299232159, 0.94361960399, 0.0125770271851, 0.00041197619221, 0.00426882634026, 0.00180893522053, 0.832670357018, 1.68690991625, 2.79861076853e-59, 2.70872776147e-99, 0.833592814275
0.98028846435, 0.978440304447, 0.992406376405, 0.99163258976, 0.999433933915, 0.00851208734528, 0.997713004743, 0.689170670663, 0.79471673326, 0.692501274566, 0.998800438574, 0.550432348061, 0.14986531527, 0.326683180197, 0.295987373247, 0.681791770176, 0.132277601689, 0.0269395954775, 0.080900092949, 1.35055151315e-208, 0.983619807446, 0.795059836006, 1.1411816102, 0.306225981033, 0.37758970402
0.370439429432, 0.978440304447, 0.992406376405, 0.99163258976, 0.979678374619, 0.989457620975, 0.997713004743, 0.236880906644, 0.0169396244184, 0.352148614006, 0.998800438574, 0.0671285529323, 0.495839479841, 0.326683180197, 0.0622172392503, 0.517771461649, 0.132277601689, 0.319530240807, 0.959555098102, 0.612167172967, 0.241602888799, 0.971678261729, 1.39468919583, 0.374252497071, 2.47593132831e-43
0.98028846435, 0.978440304447, 0.992406376405, 0.99163258976, 0.999433933915, 0.00851208734528, 0.999757366154, 0.705764403481, 0.79471673326, 0.971689560108, 0.999423085238, 0.550432348061, 0.14986531527, 0.326683180197, 0.295987373247, 0.760199340582, 0.132277601689, 0.00362167661626, 0.0961255987461, 1.52361100907e-208, 1.10966072214, 0.896938700386, 1.28741247388, 0.345465738569, 0.425973999773
0.733337057966, 0.102240281284, 0.980863301103, 0.988276404474, 0.0968496134738, 0.998658135161, 0.211041374666, 0.539342352917, 0.0698669807265, 0.0148645273998, 0.969107816536, 0.0017814979725, 0.939274816578, 0.110292231673, 0.383819376637, 0.152836750685, 0.262868248637, 0.41032573023, 1.76201392744e-68, 2.05186509102, 1.33835893904e-101, 1.09741046522, 0.546990012195, 3.49210174194e-99, 1.29195240022e-13
0.990501518118, 0.0816504663554, 0.501438480165, 0.978910817576, 0.514686191823, 0.991787637462, 0.258071345462, 0.917643507402, 0.340581368521, 0.753802476609, 0.094970736967, 0.0426200210315, 0.340573278145, 0.614719123746, 0.839497984586, 0.94361960399, 0.87910180046, 1.3305716498, 3.11987177991e-59, 1.09511828154, 3.86125274612e-29, 0.324982535031, 2.89621488996e-30, 4.32446010987e-109, 1.21222230453
0.000294094560529, 0.102240281284, 0.0365178188267, 0.0559345408768, 0.999964351071, 0.408596402007, 0.698151278883, 0.33724181484, 0.0383817757962, 0.41252235757, 0.870150793696, 0.0017814979725, 0.0627092923722, 0.0356927800484, 0.940975135533, 0.288614494508, 0.413729979129, 0.0127775328939, 4.98334179098e-18, 2.70408717063e-41, 2.28582129924, 2.10463458036e-125, 6.3922227855e-144, 3.29133813929e-99, 0.0
0.92604551788, 0.996617817946, 0.466982157499, 0.986798240139, 0.489613372353, 0.990110902643, 0.394069607081, 0.279310575491, 0.216971992403, 0.156218022806, 0.9224764959, 0.795865190086, 0.774156728303, 0.485413629661, 0.988810010944, 0.288614494508, 0.299894455214, 0.637610923179, 3.61384658541e-41, 0.419055158856, 1.15868728006e-31, 0.336957142852, 1.11521360654e-33, 1.72053794494, 0.00138309890286
0.000294094560529, 0.975783341137, 0.09815780072, 0.00132453691837, 0.551498898971, 0.440814712745, 0.998795736308, 0.339937698936, 0.889339715912, 0.352148614006, 0.684999095055, 0.00885479238073, 0.691023558511, 0.0185413934422, 0.998299232159, 0.830408100386, 0.105939994436, 0.396424083957, 2.19949273468, 9.35389049519e-36, 5.01013160849e-26, 5.64665085187e-288, 5.46847312781e-101, 0.304359985818, 0.0
0.000294094560529, 0.994966817919, 0.340421710889, 0.849737072448, 0.984622771936, 0.994378660866, 0.258071345462, 0.870044368785, 0.11923011697, 0.397002970819, 0.627559458444, 0.183010024503, 0.447039539024, 0.630493548945, 0.939739600273, 0.651541121843, 0.493806986313, 0.56777537782, 1.33129725021e-59, 0.70662307967, 0.314046173353, 1.27803743018e-07, 2.39779453648e-47, 1.33690756473, 0.0
