0.999968898872, 0.35112567671, 0.990624961971, 0.849581408238, 0.970409571669, 0.917923630281, 0.682985206184, 0.890735260898, 0.151729725399, 77.5045531387, 13.7221996918, 0.863348199221, 170.180952152, 0.00815717916786
0.000730267997303, 6.39486117676e-05, 0.999999903283, 0.949145780101, 0.997950394939, 0.518574337972, 0.298819632786, 0.116486157384, 0.886170454928, 4.56041159953e-06, 2.44341995904e-07, 4.64703545339e-13, 0.075129806105, 102.811218258
0.000730267997303, 6.39486117676e-05, 0.00136375241717, 0.949145780101, 0.823687690894, 0.518574337972, 0.298819632786, 0.116486157384, 0.886170454928, 8.5349656988e-09, 4.57294370979e-10, 6.58477062283e-06, 0.103103742813, 141.092090544
0.99890687326, 0.999999731888, 0.964470231838, 0.0360871628726, 0.970409571669, 0.917923630281, 0.47362887978, 0.695776173759, 0.664050076842, 8.83472766829, 235.981627097, 9.01870067108, 6.80563670058e-05, 0.27777760708
0.000730267997303, 7.45408569298e-05, 0.000239667149636, 0.000674669840524, 0.432910798368, 0.991851267154, 0.835002902393, 0.550907618869, 0.218971365651, 2.76018488071e-12, 4.0884036925e-09, 1.70660992381e-05, 0.228987412788, 313.360641816
0.997637597589, 0.999998037519, 3.53469794182e-05, 0.99736424922, 0.224822334746, 0.234756400648, 0.74433609907, 0.102011405511, 0.278461077793, 0.0100534496452, 2.65684154643e-05, 285.163313198, 0.000559648427983, 0.675290942671
0.99890687326, 0.99780431976, 0.999931661405, 0.989779868834, 0.303732728619, 0.533450046753, 0.21936718871, 0.148191397128, 0.278461077793, 259.743438719, 2.68202263648, 0.0179350128439, 0.577509806326, 0.287829820097
0.99890687326, 0.000124926250979, 0.964470231838, 0.000674669840524, 0.949548783133, 0.917923630281, 0.289950193381, 0.550907618869, 0.665966878541, 2.74428430567e-05, 0.0406485165794, 0.00149844687824, 337.552254067, 0.369437338751
2.12489957696e-06, 0.999998037519, 0.495474242371, 0.0773527092179, 0.787359787068, 0.991851267154, 0.74433609907, 0.797765179573, 0.218971365651, 1.45231013917e-05, 0.000173228582273, 0.000191181604101, 7.43650788795e-10, 178.32994572
2.12489957696e-06, 0.999998037519, 0.999931661405, 0.0773527092179, 0.787359787068, 0.533450046753, 0.74433609907, 0.797765179573, 0.218971365651, 3.86556118796e-05, 0.00046107623036, 3.41533057149e-08, 9.80783132016e-10, 235.195074531
0.998781171319, 0.000215087000938, 0.999977098003, 0.962338933546, 0.165685483405, 0.914784692361, 0.0694371469105, 0.695776173759, 0.824737054909, 0.0510379200371, 0.00199736540963, 1.21464175129e-06, 246.528578648, 0.300907499451
0.99890687326, 0.000124926250979, 0.601593614816, 0.000674669840524, 0.949548783133, 0.917923630281, 0.289950193381, 0.635635263336, 0.665966878541, 1.61984190807e-05, 0.0239932030804, 0.0159002666023, 319.425917481, 0.349598793848
0.99890687326, 0.999999731888, 0.687638696926, 0.0360871628726, 0.970409571669, 0.917923630281, 0.47362887978, 0.391134401578, 0.436068227163, 6.38886680504, 170.651008222, 80.420730111, 6.90284224245e-05, 0.281745130473
0.99890687326, 0.999999731888, 0.871326222038, 0.0360871628726, 0.970409571669, 0.894922613966, 0.47362887978, 0.391134401578, 0.35643521146, 7.71395652857, 206.045062317, 31.5670294691, 6.57749953075e-05, 0.26846600261
0.996793318634, 0.999869795736, 0.992887509754, 0.0858486241958, 0.991741007405, 0.831999291057, 0.691581019261, 0.695776173759, 0.826305160944, 14.2489691363, 151.728869993, 1.18897231579, 0.0217686660479, 0.537845202617
0.930723398274, 0.999998037519, 0.000140710553937, 0.0587766213798, 0.219103971893, 0.132444195571, 0.92443131994, 0.42875162373, 0.771273308121, 0.00230982314698, 0.0369885082772, 279.245590574, 0.000548092328225, 20.7880730438
0.99890687326, 0.999446433808, 0.871326222038, 0.0360871628726, 0.970409571669, 0.917923630281, 0.91202874169, 0.391134401578, 0.664050076842, 7.1059505452, 189.804806066, 29.0789492312, 0.125169550627, 0.247442702757
0.990364895086, 0.999999298271, 0.00136375241717, 0.0645754884068, 0.432910798368, 0.507214179485, 0.916037135106, 0.173551051009, 0.731709107053, 0.0213329032781, 0.309023146741, 241.910131197, 0.000169987260521, 2.35672140493
0.99890687326, 0.999999731888, 0.907866067658, 0.910217059046, 0.997271857811, 0.917923630281, 0.47362887978, 0.550907618869, 0.826305160944, 218.438137465, 21.5465291528, 24.3546177404, 7.08726827327e-05, 0.289272629189
0.990364895086, 0.94955367423, 0.999742239181, 0.686458721851, 0.928324565202, 0.616150200742, 0.519084016779, 0.36056939153, 0.905821220679, 147.192331337, 67.2303668555, 0.0552840203568, 11.3944334638, 2.19747734706
0.99890687326, 0.998998815646, 0.999979110303, 0.0858486241958, 0.153972799258, 0.98751105499, 0.92443131994, 0.116486157384, 0.618035000711, 21.4196366268, 228.085079697, 0.00521218668531, 0.250055788486, 0.27331808864
0.990364895086, 0.999999298271, 0.00136375241717, 0.998934854349, 0.432910798368, 0.507214179485, 0.916037135106, 0.173551051009, 0.911165715573, 0.258657360939, 0.000275801531951, 189.609227078, 0.000133236061346, 1.84719888256
0.997830676714, 0.688672296317, 0.000140710553937, 0.306677511998, 0.203068388196, 0.990286063158, 0.984804855637, 0.114008051935, 0.824737054909, 0.00414517694299, 0.00937122638238, 96.0446892336, 43.4249798354, 0.303241952044
0.99890687326, 0.876189269426, 0.990624961971, 0.849581408238, 0.285839261847, 0.917923630281, 0.682985206184, 0.890735260898, 0.151729725399, 153.071511391, 27.1013477449, 1.70511290446, 25.7004341177, 0.227157818629
0.996999337545, 0.999869795736, 0.000140710553937, 0.00138711503053, 0.897152289843, 0.816886325961, 0.519084016779, 0.695776173759, 0.720858170643, 2.23568524114e-05, 0.0160951618244, 114.527662076, 0.014916030666, 0.344786564903
0.999382035047, 0.999446433808, 0.761358822738, 0.994908643892, 0.527089871171, 0.518574337972, 0.916037135106, 0.916115156725, 0.00382587907303, 125.094637632, 0.640160633087, 39.4104584917, 0.0914694653874, 0.102173645539
0.99890687326, 0.000261204926521, 0.99999655916, 0.166084458395, 0.219103971893, 0.424760715699, 0.289950193381, 0.797765179573, 0.618035000711, 0.00572683796277, 0.0287546422317, 1.18645651825e-07, 131.975275259, 0.144461309635
0.996793318634, 0.999446433808, 0.999979110303, 0.0858486241958, 0.165685483405, 0.98751105499, 0.30246238566, 0.695776173759, 0.618035000711, 12.4809271852, 132.902033837, 0.00303706937839, 0.0805253495096, 0.467965406022
0.834631830522, 0.999998037519, 0.246050332029, 0.910217059046, 0.224822334746, 0.98751105499, 0.997318059997, 0.95301639905, 0.202050623952, 38.7912129102, 3.82632817483, 130.589057474, 0.000339915303832, 34.318023
0.930723398274, 0.999869795736, 0.000140710553937, 0.000336623622502, 0.996545164853, 0.816886325961, 0.519084016779, 0.054729670734, 0.720858170643, 9.86385010307e-06, 0.0292924472289, 208.21599457, 0.0271179565171, 15.5023556516
0.544697078423, 0.99999909577, 0.999977098003, 0.314429038364, 0.975788318372, 0.979010529949, 0.612663369633, 0.116486157384, 0.778471814644, 34.0669955812, 74.2785814002, 0.00248138687782, 9.79716478364e-05, 90.5663607961
0.996793318634, 0.999869795736, 0.867994977788, 0.981394208023, 0.658528498187, 0.616150200742, 0.21936718871, 0.797765179573, 0.278461077793, 171.69490854, 3.25508315173, 26.6064644729, 0.0262469275218, 0.648491001697
0.701797730477, 0.999446433808, 0.999977098003, 0.962338933546, 0.0913052597362, 0.991635055097, 0.74433609907, 0.394507600428, 0.618035000711, 113.279168773, 4.43317229961, 0.00269590939134, 0.0651991568647, 50.0462344008
0.817028190985, 0.333086225164, 8.34925809469e-05, 0.00252128670934, 0.125228859417, 0.98751105499, 0.289950193381, 0.116486157384, 0.618035000711, 9.04946251874e-06, 0.0035801744386, 42.9849477265, 86.0727501959, 28.9030139273
6.72417573773e-05, 0.334546475705, 0.999992708241, 0.346695064791, 0.432910798368, 0.997205302588, 0.30246238566, 0.116486157384, 0.664050076842, 0.00160039542272, 0.00301575169113, 3.36600781111e-08, 0.00918214355217, 205.190896858
0.274071805335, 0.999446433808, 0.99999918813, 0.302540865207, 0.165685483405, 0.98751105499, 0.21936718871, 0.116486157384, 0.618035000711, 17.2533440915, 39.7748001219, 4.62994592344e-05, 0.0315863634272, 151.133024301
0.291921454229, 0.999706345347, 0.668454896271, 0.774601622206, 0.418109179358, 0.62491880189, 0.30246238566, 0.797765179573, 0.433122793476, 24.5558300804, 7.14540753185, 15.723409569, 0.0139305591011, 115.066017427
0.544697078423, 0.99999909577, 0.999977098003, 0.545177448151, 0.341114082923, 0.979010529949, 0.482373674991, 0.116486157384, 0.778471814644, 72.9804408658, 60.885039288, 0.00306585700221, 0.000121048057932, 111.898516871
0.990364895086, 0.999999298271, 0.00136375241717, 0.103102846218, 0.432910798368, 0.507214179485, 0.289950193381, 0.173551051009, 0.911165715573, 0.0238958035908, 0.207870868887, 169.71599625, 0.000119257333813, 1.65339632177
0.996793318634, 0.999964465593, 0.999991102355, 0.569345632521, 0.527089871171, 0.98751105499, 0.700478518831, 0.934037271436, 0.00382587907303, 105.369976275, 79.7020963927, 0.00164672030977, 0.00657671863594, 0.59540280379
0.996793318634, 0.999998037519, 0.969882353632, 0.346695064791, 0.214905200446, 0.368052340474, 0.997318059997, 0.102011405511, 0.618035000711, 49.5538883974, 93.3783117688, 4.43845734807, 0.000289212664192, 0.474091930499
0.997637597589, 0.999998037519, 3.53469794182e-05, 0.969194004948, 0.224822334746, 0.318089034279, 0.74433609907, 0.102011405511, 0.278461077793, 0.00800372099275, 0.000254399622819, 233.621906366, 0.000458495628956, 0.553236514224
6.72417573773e-05, 0.334546475705, 0.999992708241, 0.346695064791, 0.432910798368, 0.997205302588, 0.30246238566, 0.116486157384, 0.664050076842, 0.00160039542272, 0.00301575169113, 3.36600781111e-08, 0.00918214355217, 205.190896858
0.996793318634, 0.000215087000938, 0.00136375241717, 0.911506354101, 0.975788318372, 0.518574337972, 0.780245257434, 0.116486157384, 0.218971365651, 5.19126251814e-05, 5.03994014942e-06, 0.0417047078459, 194.119950713, 0.624617694955
0.999880839415, 0.532701910408, 0.855485545209, 0.534715909006, 0.672057465813, 0.98751105499, 0.982560413372, 0.114008051935, 0.368599416318, 54.2078601006, 47.1690751797, 17.125283545, 103.952809982, 0.026511030427
0.000730267997303, 0.00289974653467, 0.00136375241717, 0.00138711503053, 0.203068388196, 0.98751105499, 0.30246238566, 0.0335095800514, 0.904225406273, 5.25429513065e-10, 3.78267606032e-07, 0.00027737912752, 0.0955092073314, 131.071080001
0.996793318634, 0.999964465593, 0.738287661343, 0.569345632521, 0.527089871171, 0.98751105499, 0.700478518831, 0.934037271436, 0.00382587907303, 77.7940455436, 58.8435979193, 48.436075925, 0.00657671863594, 0.59540280379
0.999302199812, 0.999997964813, 0.84998834591, 0.309009440949, 0.0354056192858, 0.518574337972, 0.997318059997, 0.695776173759, 0.00382587907303, 40.044057154, 89.5444014737, 22.8706418426, 0.000310283374661, 0.106460493668
0.803456287539, 0.999998037519, 0.83857479549, 0.0360871628726, 0.403029427923, 0.591043125905, 0.00577557547093, 0.336958928626, 0.664050076842, 4.71753608617, 126.008619994, 25.1647158888, 0.000305933454907, 38.1345336641
0.996999337545, 0.999869795736, 0.999966288259, 0.998934854349, 0.658528498187, 0.616150200742, 0.21936718871, 0.797765179573, 0.278461077793, 201.376593851, 0.214724115647, 0.0067962234804, 0.0262523522807, 0.606827551253
0.990364895086, 0.999999298271, 0.00136375241717, 0.833853182188, 0.432910798368, 0.507214179485, 0.289950193381, 0.173551051009, 0.00382587907303, 0.185923246243, 0.0370455571562, 163.273572499, 0.000114730322236, 1.59063335323
0.99890687326, 0.999999731888, 0.907866067658, 0.910217059046, 0.997271857811, 0.917923630281, 0.47362887978, 0.550907618869, 0.826305160944, 218.438137465, 21.5465291528, 24.3546177404, 7.08726827327e-05, 0.289272629189
0.963464885147, 0.688672296317, 0.999977098003, 0.67096323431, 0.203068388196, 0.990286063158, 0.612663369633, 0.42875162373, 0.778471814644, 65.6700801476, 32.2042545246, 0.00224156902845, 44.2470096277, 5.38940402818
0.997830676714, 0.282905586381, 0.000140710553937, 0.000968049747355, 0.125228859417, 0.98751105499, 0.30246238566, 0.114008051935, 0.824737054909, 6.43453099772e-06, 0.00664046663839, 47.2314669674, 119.736722057, 0.363009885507
0.000352111101505, 0.999999731888, 0.000244158566543, 0.0360871628726, 0.787359787068, 0.70274782933, 0.842437837584, 0.202398950234, 0.218971365651, 5.06206800605e-07, 1.3521130355e-05, 0.0574377236058, 1.54035361293e-08, 163.106294281
0.817028190985, 0.333086225164, 0.97581466914, 0.00252128670934, 0.125228859417, 0.98751105499, 0.289950193381, 0.19057989426, 0.618035000711, 0.0933300424275, 36.923500325, 0.917453198985, 75.9529945633, 25.504825333
0.996793318634, 0.133496816954, 0.906825553805, 0.080374870439, 0.285839261847, 0.98751105499, 0.30246238566, 0.695776173759, 0.618035000711, 0.810228096519, 9.27038655448, 1.03576226262, 72.1543494394, 0.267881697767
0.642785776447, 0.999446433808, 0.99999918813, 0.302540865207, 0.165685483405, 0.98751105499, 0.21936718871, 0.116486157384, 0.618035000711, 40.4645934469, 93.2845892271, 0.000108586995356, 0.0740800941415, 74.3694298217
0.996793318634, 0.282905586381, 0.906825553805, 0.346695064791, 0.219103971893, 0.98751105499, 0.30246238566, 0.695776173759, 0.812011630156, 7.75809227105, 14.6191869548, 2.29921906199, 62.5487085505, 0.280603250617
0.99890687326, 0.66464700954, 0.420439610023, 1.89201266033e-05, 0.702238002922, 0.132444195571, 0.519084016779, 0.116486157384, 0.0948226025424, 0.000828586817133, 43.7931076011, 60.3683148082, 52.5559008965, 0.171500273956
0.99890687326, 0.788916548453, 0.00136375241717, 0.000324463665155, 0.787359787068, 0.991635055097, 0.1046648262, 0.394507600428, 0.778471814644, 3.31017479567e-05, 0.101986789881, 74.7062006803, 20.0157766159, 0.103768078547
0.724658429743, 0.686170465668, 0.617303780395, 0.994908643892, 0.702238002922, 0.616150200742, 0.780245257434, 0.173551051009, 0.562098491492, 64.5489949636, 0.330323715413, 40.2218012874, 48.0694480267, 58.1987636898
0.295175799453, 0.999706345347, 0.992630080925, 0.569345632521, 0.0548727843486, 0.616150200742, 0.796963900863, 0.695776173759, 0.000255818168922, 25.6560694942, 19.4063109453, 0.334571864717, 0.0133349421592, 108.431211042
0.682153396055, 0.999998879148, 0.84998834591, 0.309009440949, 0.0354056192858, 0.501179749297, 0.369862027129, 0.695776173759, 0.00382587907303, 31.5274792097, 70.5000805726, 18.0065092413, 0.000134540568523, 55.9294495647
0.99890687326, 0.000261204926521, 0.99999918813, 0.166084458395, 0.219103971893, 0.138319691073, 0.289950193381, 0.797765179573, 0.618035000711, 0.00763954960792, 0.0383584304664, 3.73443960468e-08, 176.05335061, 0.192709562794
0.999955213897, 0.282905586381, 0.000140710553937, 0.678026313407, 0.125228859417, 0.98751105499, 0.289950193381, 0.116486157384, 0.824737054909, 0.00493648693494, 0.00234418468108, 51.7349050586, 131.153409907, 0.00819154776386
0.930723398274, 0.999869795736, 0.000140710553937, 0.000336623622502, 0.996545164853, 0.816886325961, 0.519084016779, 0.054729670734, 0.720858170643, 9.86385010307e-06, 0.0292924472289, 208.21599457, 0.0271179565171, 15.5023556516
0.834631830522, 0.999998037519, 0.573520540026, 0.910217059046, 0.224822334746, 0.318089034279, 0.997318059997, 0.202398950234, 0.218971365651, 60.0725398618, 5.92549793013, 49.077244061, 0.000225833482789, 22.8002639751
0.93944759333, 0.999999298271, 0.00136375241717, 0.981394208023, 0.579770305398, 0.507214179485, 0.916037135106, 0.323818862564, 0.911165715573, 0.177503717866, 0.00336520964023, 132.445057326, 9.3067505494e-05, 8.54845412761
0.963464885147, 0.99999909577, 0.999977098003, 0.67096323431, 0.203068388196, 0.986273562755, 0.612663369633, 0.42875162373, 0.778471814644, 100.689186149, 49.3774359851, 0.00343690400049, 0.000135697964471, 5.69074377821
0.990364895086, 0.725175771597, 0.969882353632, 3.28153516095e-05, 0.285839261847, 0.616150200742, 0.327828940345, 0.915236340782, 0.0948226025424, 0.00335060838971, 102.101555339, 3.17065202626, 39.896912063, 1.41236021833
0.930723398274, 0.999446433808, 0.000140710553937, 0.989779868834, 0.991741007405, 0.817513564901, 0.21936718871, 0.797765179573, 0.771273308121, 0.0205167970128, 0.000211849486123, 147.293356324, 0.0815932643837, 10.9711131322
0.998255270413, 0.000215087000938, 0.00136375241717, 0.980831781752, 0.975788318372, 0.919853817342, 0.780245257434, 0.116486157384, 0.218971365651, 5.95479034525e-05, 1.16373391528e-06, 0.0444573670135, 206.932558438, 0.361750185527
0.603558780742, 0.532701910408, 0.999957886021, 0.534715909006, 0.219103971893, 0.98751105499, 0.982560413372, 0.114008051935, 0.368599416318, 33.9790581616, 29.5669437233, 0.00267628767125, 55.7463289054, 78.3576671675
0.485009804138, 0.686170465668, 0.617303780395, 0.994908643892, 0.702238002922, 0.616150200742, 0.780245257434, 0.173551051009, 0.000255818168922, 28.0905160802, 0.143750706649, 17.503776108, 20.9189252834, 70.777301417
0.996793318634, 0.000215087000938, 0.749072188931, 0.911506354101, 0.341114082923, 0.518574337972, 0.780245257434, 0.695776173759, 0.172918519241, 0.0333507252026, 0.003237857041, 0.0122566195731, 227.046244709, 0.730564279961
0.999880839415, 0.00648941403134, 0.99999918813, 3.28153516095e-05, 0.272618624073, 0.616150200742, 0.327828940345, 0.432549520879, 0.0948226025424, 4.87688593893e-05, 1.4861111227, 1.20656914694e-06, 227.526981066, 0.0272925921821
0.930723398274, 0.999446433808, 0.000140710553937, 0.989779868834, 0.991741007405, 0.817513564901, 0.21936718871, 0.797765179573, 0.771273308121, 0.0205167970128, 0.000211849486123, 147.293356324, 0.0815932643837, 10.9711131322
0.943156037572, 0.333086225164, 0.00136375241717, 0.00252128670934, 0.125228859417, 0.993022866927, 0.289950193381, 0.116486157384, 0.618035000711, 0.000160237311185, 0.0633935467911, 46.5385884393, 93.3080032664, 8.43237676125
0.803456287539, 0.999998037519, 0.83857479549, 0.998934854349, 0.403029427923, 0.695312017072, 0.154646334124, 0.541793649355, 0.664050076842, 192.801482293, 0.205580633723, 37.1537575091, 0.000451687094254, 56.3026907492
0.996793318634, 0.999785406611, 0.928037962349, 0.816963328049, 0.00897630091724, 0.992684160993, 0.519084016779, 0.695776173759, 0.824737054909, 96.4097613234, 21.6001395048, 9.1507387317, 0.0272936896693, 0.409163231625
0.990364895086, 0.725175771597, 0.99999918813, 3.28153516095e-05, 0.285839261847, 0.616150200742, 0.327828940345, 0.915236340782, 0.0948226025424, 0.00345465164605, 105.272017852, 8.54700343976e-05, 39.896912063, 1.41236021833
0.817028190985, 0.999869795736, 0.97581466914, 0.00252128670934, 0.125228859417, 0.98751105499, 0.289950193381, 0.19057989426, 0.618035000711, 0.280161361857, 110.838245291, 2.75404286747, 0.0148286092451, 25.504825333
0.996793318634, 0.999706345347, 0.992630080925, 0.569345632521, 0.0548727843486, 0.616150200742, 0.796963900863, 0.695776173759, 0.000255818168922, 86.6392119599, 65.5341024752, 1.1298317815, 0.0450314059395, 0.493320665858
0.996793318634, 0.999446433808, 0.84998834591, 0.0858486241958, 0.0354056192858, 0.98751105499, 0.30246238566, 0.695776173759, 0.618035000711, 11.1900182282, 119.155905577, 23.0043243862, 0.084936530994, 0.493600567459
0.682153396055, 0.999998879148, 0.999979110303, 0.309009440949, 0.165685483405, 0.501179749297, 0.369862027129, 0.695776173759, 0.00382587907303, 35.4057903678, 79.1725547438, 0.00239355685782, 0.000128428185828, 53.3884895895
0.990364895086, 0.94955367423, 0.999742239181, 0.994908643892, 0.432910798368, 0.616150200742, 0.519084016779, 0.695776173759, 0.824737054909, 176.618379551, 0.903828779616, 0.0457700675433, 9.43353949098, 1.81930847197
0.996793318634, 0.532701910408, 0.99999918813, 0.534715909006, 0.219103971893, 0.98751105499, 0.982560413372, 0.114008051935, 0.368599416318, 56.1196327435, 48.8326078731, 8.52076120136e-05, 92.0665392739, 0.633809147417
0.360289929051, 0.788916548453, 0.00136375241717, 0.000324463665155, 0.787359787068, 0.991635055097, 0.1046648262, 0.394507600428, 0.778471814644, 1.19392775663e-05, 0.0367850239837, 26.9453464214, 7.21937442807, 60.7262474536
0.701797730477, 0.999538307163, 0.99999918813, 0.962338933546, 0.455698953231, 0.991635055097, 0.74433609907, 0.381208853739, 0.618035000711, 187.199958178, 7.32605719192, 0.000157929903609, 0.089852825297, 82.6946827493
0.996793318634, 0.999785406611, 0.928037962349, 0.774601622206, 0.00897630091724, 0.992684160993, 0.519084016779, 0.695776173759, 0.824737054909, 91.4106606179, 26.5992402103, 9.1507387317, 0.0272936896693, 0.409163231625
0.99751378796, 0.999999298271, 0.906825553805, 4.56984187691e-06, 0.702238002922, 0.518574337972, 0.21936718871, 0.173551051009, 0.0948226025424, 0.000581728274748, 127.2966619, 13.0795279504, 9.8506501174e-05, 0.349876531852
