0.99890687326, 0.999999882494, 8.34925809469e-05, 0.000674669840524, 0.970409571669, 0.917923630281, 0.47362887978, 0.331845417742, 0.689435505489, 1.41809698532e-05, 0.0210049442399, 251.727399373, 2.95819520325e-05, 0.275494110238
1.75003556191e-06, 2.32974101744e-05, 8.34925809469e-05, 0.998597090187, 0.379107642707, 0.809002724548, 0.682985206184, 0.797765179573, 0.812795939542, 3.5279586777e-13, 4.95636117711e-16, 4.23105864811e-09, 0.000181621619185, 103.783909709
1.75003556191e-06, 2.32974101744e-05, 8.34925809469e-05, 0.000674669840524, 0.379107642707, 0.809002724548, 0.682985206184, 0.797765179573, 0.812795939542, 2.38355122586e-16, 3.53053148765e-13, 4.23105864811e-09, 0.000181621619185, 103.783909709
0.99998611584, 4.87439498031e-05, 0.859057517288, 1.89201266033e-05, 0.672057465813, 0.45985935868, 0.982560413372, 0.648061780272, 0.368599416318, 2.86710968478e-07, 0.0151534685724, 0.00248622222501, 361.872965517, 0.0050246166674
9.24954785431e-07, 6.39486117676e-05, 0.999999981376, 0.949145780101, 0.970409571669, 0.518574337972, 0.682985206184, 0.890735260898, 0.886170454928, 9.8152985056e-09, 5.25893238999e-10, 1.92592862752e-16, 0.000161700627215, 174.831052694
1.31114596846e-07, 0.999999731888, 0.999907581621, 0.000674669840524, 0.107962804111, 0.917923630281, 0.47362887978, 0.331845417742, 0.664050076842, 2.31064699233e-08, 3.42254526555e-05, 3.1654888592e-09, 9.18331763486e-12, 261.235057961
0.99890687326, 0.999999731888, 0.964470231838, 0.989779868834, 0.970409571669, 0.917923630281, 0.47362887978, 0.695776173759, 0.664050076842, 242.314299508, 2.5020552574, 9.01870067108, 6.80563670058e-05, 0.27777760708
0.99890687326, 0.999999731888, 0.999907581621, 0.00042316058818, 0.970409571669, 0.45985935868, 0.47362887978, 0.158190344512, 0.979312702573, 0.155699983866, 367.789681073, 0.0340080585657, 9.86598967316e-05, 0.402688407192
2.12489957696e-06, 0.999998037519, 0.999968845805, 0.0773527092179, 0.787359787068, 0.45985935868, 0.74433609907, 0.797765179573, 0.218971365651, 4.11909620865e-05, 0.000491317368946, 1.65903854769e-08, 1.04507202363e-09, 250.611765704
0.99890687326, 0.999999731888, 0.964470231838, 0.921850301779, 0.970409571669, 0.917923630281, 0.47362887978, 0.284523066927, 0.618035000711, 196.289112483, 16.6403752052, 7.84403196981, 5.91921539489e-05, 0.241597599243
1.4520621463e-06, 0.999998037519, 0.999999903283, 0.874403166744, 0.997950394939, 0.518574337972, 0.47362887978, 0.331845417742, 0.886170454928, 0.000248172496479, 3.5646805552e-05, 2.74502809082e-11, 5.56991098587e-10, 195.459591775
1.4520621463e-06, 0.999999731888, 0.84998834591, 0.309009440949, 0.0163613857494, 0.518574337972, 0.982560413372, 0.59350372449, 0.00382587907303, 4.72201277088e-05, 0.00010559115069, 2.69691611026e-05, 4.82013942092e-11, 123.810283953
0.99890687326, 0.999999731888, 0.999968845805, 0.0773527092179, 0.363639177053, 0.833648495172, 0.74433609907, 0.687524746087, 0.218971365651, 24.5120720226, 292.374980421, 0.0098726687383, 8.49640464412e-05, 0.346787678311
0.99890687326, 0.999999731888, 3.53469794182e-05, 0.989779868834, 0.970409571669, 0.917923630281, 0.47362887978, 0.695776173759, 0.218971365651, 0.00721583144485, 7.45082277017e-05, 206.243421675, 5.5298406786e-05, 0.22570495294
0.99890687326, 4.87439498031e-05, 0.999907581621, 0.534715909006, 0.976874684594, 0.917923630281, 0.00580038511584, 0.648061780272, 0.664050076842, 0.00761573786388, 0.00662684915404, 1.31639846121e-06, 292.204656574, 0.319781856038
1.02771731425e-06, 0.999999916499, 0.999977098003, 0.99736424922, 0.203068388196, 0.986273562755, 0.532846754541, 0.890735260898, 0.778471814644, 0.000171965022346, 4.54454771275e-07, 3.94884073646e-09, 1.43974450632e-11, 167.773044943
0.99890687326, 0.924696124566, 0.999994056834, 0.67096323431, 0.679886689331, 0.917923630281, 0.532846754541, 0.635635263336, 0.815031026737, 158.349701186, 77.6538428069, 0.00140261662066, 19.219380972, 0.279297845029
0.99890687326, 2.32974101744e-05, 0.999907581621, 0.00042316058818, 0.970409571669, 0.421515249268, 0.47362887978, 0.158190344512, 0.979312702573, 3.12185044331e-06, 0.00737433845779, 6.81875939054e-07, 316.686285615, 0.346565151762
0.999915234221, 0.714040483745, 0.939095990758, 0.307297134285, 0.380885535953, 0.45985935868, 0.982560413372, 0.114008051935, 0.00382587907303, 41.6300961672, 93.8417046487, 8.78587055014, 57.7724300777, 0.0171266906833
0.999772336464, 0.999999731888, 0.964470231838, 0.000674669840524, 0.970409571669, 0.917923630281, 0.271007101073, 0.331845417742, 0.689435505489, 0.170913820368, 253.158655848, 9.33231589928, 7.04229510456e-05, 0.0598121667327
0.819513650477, 0.999446433808, 1.15465349991e-05, 0.0269925242813, 0.125228859417, 0.918221218178, 0.91202874169, 0.391134401578, 0.368004964764, 5.07306572904e-05, 0.00182870295039, 162.76847616, 0.0901540722358, 35.8677355209
0.999968898872, 8.62503723026e-05, 0.4900578949, 0.235780129312, 0.949548783133, 0.917923630281, 0.286285555812, 0.49717127706, 0.665966878541, 0.0024573366105, 0.00796481651017, 0.0108450343466, 246.553755036, 0.00766899972451
0.99890687326, 0.999999731888, 0.999907581621, 0.000674669840524, 0.970409571669, 0.917923630281, 0.47362887978, 0.331845417742, 0.664050076842, 0.217463428633, 322.108236597, 0.0297915719236, 8.64275566856e-05, 0.352761114619
0.999954539465, 0.999998037519, 0.486601248087, 0.534715909006, 0.0181241730981, 0.381999031258, 0.982560413372, 0.114008051935, 0.368599416318, 53.4388775806, 46.4999435402, 105.442528626, 0.000403057761549, 0.00933718878226
0.819513650477, 0.333086225164, 0.000579422801313, 0.00252128670934, 0.125228859417, 0.534285309478, 0.195128621161, 0.116486157384, 0.618035000711, 8.14252770894e-05, 0.0322137027572, 55.7044276263, 111.597494465, 36.8530066566
0.682153396055, 0.999999235568, 0.83857479549, 0.998934854349, 0.621367291873, 0.695312017072, 0.154646334124, 0.727806582896, 0.611044353182, 126.501129026, 0.134885800474, 24.3773658612, 0.000115439554744, 70.3641250946
0.999915234221, 0.999998037519, 0.939095990758, 0.340092658604, 0.00186913599796, 0.45985935868, 0.982560413372, 0.114008051935, 0.00382587907303, 58.1732654046, 112.877958234, 11.0933338103, 0.00035745591162, 0.0154409644643
0.99890687326, 5.80702036616e-05, 0.19809325478, 0.000674669840524, 0.787359787068, 0.917923630281, 0.532846754541, 0.635635263336, 0.815031026737, 1.84573474071e-06, 0.00273391423235, 0.0110747050592, 237.809791925, 0.260255831699
0.99890687326, 0.999998037519, 0.420439610023, 1.89201266033e-05, 0.265593940562, 0.839676594963, 0.104326171117, 0.450278128741, 0.0745851027401, 0.00275611561407, 145.66834175, 200.802199115, 0.000679948552726, 0.379154432619
0.908560599531, 0.999446433808, 8.34925809469e-05, 0.0269925242813, 0.988898137206, 0.986273562755, 0.91202874169, 0.391134401578, 0.664050076842, 0.000341296191757, 0.0123028043822, 151.427165647, 0.0838783911085, 15.2496544615
0.999156536302, 0.333086225164, 0.000579422801313, 0.198952093763, 0.125228859417, 0.507214179485, 0.289950193381, 0.116486157384, 0.618035000711, 0.00523729762861, 0.0210871181117, 45.4058119804, 90.9653876196, 0.115143479377
1.66297985627e-06, 0.999998517147, 0.641650416455, 0.0773527092179, 0.787359787068, 0.990286063158, 0.982560413372, 0.598537064526, 0.207192759664, 7.37988926595e-06, 8.80258093912e-05, 5.32822725659e-05, 2.20482771918e-10, 89.4105505128
0.999880839415, 0.653914892352, 0.990624961971, 0.849581408238, 0.380885535953, 0.616150200742, 0.682985206184, 0.890735260898, 0.0886490785903, 66.8940584051, 11.8436090585, 0.745154478334, 42.0663626255, 0.0144855980452
0.99996056128, 0.999998037519, 0.486601248087, 0.940519849218, 0.672057465813, 0.917923630281, 0.982560413372, 0.0300462760811, 0.368599416318, 130.079072603, 8.22643228473, 145.922095085, 0.00055779232319, 0.0112100369542
0.882158604153, 0.998672241465, 0.275481711333, 0.0273605391352, 0.203068388196, 0.0321871754731, 0.715876980307, 0.202398950234, 0.132992256459, 1.32544435316, 47.1182046044, 127.407040815, 0.233797681142, 23.521894692
0.943156037572, 0.999999731888, 0.992630080925, 0.998934854349, 0.984548971385, 0.695312017072, 0.154646334124, 0.909694570778, 0.218971365651, 182.141833838, 0.194214448886, 1.35377916314, 4.92495502275e-05, 11.0709787495
0.99890687326, 0.522300477732, 0.420439610023, 1.89201266033e-05, 0.286318001135, 0.839676594963, 0.104326171117, 0.49717127706, 0.0948226025424, 0.000568770944254, 30.0611193022, 41.4389207099, 65.3949366576, 0.149807940324
0.803456287539, 0.333086225164, 0.955417863858, 0.390806100513, 0.241534786663, 0.98751105499, 0.289950193381, 0.198509924761, 0.0948226025424, 15.0764895724, 23.5014383377, 1.800140545, 80.8460032854, 29.6541697028
0.934706055355, 0.999998037519, 1.15465349991e-05, 0.998934854349, 0.126395746765, 0.695312017072, 0.0436412775214, 0.694079566787, 0.586193827415, 0.00211019441801, 2.25006105022e-06, 182.948398615, 0.00035903758327, 12.7800434334
0.999911310513, 0.000124926250979, 0.708979908792, 0.000674669840524, 0.949548783133, 0.399724178561, 0.289950193381, 0.607635655427, 0.665966878541, 1.23935764046e-05, 0.0183574455067, 0.00754040019915, 207.37837092, 0.0183962108189
0.999947987741, 0.999998037519, 0.486601248087, 0.378043980945, 0.286318001135, 0.381999031258, 0.74433609907, 0.114008051935, 0.205194148009, 33.4770342302, 55.0762450643, 93.4299762821, 0.00035713935916, 0.00946587121147
0.997667100828, 0.532701910408, 0.969882353632, 0.976792545397, 0.214905200446, 0.695312017072, 0.997318059997, 0.102011405511, 0.0119188837973, 38.1025456387, 0.905272160757, 1.21130532758, 35.2811188305, 0.176546316732
0.999915234221, 0.999998037519, 0.939095990758, 0.307297134285, 0.00186913599796, 0.45985935868, 0.982560413372, 0.114008051935, 0.00382587907303, 52.5635508401, 118.487672798, 11.0933338103, 0.00035745591162, 0.0154409644643
0.99890687326, 0.999999731888, 0.999907581621, 0.000674669840524, 0.970409571669, 0.917923630281, 0.47362887978, 0.331845417742, 0.664050076842, 0.217463428633, 322.108236597, 0.0297915719236, 8.64275566856e-05, 0.352761114619
0.99890687326, 0.999706345347, 0.84998834591, 0.569345632521, 0.0548727843486, 0.616150200742, 0.519084016779, 0.695776173759, 0.000255818168922, 87.1728871568, 65.9377756418, 27.0219984729, 0.0529123321528, 0.19718121266
0.999880839415, 0.00648941403134, 0.999999957086, 3.28153516095e-05, 0.0316350794175, 0.998547034668, 0.327828940345, 0.200687671092, 0.618035000711, 4.01806361601e-05, 1.22440612846, 5.2546499116e-08, 187.459209163, 0.022486334247
0.803456287539, 0.333086225164, 0.929499526472, 0.0360871628726, 0.241534786663, 0.98751105499, 0.289950193381, 0.198509924761, 0.618035000711, 1.52205573903, 40.655151275, 3.19904742488, 90.8534993329, 33.3249013907
0.313106464599, 0.999999882494, 8.34925809469e-05, 0.000674669840524, 0.97346903299, 0.917923630281, 0.326423318185, 0.331845417742, 0.689435505489, 4.31025542699e-06, 0.00638437820832, 76.5116490976, 8.99132926798e-06, 167.865431141
0.999968898872, 6.39486117676e-05, 0.999999903283, 0.949145780101, 0.970409571669, 0.518574337972, 0.682985206184, 0.890735260898, 0.618035000711, 0.0108742983017, 0.000582633320061, 1.10808528212e-09, 179.146970641, 0.00557220240443
0.999915234221, 0.522300477732, 0.939095990758, 0.340092658604, 0.00186913599796, 0.45985935868, 0.982560413372, 0.114008051935, 0.00382587907303, 30.3839839401, 58.9563272116, 5.7940649195, 87.0105388335, 0.0154409644643
0.99996056128, 0.999998782731, 0.486601248087, 0.874403166744, 0.688623249384, 0.986273562755, 0.982560413372, 0.0300462760811, 0.368599416318, 97.7101750733, 14.0348171563, 117.89887463, 0.000279538758914, 0.00905722848746
0.953749414153, 0.924696124566, 0.999994056834, 0.67096323431, 0.787359787068, 0.990286063158, 0.612663369633, 0.391134401578, 0.000255818168922, 45.5176648873, 22.3216183398, 0.000403182530984, 5.52461631359, 3.55768709356
0.999911310513, 0.999998037519, 0.889232459629, 3.28153516095e-05, 0.672057465813, 0.45985935868, 0.982560413372, 0.114008051935, 0.608666441625, 0.00654037928965, 199.301983493, 24.8269333012, 0.000439862410893, 0.019880260865
0.953749414153, 5.80702036616e-05, 0.711854556731, 0.000674669840524, 0.787359787068, 0.745337812645, 0.612663369633, 0.391134401578, 0.000255818168922, 4.16957498584e-06, 0.00617600142926, 0.00250161791711, 149.49637199, 7.25001370567
0.894799620177, 0.66464700954, 0.999998276861, 0.998934854349, 0.988898137206, 0.695312017072, 0.682985206184, 0.49717127706, 0.733151546049, 79.5060663867, 0.0847758394706, 0.000137146312594, 40.1582683184, 14.0787569156
1.02771731425e-06, 0.999999916499, 0.495474242371, 0.981394208023, 0.787359787068, 0.809002724548, 0.778634654823, 0.797765179573, 0.218971365651, 5.75168970554e-05, 1.09043584424e-06, 5.9677994344e-05, 9.87688587736e-12, 115.095088811
0.99890687326, 0.99999909577, 0.982704166477, 0.981394208023, 0.787359787068, 0.809002724548, 0.778634654823, 0.797765179573, 0.218971365651, 110.87870254, 2.1020972584, 1.98848969129, 0.000103958768727, 0.125813648482
0.99890687326, 0.999999731888, 0.105098253568, 0.996599803936, 0.970409571669, 0.917923630281, 0.47362887978, 0.391134401578, 0.218971365651, 22.0720861985, 0.0753054739964, 188.582957507, 5.64994537827e-05, 0.230607124117
0.999880839415, 0.981812812358, 0.174126929352, 0.67096323431, 0.285839261847, 0.990286063158, 0.612663369633, 0.391134401578, 0.751247896012, 19.401384182, 9.51433457859, 137.145434837, 3.07613154203, 0.0201568997415
0.99890687326, 0.999998879148, 0.174126929352, 0.378043980945, 0.286318001135, 0.682789217679, 0.104326171117, 0.59350372449, 0.0948226025424, 4.82337106094, 7.93538533796, 60.5139788773, 8.21279786774e-05, 0.0801841274071
0.99890687326, 0.451740482872, 0.999977098003, 0.99736424922, 0.203068388196, 0.986273562755, 0.532846754541, 0.42875162373, 0.778471814644, 96.2360182479, 0.254324496136, 0.00220987212392, 117.109186158, 0.233749289887
0.18534115595, 0.99999909577, 0.99999918813, 0.774601622206, 0.702238002922, 0.297913075157, 0.30246238566, 0.394507600428, 0.428173069757, 10.2969149889, 2.996260101, 1.07923346737e-05, 1.20201076558e-05, 58.4296627553
8.40160351401e-07, 0.0832723864327, 0.999999903283, 0.999777708577, 0.997950394939, 0.917923630281, 0.298819632786, 0.648061780272, 0.886170454928, 1.24924836033e-05, 2.77758939186e-09, 1.20850987691e-12, 0.000137557629518, 178.600151269
0.999947987741, 0.999998037519, 0.859057517288, 1.89201266033e-05, 0.672057465813, 0.45985935868, 0.982560413372, 0.114008051935, 0.368599416318, 0.00466071922716, 246.331916455, 40.4155578304, 0.000562746684626, 0.0149154314828
0.999911310513, 0.999999075744, 0.968073883741, 3.28153516095e-05, 0.272618624073, 0.45985935868, 0.818985136583, 0.114008051935, 0.901929003578, 0.00705204674424, 214.893791563, 7.08721661895, 0.000205173957161, 0.0196897716231
0.999337020515, 0.998672241465, 0.391671297551, 0.99736424922, 0.107962804111, 0.986273562755, 0.715876980307, 0.42875162373, 0.987449514676, 61.3600382121, 0.162157174469, 95.5538930867, 0.208836401469, 0.104345857617
0.99890687326, 0.999999731888, 0.546509962971, 0.989779868834, 0.970409571669, 0.917923630281, 0.47362887978, 0.695776173759, 0.664050076842, 137.305615539, 1.41777120842, 115.111668689, 6.80563670058e-05, 0.27777760708
0.99890687326, 0.999999731888, 0.887020889206, 0.0360871628726, 0.890514734471, 0.894922613966, 0.00190031976082, 0.391134401578, 0.35643521146, 4.63566376765, 123.82175429, 16.3615141917, 3.88277749329e-05, 0.158478727026
0.99890687326, 0.999999882494, 0.495747575483, 0.998597090187, 0.970409571669, 0.917923630281, 0.47362887978, 0.331845417742, 0.689435505489, 124.628579811, 0.175088290699, 126.944750396, 2.95819520325e-05, 0.275494110238
0.999968898872, 8.62503723026e-05, 0.4900578949, 0.000435857222894, 0.949548783133, 0.917923630281, 0.765590044878, 0.49717127706, 0.665966878541, 5.67866565547e-06, 0.0130230503703, 0.0135573726707, 308.216740819, 0.00958701318537
0.99890687326, 0.999999235568, 0.83857479549, 0.99736424922, 0.203068388196, 0.986273562755, 0.532846754541, 0.115351662668, 0.778471814644, 151.06081016, 0.399210868544, 29.1559739228, 0.000138068758821, 0.197652383721
0.999156536302, 0.999998037519, 0.893173486096, 3.28153516095e-05, 0.672057465813, 0.45985935868, 0.289950193381, 0.0131451799825, 0.901929003578, 0.00586317885471, 178.665964705, 21.3697437316, 0.000392578528533, 0.16887057111
0.943156037572, 0.999998037519, 0.992630080925, 0.998934854349, 0.888110453009, 0.695312017072, 0.154646334124, 0.909694570778, 0.218971365651, 170.300220479, 0.18158795686, 1.26576572281, 0.000337051990733, 10.3512371473
0.000730267997303, 0.999999731888, 3.53469794182e-05, 0.000674669840524, 0.379107642707, 0.45985935868, 0.682985206184, 0.49717127706, 0.218971365651, 3.3634260144e-09, 4.98192836024e-06, 0.141033707924, 3.7814245361e-08, 192.991799556
0.486365345185, 0.99999909577, 0.174126929352, 0.534715909006, 0.0181241730981, 0.619795738231, 0.104326171117, 0.49717127706, 0.0948226025424, 4.39782644916, 3.82677726113, 39.0087779434, 4.27098768837e-05, 49.8816863884
0.803456287539, 0.999998879148, 0.84998834591, 0.309009440949, 0.997950394939, 0.738648863383, 0.289950193381, 0.59350372449, 0.00379800123874, 28.2976894854, 63.2777957118, 16.1618568944, 0.000120757742982, 26.355037913
0.803456287539, 0.999998037519, 0.999999735762, 0.998934854349, 0.403029427923, 0.707033666555, 0.154646334124, 0.694079566787, 0.682336668676, 118.296840925, 0.126137720704, 3.12918934222e-05, 0.000232403348016, 28.9690230226
0.999957368911, 0.136511299952, 8.34925809469e-05, 3.28153516095e-05, 0.672057465813, 0.986273562755, 0.982560413372, 0.114008051935, 0.618035000711, 6.89459628231e-08, 0.00210095875728, 25.162143261, 159.173933558, 0.00785887221786
0.999772336464, 0.999998037519, 0.964470231838, 0.0944934124809, 0.970409571669, 0.917923630281, 0.300500496145, 0.331845417742, 0.689435505489, 18.1958533358, 174.366282565, 7.09372650344, 0.000391821580098, 0.0454647995059
0.999337020515, 0.998672241465, 0.999977098003, 0.99736424922, 0.203068388196, 0.986273562755, 0.715876980307, 0.42875162373, 0.927900753922, 189.606639426, 0.501076560671, 0.00435394600283, 0.252758525798, 0.126291704698
0.999156536302, 0.333086225164, 0.203241636955, 0.00252128670934, 0.688364619382, 0.98751105499, 0.289950193381, 0.717608301102, 0.618035000711, 0.0192506699763, 7.61600552877, 29.9321257273, 75.2183746975, 0.0952109984067
0.743568218849, 0.998672241465, 0.275481711333, 0.00572723854334, 0.203068388196, 0.0321871754731, 0.715876980307, 0.202398950234, 0.179331035733, 0.188051866239, 32.6465969468, 86.3552917972, 0.158465865367, 41.1592691487
0.999156536302, 0.230915981268, 0.000579422801313, 0.00252128670934, 0.125228859417, 0.507214179485, 0.289950193381, 0.116486157384, 0.471950532354, 5.6142657931e-05, 0.0222113201114, 38.4081545345, 127.995573234, 0.140492785979
0.678714982834, 0.999999882494, 8.34925809469e-05, 0.000674669840524, 0.970409571669, 0.917923630281, 0.206030017162, 0.331845417742, 0.689435505489, 7.85872804518e-06, 0.0116403987946, 139.500837649, 1.63935554815e-05, 66.0413838355
0.537125424112, 0.999698208642, 0.35874103961, 0.0269925242813, 0.988898137206, 0.917923630281, 0.91202874169, 0.49717127706, 0.0948226025424, 0.494366914597, 17.8205898285, 32.7384626342, 0.0154121320064, 44.0092065369
0.999911310513, 0.999999731888, 0.918964979957, 3.28153516095e-05, 0.272618624073, 0.45985935868, 0.982560413372, 0.114008051935, 0.901929003578, 0.00675874411423, 205.956114812, 18.1619604128, 6.00906834144e-05, 0.0198792849301
0.999772336464, 0.999999731888, 0.964470231838, 0.0944934124809, 0.970409571669, 0.917923630281, 0.271007101073, 0.331845417742, 0.689435505489, 23.9379755203, 229.391594148, 9.33231589928, 7.04229510456e-05, 0.0598121667327
0.999911310513, 0.000124926250979, 0.708979908792, 0.000674669840524, 0.949548783133, 0.399724178561, 0.289950193381, 0.607635655427, 0.665966878541, 1.23935764046e-05, 0.0183574455067, 0.00754040019915, 207.37837092, 0.0183962108189
0.99890687326, 0.924696124566, 0.999994056834, 0.0269925242813, 0.988898137206, 0.917923630281, 0.329591999232, 0.391134401578, 0.218971365651, 4.25463936689, 153.368238826, 0.000936784528779, 12.8363078563, 0.186538428456
0.992056472332, 0.99999909577, 0.999994056834, 0.0269925242813, 0.999344217532, 0.917923630281, 0.91202874169, 0.391134401578, 0.664050076842, 4.38048274952, 157.904552317, 0.000964492666586, 0.000146743993728, 1.29944668404
0.571266569794, 0.876189269426, 0.149906709061, 0.774601622206, 0.418109179358, 0.58013510837, 0.30246238566, 0.406385250491, 0.895691532709, 4.70380053808, 1.36874101519, 34.4362628312, 5.72413386071, 34.6976477366
0.999772336464, 0.999998037519, 0.999968845805, 0.0773527092179, 0.787359787068, 0.45985935868, 0.74433609907, 0.797765179573, 0.218971365651, 19.3804850135, 231.166460393, 0.00780583168771, 0.000491709871923, 0.0570552819895
