0.13057683453, 0.928534404425, 2.0025467994, 0.64848012871, 21.9981402281, 40.074594148, 0.338756564641, 4.98132990875, 1.06756665067, 46.3093550189, -2.22044604925e-16, 0.555555555556
0.156632170139, 0.946805599124, 2.02110520376, 0.600811009571, 21.6692086597, 37.9639674314, 0.195266073422, 4.25245002091, 1.07834196747, 107.779939166, -2.22044604925e-16, 0.25
0.1000149599, 0.925826843114, 2.02110520376, 0.631526492999, 94.6320522149, 22.3629365536, 0.341485477832, 2.31328141885, 1.36952565786, 0.0, 1.0, 0.0
0.104177859447, 0.83130493874, 2.03813616109, 0.62143659255, 5.74007979668, 1.10415554621, 0.30686387898, 4.60627147235, 6.85705622014, 93.7657129857, -2.22044604925e-16, 0.285714285714
0.102924878705, 0.928966616083, 2.0015521005, 0.617235462129, 14.0650092707, 40.070216844, 0.346079670438, 2.95943080821, 1.02093866653, 118.905574232, -2.22044604925e-16, 0.0
0.137510695462, 0.827757146013, 2.03840137807, 0.614525225293, 5.77398406967, 40.8901001403, 0.75195502957, 2.3547354956, 1.05191573808, 1.82543041328, 0.0, 0.0
0.104874660873, 0.951238845928, 2.03678068844, 0.613989375658, 89.5334007857, 40.4054579309, 0.367451836324, 3.11266108489, 1.17354264249, 0.0, 1.0, 0.0
0.151839803935, 0.928890748447, 2.25401478541, 0.677539109818, 28.6281743376, 38.8160036052, 0.0264734956143, 2.97715196009, 1.00503548208, 0.0, 1.0, 0.0
0.129363601091, 0.926496406614, 2.00414103032, 0.693944028488, 2.76355453671, 38.8272707199, 0.766455264915, 4.94536984226, 1.26871041155, 0.0, 1.0, 0.0
0.124032936922, 0.925528124334, 2.31981908602, 0.632051366437, 3.32669840082, 40.5200316552, 0.812520953817, 4.99458728142, 1.05044858131, 0.0, 1.0, 0.0
0.10014361777, 0.917995473136, 2.03780230741, 0.61452562264, 2.55900375481, 40.8901001403, 0.341922887232, 2.31441862865, 1.05992169297, 0.0, 1.0, 0.0
0.102937507066, 0.928966616083, 2.00180153167, 0.617235462129, 14.0650092707, 40.070216844, 0.349690746647, 2.95943080821, 1.02093866653, 0.0, 1.0, 0.0
0.122762838229, 0.92478529167, 2.00212651211, 0.617235462129, 12.9587432015, 38.4058090625, 0.34899873488, 2.94331054229, 1.04912227493, 0.0, 1.0, 0.0
0.122246443892, 0.92478529167, 2.00180285351, 0.617235462129, 12.9587432015, 38.3501171936, 0.34899873488, 2.94325570097, 1.04977165653, 0.0, 1.0, 0.0
0.124032936922, 0.957364693493, 2.11013886267, 0.631545601879, 4.82754604871, 40.0287613011, 0.394501618242, 4.99458728142, 1.05044858131, 0.0, 1.0, 0.0
0.131656872272, 0.925826843114, 2.26622828347, 0.633481786441, 30.2657758456, 38.8247235337, 0.126998424183, 2.76321449469, 1.02419599077, 0.0, 1.0, 0.0
0.103504236337, 0.832603306353, 2.18068275451, 0.615108428799, 1.36893431753, 38.8079983157, 0.507631057107, 2.94701960628, 1.0150626658, 0.0, 1.0, 0.0
0.189600883981, 0.8800927074, 2.02086445333, 0.60436200715, 96.0793973634, 40.2235844985, 0.31098866195, 4.78496824705, 1.23014297342, 0.0, 1.0, 0.0
0.100907005558, 0.92478529167, 2.00101801236, 0.617235462129, 12.9587432015, 38.4032665579, 0.34899873488, 2.94331054229, 1.01408209565, 0.0, 1.0, 0.0
0.130545362076, 0.959282880823, 2.0022618287, 0.62673460153, 2.83033943447, 36.7571346989, 0.112541236326, 4.88312671119, 1.02645911374, 0.0, 1.0, 0.0
0.103504236337, 0.943877034096, 2.18074961338, 0.615108428799, 1.6383761179, 40.070216844, 0.507631057107, 2.96363277695, 1.01508276448, 0.0, 1.0, 0.0
0.103267866082, 0.879261571593, 2.02089213885, 0.549245969688, 1.34381225033, 38.8419464645, 0.341102226265, 4.75044178313, 1.02744578633, 0.0, 1.0, 0.0
0.130525892349, 0.919521939577, 2.00414103032, 0.693944028488, 2.76355453671, 40.9058952891, 0.768784792455, 4.94536984226, 1.26871041155, 0.0, 1.0, 0.0
0.100174446736, 0.928966616083, 2.00180153167, 0.617235462129, 14.0794863665, 40.070216844, 0.349690746647, 2.95943080821, 1.04350132892, 0.0, 1.0, 0.0
0.103504236337, 0.943877034096, 2.18074961338, 0.615108428799, 1.36893431753, 40.0745924384, 0.507631057107, 2.94701960628, 1.01508276448, 0.0, 1.0, 0.0
0.130469733719, 0.925751380179, 2.00094964496, 0.629684764757, 15.8088481766, 38.860616905, 0.34190193854, 2.62298062338, 1.01388545322, 0.0, 1.0, 0.0
0.104554598139, 0.9253730808, 2.00253318931, 0.633463814392, 26.6428368257, 40.5544905414, 0.813527502951, 4.98959647327, 1.04081552237, 0.0, 1.0, 0.0
0.117334823779, 0.925826843114, 2.71697433281, 0.627412567569, 30.1232767405, 37.9648253488, 0.270314475862, 2.76321449469, 1.02419599077, 0.0, 1.0, 0.0
0.104680519791, 0.879799548385, 2.03249905065, 0.602292344989, 15.5127757049, 40.074594148, 0.765573034216, 4.78598529953, 1.27432846274, 0.0, 1.0, 0.0
0.1000149599, 0.925751471323, 2.03218602651, 0.631558464955, 7.77255840044, 37.9022636646, 0.348991558016, 2.30635281643, 1.03661350781, 0.0, 1.0, 0.0
0.100808919821, 0.925751380179, 2.00101799364, 0.629684764757, 16.8131651752, 38.8419464645, 0.341048704401, 3.11098598476, 1.01388545322, 0.0, 1.0, 0.0
0.124070548706, 0.931426060814, 2.11031241791, 0.631545601879, 12.4332487375, 38.7047117706, 0.805344358978, 4.99458728142, 1.05044858131, 0.0, 1.0, 0.0
0.151839803935, 0.928890748447, 2.25401478541, 0.677539109818, 9.55817573203, 38.8625963309, 0.0264734956143, 2.97715196009, 1.02865808306, 0.0, 1.0, 0.0
0.130103193495, 0.933843534827, 2.00254793644, 0.62740013475, 21.9688620277, 37.9639674314, 0.341539622662, 4.99165664549, 1.06925845562, 0.0, 1.0, 0.0
0.12103529008, 0.879853843301, 2.03299977612, 0.614327113583, 8.12244995631, 40.074594148, 0.355525502708, 4.98132990875, 1.04884578494, 0.0, 1.0, 0.0
0.12388721522, 0.925523110582, 2.03284053647, 0.678056890666, 7.92545736585, 40.4048605225, 0.812674999462, 3.11626499878, 1.05395511487, 0.0, 1.0, 0.0
0.129829707928, 0.879565961768, 2.03295981217, 0.614410819284, 8.2634817081, 39.725897947, 0.367132526528, 4.94536984226, 1.27161112819, 0.0, 1.0, 0.0
0.100880093505, 0.925826843114, 2.26622828347, 0.626322911853, 30.2657758456, 38.8279542519, 0.123421032656, 4.88289536482, 1.02405716189, 0.0, 1.0, 0.0
0.100013451957, 0.925751203437, 2.0015334363, 0.629588743578, 16.4129666802, 37.8964874701, 0.0871758284578, 1.81087706895, 1.04378053947, 0.0, 1.0, 0.0
0.102487911287, 0.958545425223, 2.00148757863, 0.617697965275, 7.96200909784, 40.0688595706, 0.812674999462, 3.11626499878, 1.05395511487, 0.0, 1.0, 0.0
0.121934630585, 0.90779817846, 2.00778986562, 0.628911886603, 5.90932812401, 38.764613829, 0.341102510512, 4.57846552161, 1.05729254035, 0.0, 1.0, 0.0
0.103526284366, 1.01902762509, 2.02101138721, 0.549721173433, 11.9047482782, 44.0593858551, 0.341112050539, 2.27146237734, 1.24789653801, 0.0, 1.0, 0.0
0.100183868732, 0.926614591852, 2.00201850482, 0.613622131647, 8.03962261648, 38.4072357053, 0.357986451147, 4.96150510935, 1.26859547629, 0.0, 1.0, 0.0
0.103774134388, 0.943877034096, 2.18074961338, 0.615519748214, 1.36893431753, 40.0745924384, 0.449053152721, 2.96116327297, 1.00710276472, 0.0, 1.0, 0.0
0.137142405577, 0.949886386846, 2.09607294223, 0.614525225293, 2.55900375481, 40.8901001403, 0.75195502957, 2.31441862865, 1.05992169297, 0.0, 1.0, 0.0
0.100826706779, 0.832318668519, 2.03781136685, 0.629556271655, 29.2984766687, 38.8160940839, 0.341048704401, 3.04443047307, 1.0050362645, 0.0, 1.0, 0.0
0.121934630585, 0.822484509181, 2.03781136685, 0.631396653432, 5.90932812401, 38.8160940839, 0.341102510512, 3.11098598476, 1.0050362645, 0.0, 1.0, 0.0
0.103516467181, 0.902981091368, 2.0015055111, 0.52226905476, 2.77873738952, 40.0701897562, 0.319393451325, 2.95287241773, 1.01495010238, 0.0, 1.0, 0.0
0.100180633054, 0.928101824377, 2.14988467471, 0.617300488774, 16.0301385304, 40.7956830876, 0.806075504046, 4.98009655764, 1.21956622145, 0.0, 1.0, 0.0
0.131656872272, 0.8785804409, 2.03487609471, 0.615042528588, 30.2657758456, 38.8247235337, 0.126998424183, 2.66350558194, 1.02419599077, 0.0, 1.0, 0.0
0.103062407079, 0.957665492403, 2.00159636503, 0.696323151767, 4.86678573955, 41.2061524839, 0.730469217969, 4.88645330804, 1.03075046766, 0.0, 1.0, 0.0
0.109075389049, 0.923332084991, 2.26666822058, 0.626447685682, 30.2657758456, 40.1300878324, 0.123421032656, 4.88289536482, 1.37239288422, 0.0, 1.0, 0.0
0.137214298259, 0.878448852511, 2.02303963029, 0.601572660523, 5.56711351852, 40.8226704333, 0.0974016993473, 2.37370452791, 1.15166671532, 0.0, 1.0, 0.0
0.104832084825, 0.956420945926, 2.11325484105, 0.61451993088, 4.81767851378, 40.0386677172, 0.339675904242, 4.98873574889, 1.26781689631, 0.0, 1.0, 0.0
0.189410812436, 0.879307341022, 2.02089213885, 0.549245969688, 1.36890618729, 38.8491706601, 0.341048704401, 4.72304590915, 1.02742701368, 0.0, 1.0, 0.0
0.129108061805, 0.926466627099, 2.00414054563, 0.633711901843, 1.86604902193, 39.5666305549, 0.766859690414, 4.94537040555, 1.11924242741, 0.0, 1.0, 0.0
0.103504236337, 0.92530736169, 2.18074961338, 0.629536789156, 16.7852007488, 38.8424818222, 0.507631057107, 2.96363277695, 1.01505660936, 0.0, 1.0, 0.0
0.129363601091, 0.931613451671, 2.00360664057, 0.693944028488, 2.76355453671, 38.8272707199, 0.766455264915, 4.94550057701, 1.26871041155, 0.0, 1.0, 0.0
0.104568715805, 0.928966616083, 2.02856401602, 0.617235462129, 14.0650092707, 40.070216844, 0.350369016636, 2.95939644161, 1.02093866653, 0.0, 1.0, 0.0
0.104580971523, 0.928966616083, 2.02798895308, 0.617235462129, 14.0650092707, 40.070216844, 0.350369016636, 2.95939644161, 1.02093866653, 0.0, 1.0, 0.0
0.108107144491, 0.925751380179, 2.00095527002, 0.629684764757, 12.8647639185, 38.860616905, 0.34190193854, 2.625656666, 1.01388545322, 0.0, 1.0, 0.0
0.188760060034, 0.957665492403, 2.00159707745, 0.697504149802, 4.86678573955, 38.8292633885, 0.730469217969, 4.93893770492, 1.36952565786, 0.0, 1.0, 0.0
0.109038499802, 0.925845059451, 2.00324701561, 0.626437652929, 16.9388252111, 40.1300878324, 0.122187883999, 4.88289536482, 1.01576055689, 0.0, 1.0, 0.0
0.102937507066, 0.925751273945, 2.00180153167, 0.617235462129, 12.9587432015, 40.070216844, 0.34899873488, 2.95943080821, 1.021004873, 0.0, 1.0, 0.0
0.100016246741, 1.01902762509, 2.03290061043, 0.629502606099, 13.3380188371, 41.8496914126, 0.34406459527, 2.51630764567, 1.36146165889, 0.0, 1.0, 0.0
0.129829707928, 0.927001169118, 2.00426308943, 0.614410819284, 8.17974022473, 39.725897947, 0.367132526528, 4.94536984226, 1.27161112819, 0.0, 1.0, 0.0
0.109010235571, 0.925845059451, 2.00348993607, 0.632878304109, 16.9555086261, 40.123512815, 0.343445772358, 3.10698744843, 1.01536193656, 0.0, 1.0, 0.0
0.12388721522, 0.934863033318, 2.03362262699, 0.678056890666, 2.177748514, 40.4048605225, 0.367590325058, 3.11266108489, 1.06326167448, 0.0, 1.0, 0.0
0.188760060034, 0.957665492403, 2.11368675248, 0.696694590886, 4.86678573955, 38.8292633885, 0.730868258136, 4.9384697485, 1.36952565786, 0.0, 1.0, 0.0
0.12103529008, 0.879853843301, 2.0325839155, 0.613625218184, 8.11839395986, 38.3885919869, 0.355525502708, 4.8911869531, 1.04884578494, 0.0, 1.0, 0.0
0.124032936922, 0.925528124334, 2.0012115891, 0.522084356574, 3.32669840082, 39.3803094809, 0.812520953817, 4.99458728142, 1.05044858131, 0.0, 1.0, 0.0
0.100495055018, 0.879378236488, 2.03295981217, 0.614916773159, 2.61435342764, 39.725897947, 0.124656059532, 4.96150510935, 1.2697276306, 0.0, 1.0, 0.0
0.102377199239, 0.949886386846, 2.09607294223, 0.621665301959, 7.46277476195, 40.8901001403, 0.751964106369, 2.31441862865, 1.00645966155, 0.0, 1.0, 0.0
0.102955374414, 0.925372190722, 2.00351660768, 0.626322911853, 2.63344030289, 38.7670636155, 0.81548883391, 4.9895692491, 1.02405716189, 0.0, 1.0, 0.0
0.102955810172, 0.957665492403, 2.00227872155, 0.679486720587, 6.28062761856, 41.2061524839, 0.814491205118, 4.94449539946, 1.01693981164, 0.0, 1.0, 0.0
0.10292578483, 0.932268298929, 2.00150642217, 0.52226905476, 2.77873738952, 40.6345295388, 0.802639636677, 2.95287241773, 1.05044858131, 0.0, 1.0, 0.0
0.104957425478, 0.950274748726, 2.58114377285, 0.633026400495, 4.81767851378, 38.8304012655, 0.339722719411, 2.76605783508, 1.025286444, 0.0, 1.0, 0.0
0.104680519791, 0.931973669373, 2.03249905065, 0.614983517231, 15.225737428, 40.074594148, 0.765573034216, 4.96086574044, 1.2743457639, 0.0, 1.0, 0.0
0.100510897264, 0.879378236488, 2.03280606523, 0.615037189516, 15.7971170395, 39.725897947, 0.128265105634, 4.96150510935, 1.27163637437, 0.0, 1.0, 0.0
0.108878984303, 0.925978057817, 2.71697433281, 0.627428866294, 30.1232767405, 37.9648253488, 0.270314475862, 2.94880319688, 1.01506107788, 0.0, 1.0, 0.0
0.104627679314, 0.880114007175, 2.03280604127, 0.615037214988, 4.84444733244, 39.725897947, 0.730058679779, 4.94512150533, 1.27161112819, 0.0, 1.0, 0.0
0.13057683453, 0.919498368265, 2.00374149535, 0.631531147714, 2.80061317404, 40.8901001403, 0.341922887232, 2.30968812649, 1.05997074706, 0.0, 1.0, 0.0
0.108884481625, 0.923332084991, 2.26666822058, 0.626447685682, 30.2657758456, 38.8279542519, 0.123421032656, 4.88289536482, 1.37239288422, 0.0, 1.0, 0.0
0.104554598139, 0.925381089483, 2.0012115891, 0.614342506358, 1.57218201981, 40.074571957, 0.813731706808, 4.98959647327, 1.36353203627, 0.0, 1.0, 0.0
0.189600883981, 0.930605506572, 2.02086445333, 0.696697031549, 99.8856011599, 40.2235844985, 0.31098866195, 4.76020458579, 1.23014297342, 0.0, 1.0, 0.0
0.10015013058, 1.01902762509, 2.02101138721, 0.549721173433, 91.8803764429, 44.0593858551, 0.341112050539, 2.30525230414, 1.24789653801, 0.0, 1.0, 0.0
0.189410812436, 0.879261571593, 2.02089213885, 0.549245969688, 1.31878338763, 38.8419464645, 0.341048704401, 4.75044178313, 1.02742701368, 0.0, 1.0, 0.0
0.120855073642, 0.932268298929, 2.00150642217, 0.610980326724, 2.77873738952, 40.638014612, 0.802639636677, 4.92197191515, 1.05044858131, 0.0, 1.0, 0.0
0.151180775987, 0.930605506572, 2.01836059562, 0.696697031549, 98.5469283812, 40.2235844985, 0.31098866195, 4.75892336044, 1.00506619351, 0.0, 1.0, 0.0
0.166042425309, 0.904448040696, 2.00227283087, 0.631531147714, 22.7612305906, 40.897186407, 0.311185944735, 2.35016704523, 1.05997074706, 0.0, 1.0, 0.0
0.10555875889, 0.95844423969, 2.27774946997, 0.626695997646, 87.6552737551, 40.4236572482, 0.364396008317, 3.11266108489, 1.28559796008, 0.0, 1.0, 0.0
0.104177859447, 0.879201898763, 2.03813616109, 0.62143659255, 5.74007979668, 40.1050108185, 0.303611041886, 4.60627147235, 1.05715357168, 0.0, 1.0, 0.0
