0.0975898086798, 0.000189194534155, 0.783228476961, 0.999894595984, 0.274257311885, 0.888983665961, 0.477753879236, 0.602718736818, 0.267644500597, 0.388501585349, 0.399166276688, 0.226465645318, 0.085692329476, 0.901493575441, 0.0327748943172, 197.953989942, 558.712357123, 0.176155228378, 91.5824010113
0.254711406543, 0.271063477443, 0.0124375482902, 0.0257035339921, 0.10097566591, 0.48002843767, 0.482441456461, 0.400888541697, 0.295447020233, 0.790588370074, 0.619940193369, 0.28919049485, 0.400781086215, 0.901493575441, 243.27987096, 9.82776967277, 4.75740550564, 110.445765063, 113.086204646
0.0837927666537, 0.742614055464, 0.975594422272, 0.999894595984, 0.408451307119, 0.495109635147, 0.477753879236, 0.798632732947, 0.318268092316, 0.388501585349, 0.491028492689, 0.620115821168, 0.597701833295, 0.677282906961, 0.000936537050699, 5.65650171501, 147.477623541, 344.93025363, 49.6685957257
0.0161766497616, 0.603210756808, 0.22312636753, 0.971246928558, 0.503616944291, 0.912554460195, 0.390526311875, 0.515506504436, 0.295447020233, 0.0201003303606, 0.701455542621, 0.304031325138, 0.605979198927, 0.78579454015, 6.88812963859, 152.405888014, 55.7733353129, 225.962698551, 7.07290942694
0.0112503705214, 0.00169658117263, 0.01811959757, 0.978819774298, 0.000169116823707, 0.564703426865, 0.600597670694, 0.390645717519, 0.790042172679, 0.896460429867, 0.601584067016, 0.405981014695, 0.671860482427, 0.505197438435, 12.9158967941, 388.073356095, 11.054521472, 1.03520344685, 6.86536480848
0.686438082826, 0.88916096796, 0.994737941589, 0.999542709823, 0.599990574961, 0.110520907804, 0.477753879236, 0.48961903142, 0.412711473689, 0.388501585349, 0.399166276688, 0.396339309559, 0.085692329476, 0.793763432274, 0.000133657214617, 0.186071809884, 22.511024558, 127.990569843, 242.156695927
0.00106939731307, 0.623595844479, 0.0124375482902, 0.990747322904, 0.713997393484, 0.500662780565, 0.98939522609, 0.798632732947, 0.104882776663, 0.211827415058, 0.960408107597, 0.277963646373, 0.505997134625, 0.901493575441, 3.74237019193, 257.471332426, 5.03135161713, 383.612981574, 0.776153936539
0.547251486734, 0.00222992914603, 0.0329005686885, 0.999542709823, 0.599990574961, 0.684649615659, 0.477753879236, 0.390645717519, 0.412711473689, 0.388501585349, 0.399166276688, 0.396339309559, 0.203210960125, 0.901493575441, 0.111773992083, 155.606931242, 8.04894973997, 0.545785494759, 180.850132678
0.479727452529, 2.09597211646e-05, 0.320463899494, 0.212006271845, 0.00781866928718, 0.41664153834, 0.482441456461, 0.798632732947, 0.886178946917, 0.991848775552, 0.399166276688, 0.116983545195, 0.789600163327, 0.798785090657, 208.24823583, 72.0333151979, 121.350120749, 0.00828219403181, 236.027127587
0.254711406543, 0.00222992914603, 0.783228476961, 0.999542709823, 0.599990574961, 0.684649615659, 0.477753879236, 0.48961903142, 0.412711473689, 0.388501585349, 0.399166276688, 0.396339309559, 0.085692329476, 0.901493575441, 0.0630490430512, 87.7741585862, 247.736956613, 0.920624018052, 111.152956474
0.0238151825911, 0.271063477443, 0.0124375482902, 0.693010944156, 0.417368710294, 0.39084488383, 0.482441456461, 0.400888541697, 0.295447020233, 0.790588370074, 0.619940193369, 0.792012529898, 0.400781086215, 0.505197438435, 109.726217181, 209.628268708, 4.62318542619, 107.329772671, 9.72542177581
0.774674602495, 0.296403057645, 0.468510673154, 0.906885802297, 0.503616944291, 0.389962690269, 0.600597670694, 0.400888541697, 0.490612537464, 0.306721825973, 0.694293072695, 0.501588962713, 0.386240669161, 0.603309326419, 3.54352701542, 24.0540084806, 22.0199336617, 16.4811181001, 99.3515961936
0.000623998908861, 0.999910905144, 0.997176375528, 0.387324268315, 0.0642296550677, 0.59475346387, 0.810809526224, 0.390645717519, 0.271437108523, 0.90734818639, 0.399166276688, 0.178361575117, 0.408016022316, 0.901493575441, 0.000261581438969, 0.000182204848361, 0.0718732557157, 513.56932866, 0.503388082471
0.368979766751, 4.37351229385e-05, 0.942483117713, 0.858080740386, 0.10097566591, 0.500662780565, 0.00980691959852, 0.296088539741, 0.0730920299808, 0.476005329171, 0.00338355567061, 0.792012529898, 0.915734069758, 0.889630162406, 7.28409977716, 32.1318563238, 363.679349998, 0.0250867141942, 239.034163008
0.00331018235209, 0.319658190085, 0.0124375482902, 0.800903838089, 0.590238873133, 0.523501642575, 0.319083462989, 0.400888541697, 0.295447020233, 0.790588370074, 2.99664043829e-05, 0.28919049485, 0.580010334766, 0.789972765206, 97.4381749151, 301.338913895, 6.18812321203, 173.91951136, 1.87898538144
0.0041932599778, 0.00433852269141, 0.01811959757, 0.212006271845, 0.840468769136, 0.48513949645, 0.319937093579, 0.400888541697, 0.495845160679, 0.499496331188, 3.05194134913e-05, 0.185197147143, 0.278425691509, 0.602572671675, 447.102369204, 154.653247161, 13.4689387112, 3.22546299591, 3.11753703955
0.000116085415912, 0.111924500025, 0.822248935419, 0.976275405534, 0.713997393484, 0.59475346387, 0.477753879236, 0.39373601106, 0.624341423579, 0.388501585349, 0.908499975367, 0.28919049485, 0.597701833295, 0.613340182961, 3.60918694915, 96.8031724214, 337.880849293, 62.4408632665, 0.065097004757
0.0837927666537, 0.142675945747, 0.999173397058, 0.995885227965, 0.503374441065, 0.500662780565, 0.477753879236, 0.89756315819, 0.681842519936, 0.991848775552, 0.49537547407, 0.407644617781, 0.411059424248, 0.965840072673, 0.00339271230702, 0.524898497642, 404.266108119, 92.1501286415, 54.8923125765
0.0238151825911, 0.271063477443, 0.244110501144, 0.224052572726, 0.417368710294, 0.39084488383, 0.482441456461, 0.48961903142, 0.295447020233, 0.790588370074, 0.399166276688, 0.28919049485, 0.400781086215, 0.505197438435, 171.277374221, 62.8981284585, 73.6078251612, 89.2316197131, 8.08550242724
0.479727452529, 2.09597211646e-05, 0.205058684168, 0.212006271845, 0.00781866928718, 0.436721371212, 0.482441456461, 0.798632732947, 0.886178946917, 0.991848775552, 0.399166276688, 0.116983545195, 0.789600163327, 0.798785090657, 302.007401837, 104.464723468, 106.647457535, 0.0110915897774, 316.089681729
0.479727452529, 0.999917313111, 0.731930794131, 0.999542709823, 0.274257311885, 0.684649615659, 0.0838994030296, 0.602718736818, 0.92464064802, 0.00706157542465, 0.399166276688, 0.291604482336, 0.085692329476, 0.986655672295, 1.40318955646e-05, 0.019534599844, 0.0436165779692, 367.952834772, 345.234393267
0.000623998908861, 2.09597211646e-05, 0.829059375684, 0.971246928558, 0.214027248272, 0.500662780565, 0.59062918639, 0.798632732947, 0.295447020233, 0.599916952847, 0.301524744251, 0.304031325138, 0.0102030098374, 0.702292436949, 1.70389961518, 37.7002680791, 137.153131583, 0.00468337652546, 0.139430422531
0.021152798839, 0.324600802897, 0.339126152652, 0.999980596982, 0.597147042853, 0.289881327487, 0.482441456461, 0.390645717519, 0.500205884854, 0.910318680792, 0.599711708205, 0.671700024551, 0.203210960125, 0.40286427458, 0.0063100282713, 207.034220164, 122.056431304, 134.396200652, 9.15269230715
0.597794267149, 0.00214910090997, 0.926507853747, 0.313497830163, 0.503616944291, 0.904797258175, 0.820651110766, 0.602718736818, 0.187081556872, 0.997378615144, 0.512636765672, 0.696341673199, 0.692226656146, 0.901493575441, 14.7267126542, 7.90129400195, 144.126708596, 0.489804875291, 198.255576368
0.191809032112, 0.00222992914603, 0.802052453868, 0.05836604131, 0.693168355152, 0.502701739726, 0.98939522609, 0.296088539741, 0.802815217833, 0.388501585349, 0.696738788148, 0.218224716248, 0.181435875985, 0.690204285974, 78.5762042358, 7.22421004096, 245.543405662, 0.903404440457, 80.1471602298
0.000623998908861, 1.26713244095e-05, 0.766668441347, 0.0257035339921, 0.214027248272, 0.531088015595, 0.59062918639, 0.798632732947, 0.219503564818, 0.388501585349, 0.0739522292359, 0.304031325138, 0.0794435712761, 0.957875536554, 265.345497926, 10.7191541455, 691.818219033, 0.0147496487961, 0.726346150212
0.000199480104302, 0.623595844479, 0.01811959757, 0.753440922861, 0.000169116823707, 0.479189888776, 0.222242366384, 0.472928191303, 0.981696483629, 0.895605714364, 0.371333319799, 0.723783897944, 0.695826913001, 0.60824448012, 136.519632567, 334.692824264, 10.2908652143, 538.614150135, 0.203278960693
0.0113432133201, 0.319658190085, 0.0124375482902, 0.149790981956, 0.329482218566, 0.404573585826, 0.295977719135, 0.41402438681, 0.495845160679, 0.584926542867, 2.99664043829e-05, 0.309922820217, 0.580010334766, 0.901493575441, 307.21481955, 73.649081107, 6.17285896904, 173.490504116, 6.42357846125
0.0041932599778, 0.000189194534155, 0.01811959757, 0.0213609691007, 0.840468769136, 0.614907134165, 0.319937093579, 0.296088539741, 0.495845160679, 0.499496331188, 3.05194134913e-05, 0.185197147143, 0.085692329476, 0.602572671675, 451.791452612, 15.1649808371, 12.8696949413, 0.134396185124, 2.97876630138
0.387869619829, 0.0617404821103, 0.0124375482902, 0.0257035339921, 0.10097566591, 0.48002843767, 0.482441456461, 0.400888541697, 0.295447020233, 0.790588370074, 0.619940193369, 0.28919049485, 0.400781086215, 0.901493575441, 236.733004055, 9.56329608616, 4.62937970336, 23.0542098847, 166.145029084
0.246967982892, 0.000189194534155, 0.000434726024048, 0.999904582572, 0.10097566591, 0.500662780565, 0.196380985793, 0.296088539741, 0.905967974319, 0.8680787959, 0.601584067016, 0.304031325138, 0.687545544181, 0.11320733898, 0.0421619581173, 281.302236045, 0.192091776475, 0.0835991315201, 114.95269487
0.0041932599778, 0.319658190085, 0.0016693843427, 0.212006271845, 0.70578996693, 0.48513949645, 0.319937093579, 0.296088539741, 0.993033830304, 0.499496331188, 3.05194134913e-05, 0.185197147143, 0.278425691509, 0.66065004854, 418.273981751, 144.681473274, 1.16058978531, 243.007351392, 3.32580470694
0.021152798839, 0.180425117642, 0.0124375482902, 0.998308517569, 0.10097566591, 0.475421472729, 0.482441456461, 0.400888541697, 0.295447020233, 0.525147641216, 0.694293072695, 0.766377868539, 0.203210960125, 0.40286427458, 1.17780060067, 443.285352505, 8.6615343308, 129.132460985, 15.3495507758
0.996964995684, 0.142675945747, 0.98813282826, 0.995885227965, 0.69506127504, 0.500662780565, 0.477753879236, 0.62148540066, 0.295447020233, 0.994517083071, 0.49537547407, 0.407644617781, 0.411059424248, 0.965840072673, 0.000239184729537, 0.0370051138533, 1.98496751854, 0.452540143412, 427.115846372
0.021152798839, 0.000147429302636, 0.320463899494, 0.212006271845, 0.503616944291, 0.684649615659, 0.482441456461, 0.602718736818, 0.486240760277, 0.991848775552, 0.399166276688, 0.208034738634, 0.789600163327, 0.806654328013, 205.823842893, 71.1947147657, 119.937381888, 0.0575781982145, 8.26422183355
0.0837927666537, 2.09597211646e-05, 0.0751303617452, 0.212006271845, 0.438716094497, 0.41664153834, 0.482441456461, 0.798632732947, 0.981007935515, 0.893407863539, 0.399166276688, 0.116983545195, 0.789600163327, 0.798785090657, 472.680753306, 163.500840981, 59.3016448358, 0.016582321431, 66.6782938728
0.479727452529, 0.999917313111, 0.270036322688, 0.999804532761, 0.274257311885, 0.684649615659, 0.0838994030296, 0.602718736818, 0.92464064802, 0.602344144453, 0.399166276688, 0.291604482336, 0.085692329476, 0.901493575441, 1.14620156661e-05, 0.0373307855278, 0.0168580609899, 315.363351539, 295.89193244
0.424370205642, 0.000149382153089, 0.103567138647, 0.999542709823, 0.201353186209, 0.389570292145, 0.897623831952, 0.51376460339, 0.681842519936, 0.599916952847, 0.701455542621, 0.329941256156, 0.400781086215, 0.197403858052, 0.165128465864, 229.884728593, 37.7317745628, 0.0546639891463, 183.278038796
0.0837927666537, 0.577065074707, 0.0169898051523, 0.12800073535, 0.000169116823707, 0.47423964067, 0.600597670694, 0.390645717519, 0.495845160679, 0.896460429867, 0.6040842179, 0.390545933811, 0.671860482427, 0.505197438435, 192.768313812, 39.2894677057, 5.25152348234, 251.314108869, 42.258059631
0.021152798839, 0.180425117642, 0.674661663396, 0.998308517569, 0.10097566591, 0.516911856054, 0.482441456461, 0.400888541697, 0.295447020233, 0.525147641216, 0.694293072695, 0.766377868539, 0.203210960125, 0.40286427458, 0.518739732723, 195.236549505, 348.186989493, 116.26421314, 13.8199444926
0.774674602495, 0.00222992914603, 0.468510673154, 0.906885802297, 0.978598738902, 0.389962690269, 0.600597670694, 0.400888541697, 0.490612537464, 0.306721825973, 0.694293072695, 0.501588962713, 0.386240669161, 0.603309326419, 7.63158685131, 51.8043898194, 47.4236644643, 0.247459360418, 191.196111046
0.000199480104302, 0.00433852269141, 0.01811959757, 0.753440922861, 0.000169116823707, 0.479189888776, 0.222242366384, 0.472928191303, 0.981696483629, 0.895605714364, 0.371333319799, 0.723783897944, 0.695826913001, 0.60824448012, 244.915277081, 600.436613038, 18.4617410549, 4.42111022177, 0.203278960693
0.000349127387518, 0.623595844479, 0.0124375482902, 0.990747322904, 0.713997393484, 0.500662780565, 0.98939522609, 0.798632732947, 0.104882776663, 0.0917113632963, 0.960408107597, 0.411922652391, 0.437900490894, 0.911527912392, 4.77670685176, 328.632661832, 6.42194398485, 489.638027115, 0.323425436993
0.511357722881, 0.000107906461388, 0.0329005686885, 0.285488062424, 0.214027248272, 0.500662780565, 0.994707421342, 0.798632732947, 0.295447020233, 0.388501585349, 0.399166276688, 0.304031325138, 0.203210960125, 0.395785588044, 89.3339396279, 42.9818576477, 5.12793582661, 0.0168259645741, 102.875543398
0.000199480104302, 0.88916096796, 0.994737941589, 0.0804000427813, 0.599990574961, 0.110520907804, 0.477753879236, 0.48961903142, 0.412711473689, 0.388501585349, 0.399166276688, 0.396339309559, 0.085692329476, 0.793763432274, 0.390363162773, 0.0495635689292, 47.60538411, 270.669165863, 0.0861140701431
0.000623998908861, 0.999871893954, 0.0124375482902, 0.971246928558, 0.10097566591, 0.61156320587, 0.798018826506, 0.264640984325, 0.295447020233, 0.853606041272, 0.619940193369, 0.396339309559, 0.160014219514, 0.702292436949, 0.00644043129007, 0.142500170795, 0.00278720177926, 709.009204645, 0.694953471312
0.254711406543, 0.999871893954, 0.0124375482902, 0.999542709823, 0.10097566591, 0.703079078212, 0.483632007692, 0.583438344555, 0.295447020233, 0.991848775552, 0.619940193369, 0.396339309559, 0.400781086215, 0.702292436949, 3.28800962737e-05, 0.0457742519948, 0.000894398959278, 227.517469123, 96.2195956327
0.0234288381462, 2.09597211646e-05, 0.01811959757, 0.999894595984, 0.840468769136, 0.37473187803, 0.207387736325, 0.62148540066, 0.318268092316, 0.388501585349, 0.491028492689, 0.304031325138, 0.597701833295, 0.60824448012, 0.0867360907036, 523.869125575, 14.9144942305, 0.0172545692478, 19.295920545
0.694776423675, 0.999917313111, 0.731930794131, 0.999542709823, 0.274257311885, 0.684649615659, 0.0838994030296, 0.602718736818, 0.92464064802, 0.00706157542465, 0.399166276688, 0.291604482336, 0.085692329476, 0.986655672295, 8.87571309512e-06, 0.0123563849834, 0.0275891614546, 232.744305923, 447.667470721
0.254711406543, 6.45714729852e-07, 0.0641731251786, 0.794472098868, 0.503616944291, 0.606511617327, 0.419303770295, 0.41402438681, 0.237047028957, 0.603297276787, 0.399166276688, 0.304031325138, 0.0977659518744, 0.798785090657, 95.662940547, 285.947671145, 30.4979902064, 0.000307393349986, 128.168903231
0.021152798839, 0.324600802897, 0.601079444476, 0.999980596982, 0.597147042853, 0.289881327487, 0.482441456461, 0.390645717519, 0.500205884854, 0.910318680792, 0.599711708205, 0.671700024551, 0.203210960125, 0.40286427458, 0.00429545949998, 140.935518763, 194.674395631, 134.396200652, 9.15269230715
0.438262965511, 0.000147429302636, 0.0124375482902, 0.0168849777927, 0.693168355152, 0.0116609675119, 0.275616253167, 0.400888541697, 0.802815217833, 0.999848165296, 0.690008933665, 0.0942354495061, 0.127544712109, 0.508854683346, 302.43743987, 8.02338767899, 5.91150747249, 0.0700769045527, 248.946227482
0.941154263467, 0.00222992914603, 0.0329005686885, 0.999980596982, 0.599990574961, 0.684649615659, 0.516691415599, 0.390645717519, 0.674432168194, 0.388501585349, 0.399166276688, 0.701188066657, 0.203210960125, 0.901493575441, 0.000793045002898, 26.0200821091, 1.34591870376, 0.0912644418672, 281.071817816
0.254711406543, 0.999968371426, 0.0124375482902, 0.971246928558, 0.10097566591, 0.487637974024, 0.601599442271, 0.264640984325, 0.295447020233, 0.853606041272, 0.619940193369, 0.909751834879, 0.400781086215, 0.702292436949, 0.00112173355233, 0.0248193351646, 0.000485448506799, 500.168859296, 211.526810051
2.94460946627e-05, 0.147292440607, 0.822248935419, 0.00235750554044, 0.985534985483, 0.665892191449, 0.477753879236, 0.400888541697, 0.192297099936, 0.448666268306, 0.986236499014, 0.28919049485, 0.344531577554, 0.997167872026, 223.485457577, 0.827606423351, 779.515205173, 191.040594215, 0.0385349238075
0.253615751952, 0.000189194534155, 0.783228476961, 0.999894595984, 0.274257311885, 0.888983665961, 0.510670356837, 0.602718736818, 0.295447020233, 0.388501585349, 0.399166276688, 0.226465645318, 0.112452309712, 0.901493575441, 0.0196737222271, 118.825457503, 335.377182684, 0.105740357189, 149.752512126
0.180255411498, 0.787386715258, 0.165234882332, 0.747579854276, 0.408451307119, 0.48513949645, 0.477753879236, 0.296088539741, 0.387324944526, 0.71861994911, 0.399166276688, 0.499447134516, 0.105285105085, 0.60824448012, 32.8698323996, 78.5092944927, 22.6007800334, 253.803796605, 78.1661076144
0.254711406543, 0.000147429302636, 0.0124375482902, 0.00706755088689, 0.408451307119, 0.0851690290061, 0.319083462989, 0.400888541697, 0.295447020233, 0.790588370074, 0.491028492689, 0.28919049485, 0.0246918783488, 0.508854683346, 324.857373104, 3.60661173718, 6.34789023527, 0.0752499257081, 137.420385239
0.00106939731307, 0.623595844479, 0.994737941589, 0.999542709823, 0.713997393484, 0.500662780565, 0.796179947665, 0.798632732947, 0.0321409770774, 0.211827415058, 0.399166276688, 0.277963646373, 0.505997134625, 0.901493575441, 0.0012374645412, 1.72274476547, 208.418189444, 310.446029626, 0.628117189852
0.941154263467, 0.999917313111, 0.270036322688, 0.0168849777927, 0.000169116823707, 0.39084488383, 0.275616253167, 0.921442570393, 0.019512684144, 0.790588370074, 0.690008933665, 0.0942354495061, 0.25889865542, 0.505197438435, 0.00651246612602, 0.000172769748672, 0.00294197326506, 55.0354248664, 593.701409999
0.0240541331882, 0.00169658117263, 0.01811959757, 0.0263795269703, 0.502336345552, 0.500662780565, 0.600597670694, 0.390645717519, 0.496500447873, 0.896460429867, 0.497897569959, 0.390545933811, 0.671860482427, 0.603309326419, 186.415226151, 7.72888642721, 5.3117796922, 0.49742294682, 7.05583050036
0.254711406543, 0.748056517586, 0.855876794634, 0.999656601534, 0.597147042853, 0.289881327487, 0.807658751583, 0.48961903142, 0.412711473689, 0.388501585349, 0.399166276688, 0.396339309559, 0.085692329476, 0.40286427458, 0.00810025149137, 15.016898064, 65.1954142073, 160.132563853, 73.3946878383
0.0041932599778, 5.31812147873e-05, 0.0124375482902, 0.00666673520225, 0.985534985483, 0.00325880897804, 0.601599442271, 0.400888541697, 0.295447020233, 0.915057804986, 0.619940193369, 0.28919049485, 0.821123238829, 0.66065004854, 523.424267133, 5.48154283565, 10.2279261704, 0.0437359623313, 3.44856569496
0.368979766751, 0.395644682491, 0.994713733137, 0.858080740386, 0.10097566591, 0.500662780565, 0.810809526224, 0.296088539741, 0.271437108523, 0.476005329171, 0.00338355567061, 0.792012529898, 0.915734069758, 0.889630162406, 0.528379968554, 2.33080679197, 287.812260722, 206.121399354, 231.734050771
0.0725993481537, 0.175925293775, 0.56204162317, 0.0658252564657, 0.10097566591, 0.0851690290061, 0.482441456461, 0.400888541697, 0.981696483629, 0.603297276787, 0.694293072695, 0.396339309559, 0.386240669161, 0.798785090657, 166.487671096, 17.2761152178, 203.655907968, 74.7606303993, 31.3839364866
0.00331018235209, 5.58814359749e-05, 0.0124375482902, 0.800903838089, 0.590238873133, 0.523501642575, 0.319083462989, 0.400888541697, 0.295447020233, 0.790588370074, 2.99664043829e-05, 0.28919049485, 0.580010334766, 0.789972765206, 111.159070649, 343.772383339, 7.0595126182, 0.0317201421914, 1.87898538144
0.0161766497616, 0.999947322914, 0.56204162317, 0.835803468158, 0.503616944291, 0.500662780565, 0.390526311875, 0.591483270644, 0.295447020233, 0.277898136587, 0.419099133842, 0.369031411434, 0.605979198927, 0.78579454015, 0.00520106846107, 0.0197163392649, 0.0248098258619, 388.108845528, 9.86405506566
0.0837927666537, 0.00222992914603, 0.975594422272, 0.99999407847, 0.307578177615, 0.495109635147, 0.477753879236, 0.798632732947, 0.318268092316, 0.388501585349, 0.491028492689, 0.620115821168, 0.597701833295, 0.602572671675, 0.000103258596181, 11.1012635448, 289.434711772, 1.01457123106, 38.345730689
0.0975898086798, 0.00043057610597, 0.320463899494, 0.971246928558, 0.503616944291, 0.991803013719, 0.477753879236, 0.39373601106, 0.295447020233, 0.991848775552, 0.399166276688, 0.28919049485, 0.692226656146, 0.901493575441, 9.2767986817, 205.257278128, 113.15138421, 0.158646154755, 36.2413798001
0.0975898086798, 0.000147429302636, 0.0124375482902, 0.00574260907528, 0.590238873133, 0.684649615659, 0.319083462989, 0.390645717519, 0.295447020233, 0.796611257173, 0.619940193369, 0.703190742688, 0.0246918783488, 0.508854683346, 378.175935363, 3.41141692109, 7.38960927996, 0.0875987971939, 58.4439286759
0.0837927666537, 0.142675945747, 0.999944968303, 0.995885227965, 0.503374441065, 0.500662780565, 0.477753879236, 0.89756315819, 0.681842519936, 0.991848775552, 0.49537547407, 0.25897959515, 0.411059424248, 0.965840072673, 0.000322075603401, 0.0498294535621, 576.451017659, 131.398575806, 78.2719655587
0.191809032112, 0.296403057645, 0.524451968229, 0.906885802297, 0.503616944291, 0.389962690269, 0.600597670694, 0.400888541697, 0.490612537464, 0.306721825973, 0.694293072695, 0.501588962713, 0.386240669161, 0.603309326419, 8.94958098975, 60.7511375218, 66.3148893413, 45.4092893896, 31.4313933022
0.479727452529, 2.09597211646e-05, 0.731930794131, 0.999542709823, 0.0919127586494, 0.609896720938, 0.59062918639, 0.521921392108, 0.295447020233, 0.599916952847, 0.301524744251, 0.304031325138, 0.0102030098374, 0.702292436949, 0.0467521662049, 65.0863494849, 145.323879666, 0.00524251226958, 149.401850231
0.192169842943, 0.324600802897, 0.01811959757, 0.896185092574, 0.597147042853, 0.289881327487, 0.675689644999, 0.504064970325, 0.702477700942, 0.77630853841, 0.694293072695, 0.906058439037, 0.411059424248, 0.593170862362, 40.8317448109, 248.167333654, 7.16028979386, 140.698891346, 89.7612288501
0.000199480104302, 0.00147964078958, 0.123755156831, 0.000698263196622, 0.711426288101, 0.604703712072, 0.259724124568, 0.39373601106, 0.981696483629, 0.895605714364, 0.399166276688, 0.723783897944, 0.695826913001, 0.60824448012, 445.359522403, 0.488483553233, 87.6826103784, 1.05498421513, 0.142229491857
2.94460946627e-05, 0.147292440607, 0.822248935419, 0.976275405534, 0.985534985483, 0.665892191449, 0.477753879236, 0.400888541697, 0.192297099936, 0.388501585349, 0.986236499014, 0.28919049485, 0.344531577554, 0.995444891443, 6.61389055632, 177.393301295, 619.171849446, 151.744260092, 0.0306084344267
0.00688497536764, 0.478151193578, 0.22312636753, 0.999904582572, 0.573716516609, 0.912554460195, 0.390526311875, 0.515506504436, 0.295447020233, 0.0201003303606, 0.701455542621, 0.304031325138, 0.605979198927, 0.60824448012, 0.0363480577366, 242.512216552, 88.6574810929, 241.067892419, 3.82051779149
0.00211057290137, 0.00222992914603, 0.999173397058, 0.995885227965, 0.503374441065, 0.500662780565, 0.477753879236, 0.89756315819, 0.681842519936, 0.998732717947, 0.49537547407, 0.407644617781, 0.411059424248, 0.965840072673, 0.00341075794983, 0.527690402745, 406.416376437, 1.4235878825, 1.34739848793
0.00106939731307, 0.142675945747, 0.0329005686885, 0.999542709823, 0.599990574961, 0.684649615659, 0.477753879236, 0.798632732947, 0.412711473689, 0.388501585349, 0.399166276688, 0.396339309559, 0.203210960125, 0.901493575441, 0.160882683209, 223.973933091, 11.5853125316, 51.1217905753, 0.386399437528
0.996964995684, 0.142675945747, 0.98813282826, 0.212006271845, 0.69506127504, 0.500662780565, 0.477753879236, 0.62148540066, 0.969714173807, 0.994517083071, 0.49537547407, 0.36245498402, 0.411059424248, 0.965840072673, 0.0601143996745, 0.0207936431367, 3.41194315823, 0.777867260656, 734.165660743
0.0837927666537, 0.000119399236384, 0.103567138647, 0.999542709823, 0.201353186209, 0.389570292145, 0.924476017355, 0.51376460339, 0.681842519936, 0.599916952847, 0.701455542621, 0.588568842543, 0.400781086215, 0.197403858052, 0.201155653139, 280.040224953, 45.9639694255, 0.0532248503751, 37.569684912
0.000349127387518, 0.00433852269141, 0.0124375482902, 0.990747322904, 0.713997393484, 0.500662780565, 0.98939522609, 0.798632732947, 0.104882776663, 0.0917113632963, 0.960408107597, 0.411922652391, 0.437900490894, 0.911527912392, 8.56937907125, 589.564723527, 11.5209231147, 4.01909917536, 0.323425436993
0.0975898086798, 0.000189194534155, 0.96920485654, 0.999894595984, 0.274257311885, 0.888983665961, 0.0506343561378, 0.402507032475, 0.491465344504, 0.388501585349, 0.399166276688, 0.226465645318, 0.085692329476, 0.901493575441, 0.00475348172008, 28.7101054698, 593.053344669, 0.176453608443, 91.7375276176
0.511357722881, 0.88916096796, 0.0329005686885, 0.285488062424, 0.275838525646, 0.500662780565, 0.994707421342, 0.798632732947, 0.295447020233, 0.388501585349, 0.399166276688, 0.304031325138, 0.203210960125, 0.376503846707, 30.9230146518, 14.8782044018, 1.77503908772, 195.364591106, 205.570695169
0.000199480104302, 0.000107906461388, 0.994737941589, 0.0804000427813, 0.599990574961, 0.110520907804, 0.477753879236, 0.48961903142, 0.412711473689, 0.388501585349, 0.358891928687, 0.396339309559, 0.0726002712316, 0.793763432274, 4.41816018084, 0.56096427006, 538.801384266, 0.0913294559586, 0.16883521014
0.0041932599778, 0.0479869018409, 0.49095386943, 0.999894595984, 0.0838361988729, 0.888983665961, 0.477753879236, 0.413281568348, 0.267644500597, 0.388501585349, 0.399166276688, 0.620115821168, 0.085692329476, 0.901493575441, 0.0639603766332, 386.308240393, 375.482749902, 40.6846784417, 3.55858698086
0.211251502593, 0.0510670952732, 0.339126152652, 0.0213609691007, 0.694934420693, 0.906644988094, 0.477753879236, 0.39373601106, 0.295447020233, 0.501127717259, 3.05194134913e-05, 0.396339309559, 0.597701833295, 0.798785090657, 141.968880985, 4.76537426098, 83.7444845409, 13.2558204707, 57.0025548848
0.00211057290137, 0.0967305831962, 0.000183098219444, 0.0213609691007, 0.759604902978, 0.614907134165, 0.319937093579, 0.89756315819, 0.909341643471, 0.10052374494, 0.0840649150953, 0.501588962713, 0.146183813082, 0.60824448012, 650.456673534, 21.833443135, 0.187183216392, 99.6567920612, 2.18281749541
0.694776423675, 0.999917313111, 0.806636124735, 0.999542709823, 0.143131960092, 0.684649615659, 0.0838994030296, 0.602718736818, 0.92464064802, 0.00706157542465, 0.399166276688, 0.278252473554, 0.085692329476, 0.986655672295, 8.56030936036e-06, 0.0119172935065, 0.0380217471932, 306.778064364, 590.066251466
0.941154263467, 0.999968371426, 0.0124375482902, 0.999980596982, 0.252071357253, 0.487637974024, 0.213636574955, 0.264640984325, 0.295447020233, 0.388501585349, 0.619940193369, 0.941337835462, 0.400781086215, 0.702292436949, 1.06168272482e-07, 0.00348341791103, 6.80636911858e-05, 70.1276001534, 756.510100397
2.94460946627e-05, 0.147292440607, 0.822248935419, 0.0971531519449, 0.989204821424, 0.665892191449, 0.477753879236, 0.400888541697, 0.192297099936, 0.448666268306, 0.986236499014, 0.28919049485, 0.521657327826, 0.997167872026, 185.51598034, 28.5330362731, 654.682295113, 160.447023805, 0.0323638746145
0.000199480104302, 0.88916096796, 0.994737941589, 0.99321086391, 0.599990574961, 0.110520907804, 0.477753879236, 0.591483270644, 0.846092296869, 0.388501585349, 0.399166276688, 0.396339309559, 0.085692329476, 0.337049607601, 0.00919520238556, 0.862204800984, 104.315705797, 593.106128696, 0.188698193996
