0.169027289368, 0.0732406462734, 0.989436099668, 0.020629365685, 0.250303580059, 0.795412398935, 0.546328621665, 0.166082870923, 0.823041305244, 0.0522316503194, 0.42666485576, 0.115672693672, 0.692454584788, 0.0972330942569, 17.5198424928, 0.567921090388, 1056.2682305, 122.075369661, 289.179496869
0.0207573032674, 0.194669200284, 0.187301880871, 0.807334515591, 0.38126822328, 0.591894464131, 0.469073289027, 0.711166102337, 0.259947295495, 0.960676695964, 0.706478276636, 0.584353135823, 0.578773032153, 0.24258240944, 260.802236741, 835.290713322, 265.148914534, 288.647765483, 31.2741241174
0.978015866969, 0.824642387901, 0.0235807063083, 0.893190248593, 0.653226879129, 0.212575391697, 0.536186138493, 0.404387900133, 0.0823671009184, 0.440064427824, 0.670639073587, 0.646499906801, 0.326744461319, 0.593591557753, 1.74794297108, 10.3203524107, 0.38789237799, 37.06012542, 1114.79066126
0.993556508527, 0.395693246839, 0.9742171823, 0.550936364709, 0.430084908043, 0.605144823391, 0.897957567571, 0.229653573684, 0.00104287311547, 0.145793168877, 0.146145327188, 0.100997557423, 0.740030451493, 0.439171822498, 0.24121090934, 0.283264289402, 9.18150268364, 6.58171140543, 1116.70114454
0.980727449744, 0.728590505451, 0.9742171823, 0.0185248271208, 0.695164499388, 0.605144823391, 0.869684411416, 0.229653573684, 0.945433029348, 0.593722983895, 0.597251055804, 0.100997557423, 0.623610888623, 0.225040642213, 0.375751100663, 0.0109369670567, 9.27676088796, 20.4418160012, 741.399961105
0.000631708621464, 0.523625309697, 0.0190956406276, 0.191121295057, 0.171253884379, 0.577293657022, 0.709111722059, 0.81373124931, 0.602883550729, 0.720515077267, 0.398533429319, 0.0842923435026, 0.634164113111, 0.991461199582, 405.586664538, 125.557155232, 12.7391444575, 457.524892898, 0.619488832851
0.00550883960908, 0.957282986484, 0.0235807063083, 0.0563057497345, 0.46368538388, 0.752897757845, 0.937920426458, 0.942502996708, 0.572292104103, 0.0333712534997, 0.363009242027, 0.39173050841, 0.0724425245049, 0.959589717296, 105.676921757, 9.37102875512, 3.93148274106, 1579.81331597, 13.7017180869
0.0419233967739, 0.0732406462734, 0.0190956406276, 0.0900447999239, 0.171253884379, 0.577293657022, 0.986255528002, 0.844903049116, 0.823041305244, 0.720515077267, 0.398533429319, 0.584353135823, 0.306899620442, 0.937443609083, 893.949811804, 127.292082355, 27.0929503175, 104.390590067, 59.9725513067
0.951846019691, 0.948918648669, 0.937590299366, 0.766717239542, 0.13113575625, 0.750216033942, 0.0148489961769, 0.514231949242, 0.997719379255, 0.664962338931, 0.784857590854, 0.995905337664, 0.796464849645, 0.599204652602, 0.15668266006, 0.408269221449, 4.44646932494, 55.5635330801, 735.542814163
0.0480878785722, 4.27154278541e-05, 0.9742171823, 0.777731468817, 0.610483610994, 0.14691907869, 0.670272743822, 0.727891324873, 0.401617430089, 0.904759400901, 0.70651539343, 0.627068650842, 0.850593585506, 0.0663460679275, 14.1058585119, 38.7467578509, 1017.59100804, 0.0683335784977, 77.0747478075
0.0439930134409, 0.0568095189158, 0.0908134802438, 0.385427221497, 0.291094902833, 0.00700734456646, 0.670272743822, 0.764916927333, 0.705595091711, 0.960676695964, 0.513815013252, 0.627068650842, 0.538594228822, 0.210358528651, 741.671995971, 513.336872255, 129.548809114, 81.5329284163, 63.3234049807
0.0439930134409, 0.0568095189158, 0.0908134802438, 0.766717239542, 0.291094902833, 0.00700734456646, 0.670272743822, 0.514231949242, 0.705595091711, 0.960676695964, 0.513815013252, 0.627068650842, 0.538594228822, 0.210358528651, 277.785743925, 723.8284655, 111.352697957, 70.0810112696, 54.4291532793
0.0646786068034, 0.21982589873, 0.67630077227, 0.789929950982, 0.101236579417, 0.206282345178, 0.613317827843, 0.785444345464, 0.451006210207, 0.701770426618, 0.0682759281188, 0.372290984513, 0.634800829969, 0.225632727346, 128.320760288, 374.659743383, 710.555921427, 292.614268137, 88.133316966
0.238386195936, 0.884926783116, 0.0175376319102, 0.00607582645217, 0.513536178626, 0.149509534423, 0.998404114887, 0.252577008531, 0.948026862521, 0.00945141050658, 0.673459853544, 0.171200405075, 0.612053006514, 0.599204652602, 169.715286232, 1.61979250306, 4.67672085727, 929.062936875, 371.167516808
0.0510372705604, 0.467336414079, 0.0652938398544, 0.534962130493, 0.296561196633, 0.903546109349, 0.788438334792, 0.805773841606, 0.948026862521, 0.0168605065277, 0.597251055804, 0.70795823396, 0.285638829563, 0.083439160438, 244.488706166, 272.933289442, 37.7141037563, 332.375907919, 39.8612467803
0.12317546633, 0.0246650774624, 0.0652938398544, 0.151865828506, 0.115687414919, 0.714169276419, 0.895317058579, 0.805773841606, 0.948026862521, 0.0168605065277, 0.363009242027, 0.70795823396, 0.397818621618, 0.50080252493, 588.280900436, 143.058569495, 62.313111934, 23.592217837, 119.340101165
0.238386195936, 0.239554047137, 0.0175376319102, 0.168697204439, 0.513536178626, 0.102532654003, 0.998404114887, 0.929919642771, 0.992856284899, 0.00945141050658, 0.673459853544, 0.73919429964, 0.612053006514, 0.599204652602, 524.132457067, 142.234186344, 14.9648207543, 214.665549874, 229.576668558
0.117238691392, 0.115116421063, 0.0436901732346, 0.020629365685, 0.250303580059, 0.392763574824, 0.546328621665, 0.517500364244, 0.823041305244, 0.490359581602, 0.706478276636, 0.115672693672, 0.692454584788, 0.0972330942569, 666.360724497, 21.6006684651, 45.827235858, 122.176599497, 126.543497631
0.280477585606, 0.0760129008281, 0.60680710334, 0.062728410868, 0.695164499388, 0.302993842372, 0.655540681954, 0.81373124931, 0.771914354954, 0.281361064583, 0.888173507337, 0.716267602683, 0.784561351372, 0.518080804195, 337.560013748, 33.3690507817, 477.531327567, 70.2725996201, 278.147629666
0.214279883051, 0.0246650774624, 0.594767679953, 0.882993445494, 0.838772764864, 0.225218197201, 0.484633646173, 0.083741643391, 0.123156104062, 0.912340921713, 0.276521513311, 0.473523291032, 0.713367530111, 0.618052916536, 87.6779208263, 471.662228909, 649.023432617, 31.2851552883, 282.614589223
0.169027289368, 0.0087212158249, 0.0436901732346, 0.0185248271208, 0.250303580059, 0.301018396776, 0.155912674576, 0.166082870923, 0.990560150787, 0.0138038275584, 0.624578360965, 0.688809357923, 0.285638829563, 0.0972330942569, 834.526687859, 24.2905233729, 57.3865791797, 11.4649387199, 227.583858643
0.0337798145659, 0.970447248344, 0.268593215597, 0.550936364709, 0.409703200638, 0.790202296429, 0.162298574619, 0.266818498977, 0.41834600062, 0.85361280243, 0.625695480273, 0.36957720446, 0.63830918615, 0.648039548022, 34.8872749329, 40.9696193679, 24.15362175, 1269.69413378, 67.5075289511
0.25103118546, 0.0177323606603, 0.62949034352, 0.473173447495, 0.0782279596159, 0.14691907869, 0.401617843216, 0.924694349198, 0.785282192131, 0.780632265699, 0.388351153011, 0.482913346024, 0.4090739892, 0.00782112574464, 253.950381652, 233.401665098, 524.169659907, 17.4820774021, 261.200232547
0.0407667529824, 0.0568095189158, 0.837074417058, 0.766717239542, 0.291094902833, 0.00700734456646, 0.670272743822, 0.585995750633, 0.705595091711, 0.960676695964, 0.585355811934, 0.627068650842, 0.139709444536, 0.210358528651, 73.0134979387, 190.251837359, 778.799203941, 72.0280772756, 51.8271790605
0.169027289368, 0.977603650533, 0.0436901732346, 0.020629365685, 0.250303580059, 0.795412398935, 0.546328621665, 0.136919549075, 0.462959693337, 0.0138038275584, 0.42666485576, 0.115672693672, 0.8242954903, 0.0972330942569, 37.9340904531, 1.22966687753, 2.60881898699, 1080.94833244, 294.121510222
0.0419233967739, 0.523625309697, 0.0190956406276, 0.0900447999239, 0.171253884379, 0.577293657022, 0.986255528002, 0.844903049116, 0.0554105676191, 0.720515077267, 0.398533429319, 0.0842923435026, 0.538594228822, 0.991461199582, 708.98718538, 100.954722512, 21.4872852319, 771.713352276, 69.4452767887
0.0646786068034, 0.00509635289385, 0.993548081824, 0.789929950982, 0.101236579417, 0.206282345178, 0.613317827843, 0.785444345464, 0.451006210207, 0.701770426618, 0.0682759281188, 0.372290984513, 0.634800829969, 0.225632727346, 2.83872254874, 8.28825405378, 864.421379669, 6.92048371203, 88.133316966
0.0159836777332, 0.57471142733, 0.60680710334, 0.062728410868, 0.695164499388, 0.302993842372, 0.655540681954, 0.81373124931, 0.771914354954, 0.281361064583, 0.888173507337, 0.716267602683, 0.784561351372, 0.225040642213, 250.569812228, 24.7697489278, 354.470109635, 551.022564852, 17.6265593753
0.0407667529824, 0.0568095189158, 0.0908134802438, 0.766717239542, 0.291094902833, 0.00700734456646, 0.670272743822, 0.585995750633, 0.705595091711, 0.960676695964, 0.585355811934, 0.627068650842, 0.139709444536, 0.210358528651, 285.503486137, 743.938646187, 114.446418338, 72.0280772756, 51.8271790605
0.0480878785722, 0.0325380209217, 0.0739503550511, 0.777731468817, 0.610483610994, 0.14691907869, 0.670272743822, 0.404387900133, 0.827035047433, 0.904759400901, 0.70651539343, 0.627068650842, 0.262914277063, 0.709209724557, 283.249247491, 778.044809869, 96.6162043632, 42.643845721, 63.1708962151
0.25103118546, 0.0847816277003, 0.62949034352, 0.473173447495, 0.0782279596159, 0.931726622164, 0.401617843216, 0.924694349198, 0.785282192131, 0.780632265699, 0.388351153011, 0.482913346024, 0.4090739892, 0.00782112574464, 232.932735064, 214.084687985, 480.787907171, 77.1037868286, 241.629176205
0.00550883960908, 0.925437315486, 0.289528243169, 0.00731090831119, 0.46368538388, 0.752897757845, 0.937920426458, 0.942502996708, 0.588301002879, 0.0333712534997, 0.363009242027, 0.39173050841, 0.182164245682, 0.959589717296, 149.566017363, 1.71768386477, 73.1390752787, 1415.07917659, 12.3298329262
0.0159836777332, 0.57471142733, 0.216610456966, 0.062728410868, 0.695164499388, 0.302993842372, 0.655540681954, 0.230520934562, 0.106083480359, 0.281361064583, 0.888173507337, 0.716267602683, 0.784561351372, 0.35792522337, 451.20897976, 44.6036697048, 160.515226223, 609.554882397, 19.4989389045
0.816585235935, 0.0087212158249, 0.115546372263, 0.00662913512661, 0.736848892593, 0.774870040832, 0.155912674576, 0.411100349364, 0.0975963451383, 0.070884358721, 0.986152461778, 0.58871834895, 0.97133307162, 0.182738755773, 269.827759916, 2.80982371725, 49.5213224785, 3.75860927551, 925.838127167
0.00550883960908, 0.957282986484, 0.289528243169, 0.0563057497345, 0.675814243207, 0.752897757845, 0.986321930066, 0.942502996708, 0.588301002879, 0.0168605065277, 0.363009242027, 0.223580665755, 0.182164245682, 0.969496997402, 69.7953145656, 6.18918387184, 34.2621820711, 1160.66450909, 10.0664412284
0.117238691392, 0.194669200284, 0.187301880871, 0.807334515591, 0.610483610994, 0.591894464131, 0.599531138376, 0.711166102337, 0.79544377889, 0.904759400901, 0.706478276636, 0.584353135823, 0.741181058372, 0.24258240944, 145.446660807, 465.832834006, 147.870757235, 160.975818933, 99.6030185103
0.220297699947, 0.467336414079, 0.0652938398544, 0.0185248271208, 0.115687414919, 0.678293123159, 0.903377687302, 0.805773841606, 0.948026862521, 0.0168605065277, 0.597251055804, 0.70795823396, 0.397818621618, 0.50080252493, 341.930045092, 9.95253941312, 35.2078744408, 310.288408516, 166.998987873
0.656217779414, 0.239554047137, 0.0175376319102, 0.168697204439, 0.513536178626, 0.102532654003, 0.998711403395, 0.513802869926, 0.992856284899, 0.597846120579, 0.673459853544, 0.73919429964, 0.612053006514, 0.599204652602, 218.948427845, 59.416185863, 6.25132813846, 89.6732954117, 407.087383787
0.00536023506171, 0.746952024689, 0.634115118295, 0.517235047849, 0.00432249464558, 0.499035722559, 0.389591594761, 0.546172129359, 0.10184943738, 0.213178205395, 0.560960527928, 0.475388435859, 0.677984145173, 0.813666671027, 102.737216902, 108.456200749, 230.661666128, 654.576772335, 5.97759284296
0.220297699947, 0.467336414079, 0.0652938398544, 0.534962130493, 0.296561196633, 0.903546109349, 0.788438334792, 0.805773841606, 0.992856284899, 0.0168605065277, 0.597251055804, 0.70795823396, 0.285638829563, 0.083439160438, 144.9273805, 161.788686727, 22.3560685114, 197.024927783, 106.039937756
0.0159836777332, 0.51468608048, 0.370726908206, 0.062728410868, 0.695164499388, 0.302993842372, 0.655540681954, 0.230520934562, 0.106083480359, 0.281361064583, 0.895416854485, 0.716267602683, 0.784561351372, 0.35792522337, 433.242199435, 42.8275872879, 286.686174919, 545.892125541, 18.9547762352
0.978015866969, 0.731164842779, 0.678284023453, 0.971323817472, 0.586242263106, 0.480222010463, 0.517481679565, 0.856612877995, 0.199590087035, 0.622783942178, 0.422341858275, 0.0460552695699, 0.275727334168, 0.462659454471, 0.31839833425, 7.06375628399, 12.7802500997, 32.5069777389, 1031.58777733
0.793298228287, 0.0331725304586, 0.680662628943, 0.386177884317, 0.18354588238, 0.498014844832, 0.0317208680251, 0.0945405466255, 0.287927701912, 0.422219234489, 0.30495045564, 0.160822156814, 0.922774751998, 0.506447291391, 84.4305769246, 58.5846937826, 187.390978294, 11.1464389433, 635.802079002
0.608982820373, 0.824642387901, 0.0235807063083, 0.851570301049, 0.304092814721, 0.552725090788, 0.383384881534, 0.404387900133, 0.0823671009184, 0.697575165412, 0.670639073587, 0.714956446475, 0.603088463525, 0.922688142894, 22.528188934, 94.8669148296, 3.6132901976, 345.22201389, 508.713918611
0.00550883960908, 0.957282986484, 0.289528243169, 0.00731090831119, 0.46368538388, 0.752897757845, 0.937920426458, 0.942502996708, 0.588301002879, 0.0333712534997, 0.363009242027, 0.39173050841, 0.182164245682, 0.959589717296, 85.8182615086, 0.985575772454, 41.965871656, 1421.63443423, 12.3298329262
0.343434686251, 0.239554047137, 0.993548081824, 0.982879496938, 0.116213623566, 0.183237497725, 0.613317827843, 0.785444345464, 0.541548500822, 0.701770426618, 0.42666485576, 0.372290984513, 0.299755497481, 0.225632727346, 0.161226879822, 5.99371840952, 591.602231125, 233.764649446, 380.859954403
0.7360212072, 0.824642387901, 0.0235807063083, 0.851570301049, 0.304092814721, 0.552725090788, 0.383384881534, 0.404387900133, 0.0823671009184, 0.697575165412, 0.670639073587, 0.531220411745, 0.603088463525, 0.922688142894, 18.0905806553, 76.18000627, 2.90154339269, 277.220095435, 654.460778507
0.238386195936, 0.884926783116, 0.0175376319102, 0.0185248271208, 0.513536178626, 0.149509534423, 0.998404114887, 0.252577008531, 0.992856284899, 0.00945141050658, 0.673459853544, 0.171200405075, 0.612053006514, 0.599204652602, 138.704168745, 4.03725477187, 3.82361463069, 759.587485908, 303.460820309
0.951846019691, 0.948918648669, 0.937590299366, 0.385427221497, 0.13113575625, 0.750216033942, 0.189540189915, 0.764916927333, 0.994392704188, 0.664962338931, 0.784857590854, 0.995905337664, 0.796464849645, 0.599204652602, 0.40835704437, 0.282638051671, 5.04969525842, 63.1015057186, 835.329514185
0.0646786068034, 0.402045263785, 0.832818503707, 0.251095606359, 0.659344858945, 0.184323835836, 0.202167947719, 0.825207453354, 0.692593715631, 0.61530127865, 0.985165020425, 0.372290984513, 0.000447733880883, 0.621967281439, 136.94634591, 57.0013486936, 551.810693077, 417.958065548, 72.1736194937
0.0646786068034, 0.402045263785, 0.832818503707, 0.414408686519, 0.765378564878, 0.212575391697, 0.690587490085, 0.27790450699, 0.692593715631, 0.61530127865, 0.985165020425, 0.372290984513, 0.32593384348, 0.621967281439, 123.129968755, 93.7889706518, 575.790042067, 436.120747864, 75.3099784505
0.0646786068034, 0.0377869921667, 0.993548081824, 0.789929950982, 0.101236579417, 0.206282345178, 0.613317827843, 0.785444345464, 0.451006210207, 0.701770426618, 0.0682759281188, 0.372290984513, 0.634800829969, 0.225632727346, 2.83381427403, 8.27392330217, 862.92675752, 51.282463566, 88.133316966
0.480587435605, 0.0331725304586, 0.12183225713, 0.206257085018, 0.53798923632, 0.196634967456, 0.897957567571, 0.0330858890896, 0.616414213013, 0.587605578245, 0.30495045564, 0.58871834895, 0.377033296225, 0.506447291391, 394.276467271, 132.406357223, 80.5813410995, 22.0952175009, 399.111161381
0.419905350148, 0.0260582448032, 0.0784467478404, 0.984643129075, 0.727257935597, 0.0953969886182, 0.889222051127, 0.0227718385389, 0.207880623226, 0.404877992303, 0.489803768844, 0.110091235242, 0.713328664412, 0.172799708824, 10.0088589438, 414.837213277, 51.3931037075, 17.1244772363, 324.505867264
0.0646786068034, 0.239554047137, 0.993548081824, 0.982879496938, 0.116213623566, 0.183237497725, 0.613317827843, 0.785444345464, 0.451006210207, 0.701770426618, 0.0682759281188, 0.372290984513, 0.299755497481, 0.225632727346, 0.202653259087, 7.53377210478, 743.611241212, 293.829218317, 81.5169195839
0.793298228287, 0.0331725304586, 0.680662628943, 0.206257085018, 0.18354588238, 0.196634967456, 0.0317208680251, 0.0945405466255, 0.287927701912, 0.622013758408, 0.30495045564, 0.160822156814, 0.922774751998, 0.506447291391, 98.9095417834, 33.2159111924, 190.258727193, 11.3170191297, 645.532113652
0.977451006519, 0.527626175388, 0.289528243169, 0.059131827651, 0.46368538388, 0.196634967456, 0.897957567571, 0.923397844409, 0.391664466013, 0.67295084589, 0.597251055804, 0.291636381614, 0.182164245682, 0.811201558927, 11.8386272692, 1.1027929934, 5.81387073324, 14.4367753126, 552.720274539
0.0140343367725, 0.612318652061, 0.283154221686, 0.491582172365, 0.18354588238, 0.117896335693, 0.0317208680251, 0.0945405466255, 0.287927701912, 0.399692602775, 0.197444365302, 0.121709121537, 0.583412677117, 0.991461199582, 200.486839336, 195.25377777, 133.387512355, 444.544045505, 11.9496934316
0.00536023506171, 0.746952024689, 0.634115118295, 0.517235047849, 0.00432249464558, 0.499035722559, 0.389591594761, 0.546172129359, 0.10184943738, 0.213178205395, 0.560960527928, 0.475388435859, 0.677984145173, 0.813666671027, 102.737216902, 108.456200749, 230.661666128, 654.576772335, 5.97759284296
0.238386195936, 0.884926783116, 0.0175376319102, 0.168697204439, 0.513536178626, 0.102532654003, 0.202167947719, 0.252577008531, 0.992856284899, 0.00945141050658, 0.673459853544, 0.714956446475, 0.612053006514, 0.599204652602, 85.5660133839, 23.2201080629, 2.44304666824, 485.328113819, 193.892172095
0.0646786068034, 0.626913248022, 0.832818503707, 0.251095606359, 0.659344858945, 0.184323835836, 0.998404114887, 0.99533728036, 0.692593715631, 0.61530127865, 0.985165020425, 0.372290984513, 0.000447733880883, 0.621967281439, 84.9342792143, 35.3523011758, 342.23361834, 533.838103778, 65.3239312231
0.220297699947, 0.0246650774624, 0.0652938398544, 0.0185248271208, 0.115687414919, 0.714169276419, 0.895317058579, 0.805773841606, 0.948026862521, 0.0168605065277, 0.597251055804, 0.70795823396, 0.397818621618, 0.50080252493, 423.229975611, 12.3189321136, 43.5791708121, 16.4994053265, 153.582122837
0.963853731673, 0.0760129008281, 0.185414281753, 0.829521858322, 0.697305107077, 0.300239572269, 0.019377333209, 0.27790450699, 0.692593715631, 0.201729344892, 0.960710087631, 0.459624807701, 0.0555887431595, 0.314578234321, 12.1024794218, 44.1090261724, 13.7113605134, 5.72865591682, 846.111466087
0.980727449744, 0.00431152884378, 0.104418263731, 0.709437848646, 0.797402182449, 0.212575391697, 0.57426618267, 0.514231949242, 0.391664466013, 0.481359651055, 0.513815013252, 0.0440172819138, 0.538594228822, 0.0505865860209, 12.0056285298, 24.4518616127, 4.5084354074, 0.186997731295, 911.793978711
0.979070650646, 0.963967532979, 0.452944999234, 0.736054035714, 0.717221867675, 0.206282345178, 0.587716652114, 0.644764530456, 0.633551650227, 0.137725327718, 0.761183660353, 0.390953184007, 0.855680724607, 0.606140763311, 0.597714420045, 1.35807905061, 1.27919699189, 34.5759183618, 1053.02243511
0.960028730683, 0.513091401088, 0.66429356392, 0.244968732822, 0.297007050194, 0.215766161554, 0.507918909683, 0.513802869926, 0.462959693337, 0.597657220022, 0.378700270092, 0.911690846517, 0.612467705774, 0.89065646634, 9.36209922174, 3.79150534566, 17.3453064232, 20.9149429039, 461.087169119
0.893040866376, 0.0760129008281, 0.199503847882, 0.244968732822, 0.262748466429, 0.493109253517, 0.00387771868923, 0.0872154925807, 0.889885862179, 0.597657220022, 0.890521858601, 0.459624807701, 0.766459514604, 0.89065646634, 102.84392573, 41.6501988431, 35.9567629655, 13.9932705363, 692.617083297
0.793298228287, 0.0331725304586, 0.12183225713, 0.206257085018, 0.53798923632, 0.196634967456, 0.690587490085, 0.0330858890896, 0.616414213013, 0.587605578245, 0.30495045564, 0.390821514844, 0.200907642863, 0.506447291391, 148.020337245, 49.708352581, 30.2520649223, 8.29504628728, 473.156288004
0.0159836777332, 0.57471142733, 0.370726908206, 0.062728410868, 0.695164499388, 0.302993842372, 0.655540681954, 0.230520934562, 0.106083480359, 0.281361064583, 0.888173507337, 0.716267602683, 0.784561351372, 0.35792522337, 399.758451641, 39.5175954791, 264.529220704, 609.554882397, 19.4989389045
0.000631708621464, 0.523625309697, 0.0190956406276, 0.963893897674, 0.171253884379, 0.577293657022, 0.986255528002, 0.404387900133, 0.827035047433, 0.0887069101933, 0.398533429319, 0.0842923435026, 0.0804909137413, 0.991461199582, 24.4724184895, 431.03288024, 12.9536942672, 465.230424383, 0.629922124634
0.980727449744, 0.731164842779, 0.678284023453, 0.971323817472, 0.586242263106, 0.480222010463, 0.517481679565, 0.856612877995, 0.199590087035, 0.622783942178, 0.422341858275, 0.0460552695699, 0.538594228822, 0.462659454471, 0.299445360341, 6.6432792458, 12.0194931464, 30.5719679267, 1106.78464414
0.0646786068034, 0.884926783116, 0.993548081824, 0.789929950982, 0.101236579417, 0.206282345178, 0.613317827843, 0.785444345464, 0.451006210207, 0.701770426618, 0.0682759281188, 0.372290984513, 0.634800829969, 0.225632727346, 0.51034453336, 1.49005937524, 155.405369161, 850.409112564, 88.133316966
0.514044128283, 0.997852131808, 0.841843665876, 0.244968732822, 0.792147666146, 0.0959904550448, 0.507918909683, 0.513802869926, 0.519166638446, 0.597846120579, 0.252851930325, 0.94473779372, 0.269545437569, 0.0972330942569, 0.388044685959, 0.157152094452, 1.65039739306, 504.663010352, 527.438274696
0.0646786068034, 0.884926783116, 0.993548081824, 0.789929950982, 0.101236579417, 0.206282345178, 0.613317827843, 0.785444345464, 0.451006210207, 0.701770426618, 0.0682759281188, 0.372290984513, 0.634800829969, 0.225632727346, 0.51034453336, 1.49005937524, 155.405369161, 850.409112564, 88.133316966
0.000631708621464, 0.523625309697, 0.149076539897, 0.963893897674, 0.171253884379, 0.577293657022, 0.986255528002, 0.404387900133, 0.827035047433, 0.0887069101933, 0.398533429319, 0.0842923435026, 0.0804909137413, 0.991461199582, 23.8152183658, 419.457609805, 100.220707743, 465.230424383, 0.629922124634
0.00782575408608, 0.970447248344, 0.268593215597, 0.867560090863, 0.695164499388, 0.840122329451, 0.118878474597, 0.266818498977, 0.945433029348, 0.85361280243, 0.605890668655, 0.100997557423, 0.438697825486, 0.885245683297, 9.74563640843, 46.1681128135, 21.1796719044, 1113.36119488, 13.7016269211
0.480587435605, 0.0331725304586, 0.12183225713, 0.206257085018, 0.53798923632, 0.196634967456, 0.897957567571, 0.0330858890896, 0.616414213013, 0.587605578245, 0.30495045564, 0.58871834895, 0.377033296225, 0.506447291391, 394.276467271, 132.406357223, 80.5813410995, 22.0952175009, 399.111161381
0.0646786068034, 0.402045263785, 0.832818503707, 0.251095606359, 0.659344858945, 0.184323835836, 0.202167947719, 0.825207453354, 0.692593715631, 0.61530127865, 0.985165020425, 0.372290984513, 0.000447733880883, 0.621967281439, 136.94634591, 57.0013486936, 551.810693077, 417.958065548, 72.1736194937
0.0337798145659, 0.970447248344, 0.268593215597, 0.702999603618, 0.409703200638, 0.790202296429, 0.162298574619, 0.193167861222, 0.41834600062, 0.85361280243, 0.625695480273, 0.36957720446, 0.63830918615, 0.648039548022, 21.6151721724, 42.9209185926, 21.5705962669, 1133.91108901, 60.288169909
0.0159836777332, 0.913503484977, 0.370726908206, 0.062728410868, 0.695164499388, 0.302993842372, 0.655540681954, 0.194691174687, 0.106083480359, 0.281361064583, 0.895416854485, 0.716267602683, 0.784561351372, 0.35792522337, 70.7447336798, 6.99337751675, 46.8133924183, 622.620320829, 15.7809132317
0.514044128283, 0.652622127835, 0.841843665876, 0.244968732822, 0.792147666146, 0.0959904550448, 0.507918909683, 0.513802869926, 0.519166638446, 0.597846120579, 0.378700270092, 0.911690846517, 0.269545437569, 0.0972330942569, 35.3476948588, 14.3152695608, 150.337694489, 255.454973563, 312.338242648
0.357435903237, 0.144160445741, 0.0652938398544, 0.0185248271208, 0.115687414919, 0.8754384545, 0.788438334792, 0.805773841606, 0.990560150787, 0.593722983895, 0.597251055804, 0.70795823396, 0.285638829563, 0.0812085965598, 338.026932565, 9.83893172692, 34.805978504, 78.3254349531, 219.429159182
0.118258838649, 0.962721547886, 0.213622845508, 0.261436642799, 0.209846103289, 0.0265317531103, 0.914534560826, 0.592048414092, 0.785734925497, 0.297497785343, 0.248306089323, 0.405328970935, 0.102985115434, 0.503573442339, 25.5144945695, 11.1095347436, 9.70501230591, 502.730225201, 94.6388598366
0.951357849125, 0.728590505451, 0.9742171823, 0.168697204439, 0.695164499388, 0.605144823391, 0.788438334792, 0.229653573684, 0.602933742886, 0.593722983895, 0.597251055804, 0.100997557423, 0.707879988916, 0.225040642213, 0.418603888029, 0.113596825786, 10.7039783793, 23.5867625731, 338.387447308
0.0140343367725, 0.612318652061, 0.240125541605, 0.491582172365, 0.18354588238, 0.117896335693, 0.0317208680251, 0.0945405466255, 0.287927701912, 0.399692602775, 0.197444365302, 0.121709121537, 0.583412677117, 0.991461199582, 206.48285744, 201.093289182, 114.18212453, 444.544045505, 11.9496934316
0.0808480918254, 0.968881552726, 0.933138650662, 0.625725537176, 0.721361654119, 0.250652568699, 0.574542711482, 0.989804063205, 0.794684357604, 0.186109409284, 0.884198573468, 0.110091235242, 0.497895486114, 0.509537179362, 1.7175527399, 2.57685195384, 29.3776350372, 603.854882891, 77.1942341585
0.0126491676101, 0.746952024689, 0.634115118295, 0.517235047849, 0.00432249464558, 0.499035722559, 0.389591594761, 0.08339544709, 0.10184943738, 0.213178205395, 0.560960527928, 0.475388435859, 0.677984145173, 0.813666671027, 83.8654720784, 88.5339388191, 188.291547149, 534.337912577, 11.5161346773
0.244762914707, 0.968881552726, 0.933138650662, 0.625725537176, 0.721361654119, 0.250652568699, 0.574542711482, 0.989804063205, 0.794684357604, 0.186109409284, 0.884198573468, 0.110091235242, 0.497895486114, 0.509537179362, 1.60509113742, 2.40812531543, 27.4540516522, 564.315783905, 228.599870233
0.514044128283, 0.652622127835, 0.841843665876, 0.23660162989, 0.792147666146, 0.0959904550448, 0.507918909683, 0.513802869926, 0.519166638446, 0.597846120579, 0.378700270092, 0.911690846517, 0.269545437569, 0.0972330942569, 35.5327823225, 13.8494712841, 150.337694489, 255.454973563, 312.338242648
0.951357849125, 0.728590505451, 0.9742171823, 0.0185248271208, 0.695164499388, 0.605144823391, 0.788438334792, 0.229653573684, 0.945433029348, 0.593722983895, 0.597251055804, 0.100997557423, 0.707879988916, 0.225040642213, 0.705668680462, 0.0205398602893, 17.4219572563, 38.3901718409, 550.764532043
0.977451006519, 0.957282986484, 0.289528243169, 0.059131827651, 0.46368538388, 0.196634967456, 0.897957567571, 0.923397844409, 0.391664466013, 0.67295084589, 0.363009242027, 0.291636381614, 0.182164245682, 0.811201558927, 1.53112508147, 0.142627516981, 0.751925294858, 25.472195595, 720.470303867
0.978015866969, 0.00431152884378, 0.104418263731, 0.709437848646, 0.797402182449, 0.212575391697, 0.57426618267, 0.514231949242, 0.391664466013, 0.481359651055, 0.513815013252, 0.0440172819138, 0.275727334168, 0.0505865860209, 12.5669142738, 25.5950321935, 4.71921325345, 0.195740227407, 836.624031183
