0.766017559541, 0.952610524019, 2.03901104591, 0.300392654532, 30.9941943836, 41.3501209757, 2.55405615203, 1.98141563784, 24.4894947254, 229.121610118, 0.548859298692, 0.00970873786408
0.534084452869, 0.912540875477, 3.09010838705, 0.376163535704, 43.5704191057, 43.0984486468, 2.77892516775, 4.82023225097, 31.3185164643, 416.109866812, 0.408124460353, 0.0121951219512
0.714729016624, 0.821907059316, 2.06380486632, 0.376163535704, 14.2406343883, 44.1699528516, 2.77892516775, 1.53926468406, 22.1956973371, 222.5106034, 0.571081060828, 0.046511627907
0.550065981459, 0.820122749463, 4.07126317865, 0.363016386156, 31.5769885209, 44.3725252635, 2.34524575272, 1.02258213865, 37.9611360223, 463.961187462, 0.400459484489, 0.112903225806
0.766017559541, 0.820315469789, 2.03901104591, 0.300392654532, 30.9941943836, 43.8961680388, 2.51979834373, 1.98141563784, 31.3185164643, 214.224421242, 0.630987464514, 0.0727272727273
0.736687196366, 0.948469887937, 2.09230018141, 0.422834697829, 14.0763421269, 44.7940319806, 2.32559465448, 1.58959799623, 31.7293844444, 220.281748528, 0.644417379423, 0.0
0.766017559541, 0.821907059316, 2.06380486632, 0.376163535704, 30.9941943836, 43.8549373701, 2.77892516775, 1.53926468406, 22.1956973371, 202.663702273, 0.496685869133, 0.186363636364
0.748117764976, 0.885595075136, 2.03901104591, 0.293150612702, 16.5497713874, 40.3479589605, 2.55405615203, 1.7349347838, 36.6843060016, 336.281256403, 0.425249256569, 0.201754385965
0.570892589276, 0.918026486716, 2.01588938857, 0.209293955421, 45.5966975813, 46.6195072294, 2.89664921623, 1.79809270211, 22.1956973371, 249.095845166, 0.456928733713, 0.203389830508
0.545908617137, 0.832588285184, 2.37358790433, 0.427986428234, 14.2406343883, 42.6968357402, 2.44565288129, 2.69412588975, 22.1956973371, 262.68734511, 0.439849330076, 0.00970873786408
0.748117764976, 0.952610524019, 2.03901104591, 0.300392654532, 30.9941943836, 41.2005617854, 2.55405615203, 1.7349347838, 24.4894947254, 236.253740507, 0.426845996663, 0.598971722365
0.766017559541, 0.821907059316, 2.06380486632, 0.376163535704, 30.9941943836, 43.8549373701, 2.77892516775, 1.7349347838, 22.1956973371, 203.41470605, 0.486554476244, 0.273858921162
0.88225940407, 0.864833277153, 2.03604512858, 0.207730639437, 10.7327552367, 43.8961680388, 2.95307697027, 1.04255897744, 24.2408313232, 209.612674119, 0.501182320477, 0.152941176471
0.570892589276, 0.918026486716, 2.00913618812, 0.203143983996, 43.5704191057, 44.610771257, 2.89664921623, 1.79809270211, 24.2408313232, 241.765779972, 0.477884337983, 0.207317073171
0.770694775112, 0.948469887937, 2.09230018141, 0.353339616784, 14.0763421269, 44.7940319806, 2.50488151574, 1.58959799623, 31.7293844444, 252.953389726, 0.524461702905, 0.0
0.570892589276, 0.918026486716, 2.01588938857, 0.209293955421, 45.5966975813, 46.6195072294, 2.89664921623, 1.79809270211, 22.1956973371, 221.005660984, 0.511922579315, 0.145695364238
0.550065981459, 0.820315469789, 2.07870274737, 0.363016386156, 30.9941943836, 42.2951701922, 2.95676504199, 2.24436093302, 26.3176954, 277.805474229, 0.456188993528, 0.0
0.567861505142, 0.842105864961, 2.37358790433, 0.427986428234, 40.9861538528, 43.3179818325, 2.44565288129, 2.03977615023, 24.2408313232, 231.352910741, 0.525791320508, 0.0
0.570892589276, 0.821907059316, 2.06380486632, 0.209293955421, 18.4274723911, 44.1699528516, 2.51979834373, 1.53926468406, 22.1956973371, 213.655047043, 0.448161747355, 0.210526315789
0.526569006874, 0.821614131061, 2.37358790433, 0.293899445432, 14.2406343883, 44.1699528516, 2.44565288129, 1.7349347838, 30.7562136721, 257.752673965, 0.427300593619, 0.576177285319
0.545908617137, 0.912540875477, 2.01588938857, 0.376163535704, 43.5704191057, 42.6968357402, 2.56646558091, 1.57488051162, 24.4894947254, 200.987468728, 0.555483242247, 0.159624413146
0.550065981459, 0.823202512194, 2.23920838194, 0.363016386156, 1.04385811347, 42.2951701922, 2.95676504199, 1.02258213865, 26.3176954, 260.848277519, 0.365836530098, 0.309523809524
0.748117764976, 0.850884832296, 2.00913618812, 0.228506621234, 17.0598015743, 41.2005617854, 2.55405615203, 1.7349347838, 31.7293844444, 227.57811137, 0.492068539481, 0.1015625
0.501952986428, 1.15692972276, 2.13895290002, 0.23013277337, 6.64096880266, 49.3461081603, 2.2510410811, 1.52504692935, 40.8141828261, 379.222540965, 0.393682390133, 0.294520547945
0.567861505142, 0.842105864961, 2.37358790433, 0.427986428234, 40.9861538528, 43.3179818325, 2.44565288129, 2.03977615023, 22.1956973371, 253.40606988, 0.506417752281, 0.0
0.748117764976, 0.850884832296, 2.37358790433, 0.228506621234, 17.0598015743, 41.2005617854, 2.55405615203, 1.7349347838, 31.7293844444, 286.830488325, 0.429922551107, 0.261194029851
0.545908617137, 0.904931851958, 2.01320213006, 0.376163535704, 14.2406343883, 42.6968357402, 2.89664921623, 2.69412588975, 22.1956973371, 222.922887979, 0.528631261831, 0.141843971631
0.532891657807, 0.909287959637, 2.0002088328, 0.450444780802, 45.5966975813, 40.349050946, 2.95676504199, 1.02258213865, 37.9611360223, 292.865602151, 0.428246431191, 0.0
0.526438115885, 0.820315469789, 2.00547287216, 0.345878267908, 35.2754823445, 40.0199825881, 2.95676504199, 1.02258213865, 37.9611360223, 192.537319306, 0.429611457871, 0.362711864407
0.570892589276, 0.890484551695, 2.00913618812, 0.203143983996, 10.7327552367, 44.610771257, 2.89664921623, 1.79809270211, 22.5146067994, 212.805206241, 0.484596613918, 0.331753554502
0.714729016624, 0.842105864961, 2.37358790433, 0.427986428234, 2.49031279861, 44.1699528516, 2.44565288129, 0.715472688014, 24.2408313232, 220.721043493, 0.650387961261, 0.0
0.550065981459, 0.820315469789, 2.23920838194, 0.363016386156, 15.0838237452, 48.3204237289, 2.95676504199, 1.02258213865, 23.6838929129, 229.019153614, 0.589141106424, 0.10101010101
0.890296063607, 0.864833277153, 2.23920838194, 0.363016386156, 43.5704191057, 43.8961680388, 2.95307697027, 1.04255897744, 24.2408313232, 229.897631261, 0.610135099485, 0.0806451612903
0.512644975498, 1.17624085668, 7.59429341946, 0.397437785396, 14.4117443424, 40.0602832273, 3.19514311766, 4.73696571982, 43.8361697017, 1942.49396884, 0.442025824612, 0.0
0.627732432652, 0.86598820781, 7.26417110658, 0.493342363467, 7.77721496075, 40.2998311685, 2.25232602314, 1.3869887104, 35.5133832273, 935.606961281, 0.445325960437, 0.0
0.534084452869, 0.912540875477, 3.09010838705, 0.376163535704, 43.5704191057, 42.6968357402, 2.55405615203, 1.57488051162, 24.4894947254, 407.70388576, 0.454178190986, 0.0
0.748117764976, 0.952610524019, 2.03901104591, 0.300392654532, 30.9941943836, 41.2005617854, 2.55405615203, 1.7349347838, 24.4894947254, 231.98265734, 0.543598609215, 0.0515463917526
0.540279483897, 0.952610524019, 2.03901104591, 0.300392654532, 30.9941943836, 43.8549373701, 2.77892516775, 1.7349347838, 22.1956973371, 233.343571233, 0.552052613284, 0.0
0.714729016624, 0.842105864961, 2.37358790433, 0.427986428234, 0.474480962245, 49.3048587597, 2.44565288129, 0.715472688014, 24.2408313232, 246.446323178, 0.539516510356, 0.0
0.526569006874, 0.821614131061, 2.01525552445, 0.376163535704, 43.5704191057, 44.1699528516, 2.56646558091, 1.57488051162, 24.4894947254, 249.718547645, 0.529689863867, 0.0882352941176
0.570892589276, 0.952610524019, 2.03901104591, 0.293150612702, 30.9941943836, 41.2005617854, 2.55405615203, 1.7349347838, 24.4894947254, 315.616257908, 0.432162258357, 0.2
0.627732432652, 0.86598820781, 7.26417110658, 0.493342363467, 7.92138422796, 40.2691228961, 2.25232602314, 1.3869887104, 35.5133832273, 823.729021882, 0.433099617968, 0.0416666666667
0.570892589276, 0.912540875477, 2.01083403747, 0.376163535704, 18.2435031653, 40.2998311685, 2.55405615203, 1.7349347838, 24.4894947254, 274.064137086, 0.46150064869, 0.159574468085
0.545908617137, 0.832588285184, 2.01320213006, 0.427986428234, 14.2406343883, 42.6968357402, 2.89664921623, 2.69412588975, 22.1956973371, 264.962124317, 0.494567515427, 0.047619047619
0.570892589276, 0.918026486716, 2.01588938857, 0.203143983996, 43.5704191057, 44.610771257, 2.89664921623, 1.79809270211, 24.2408313232, 224.113126516, 0.513985906049, 0.15671641791
0.766017559541, 0.821907059316, 2.06380486632, 0.376163535704, 30.9941943836, 43.8549373701, 2.77892516775, 1.53926468406, 22.1956973371, 208.467268386, 0.497620757811, 0.333333333333
0.570892589276, 0.918026486716, 2.01588938857, 0.267904520812, 43.5704191057, 46.6195072294, 2.89664921623, 1.79809270211, 24.2408313232, 245.418967888, 0.54840612665, 0.0538461538462
0.550065981459, 0.820315469789, 2.23920838194, 0.363016386156, 12.8184306932, 45.3933323181, 2.95676504199, 1.02258213865, 37.9611360223, 300.007666445, 0.420670389746, 0.359788359788
0.570892589276, 0.918026486716, 2.00547287216, 0.209293955421, 47.9925971348, 40.349050946, 2.89664921623, 1.79809270211, 31.7293844444, 284.699155412, 0.372735196442, 0.672413793103
0.570892589276, 0.918026486716, 2.00547287216, 0.209293955421, 45.5966975813, 40.349050946, 2.89664921623, 1.52504692935, 42.1378437333, 290.91742024, 0.427136868139, 0.459915611814
0.570892589276, 0.918026486716, 2.00547287216, 0.209293955421, 47.9925971348, 40.349050946, 3.54322056909, 1.79809270211, 31.7293844444, 340.756756666, 0.392680147605, 0.557032115172
0.510421994877, 1.00292339414, 2.0185124296, 0.25050819325, 30.9941943836, 40.2691228961, 3.42599406912, 1.98141563784, 31.3185164643, 330.06392954, 0.395379157473, 0.6135986733
0.570892589276, 0.918026486716, 2.01588938857, 0.203143983996, 43.5704191057, 44.610771257, 2.89664921623, 1.79809270211, 24.2408313232, 264.260811229, 0.418505331363, 0.521235521236
0.570892589276, 0.918026486716, 2.00610873682, 0.209293955421, 47.5868830566, 44.1699528516, 2.89664921623, 1.79809270211, 24.2408313232, 299.263326011, 0.406697679942, 0.411428571429
0.570892589276, 0.912617511134, 2.00547287216, 0.241154088909, 30.9941943836, 40.349050946, 2.89664921623, 1.33786422181, 42.1378437333, 301.31157741, 0.400385982866, 0.615384615385
0.570892589276, 1.04023212643, 2.00547287216, 0.209293955421, 45.5966975813, 40.349050946, 2.89664921623, 1.52504692935, 31.7293844444, 299.071920761, 0.396456301091, 0.664961636829
0.550065981459, 0.820315469789, 2.0185124296, 0.363016386156, 31.5442501976, 45.3933323181, 2.95676504199, 1.02258213865, 37.9611360223, 295.510111574, 0.407554361389, 0.502487562189
0.570892589276, 0.890484551695, 2.00913618812, 0.203143983996, 10.7327552367, 44.610771257, 2.89664921623, 1.79809270211, 22.5146067994, 299.964401366, 0.381408847198, 0.649193548387
0.766017559541, 0.820315469789, 2.03901104591, 0.300392654532, 30.9941943836, 43.8961680388, 2.51979834373, 1.98141563784, 31.3185164643, 266.958293587, 0.417467853424, 0.584745762712
0.570892589276, 0.912540875477, 2.00107617992, 0.376163535704, 18.2435031653, 40.2998311685, 2.51979834373, 1.7349347838, 24.4894947254, 278.889548551, 0.415945908454, 0.646048109966
0.570892589276, 0.918026486716, 2.13895290002, 0.208810006357, 45.5966975813, 46.6195072294, 2.86983895703, 1.79809270211, 24.2408313232, 250.069319414, 0.452554219266, 0.21875
0.570892589276, 0.912540875477, 2.00107617992, 0.376163535704, 18.2435031653, 40.2998311685, 2.51979834373, 1.7349347838, 24.4894947254, 236.207030126, 0.454040464778, 0.303225806452
0.570892589276, 0.918026486716, 2.01588938857, 0.267904520812, 46.6027762526, 46.6195072294, 2.89664921623, 1.79809270211, 24.2408313232, 250.11644032, 0.451403923628, 0.336787564767
0.550065981459, 0.820296692692, 2.23920838194, 0.203927354959, 15.0838237452, 48.3204237289, 2.95676504199, 1.02258213865, 23.6838929129, 232.66298944, 0.430910389654, 0.45247148289
0.721519495077, 0.821907059316, 2.06380486632, 0.209293955421, 18.4274723911, 44.1699528516, 2.51979834373, 1.53926468406, 22.1956973371, 200.385810538, 0.465970129503, 0.498098859316
0.607156206956, 0.842105864961, 2.37358790433, 0.487068615389, 14.2406343883, 43.8961680388, 2.44565288129, 1.7349347838, 24.6450272686, 245.53008402, 0.446891846328, 0.364016736402
0.789236193988, 0.821907059316, 2.06380486632, 0.376163535704, 37.0516527929, 43.8549373701, 2.89664921623, 1.7349347838, 22.1956973371, 213.184388223, 0.528523160098, 0.25748502994
0.570892589276, 0.864833277153, 2.03604512858, 0.207730639437, 10.7327552367, 43.8961680388, 2.95307697027, 1.04255897744, 24.2408313232, 231.633631108, 0.438076396695, 0.580128205128
0.721519495077, 0.821907059316, 2.01588938857, 0.209293955421, 18.4274723911, 44.1699528516, 2.51979834373, 1.53926468406, 22.1956973371, 212.353183225, 0.457437087533, 0.649382716049
0.570892589276, 0.918026486716, 2.01320213006, 0.209293955421, 45.7427479642, 46.6195072294, 2.89664921623, 1.81769893638, 26.3423700942, 225.942235047, 0.439516643149, 0.536931818182
0.686680327495, 0.970818064038, 2.34905646395, 0.348860654288, 39.0614203903, 44.9837677745, 2.56646558091, 3.40628560512, 22.0148970497, 241.491163542, 0.564663651443, 0.0
0.501952986428, 1.15692972276, 2.20601011399, 0.23013277337, 6.78863743871, 49.3461081603, 2.2510410811, 1.52504692935, 22.8305096136, 317.346790043, 0.392747850365, 0.658097686375
0.510421994877, 1.00292339414, 2.0185124296, 0.25050819325, 30.9941943836, 40.2691228961, 3.42599406912, 1.98141563784, 31.3185164643, 332.761413826, 0.385854964217, 0.66391184573
0.570892589276, 0.918026486716, 2.00547287216, 0.209293955421, 12.8184306932, 45.3933323181, 2.89664921623, 1.79809270211, 31.7293844444, 317.879135617, 0.401346920662, 0.637450199203
0.567861505142, 1.18766860259, 2.48487061493, 0.385883007797, 45.0615544975, 40.7068134039, 2.34524575272, 1.79809270211, 29.4548483351, 414.217098, 0.406018286943, 0.482905982906
0.63469477464, 0.833078982269, 2.04456917691, 0.478911463177, 18.6923248299, 43.0984486468, 3.50700755625, 0.098269595508, 24.839615495, 282.613993417, 0.522676699432, 0.00320512820513
0.501952986428, 0.826721024708, 2.13895290002, 0.211438978854, 6.64096880266, 48.7378578151, 3.3409568652, 1.4246425507, 35.8022968211, 313.130598378, 0.400828490544, 0.663486005089
0.540279483897, 0.820315469789, 2.03901104591, 0.44282225762, 30.9941943836, 43.8549373701, 3.61093632851, 1.7349347838, 22.1956973371, 292.502992179, 0.423881505264, 0.57492931197
0.890296063607, 0.864833277153, 2.03604512858, 0.207730639437, 43.5704191057, 43.8961680388, 2.95307697027, 1.04255897744, 24.2408313232, 209.17286266, 0.482434737899, 0.595108695652
0.501952986428, 1.15692972276, 2.13895290002, 0.23013277337, 6.64096880266, 49.3461081603, 2.2510410811, 1.52504692935, 22.8305096136, 336.243722293, 0.433135297803, 0.268115942029
0.570892589276, 0.918026486716, 2.23920838194, 0.209293955421, 45.5966975813, 45.3933323181, 2.89664921623, 1.79809270211, 31.7293844444, 337.103373222, 0.403137782498, 0.641114982578
0.567861505142, 1.18766860259, 2.48487061493, 0.228506621234, 45.0615544975, 40.7068134039, 2.51979834373, 1.79809270211, 31.7425249351, 433.164290312, 0.417634784442, 0.380281690141
0.534084452869, 1.16091373691, 2.09230018141, 0.439751730259, 14.0763421269, 40.3479589605, 2.32559465448, 1.58959799623, 31.7293844444, 357.958514396, 0.407280957934, 0.609329446064
0.627732432652, 0.980506430954, 2.08020008604, 0.493342363467, 14.0763421269, 40.2998311685, 2.32559465448, 2.57148139223, 31.7293844444, 324.233552899, 0.474284162117, 0.0
0.736687196366, 0.948469887937, 2.09230018141, 0.439751730259, 14.0763421269, 44.7940319806, 2.32559465448, 1.58959799623, 31.7293844444, 243.692769079, 0.592769275641, 0.0
0.570892589276, 0.918026486716, 2.01320213006, 0.209293955421, 45.7427479642, 46.6195072294, 2.89664921623, 1.81769893638, 26.3423700942, 315.89642882, 0.40516488374, 0.685618729097
0.738149548629, 0.918026486716, 2.03604512858, 0.209293955421, 45.5966975813, 47.4442858575, 2.89664921623, 0.715472688014, 30.057422355, 241.181178114, 0.628326559745, 0.0347222222222
0.714729016624, 0.857064542242, 2.06380486632, 0.376163535704, 14.2406343883, 42.6968357402, 2.77892516775, 1.53926468406, 36.8728536406, 241.375867924, 0.581650777459, 0.045045045045
0.550065981459, 0.820315469789, 2.23920838194, 0.363016386156, 12.8184306932, 45.3933323181, 2.95676504199, 1.02258213865, 37.9611360223, 226.40411037, 0.491841054746, 0.329268292683
0.721519495077, 0.821907059316, 2.06380486632, 0.209293955421, 18.4274723911, 44.1699528516, 2.77892516775, 1.53926468406, 22.1956973371, 209.278806178, 0.487924072295, 0.482649842271
0.714729016624, 0.821907059316, 2.06380486632, 0.376163535704, 14.2406343883, 44.1699528516, 2.77892516775, 1.53926468406, 22.1956973371, 207.99753592, 0.489387874613, 0.464968152866
0.658410928375, 0.889338424206, 2.00913618812, 0.207730639437, 10.7327552367, 49.0559840382, 2.95307697027, 1.7349347838, 24.2408313232, 209.867583126, 0.492424193007, 0.36641221374
0.570892589276, 0.918026486716, 2.00913618812, 0.364609993182, 43.5704191057, 44.610771257, 2.89664921623, 1.79809270211, 24.2408313232, 216.101427475, 0.50076384481, 0.228070175439
0.570892589276, 0.912617511134, 2.00547287216, 0.241154088909, 30.9941943836, 40.349050946, 2.89664921623, 1.33786422181, 42.1378437333, 309.361649483, 0.422337840792, 0.516393442623
0.570892589276, 0.885595075136, 2.03901104591, 0.293150612702, 16.5497713874, 40.3479589605, 2.55405615203, 1.7349347838, 31.7293844444, 254.638472123, 0.447449188791, 0.39603960396
0.550065981459, 0.820315469789, 2.23920838194, 0.363016386156, 1.04385811347, 42.2951701922, 2.95676504199, 1.02258213865, 26.3176954, 243.838489694, 0.433262989021, 0.505617977528
0.570892589276, 0.918026486716, 2.01320213006, 0.209293955421, 45.7427479642, 46.6195072294, 2.89664921623, 1.81769893638, 26.3423700942, 295.777253452, 0.420521080479, 0.589211618257
0.510421994877, 1.00292339414, 2.00236688005, 0.47064964963, 30.9941943836, 40.2691228961, 3.42599406912, 1.98141563784, 31.3185164643, 349.728926267, 0.442308222366, 0.196116504854
0.510421994877, 1.00292339414, 2.0185124296, 0.25050819325, 30.9941943836, 40.2691228961, 3.42599406912, 1.79809270211, 31.3185164643, 427.357690039, 0.399641474358, 0.666007905138
0.501952986428, 0.826721024708, 2.13895290002, 0.211438978854, 6.64096880266, 48.7378578151, 3.3409568652, 1.4246425507, 35.8022968211, 335.773935526, 0.402971624122, 0.687373396354
