4.77289770094, 1.11390623774, 1.6734609913, 1.17588908915, 4.65276697431, 1.0866625052, 1.64549654675, 0.966846801352, 1.11020881412, 2.3939975712, 5.73022155507, 0.955312850796, 4.06160579875, 1.15079579883, 1.07664004959, 1.29008731715, 1.15471006761, 1.21816903274, 4.56478137707, 1.01483510217, 0.772975792133, 267.61686522, 0.890441674455, 5.12350636658, 1.11576877583, 4.2972450693, 0.95808999564, 14.1007021525, 7.10055784214, 78.4616990439
4.91535218688, 1.03442915224, 1.15580601298, 0.933495814383, 5.62677913449, 1.03157460532, 5.16656540606, 0.823014817418, 1.13793685319, 3.04782568058, 4.28491503941, 1.00100425654, 2.80604598249, 1.18662949352, 0.908938090373, 1.53803492318, 1.00704326317, 0.972469588703, 4.6504909069, 1.15812461526, 0.985178002744, 363.822147094, 0.949975260755, 5.13791250396, 1.19895221072, 2.63216237697, 0.943009420396, 23.7140727638, 13.1374362119, 100.265270065
2.45595933738, 1.20861895746, 1.20216807915, 0.918305623014, 5.47079184607, 0.728252156434, 5.01010447066, 1.12423785208, 1.0219138843, 3.32191619888, 6.57244028915, 0.896232628431, 4.73087525458, 1.00896257499, 0.986678862662, 1.54587693526, 1.10156885213, 1.20271690193, 7.62295350389, 1.13183412264, 0.803189565212, 58.3906043245, 0.897349801503, 5.73474330797, 1.13605105152, 1.2928865006, 1.06305318465, 28.4245520638, 10.5837257654, 109.10236101
5.1475289521, 1.09216088189, 0.83017193277, 0.824785621017, 1.99236122528, 0.728780490301, 1.38825479244, 1.23324107239, 1.0038750406, 5.26540974272, 1.84219699166, 1.20695119673, 2.12756200883, 0.998171579299, 0.981606524553, 1.06363574509, 1.13074316086, 1.11201992076, 8.50146521172, 1.05334661134, 0.990748875931, 192.770491175, 1.1984630277, 2.06640098173, 0.963774857503, 1.07802274823, 0.940256282294, 121.741442154, 13.320245499, 821.219787626
4.78460419724, 1.22144897545, 0.859934885656, 0.957315853921, 3.08485088134, 0.862530092137, 4.4601850994, 1.23816511885, 1.13542373119, 3.85724543067, 2.30313593814, 0.834179473171, 3.18261994856, 1.26694190463, 0.871719790813, 1.266070501, 1.16191943972, 1.04493087044, 6.33752365389, 1.17682860631, 0.83499113522, 19.9824570523, 1.05236600208, 4.47075878334, 1.00558581008, 3.54876076672, 1.06703778973, 189.856216035, 14.7975831289, 318.058720874
2.09246357145, 1.22890444, 1.48382584989, 1.13919365116, 3.89696404543, 0.829911333707, 3.60967991668, 1.2592183104, 0.935701370368, 3.65880373245, 2.01242955092, 0.961792713301, 1.28665474486, 0.965184416952, 0.883202974797, 1.15735629868, 1.06321680513, 1.06211246225, 4.49527833556, 1.17550237543, 0.829364944778, 20.4276004235, 1.0063824863, 3.12333353013, 1.13446407469, 2.71625569213, 1.1196980052, 147.114491778, 16.6890347899, 383.898299451
2.14954602756, 1.120324815, 1.64950190362, 1.0083980283, 1.71313441991, 1.09325357637, 3.21347056093, 1.17412959178, 0.94092471612, 1.8640252108, 2.44148325856, 0.902720094907, 3.36981177327, 1.14194893487, 0.92570353277, 1.05504015258, 1.04978727051, 0.829675568118, 9.5915777098, 1.11266684702, 0.92033528827, 65.653463708, 0.985939910858, 3.59150025703, 1.22582749751, 4.71504668848, 0.95791576637, 58.2949352284, 18.0066676413, 524.62499038
4.37544806073, 1.12283164905, 1.52746669333, 0.88707409878, 5.64842214935, 0.912182057754, 4.56743083941, 0.971996529761, 0.965057980858, 3.61967726446, 3.98130204495, 0.981657679722, 1.34800349984, 0.832913376624, 0.911248507463, 1.62542067208, 1.01209925544, 0.863843510757, 9.76141973368, 0.978765114199, 0.922473995221, 416.705070159, 1.09748841537, 5.88244934505, 1.07086651739, 3.87664843221, 1.07451086172, 188.327696793, 14.9885032612, 1847.70391958
3.56241485578, 1.24163824392, 0.896421650095, 1.07269287677, 5.47820688511, 1.01695845584, 3.69774109731, 1.23583295157, 1.13920985488, 5.23265253503, 6.13581243415, 0.972269839042, 2.3911241745, 0.934887772401, 0.816675646394, 1.46118897928, 1.07085429062, 1.06818436611, 3.76491289629, 1.15009176589, 0.937252946688, 416.507630078, 0.971326254147, 3.20332984325, 1.11452059617, 2.53751244366, 0.962207079616, 257.532764712, 16.5369922813, 754.22846702
1.87611379591, 1.17469514747, 1.33856117785, 0.991133922076, 5.12615426321, 1.04888088515, 4.29413960246, 1.00742614787, 0.935116686174, 1.43632266493, 5.05648440182, 1.04172221217, 2.79219444419, 0.909684523467, 0.929150595344, 1.54613114956, 1.01771843502, 0.999807421066, 3.84580815227, 1.04215683659, 0.97978003407, 194.22958506, 1.12062539077, 4.66757404941, 1.12022031446, 4.90190682832, 1.14884528921, 176.27323591, 17.9428334761, 701.560643226
5.14611505768, 1.05406483327, 0.993745553628, 1.11908219626, 6.62033620318, 0.821223373241, 1.39451843491, 0.912627889561, 1.03232400503, 2.17006280645, 6.91784104931, 0.833433963611, 4.8674973987, 1.07466896243, 0.793950401617, 1.09873743149, 1.06741381204, 0.870099663618, 4.350825534, 1.10979335523, 0.769814740548, 185.189435294, 1.08193025146, 1.00383275905, 1.10641270119, 4.10509959172, 1.29338620981, 187.599951187, 17.8849131005, 1391.71565285
1.87611379591, 1.23095495875, 1.33856117785, 0.991133922076, 5.12615426321, 1.04888088515, 4.29413960246, 1.05949446302, 0.935116686174, 1.43632266493, 5.05648440182, 1.04172221217, 3.0413417308, 0.909684523467, 0.929150595344, 1.54613114956, 1.01771843502, 0.999807421066, 3.84580815227, 1.04215683659, 0.97978003407, 194.22958506, 1.19166812043, 4.66757404941, 1.12022031446, 4.90190682832, 1.14884528921, 277.439647304, 16.7467795102, 737.845252423
2.57014639568, 1.19807586558, 1.32684797952, 0.943417737997, 4.50266771581, 1.0925781365, 4.57331739718, 1.15050907449, 0.990291436757, 4.11213774446, 7.7772996481, 1.21674142721, 4.0567155748, 1.24437465226, 0.800486125216, 1.18596060739, 1.04204235854, 1.12126647804, 7.00307890533, 1.08114860224, 0.774424448245, 25.292459664, 1.07109743537, 4.79497595067, 1.11386033895, 3.98431844203, 1.045814818, 321.583948829, 21.1872523456, 607.187463942
2.66078973581, 1.21795783548, 0.876511745199, 1.13127212381, 6.84813399402, 0.884003965628, 1.0842072681, 1.20994380292, 1.10956946717, 5.70912443384, 2.81899464429, 1.21619401941, 2.70853241841, 0.840503469739, 0.956912469712, 1.51450678452, 1.00495607215, 0.861671121453, 3.17353012893, 0.93453789017, 0.880519060764, 126.311089178, 1.18267312693, 4.89572448557, 1.14088426018, 4.14852558849, 0.878170877559, 386.57249763, 22.6953813538, 691.249006892
2.72653429664, 1.20942789669, 1.1355242383, 0.82801050665, 4.12723103907, 1.12975480082, 1.71984656634, 0.837470075125, 1.11428000349, 1.98268287263, 5.35215519955, 1.04130433248, 1.12185858983, 1.0117449784, 1.01499570381, 1.4726224561, 1.13105941067, 0.819445258821, 6.1566998651, 1.13036355442, 0.867464066482, 392.08395817, 1.03221945264, 4.39206132032, 0.974587042389, 5.03210203674, 0.876840448488, 179.258969264, 25.0033809206, 1197.03390554
4.52993461903, 1.19864545249, 1.61614740303, 0.990274251662, 2.18560345248, 1.13369139453, 5.73435218659, 1.24837258921, 0.924881018926, 5.88150279308, 5.23436442804, 0.837650991297, 3.93597216314, 1.00998195497, 0.828134445492, 1.12543624954, 1.01016741128, 0.927497637462, 8.68294770341, 1.09622556392, 0.829876471399, 176.338262352, 0.919526220551, 5.97716070039, 1.00080000622, 5.44601597416, 1.07836265496, 253.437578447, 28.7717895067, 738.386267436
2.9012200977, 1.10328214429, 1.12208528402, 1.11136372799, 4.61293467415, 0.923779229078, 3.54874734241, 0.932263887202, 0.995821082223, 4.02772690107, 1.80231684129, 1.00501804792, 1.22265677024, 1.11340994805, 0.934022505343, 1.39359875022, 1.11722548967, 0.849433597795, 3.65411721644, 1.10559966253, 0.883143027326, 125.473922576, 1.07076590859, 1.12193800632, 1.20633707189, 5.36465671483, 0.900124511728, 371.343643098, 17.5540182482, 933.481882178
5.79451837548, 1.39576894138, 0.833933243034, 0.83575499339, 3.33552758476, 0.873186032408, 1.28348669471, 0.846654848535, 1.00060888435, 2.64149300047, 3.96646902085, 0.856779029898, 4.65652849617, 1.10155989295, 0.987468891786, 1.27141433069, 1.11328527108, 1.05524225656, 7.35661960056, 0.972757969101, 0.954783761667, 36.4180184355, 1.09501066012, 2.23368318041, 1.07933445352, 2.08586351192, 1.2410703133, 536.448503963, 16.8879395957, 1371.30436042
3.66162203114, 1.17099363832, 1.47702559625, 0.998713707586, 3.41121876134, 0.763015481419, 5.86877481519, 1.11872330979, 1.02440175551, 1.77092661795, 2.82537325717, 1.1758314682, 3.03386687365, 0.994856254666, 1.0556643971, 1.39461854031, 1.15937598237, 1.14516270277, 9.07844660711, 0.979550117561, 0.909788859434, 163.547824578, 0.939070110396, 2.25660809875, 1.23691911064, 3.92899850069, 1.12306651235, 240.92979996, 26.0429688399, 858.97067129
5.1287010651, 1.09460689192, 1.71891798413, 0.965678445179, 1.65632231426, 0.923194913742, 1.51540877878, 0.948589838239, 1.03356263786, 4.912812912, 1.84445937605, 1.07662808564, 4.10694532819, 1.22784573001, 0.934221245634, 1.19952147138, 1.07841134576, 0.850251182645, 7.92117680058, 1.16174049246, 0.967950280011, 386.711760849, 1.10432232176, 4.04723964436, 1.11469479755, 4.50079106718, 0.9207235453, 500.065476868, 17.2033415116, 4140.06649767
2.55764902525, 1.24471681823, 1.46144941266, 0.868999559904, 6.72846229977, 1.17878226107, 2.30380330729, 0.842726867749, 0.903312772972, 4.67072116911, 3.05419910105, 1.17331517944, 2.44771941849, 1.27136367269, 0.790215513691, 1.11922053383, 1.03553581258, 0.882529589555, 8.35663642046, 0.961712813874, 0.765859614223, 349.978618412, 0.871253131988, 5.33732072231, 1.14725121322, 3.37311079838, 1.04974204472, 236.807987427, 26.2977472456, 1615.48876478
1.92189280257, 1.42347198056, 0.817330739021, 1.12375187743, 6.15077625561, 1.17107706992, 3.16363304029, 0.865084805679, 0.949800824279, 5.01760548728, 3.01017077232, 1.13519519665, 1.34459800413, 1.21516853124, 1.05964119894, 1.52766069697, 1.14717386231, 1.1645803335, 7.49697787423, 0.915379375324, 0.995625573588, 171.626513577, 0.847246343554, 2.7812392431, 1.0005370573, 2.31754520718, 1.22656004135, 596.66392485, 17.0829963336, 4083.82449559
2.24096548199, 1.33347172728, 0.962063972723, 0.898173413967, 3.38604451034, 0.987555464622, 1.85439314308, 1.0017838654, 1.06224548479, 5.32861016419, 3.23559651614, 1.09366926706, 2.7856726038, 0.893104230148, 0.984847779277, 1.56608223054, 1.02354465415, 0.975896005413, 5.80611944353, 0.990431969078, 0.94838634963, 157.417437456, 0.906454641247, 5.86411363566, 1.08087307355, 4.32825666196, 1.05022991965, 319.420977854, 21.6932264839, 862.738281145
2.70679005861, 1.40313540461, 1.40021706947, 0.81189924296, 2.03671412834, 1.12186629063, 1.27681163043, 1.01606201171, 1.05886602037, 5.53721216583, 7.1372634574, 1.09336860615, 1.17059602077, 0.966566836888, 0.857952248232, 1.36032791998, 1.02326992404, 1.07913932311, 5.16293429388, 1.18928139697, 0.781712444356, 417.54386263, 0.957040930803, 3.52051413282, 0.968217733616, 4.73840671932, 1.2229981634, 305.199146198, 21.7061364535, 954.381195988
3.83285539073, 1.1033748872, 1.17772469457, 1.04542623945, 6.97718323022, 0.887836907585, 3.75795657729, 0.998397557654, 0.921931308017, 3.53633418404, 4.61205021816, 0.95893510611, 2.90759417779, 0.963067221868, 0.985917075183, 1.13944369711, 1.08343990754, 0.97261242673, 4.28807162334, 1.16504217381, 0.97614217582, 133.66941298, 0.94169962939, 4.4735783326, 1.00884303276, 3.71146736639, 1.15301785486, 645.775747534, 21.7407856337, 848.159752944
3.16437196386, 1.30917454003, 0.947286673871, 0.83942736384, 3.64640331713, 1.14526719365, 5.97859253067, 0.988262401002, 1.10291194888, 3.37418198749, 5.94604382033, 1.11967839721, 2.44300365833, 1.23812365678, 1.03558668875, 1.4112633836, 1.1038366171, 0.984996460966, 3.8905880355, 1.04383102364, 0.871677402503, 291.427893018, 0.900731013208, 5.99850203071, 1.12130201083, 2.00687164458, 0.925701030059, 312.297136483, 18.033775989, 1932.50589682
4.37544806073, 1.12283164905, 1.52746669333, 0.88707409878, 6.69163605205, 0.912182057754, 4.56743083941, 0.971996529761, 0.965057980858, 3.61967726446, 3.98130204495, 0.981657679722, 1.34800349984, 0.832913376624, 0.911248507463, 1.62542067208, 1.01209925544, 0.863843510757, 9.76141973368, 0.978765114199, 0.922473995221, 416.705070159, 1.09748841537, 5.88244934505, 1.07086651739, 3.87664843221, 1.07451086172, 607.91933113, 35.5857728558, 960.391405884
5.30711889187, 1.18081261125, 1.28704983971, 0.80876570839, 6.69386974112, 0.787832035187, 2.12664136541, 0.92035981684, 0.96050638261, 3.75305463756, 5.06734415909, 0.838819485841, 4.28334033164, 0.94884275391, 1.00705368537, 1.5427443673, 1.06975438674, 1.132975575, 8.75656231835, 1.0082668492, 0.788819161967, 344.804643556, 1.0309218339, 4.9835582747, 1.10654546877, 2.31532603611, 1.00641691993, 658.132972899, 19.0792179771, 8597.56213129
1.25537714267, 1.29964429611, 1.55536518391, 0.93330322966, 2.11968442242, 0.915016704481, 5.64356947512, 1.00131690653, 0.946489518394, 1.96723577487, 4.69140821263, 1.07772777119, 4.8001582186, 1.01905845425, 0.83484316098, 1.19732475165, 1.04086762536, 1.05991030695, 6.9621181262, 1.08648194276, 0.965644828042, 271.456265349, 1.09646538599, 5.61791108222, 1.12691203686, 4.56939354049, 1.08615720371, 613.33555198, 20.8169150807, 5670.85325804
2.66078973581, 1.21795783548, 0.876511745199, 1.13127212381, 6.84813399402, 0.884003965628, 1.0842072681, 1.20994380292, 1.10956946717, 5.70912443384, 2.81899464429, 1.21619401941, 2.70853241841, 0.840503469739, 0.956912469712, 1.51450678452, 1.00495607215, 0.861671121453, 3.17353012893, 0.93453789017, 0.880519060764, 126.311089178, 1.19398162857, 4.89572448557, 1.14088426018, 4.14852558849, 0.878170877559, 767.287137021, 20.7617247427, 5561.37013674
5.69825984601, 1.2546686559, 1.18552798639, 0.832389096037, 2.83158308226, 1.0355571043, 3.48957888099, 0.969910939502, 1.02507498919, 2.38477384468, 5.29437590898, 0.822107506688, 2.63154089459, 0.879185235301, 0.900365191176, 1.4750587484, 1.16832798798, 1.11120113032, 8.25176775743, 1.07508636432, 0.901715159769, 36.4682953909, 1.09294778656, 5.58816027371, 1.00374588837, 1.36193276999, 1.24343079455, 897.608527519, 20.3572315932, 5108.16978355
1.97758504254, 1.11477749934, 0.775251053815, 0.822093796587, 3.11203966261, 1.16270991413, 1.80981163678, 1.13191256046, 1.11608273871, 1.85230927454, 4.70908207462, 1.01270538511, 3.76822740176, 1.15138356894, 1.04710960906, 1.31841602369, 1.16059606463, 1.04056503702, 3.16708512157, 1.10683029386, 0.799624342996, 84.0559608273, 1.10306192209, 3.3677667854, 1.08986579581, 3.62993250621, 1.26952900978, 757.154252666, 19.716108214, 10626.4756155
3.66162203114, 1.17099363832, 1.47702559625, 0.998713707586, 3.41121876134, 0.788354502211, 5.86877481519, 1.11872330979, 1.12347607673, 1.77092661795, 5.44784595277, 1.1758314682, 3.03386687365, 0.994856254666, 1.0556643971, 1.16765699615, 1.15937598237, 1.14516270277, 7.5738148442, 1.04356864824, 0.909788859434, 163.547824578, 0.939070110396, 5.26759124055, 1.23691911064, 3.92899850069, 1.12306651235, 1629.45696187, 32.744815205, 1035.94602973
4.91535218688, 1.03442915224, 1.15580601298, 0.933495814383, 5.62677913449, 1.03157460532, 5.16656540606, 0.823014817418, 1.13793685319, 3.04782568058, 4.28491503941, 1.06449759073, 2.80604598249, 1.18662949352, 0.908938090373, 1.58358870034, 1.00704326317, 0.972469588703, 4.6504909069, 1.15812461526, 0.985178002744, 363.822147094, 0.949975260755, 5.13791250396, 1.08329185617, 2.63216237697, 0.943009420396, 486.061726418, 34.0137193816, 1376.62109726
2.68478711677, 1.01123932903, 1.63658207218, 0.874788120819, 6.60014079601, 0.874737433798, 3.37051953841, 0.980403099931, 1.08791007611, 3.57660875455, 6.62864838267, 1.00929954373, 4.31837816952, 1.00895956385, 1.08903177249, 1.35267935819, 1.00573799449, 1.11986645555, 4.07748687705, 1.06525683903, 0.934108801106, 372.385976255, 1.11435166663, 2.84182798421, 1.06113743866, 1.65744385948, 1.09750130522, 389.071595082, 23.4814741167, 3255.06872075
4.93249346883, 1.35800515262, 0.96134468801, 1.05870652101, 4.12984442318, 0.83679189888, 5.54541909099, 0.984139125354, 1.01949949029, 4.75334578577, 5.68226468879, 0.998563148913, 1.39024354409, 1.22338539781, 0.983009129864, 1.02879052377, 1.04117801458, 1.14650793113, 3.12863182834, 1.16071591144, 0.809587159907, 64.6323796387, 0.928049252841, 3.26752757033, 0.985892930854, 3.76170422466, 0.905463920727, 484.154029903, 24.4493767117, 5151.63465625
3.29516473106, 1.28140067724, 1.31102507421, 0.81931088287, 4.45135440797, 1.06043945881, 3.71467843497, 1.05848839857, 0.956879084436, 5.88540696691, 6.45735980862, 0.818504707229, 4.33564795681, 0.848134031999, 0.854953466681, 1.57979325022, 1.05702219274, 1.16436918201, 8.98619508137, 1.08979250703, 0.860203067491, 338.64842581, 1.14122208024, 1.79842363628, 1.11873204813, 5.21372433752, 1.17372179413, 807.369903957, 23.2718139583, 3388.6489772
1.21925706308, 1.37175649893, 1.73131354197, 1.19283226463, 6.9297393369, 1.0499080126, 5.48832602714, 1.20732067849, 0.963530573244, 3.26717023421, 7.1093885265, 0.910283298643, 1.32171454223, 0.934234669912, 1.05234059893, 1.22156480347, 1.03515672101, 0.829541363024, 7.59820733552, 1.08602510868, 0.915061939456, 309.660498242, 0.92943918471, 4.12386267387, 1.09851517881, 4.63350969225, 0.872623058858, 557.136906905, 26.2334581746, 2657.42407146
2.47177177716, 1.11567537747, 1.53257060463, 0.936625869571, 3.19588399749, 0.823652739246, 4.04355270637, 1.19144164958, 1.06708032817, 3.52773406256, 7.28719197125, 1.07081598844, 4.11271662716, 1.10050699839, 0.861399239354, 1.41140067318, 1.0292790228, 1.18918286413, 4.83033462698, 1.09493382826, 0.877195845297, 320.138839669, 1.15853166451, 4.07257766463, 1.04797152104, 3.46314218137, 0.876734456473, 676.939971667, 35.7703071231, 1549.69057467
3.77447271856, 1.41674092359, 1.31377580689, 1.08922373412, 2.76769204957, 0.853589762126, 3.45679508566, 1.18732939067, 0.977414318065, 3.39660537365, 7.66026399681, 0.852707955246, 2.13994502221, 1.01280637344, 0.876680205205, 1.58310264209, 1.13623898851, 0.967026282299, 8.88896615813, 0.978232225995, 0.874623616824, 174.070172855, 1.08198024666, 4.19097770028, 1.09566756104, 3.46315079632, 1.07113000011, 757.628348978, 22.8082147539, 4462.96766239
3.30436294879, 1.42336090329, 0.756406098182, 1.0927573704, 1.46871768939, 1.18668131472, 4.25849881608, 1.09394601547, 1.09289182278, 2.88246140365, 4.93121572338, 1.16185822897, 3.16779412085, 0.85610520971, 1.05067281149, 1.3002984501, 1.00221606549, 0.916778863369, 5.0557083648, 1.00380543412, 0.774260458301, 323.138594685, 0.895155674351, 2.03714450071, 1.06878910881, 1.9381889109, 1.28460408984, 757.083015551, 26.0958189887, 2405.58559543
2.47177177716, 1.11567537747, 1.53257060463, 0.936625869571, 3.19588399749, 0.823652739246, 4.04355270637, 1.19144164958, 1.06708032817, 3.52773406256, 7.28719197125, 1.07081598844, 4.11271662716, 1.10050699839, 0.861399239354, 1.41140067318, 1.0292790228, 1.18918286413, 4.83033462698, 1.09493382826, 0.877195845297, 320.138839669, 1.15853166451, 4.07257766463, 1.04797152104, 3.13613723687, 0.876734456473, 512.596263034, 32.4619604881, 3433.99630975
5.79804941603, 1.33137510122, 0.786939691846, 0.876954726622, 5.47612983633, 0.860166925818, 1.27300492299, 1.01054070816, 0.948310422984, 4.60918458009, 7.77403689335, 0.968255792612, 4.27285195941, 1.14641591423, 0.911870074487, 1.33190949231, 1.08258545001, 1.07846633527, 6.4211907477, 0.917537586095, 0.845265687237, 164.804078296, 0.991756869972, 5.21679509144, 1.14812108827, 2.56213174889, 0.891164923026, 391.69374172, 31.5250850482, 3591.3028438
2.26408618625, 1.17415074101, 1.72374073847, 1.10792106191, 1.52453620965, 1.16257375191, 2.09884855348, 1.09537322481, 0.929700369595, 1.24602751535, 4.43378430212, 1.18117484035, 4.06043593859, 0.961178341171, 0.803132427966, 1.23879495572, 1.14174633071, 1.05476644264, 5.37308666951, 0.955377161403, 0.84908657882, 54.4422001596, 1.02620733694, 2.68839321063, 1.06855426202, 2.64269270676, 0.968006036141, 943.810207998, 28.6711061273, 2102.67652429
1.25537714267, 1.29964429611, 1.55536518391, 0.93330322966, 2.11968442242, 0.915016704481, 5.64356947512, 1.00131690653, 0.946489518394, 1.96723577487, 4.69140821263, 1.09366926706, 4.8001582186, 1.01905845425, 0.83484316098, 1.19732475165, 1.04086762536, 1.05991030695, 6.9621181262, 1.08648194276, 0.965644828042, 271.456265349, 1.09646538599, 5.61791108222, 1.12691203686, 4.56939354049, 1.08615720371, 999.387138004, 22.9379850216, 5271.45658346
3.71039391164, 1.35524182997, 0.918774930815, 0.999509211585, 4.38479228068, 0.971814689853, 4.95259495261, 0.964578966567, 0.94169818342, 5.66116207354, 4.06896493007, 0.913662803005, 4.47545871077, 1.10117694459, 0.854953466681, 1.4309478313, 1.05137380616, 1.14130020214, 4.38013873662, 1.142500351, 0.97789877902, 315.053927413, 0.879433829441, 1.00797684819, 1.22550925673, 4.09459729094, 0.985180483315, 647.347671365, 26.3688598771, 2913.88276692
3.18928750865, 1.29826233438, 1.38214265693, 0.959911186938, 6.19589672696, 1.18229587974, 3.40734660255, 0.915088809256, 0.918978029883, 5.69318802142, 4.26298258966, 1.10160799694, 2.19841864151, 1.19602468748, 1.02567880209, 1.00365014668, 1.03653304706, 1.14322632556, 8.35533322248, 1.1703864992, 0.988977807299, 372.631394444, 0.902435853284, 1.48612558683, 1.09953509503, 5.33727933924, 1.106400411, 671.860274759, 25.6713713031, 4584.85140118
5.3221253828, 1.19174291411, 1.50825489817, 1.18695478035, 5.60303991561, 0.997112266256, 2.28307744205, 1.08748944199, 1.02151668762, 4.92879228971, 4.43715076288, 1.02207966637, 2.49539551216, 1.26692921377, 0.897666636108, 1.26434327352, 1.11773556308, 0.972177246445, 9.37806890997, 0.919280577356, 0.816400357115, 333.101421193, 0.866685139553, 3.47672783138, 1.20023966572, 2.31597581874, 0.896735554548, 631.582009984, 37.0617684444, 2646.82110987
3.47313563371, 1.28965128089, 0.946267481698, 1.10061459492, 4.17959437271, 0.712099927852, 4.29571353232, 0.965627768159, 0.984634124765, 3.68088108805, 4.40644234464, 0.931058173183, 2.06950574302, 1.15104823996, 0.784415073288, 1.62133992532, 1.16253671137, 1.19836178261, 5.08279845542, 1.12829528464, 0.833076636312, 359.24323561, 1.13561517571, 5.17582578717, 0.990154642157, 1.71048109888, 1.07150142325, 642.719369381, 35.6224488346, 2255.90467011
5.83892540006, 1.29771814325, 1.34480995768, 1.0274939014, 1.90748560249, 0.74605526998, 3.31655532091, 1.23540400587, 1.02064089202, 1.94345614156, 2.34769367511, 0.895375312175, 1.99326586398, 1.22485269266, 1.01210310646, 1.62530012234, 1.06673355952, 0.934902523841, 7.75696076606, 0.930972205507, 0.824033145509, 236.995617279, 0.987996196996, 5.28843319789, 1.112735417, 1.14026471435, 1.28298703635, 648.077833364, 34.5484364251, 1953.55733468
4.1006797193, 1.32448816708, 0.960209687864, 1.17499377975, 4.54371477759, 0.882012529797, 4.47353539583, 0.998219649062, 1.12268892819, 4.41154464186, 2.68548055119, 0.874031767791, 3.49834981646, 1.16705859723, 0.92298031216, 1.36104528215, 1.03199754146, 1.13483477452, 5.91390706902, 1.09042976072, 0.865569488108, 58.1515380895, 0.850134406413, 1.43487175398, 1.01010717198, 3.34349531523, 0.93797444899, 1016.64248685, 32.9341310163, 2650.06121574
1.92189280257, 1.42347198056, 0.817330739021, 0.85273464971, 6.15077625561, 1.17107706992, 3.16363304029, 0.865084805679, 0.949800824279, 5.01760548728, 3.01017077232, 1.16602031627, 1.34459800413, 1.21516853124, 0.843104364216, 1.52766069697, 1.14717386231, 1.1645803335, 7.49697787423, 0.915379375324, 0.995625573588, 171.626513577, 0.847246343554, 2.7812392431, 1.0005370573, 2.31754520718, 1.22656004135, 2157.91299612, 25.5775204217, 4628.44717759
5.91081237302, 1.38996085809, 0.990063109138, 1.1492562063, 5.32989622411, 1.13721799744, 4.11231238609, 1.12831086433, 1.00328975902, 1.49594747026, 2.93695417603, 1.09556643217, 4.25625038416, 0.8749929793, 0.889303382712, 1.40545736222, 1.05474131135, 0.933812952291, 9.90941589539, 1.01071818519, 0.861184754203, 107.128839188, 0.989677764278, 5.85272822728, 1.15118587259, 4.6213255345, 1.12488983034, 1337.47860047, 31.6678161057, 2806.04587523
1.45653606994, 1.24935241141, 1.50416009189, 1.05720442949, 6.40075295462, 1.12728056391, 3.02274033165, 1.10966496774, 1.00051386, 4.44158418235, 6.55102385961, 0.909689035225, 3.56158485193, 0.971524777213, 0.852509350155, 1.57596208914, 1.08940087652, 0.857232807481, 6.42172154565, 1.15331161191, 0.922861211662, 369.524693993, 0.907603856968, 1.43712337177, 1.1019659605, 4.50773367835, 1.10867114245, 612.47008931, 26.6929357077, 8448.43466428
2.89456927895, 1.19227661022, 1.61667255957, 1.08504976514, 3.55904861755, 0.996374876202, 2.58411326557, 1.11561605059, 1.04913448443, 5.73201600972, 6.84952515575, 1.02847327404, 2.85810964178, 0.825683530171, 0.859889751177, 1.58323094924, 1.01963464181, 0.813147733721, 4.27306733378, 1.04144311349, 0.989827969848, 169.62882792, 1.06930171011, 5.4279620827, 1.01680251827, 2.35413517258, 1.27713553177, 861.616512372, 24.4988254876, 6103.98775744
5.86999336912, 1.0170158952, 0.820044291469, 1.21252690015, 3.75397885432, 1.00089146704, 5.61795221883, 0.895865120388, 0.960945431434, 4.26458486994, 1.64623391838, 1.03777791002, 4.0087472693, 1.273965174, 0.79996611525, 1.36138587569, 1.04952809009, 0.831232452131, 9.26431317845, 1.13023249011, 0.978538699139, 319.969472953, 0.994262968485, 2.91325392722, 1.10373191645, 3.48963723073, 0.967555093712, 810.584154783, 24.664506489, 8592.69248171
5.91081237302, 1.13356244019, 0.990063109138, 1.15642808095, 6.50351012402, 1.03249170982, 4.06762294897, 1.01866978646, 0.95175491718, 2.36967474932, 6.789754485, 1.16650603899, 3.90398445779, 0.837854265108, 1.04357926408, 1.12540410552, 1.13469515386, 0.924626808216, 4.9647900322, 1.15140568062, 0.809376334432, 259.446653966, 0.850609951422, 1.40718937925, 0.984199480491, 4.6213255345, 0.911252047102, 1316.8025817, 24.2858775116, 28437.9457517
5.1475289521, 1.09216088189, 0.761025098007, 0.818410915374, 7.04417619178, 0.728780490301, 1.38825479244, 1.23324107239, 1.0038750406, 4.46626277584, 1.84219699166, 1.20695119673, 2.12756200883, 0.998171579299, 0.981606524553, 1.06363574509, 1.13074316086, 1.11201992076, 8.50146521172, 1.05334661134, 0.990748875931, 192.770491175, 1.10496739195, 2.06640098173, 0.963774857503, 1.07802274823, 0.940256282294, 708.666246193, 36.8909776715, 3394.96359613
4.25544854435, 1.26115793886, 1.26473409954, 1.16484141134, 6.17282353921, 0.959792445333, 2.86125543012, 1.18313219762, 0.902101388992, 3.32900497943, 4.04477682227, 1.15093293574, 4.08066990748, 1.09364220151, 0.929916951689, 1.06476416269, 1.15134045844, 1.11906638241, 3.2705340035, 1.175504998, 0.780364680588, 267.256486322, 1.00840450591, 3.16225199204, 0.991269558112, 1.4971765022, 1.04303847521, 1629.62265136, 25.2986090003, 5739.31754166
3.08273965355, 1.17415074101, 1.30090242173, 0.90663826203, 2.60912509245, 0.92297479246, 2.00493921458, 1.20224417807, 1.11501093795, 3.40003534262, 6.42392414155, 1.20757155458, 2.35940595678, 1.0227647778, 0.951113976778, 1.43228682425, 1.12982398542, 0.869886925321, 9.95280852454, 1.1043375161, 0.787080070196, 195.995884515, 1.10007271718, 5.61017582197, 1.00074837724, 4.63139459854, 1.0398275463, 1080.84167399, 25.7580314689, 5897.40419423
3.94893389277, 1.26856244252, 1.70131533611, 1.01444473122, 6.91229186365, 1.04578526385, 3.76054632688, 0.82857178082, 0.928199759371, 5.32501009964, 5.05143530129, 1.10246743566, 4.2268325215, 0.82799029737, 0.921333789101, 1.51656126633, 1.09770023613, 0.961491590422, 5.94989991651, 0.941425538724, 0.780146905337, 76.8723712064, 1.15195706454, 3.25190210486, 1.01812354791, 2.63702695692, 1.26855516536, 1360.79722653, 26.1788567308, 5432.59904301
2.34847694669, 1.30388535576, 1.19152322813, 1.04073945225, 1.58845806932, 1.16850564462, 3.10118134292, 1.20941344062, 1.11666801073, 2.87978383455, 5.51025201452, 1.17809398696, 3.04474648105, 1.08775588567, 0.925996371977, 1.46118897928, 1.01113246483, 1.22529325287, 5.24552862362, 1.1244467479, 0.997055788205, 314.607919747, 1.12215268206, 5.22673518128, 1.16271682577, 1.92583221878, 0.896059925683, 1193.74305219, 26.7120851407, 4948.78725526
4.17219096821, 1.02758468807, 1.53264101458, 1.17245492626, 3.94875685396, 0.790453648853, 5.9100907595, 0.840571537193, 0.928254955854, 4.46012853174, 2.68359135486, 0.997944202272, 3.16694705902, 0.947244168634, 1.02264460234, 1.30557413026, 1.09097140213, 1.09014265594, 5.61797500713, 1.06425814997, 0.787390378933, 318.549679757, 1.04231875353, 1.58907748325, 1.08095012208, 2.85339716828, 1.25598703363, 3486.13380758, 43.649466652, 2900.11371838
1.45942862621, 1.1837445754, 1.1954520166, 1.17396728725, 1.53739239387, 0.813521980119, 5.40491917402, 1.18168954593, 1.00423570262, 1.69344367009, 3.12472390865, 1.01512178661, 2.17965045985, 1.08834334024, 0.898210856496, 1.01200614885, 1.04111819314, 0.890103168202, 8.97753336856, 0.942252424413, 0.853026059785, 121.594372329, 0.898666859015, 5.16435445824, 0.970074232479, 4.31267895823, 1.11806523669, 1694.07482527, 24.7390708673, 19730.0539021
2.24126699441, 1.2288548343, 1.35787422677, 1.21838774228, 3.52553997996, 1.16038527002, 5.82050612775, 1.06250503152, 0.972553431065, 3.76588262544, 1.92587988726, 1.19175130409, 2.14294438061, 0.945480953825, 1.03702468991, 1.14255085792, 1.07634938703, 1.01953271057, 5.38015320966, 1.06930022562, 0.980936526659, 41.4908291599, 1.08861834849, 5.59121872235, 1.04948588133, 5.03446164546, 0.97480884651, 2019.0983124, 51.7796505229, 3149.26499173
2.45595933738, 1.20861895746, 1.20216807915, 0.918305623014, 5.47079184607, 0.728252156434, 5.01010447066, 1.18386450807, 1.0219138843, 3.32191619888, 6.57244028915, 1.12064341618, 4.73087525458, 1.00896257499, 0.986678862662, 1.54587693526, 1.10156885213, 1.20271690193, 7.62295350389, 1.04568876045, 0.803189565212, 58.3906043245, 1.14780928522, 5.73474330797, 1.13605105152, 1.45176289762, 1.06305318465, 694.913144289, 28.8133082939, 17441.5806737
1.37555089356, 1.24294859176, 1.07485150468, 1.12202862413, 5.00635084122, 0.712851961605, 2.43132447287, 0.918213803567, 0.951843820628, 2.29419760027, 6.60604703085, 0.942474485749, 2.3202266911, 1.1748790506, 1.049959537, 1.34818025771, 1.02347277259, 0.913318874065, 9.12566792957, 1.12799520852, 0.91246491505, 301.879931013, 1.15542432159, 2.44587786236, 1.11739438755, 4.48438221121, 0.87897251496, 1738.26055931, 29.5026421972, 4778.09430773
5.71708275621, 1.24830848253, 0.908945811824, 0.818834683508, 3.78283178575, 1.17704117607, 4.54544955493, 1.14222884129, 1.13587098233, 3.25529869012, 5.78296476457, 1.21455294244, 3.67807875252, 1.24515693066, 0.784335159294, 1.18767734891, 1.06544167544, 0.993830483723, 3.94696324418, 1.136339144, 0.907792963633, 306.268295888, 1.1178578941, 1.20281796238, 1.02552954956, 2.33926862493, 0.927294332322, 3293.71575725, 30.1063751471, 4586.30537902
2.70679005861, 1.40313540461, 1.38055612051, 0.81189924296, 2.03671412834, 1.12186629063, 1.27681163043, 1.01606201171, 1.05886602037, 5.53721216583, 7.1372634574, 1.09336860615, 1.28923921734, 0.966566836888, 0.857952248232, 1.36032791998, 1.038467055, 1.07913932311, 5.16293429388, 1.18928139697, 0.781712444356, 417.54386263, 0.957040930803, 3.52051413282, 0.968217733616, 4.73840671932, 1.22278469034, 783.841158503, 27.6826318489, 6928.36645762
1.25904784964, 1.26131220598, 1.66491331381, 1.07525756159, 6.12061337206, 0.825026676921, 5.14933220964, 1.12915154584, 1.07829383793, 4.17667921854, 7.19098887397, 1.18213937878, 1.18653242747, 1.13279489559, 1.04676675424, 1.14561150503, 1.0371527863, 1.08933188164, 3.59140424867, 1.10251396852, 0.888601959346, 206.079776317, 1.09182301666, 3.65527965895, 0.985200763261, 4.31806201289, 0.944160367948, 2130.94221418, 26.6565254861, 5172.59981513
5.25773972282, 1.37945580586, 1.62829633516, 0.877496775509, 5.87622790746, 1.10100772383, 5.77362159446, 1.14966462821, 1.02676918079, 5.30309050684, 4.22970773475, 1.10062506734, 1.59716273906, 1.04845007458, 0.817325543785, 1.33070917358, 1.10140245616, 1.03130680863, 8.33299475213, 1.08761325732, 0.920879249029, 154.978329339, 1.17397063279, 2.41200039828, 1.04453025479, 1.22414944593, 1.27188143526, 847.230939309, 28.8790870777, 5599.81314507
3.30436294879, 1.42336090329, 0.756406098182, 1.0927573704, 1.46871768939, 1.18668131472, 4.25849881608, 0.863012531481, 1.09289182278, 2.88246140365, 4.93121572338, 1.16185822897, 3.16779412085, 0.85610520971, 1.05067281149, 1.3002984501, 1.00221606549, 0.916778863369, 5.0557083648, 1.00380543412, 0.774260458301, 323.138594685, 0.895155674351, 2.03714450071, 1.06878910881, 3.58293426034, 1.28460408984, 1896.12224848, 25.4777190314, 77216.3146155
3.7883606643, 1.26038253678, 1.2835048029, 1.10084939773, 6.86865103151, 1.05066295381, 3.54775798434, 0.859582951943, 0.946420802979, 4.1327791766, 2.21027219032, 1.01464094688, 3.48223996904, 1.03514383974, 0.781439233717, 1.53170121946, 1.12840791123, 0.975650164253, 3.5775673704, 1.07505209725, 0.775480555925, 245.947883587, 1.07883569273, 5.17381261438, 1.05113412041, 4.21710665573, 0.98119683084, 1816.78351309, 25.7432210579, 13744.2000267
3.11166210752, 1.0617263955, 0.969436882142, 0.832452487294, 4.03150405987, 0.925093065253, 2.57851426654, 1.19520437285, 1.04710452942, 3.47614005873, 3.23441483898, 1.19485292682, 3.55839803439, 1.13596564014, 1.05392417923, 1.59615972609, 1.04538803039, 0.956063809955, 9.00305749922, 0.944897266401, 0.866195239205, 404.822093626, 0.860451786543, 1.30234815506, 1.19458803636, 5.25800547029, 0.92457658185, 1301.6124723, 26.5854433718, 6068.02704443
5.51308742412, 1.34602149893, 1.04553663551, 0.832517853132, 3.13690902293, 1.06035059915, 4.53758503952, 1.12423785208, 1.09435539069, 3.57279237629, 4.80185715946, 0.892352150863, 1.58199827372, 0.953371973554, 0.913152494043, 1.34244707608, 1.16007113659, 0.833635177707, 3.98793286154, 1.17021657506, 0.796122094589, 390.413661703, 0.939750014541, 2.2771523555, 1.05477811005, 1.4934003293, 0.989730513476, 1530.6050023, 28.0735934793, 5886.42856989
4.7608788227, 1.29537241964, 1.41798981855, 0.999713510469, 4.91575616969, 0.78816748093, 1.32847266699, 1.02025921044, 0.921932714113, 3.78380570335, 6.03481302944, 1.02450474764, 3.80036989642, 1.18949827474, 0.953931085585, 1.47770492135, 1.03829429309, 0.867982195462, 3.85043284326, 1.0236521574, 0.881403965291, 170.113983418, 1.19774048285, 4.18614628727, 1.20138727864, 4.99121514656, 1.23954249679, 772.273264997, 40.2505983607, 5550.35914475
5.78303482645, 1.05112875438, 0.970530345709, 0.825684042926, 2.48567359139, 0.765180311719, 1.0383081457, 0.991593364754, 1.05829204965, 4.90226834986, 7.72242689934, 0.952806861138, 4.26628391084, 1.23375183017, 0.832387598325, 1.25335549146, 1.14292645406, 0.92228867857, 8.55648497874, 1.18011153766, 0.7728213644, 254.618852223, 1.01696093701, 5.63876069976, 1.03646159693, 3.38330236804, 1.22274135295, 2192.49171927, 37.6368966696, 4388.37271557
1.86246974481, 1.3712956509, 1.46002498987, 1.07386645191, 5.46320682059, 1.09753344029, 2.34034914813, 1.19246443723, 1.13490985755, 3.91512574154, 5.44784595277, 1.09536746222, 2.12994059074, 1.05319631722, 0.953817935918, 1.08072885549, 1.07229782381, 0.964474091691, 8.32903007922, 1.01527298709, 0.802722043997, 64.8731278482, 0.850554663468, 3.47934233184, 1.1482861772, 5.19475124111, 1.1631623083, 951.695228885, 40.8231489894, 4651.32564228
5.07129973615, 1.02462030424, 1.0115894198, 0.97630354825, 4.31202061118, 0.910715158624, 4.07978122776, 1.07803705063, 0.92525204492, 5.98179782951, 7.27612486878, 1.15422839197, 4.23146979411, 0.992923400095, 1.01706416728, 1.46134447925, 1.14802262407, 1.13756216254, 9.59869662775, 1.15682511788, 0.868851405991, 270.657443478, 0.981531404844, 2.31062402006, 1.0177028879, 5.04085105928, 1.21729584978, 980.832264082, 30.7392232529, 8002.63977127
5.74724810005, 1.04019121334, 1.2570525368, 1.01074707912, 4.51247671566, 1.07994988079, 2.94317619863, 1.14071386171, 0.994319575924, 1.38777775834, 5.59772021371, 1.10608988635, 1.06001891851, 1.23655449166, 0.949965749596, 1.3040278858, 1.00491008636, 0.859262413652, 8.77728586712, 0.915097653837, 0.886493088556, 366.316922831, 0.845663313061, 4.01949994984, 1.10119230908, 2.54053363114, 1.00096215621, 1210.75118681, 26.523506029, 11646.0287659
5.79451837548, 1.39576894138, 0.833933243034, 0.83575499339, 3.33552758476, 0.873186032408, 1.28348669471, 0.846654848535, 1.00060888435, 2.90156865827, 3.96646902085, 0.856779029898, 4.65652849617, 1.10155989295, 0.987468891786, 1.27141433069, 1.1302899548, 1.05524225656, 3.2705340035, 0.968294088881, 0.954783761667, 36.4180184355, 1.00840450591, 2.23368318041, 0.991269558112, 2.08586351192, 1.2410703133, 1508.57604946, 27.6248332601, 7898.71810315
5.14611505768, 1.05406483327, 0.993745553628, 1.11908219626, 6.62033620318, 0.821223373241, 1.39454272097, 0.912627889561, 1.03232400503, 2.17006280645, 6.91784104931, 0.833433963611, 4.8674973987, 1.07466896243, 0.793950401617, 1.38710217973, 1.06741381204, 0.870099663618, 5.30038123369, 1.10979335523, 0.769814740548, 185.189435294, 1.08193025146, 5.56121482155, 1.10641270119, 4.10509959172, 1.29338620981, 878.984650263, 30.9605926089, 10863.6671754
1.37555089356, 1.36179027385, 1.07485150468, 1.12202862413, 5.00635084122, 0.887836907585, 2.43132447287, 0.836178128172, 0.951843820628, 6.07372696384, 6.60604703085, 0.942474485749, 2.3202266911, 1.1748790506, 1.049959537, 1.20352505411, 1.02347277259, 0.836312523797, 4.28807162334, 1.12799520852, 0.91246491505, 343.835365201, 1.15542432159, 2.44587786236, 1.11739438755, 4.48438221121, 0.87897251496, 2292.87032902, 37.4761730956, 4636.67406628
2.09246357145, 1.22890444, 1.48382584989, 1.13919365116, 3.89696404543, 0.829911333707, 3.52525112148, 1.25884074811, 0.935701370368, 3.65880373245, 2.01242955092, 0.961792713301, 1.28665474486, 0.965184416952, 0.883202974797, 1.15735629868, 1.06321680513, 1.06211246225, 4.49527833556, 1.17550237543, 0.829364944778, 20.4276004235, 1.0063824863, 3.12333353013, 1.06842531393, 2.71625569213, 1.1196980052, 1616.48455622, 32.2333737415, 5713.90399797
3.16437196386, 1.30917454003, 0.913655933674, 0.83942736384, 3.64640331713, 1.14526719365, 5.97859253067, 0.988262401002, 1.10291194888, 3.37418198749, 5.94604382033, 1.11967839721, 2.44300365833, 1.23812365678, 1.03558668875, 1.4112633836, 1.1038366171, 0.814920305376, 3.8905880355, 1.04383102364, 0.871677402503, 291.427893018, 0.900731013208, 5.99850203071, 1.12130201083, 2.00687164458, 0.925701030059, 2345.0199065, 26.352546488, 23849.772125
1.02759033988, 1.25383261529, 1.66936962877, 1.1350622906, 6.71496759561, 0.712745400047, 5.12246522569, 1.09363236569, 0.953637220216, 5.19360585657, 2.1785249361, 1.2053707888, 3.93323716689, 0.922780642505, 0.933182224003, 1.59166079999, 1.0908614656, 0.825429016058, 4.96180105563, 1.07404254684, 0.952927721813, 241.010216147, 1.13019429753, 2.86046876185, 1.21260522502, 4.62197515633, 1.14146893877, 2685.05212776, 28.9350225608, 5874.5290555
1.94155296274, 1.19227661022, 1.61667255957, 1.08429499273, 3.55904861755, 0.996374876202, 2.58411326557, 1.11561605059, 1.04913448443, 5.73201600972, 6.84952515575, 1.02847327404, 2.85810964178, 0.825683530171, 0.859889751177, 1.58323094924, 1.01963464181, 0.813147733721, 4.27306733378, 1.04144311349, 0.992797731364, 169.62882792, 1.06930171011, 5.98084782089, 1.01680251827, 2.35413517258, 1.27713553177, 1758.3517271, 26.5924439174, 11185.2957346
1.03661824348, 1.29537241964, 1.41798981855, 0.999713510469, 4.91575616969, 0.875225707122, 1.92623767034, 1.02025921044, 0.921932714113, 3.78380570335, 6.03481302944, 1.02450474764, 3.80036989642, 1.18949827474, 0.953931085585, 1.47770492135, 1.03829429309, 0.867982195462, 3.85043284326, 1.0236521574, 0.975972476597, 170.113983418, 1.19774048285, 4.18614628727, 1.20138727864, 4.99121514656, 1.23954249679, 1836.13658141, 26.4877676957, 25757.5838419
3.83285539073, 1.1033748872, 1.17772469457, 1.04542623945, 6.97718323022, 0.712851961605, 3.75795657729, 0.998397557654, 0.921931308017, 3.53633418404, 4.61205021816, 0.95893510611, 2.90759417779, 0.963067221868, 0.985917075183, 1.03908526851, 1.08343990754, 0.97261242673, 9.12566792957, 1.16504217381, 0.97614217582, 133.66941298, 0.94169962939, 4.4735783326, 1.00884303276, 3.71146736639, 1.13432417204, 1392.1521658, 26.8009950615, 14724.9535675
4.69417550338, 1.2338533746, 0.78203838869, 1.04943705109, 6.21686467109, 0.934121745409, 1.19312746694, 1.23319910166, 1.04148522222, 1.855869293, 5.61819496017, 0.912509562219, 1.75162086716, 0.816954862574, 1.08232543124, 1.49202428847, 1.10487794519, 1.15491235136, 5.12365721796, 1.13068899447, 0.867222098156, 87.9831971114, 0.921328595343, 4.50532582233, 1.06965955308, 1.35677395496, 1.06045643419, 993.562955029, 31.0672302827, 14708.7988199
3.82571532712, 1.29255785134, 1.18355028298, 1.21770571773, 4.20673368586, 1.07627485968, 3.82183072, 1.16943004913, 0.919072296135, 3.44036720513, 5.44313939123, 1.20721588164, 1.56734139434, 1.16436487324, 0.789120096509, 1.57444342981, 1.16298541902, 1.13975373545, 7.65705413762, 1.08269164036, 0.858257698735, 86.2119152613, 0.936625610899, 2.22923906829, 1.06982352795, 4.68527626657, 0.94211061677, 1001.58580968, 30.1381392419, 21823.2339803
1.96652296962, 1.05103667575, 0.929990447522, 0.813149117862, 3.95975933071, 1.02886337154, 3.84580063569, 0.850087102683, 0.942771712762, 3.64142889543, 6.04615733054, 1.2020930568, 2.05497828265, 1.12194234405, 0.991922252845, 1.13499171488, 1.07643620763, 1.06158061427, 9.11748333042, 0.926542307435, 0.76657687803, 218.997661386, 1.10496739195, 3.32756569023, 1.0041374206, 1.91077936706, 1.1305060008, 1918.07134516, 29.8162884565, 7694.95792948
5.63288260963, 1.17141649224, 0.870844067754, 1.0890109209, 3.57861385484, 0.998533027943, 4.78764318046, 1.22955974396, 1.03431493679, 2.42179887363, 6.7303745005, 1.14971457829, 1.95778182336, 1.02380351583, 0.992800093358, 1.57606437469, 1.16869315791, 1.21861767764, 3.23053632891, 1.17182920041, 0.856708409376, 380.346464804, 0.915912207632, 5.93487290335, 1.07356999395, 2.75719374461, 0.961854672754, 984.605508899, 39.6812525084, 8146.06664343
3.11166210752, 1.0617263955, 0.969436882142, 1.07625301833, 4.03150405987, 0.925093065253, 2.57851426654, 1.19520437285, 1.04710452942, 3.47614005873, 3.23441483898, 1.19485292682, 3.55839803439, 1.13596564014, 1.05392417923, 1.59615972609, 1.04538803039, 0.956063809955, 9.00305749922, 0.944897266401, 0.866195239205, 404.822093626, 0.860451786543, 2.21404655132, 1.19458803636, 5.25800547029, 0.92457658185, 1119.88186356, 32.3376002114, 11370.7799116
1.74252085429, 1.1875083631, 0.886749247844, 1.0692196703, 3.34352692989, 0.977328312264, 3.82091383966, 0.889107546041, 1.13542965681, 2.26893981583, 4.9054519086, 1.19621546506, 5.05885403251, 1.06393399995, 0.961745043663, 1.45357381436, 1.04870770849, 1.14545996733, 5.50115693648, 1.05074471355, 0.844951966613, 143.112629638, 1.02715567453, 4.9111429388, 1.19698152408, 4.72861167372, 1.05369526914, 869.907204762, 41.5355454075, 10060.8003576
5.53752926186, 1.23784330244, 1.32328760158, 0.938525561135, 6.58524811046, 1.01330223918, 2.1784138149, 0.840612220423, 1.01210505526, 3.15116457007, 6.4904406522, 0.884485995054, 4.64386832423, 1.28981671846, 1.019438491, 1.5285639737, 1.1053231376, 1.15257423531, 7.09455746436, 1.07663137481, 0.807517330064, 225.523993837, 1.11413163045, 4.65792339569, 1.1071713897, 1.73164577779, 1.17670198981, 867.624240234, 39.9273942883, 12413.5615331
3.81162249671, 1.33137510122, 1.00702429441, 0.876954726622, 5.47612983633, 0.860166925818, 1.27300492299, 1.01054070816, 0.948310422984, 4.60918458009, 7.77403689335, 0.968255792612, 4.71545693218, 1.14641591423, 0.911870074487, 1.33190949231, 1.08258545001, 1.1457730141, 6.4211907477, 0.917537586095, 0.845265687237, 164.804078296, 0.991756869972, 5.21679509144, 1.14812108827, 2.56213174889, 0.891164923026, 2328.13343168, 27.4909438437, 14675.3209927
4.46597279753, 1.22031929283, 1.556270551, 1.14033658637, 2.91878725811, 0.958846855713, 4.32459678725, 1.19225659305, 0.939277274213, 2.23420818597, 3.73250115249, 1.14129008754, 2.74453522613, 1.09322015732, 0.789238056051, 1.29023445726, 1.08016341729, 0.965073173278, 5.20530114153, 1.13138121133, 0.891313518615, 300.804968989, 0.846159837722, 5.86283803996, 1.0880771381, 4.88606940197, 1.21409795143, 1344.18259471, 29.459017191, 19448.4305238
4.58938191056, 1.23769852363, 1.61207789423, 0.82516678072, 2.04883521268, 0.871728045497, 5.0209042233, 1.22343737998, 1.09913351736, 2.90331771326, 3.31010570537, 1.18363184245, 4.88922066703, 0.873593061099, 0.860069385454, 1.39401431591, 1.01167552243, 0.820251404029, 9.88815333048, 0.951386672209, 0.868851405991, 244.539302395, 1.00112450428, 4.08533763874, 1.17628540277, 2.17399426736, 1.06216057678, 1452.05674106, 34.7365200831, 6247.46816143
2.05106172202, 1.12009485982, 1.10569414337, 1.20395925812, 2.72379100529, 1.01866074824, 1.26300743498, 1.23220349151, 0.912517859682, 4.3042169811, 3.26682576677, 1.04130433248, 2.51239845341, 1.13852466189, 1.06873225489, 1.4726224561, 1.04302755365, 1.03949303263, 5.04156593995, 0.97653215502, 0.990604242362, 241.897365972, 1.00400171596, 5.90872976925, 1.22048344881, 1.464405601, 1.27475238887, 983.256085972, 41.7616230244, 8417.46992012
