0.0193255135312, 0.000516158894365, 0.000597498076441, 0.989818271115, 0.58060455463, 0.661641266962, 0.446358494118, 0.118561649333, 0.691298483941, 0.353937907915, 0.60216612572, 0.425612768115, 0.535060668923, 0.506131336137, 1.06127663484, 0.672043620198, 8.89318162514e-323, 0.0, 8.09600760911e-172
0.840122368826, 0.989657340744, 0.000761302428561, 0.00226733156199, 0.808867593143, 0.422323836461, 0.286495041887, 0.73464762976, 0.416749919149, 0.62910512832, 0.204044388578, 0.633985370945, 0.535060668923, 0.605964677562, 1.14170747872, 6.38525258387e-265, 2.56682489524e-312, 0.708495838238, 5.73678952143e-08
0.0011722059822, 0.998172896056, 0.522463276579, 0.99601564474, 0.307929906574, 0.580930469262, 0.353956373111, 0.0996525872003, 0.668930618096, 0.327440305978, 0.657435629519, 0.706372385229, 0.846733604782, 0.324838893776, 0.192640288736, 0.338766607964, 3.91234614991e-29, 1.45019260916, 1.87533955735e-293
0.00509458525235, 0.998259155264, 0.344630552599, 0.99601564474, 0.307929906574, 0.21538574603, 0.350171144132, 0.752235988684, 0.621853900641, 0.486607017304, 0.462861618003, 0.706372385229, 0.593499191116, 0.487110697767, 0.156259620775, 0.274789567848, 2.69983725688e-47, 1.23196336024, 1.02670794275e-229
0.00136330919066, 0.692282450871, 0.0119214759524, 0.994375822284, 0.539818281988, 0.370945762142, 0.265938876235, 0.471730267683, 0.51294617111, 0.722270630555, 0.658652939221, 0.507321193925, 0.504823647252, 0.487110697767, 0.719796763814, 0.89535285898, 7.75123213612e-193, 1.92619516887e-16, 5.19761712754e-287
0.0022842030681, 0.0404280898212, 0.0906181983502, 0.986968884452, 0.176775777086, 0.625772652466, 0.579034175159, 0.572550954482, 0.509721548285, 0.567139313976, 0.56755263107, 0.347271366216, 0.535060668923, 0.26428919292, 1.11339740369, 0.501388291841, 1.01020018849e-104, 8.93690824159e-140, 1.43329689466e-264
0.999928332534, 0.0367549671247, 0.00531805085459, 0.647458547241, 0.58060455463, 0.938309194308, 0.76232440265, 0.826441091309, 0.232251065929, 0.34352414017, 0.657435629519, 0.706372385229, 0.342451882697, 0.506131336137, 0.0175260832328, 3.63916370788e-21, 1.03526933071e-229, 9.36286173999e-146, 1.56230034832
0.993418535158, 0.997205575762, 0.0906181983502, 0.986968884452, 0.277977259711, 0.538264431533, 0.579034175159, 0.341636928051, 0.854044296956, 0.567139313976, 0.56755263107, 0.347271366216, 0.535060668923, 0.26428919292, 0.304433824403, 0.137093507395, 2.76216834864e-105, 0.8277019769, 0.940558344851
0.336093025998, 0.999724183271, 0.42637201337, 0.923833302117, 0.467971691969, 0.368281891728, 0.529415439456, 0.477562180379, 0.57637990648, 0.486607017304, 0.417683297587, 0.507321193925, 0.471252392787, 0.487110697767, 0.044160674669, 2.51487832086e-05, 6.60730990794e-39, 1.03263582222, 7.18478730288e-48
0.514640018253, 0.995217371103, 8.14671039484e-06, 0.992194200983, 0.747084858912, 0.576545884838, 0.461163407822, 0.603256872835, 0.51294617111, 0.587745772596, 0.958259399981, 0.72588164475, 0.535060668923, 0.495668699237, 0.572550081862, 0.499582415882, 0.0, 1.11489789758, 2.99611097621e-29
0.0022842030681, 0.000244234156688, 0.00339037667261, 0.971634334405, 0.176775777086, 0.625772652466, 0.496704419011, 0.73464762976, 0.703029492617, 0.652545544919, 0.658652939221, 0.347271366216, 0.535060668923, 0.575261927338, 1.29018805418, 0.114338182446, 2.15410452029e-247, 0.0, 1.52034693503e-264
0.993418535158, 0.995217371103, 0.0322988599125, 0.999743041582, 0.747084858912, 0.509139691669, 0.589105872411, 0.624808884329, 0.7602856217, 0.587745772596, 0.57405532128, 0.223677774188, 0.483549249385, 0.495668699237, 0.019187098849, 0.481181929923, 6.27326253868e-150, 0.706565524061, 0.901104329824
0.00136330919066, 0.000516158894365, 0.0119214759524, 0.999226309543, 0.539818281988, 0.370945762142, 0.554334155006, 0.471730267683, 0.703029492617, 0.581851345263, 0.658652939221, 0.507321193925, 0.549758913093, 0.487110697767, 0.128138703328, 1.09027475597, 7.40691692714e-193, 0.0, 4.96673530178e-287
0.995008289261, 0.999478615349, 0.503546204061, 0.00143608578794, 0.371833945367, 0.685535535121, 0.589105872411, 0.612889664689, 0.447671793462, 0.435435811766, 0.558337942519, 0.724410404479, 0.339308761003, 0.324838893776, 0.0549533708814, 4.50975181698e-286, 1.38053320561e-31, 0.686996802266, 0.968524714328
0.0193255135312, 0.000516158894365, 0.000597498076441, 0.995977210845, 0.58060455463, 0.661641266962, 0.353956373111, 0.464561962482, 0.691298483941, 0.353937907915, 0.162076263439, 0.425612768115, 0.535060668923, 0.506131336137, 0.614402686747, 1.07032243664, 8.3991159793e-323, 0.0, 7.95400130925e-172
0.840961371096, 0.99870013153, 0.0322988599125, 0.999983898007, 0.270723488383, 0.584353416726, 0.458377317879, 0.624808884329, 0.51294617111, 0.313063841428, 0.57405532128, 0.223677774188, 0.471252392787, 0.495668699237, 0.000574972758893, 0.227506040764, 2.96369481917e-150, 1.17292856978, 5.63658189148e-08
0.333648958486, 0.979945765303, 0.42637201337, 0.923833302117, 0.467971691969, 0.368281891728, 0.529415439456, 0.477562180379, 0.57637990648, 0.486607017304, 0.417683297587, 0.507321193925, 0.471252392787, 0.487110697767, 1.01147869399, 0.000576020601724, 1.51337207744e-37, 0.212596864872, 3.46290980427e-48
0.996171559796, 0.994420659252, 0.00270764541539, 0.37662381155, 0.747084858912, 0.391171962347, 0.589105872411, 0.624808884329, 0.51294617111, 0.307506410691, 0.497995406792, 0.355449563807, 0.471252392787, 0.551586446154, 0.346375416457, 2.12052971763e-43, 9.88202457439e-258, 0.434436584196, 1.01602060048
0.993418535158, 0.998172896056, 0.0143740546744, 0.99518889505, 0.307929906574, 0.370945762142, 0.531835237131, 0.572508829635, 0.703029492617, 0.652545544919, 0.658652939221, 0.507321193925, 0.769266613792, 0.487110697767, 0.123462717429, 0.180070913428, 1.96410731349e-185, 0.812458817335, 0.886579032131
0.0193255135312, 0.989657340744, 0.000597498076441, 0.989818271115, 0.58060455463, 0.661641266962, 0.446358494118, 0.118561649333, 0.691298483941, 0.353937907915, 0.60216612572, 0.425612768115, 0.535060668923, 0.506131336137, 0.901756401923, 0.571028907064, 7.41098468762e-323, 0.662353456994, 8.09600760911e-172
0.333648958486, 0.979945765303, 0.0516750335736, 0.992194200983, 0.744342956995, 0.610100578002, 0.353956373111, 0.431406469761, 0.447671793462, 0.435435811766, 0.695463794513, 0.445824268312, 0.535060668923, 0.225102049347, 0.901594447839, 0.786692285384, 4.00065707439e-129, 0.251498123672, 4.09655767382e-48
0.993178963395, 0.198062519909, 0.0906181983502, 0.986968884452, 0.882931562825, 0.576545884838, 0.579034175159, 0.243027304877, 0.509721548285, 0.567139313976, 0.56755263107, 0.347271366216, 0.527723155821, 0.324838893776, 0.825172675698, 0.371594110935, 7.4869008115e-105, 6.8075330671e-71, 0.917498779434
0.840961371096, 0.99870013153, 0.0322988599125, 0.486462235584, 0.747084858912, 0.584353416726, 0.458377317879, 0.624808884329, 0.681925290729, 0.537487017933, 0.57405532128, 0.223677774188, 0.471252392787, 0.435154921693, 0.229802933056, 1.82973660398e-32, 2.99360660846e-150, 1.18476662814, 5.69347042426e-08
0.993418535158, 0.999993705081, 0.574454969459, 0.016725984218, 0.371833945367, 0.576545884838, 0.143696469271, 0.279332331364, 0.647805146986, 0.706550078505, 0.665335168488, 0.65941616437, 0.544595633662, 0.811126023191, 0.000962091953155, 3.29992998751e-181, 1.27331406134e-27, 0.973288811107, 1.02569215555
0.00136330919066, 0.997205575762, 0.0119214759524, 0.688106977324, 0.539818281988, 0.370945762142, 0.554334155006, 0.471730267683, 0.703029492617, 0.581851345263, 0.658652939221, 0.507321193925, 0.549758913093, 0.487110697767, 0.410669234124, 3.76017624749e-17, 2.77086108058e-193, 1.01807138794, 4.96673530178e-287
0.000136207056422, 0.271615300397, 0.00252073534492, 0.970293584257, 0.77304365441, 0.584353416726, 0.496704419011, 0.070889530318, 0.608964160824, 0.0699146091655, 0.73098190013, 0.211767251055, 0.471252392787, 0.605964677562, 1.60637463625, 0.123920162467, 3.59732955447e-260, 6.29039893668e-57, 0.0
0.00509458525235, 0.170127835992, 0.00531805085459, 0.995334430396, 0.270723488383, 0.38484745518, 0.353956373111, 0.517228310884, 0.105233097263, 0.109561995832, 0.303629393558, 0.706372385229, 0.504823647252, 0.443309656057, 0.819462153696, 1.23257832274, 8.7431237946e-228, 2.77943045646e-77, 1.1948171136e-229
0.514640018253, 0.995217371103, 5.77877583197e-06, 0.736958808814, 0.186146453707, 0.576545884838, 0.461163407822, 0.603256872835, 0.51294617111, 0.230878486246, 0.958259399981, 0.72588164475, 0.535060668923, 0.495668699237, 0.81741267937, 7.12660483541e-14, 0.0, 1.19933224701, 3.22301487625e-29
0.00471887956254, 0.997205575762, 0.00531805085459, 0.999967556294, 0.581525281758, 0.29774378075, 0.353956373111, 0.243027304877, 0.621853900641, 0.0814953988501, 0.44698496007, 0.706372385229, 0.853855909687, 0.206708871954, 0.00301030348033, 0.591634483652, 3.49484226576e-228, 1.46671307857, 6.01299746284e-233
0.027792034646, 0.994420659252, 0.0322988599125, 0.99767608386, 0.58060455463, 0.38484745518, 0.589105872411, 0.602720188322, 0.941355284262, 0.307506410691, 0.550568336112, 0.223677774188, 0.471252392787, 0.551586446154, 0.270076267705, 0.798728404876, 1.09836311502e-149, 1.05751395745, 5.2395012677e-156
0.995008289261, 0.00796572925207, 0.0906181983502, 0.975494715482, 0.462094638411, 0.440331135953, 0.0409416156053, 0.248434325725, 0.550310763853, 0.435435811766, 0.568991189311, 0.360491310778, 0.483549249385, 0.26428919292, 0.785022059163, 0.103753715434, 6.55095263803e-105, 1.64936291536e-210, 1.11279007038
0.999944811669, 0.999966141674, 0.433155337479, 0.992194200983, 0.744342956995, 0.370945762142, 0.353956373111, 0.641718174151, 0.355088487779, 0.652545544919, 0.417683297587, 0.445824268312, 0.535060668923, 0.225102049347, 4.31831088801e-05, 3.76797114227e-05, 4.15646650572e-41, 0.0107938312132, 1.24850327258
0.993418535158, 0.997205575762, 0.0322988599125, 0.999743041582, 0.747084858912, 0.509139691669, 0.589105872411, 0.547006448119, 0.7602856217, 0.587745772596, 0.500854678297, 0.223677774188, 0.483549249385, 0.551586446154, 0.0125784827942, 0.315448347562, 4.11256154604e-150, 0.782635084424, 0.889346624958
0.000136207056422, 0.00265636159354, 0.00252073534492, 2.28765029385e-05, 0.985095726703, 0.373033807681, 0.496704419011, 0.0341962811215, 0.938211062333, 0.0699146091655, 0.73098190013, 0.454094505502, 0.535060668923, 0.487110697767, 1.90227995922, 0.0, 4.24736325717e-260, 8.01887705626e-258, 0.0
0.995008289261, 0.00796572925207, 0.289064756619, 0.000164728665097, 0.516805137986, 0.346841801588, 0.347908882127, 0.50027204471, 0.550310763853, 0.435435811766, 0.430067026965, 0.507321193925, 0.548152286504, 0.551586446154, 0.616595637128, 0.0, 1.21796499057e-54, 1.28432350019e-210, 0.866505742829
0.333648958486, 0.979945765303, 0.42637201337, 0.987834954619, 0.467971691969, 0.368281891728, 0.529415439456, 0.477562180379, 0.57637990648, 0.486607017304, 0.417683297587, 0.507321193925, 0.471252392787, 0.487110697767, 0.905478121921, 0.45077583223, 1.51337207744e-37, 0.212596864872, 3.46290980427e-48
0.998090546495, 0.00796572925207, 0.0523543053265, 0.000164728665097, 0.516805137986, 0.38484745518, 0.347908882127, 0.50027204471, 0.270035322041, 0.202110805363, 0.430067026965, 0.507321193925, 0.576908778816, 0.551586446154, 0.321656386605, 0.0, 3.96964984507e-129, 6.69986667804e-211, 1.14759027152
0.992483086598, 0.000516158894365, 0.000245316442838, 0.000164728665097, 0.746197093513, 0.271046283642, 0.347908882127, 0.50027204471, 0.270035322041, 0.435435811766, 0.666995320793, 0.507321193925, 0.535060668923, 0.82438899857, 0.981621062148, 0.0, 0.0, 0.0, 0.893858333997
0.995008289261, 0.585439024221, 6.44166837593e-06, 0.99985758675, 0.371833945367, 0.373033807681, 0.496704419011, 0.550769661816, 0.250479972097, 0.48698073674, 0.558337942519, 0.177268316039, 0.486280269131, 0.487110697767, 0.0155238986767, 0.698742524539, 0.0, 6.14767691596e-24, 0.982189592772
0.336093025998, 0.999724183271, 6.44166837593e-06, 0.343538750316, 0.744342956995, 0.610100578002, 0.798476460675, 0.456130847962, 0.447671793462, 0.435435811766, 0.695463794513, 0.851410973532, 0.471252392787, 0.0611787375328, 0.0651498829725, 4.05141439139e-48, 0.0, 1.52343895482, 1.05996563587e-47
0.000989822357292, 0.998172896056, 0.344630552599, 0.0039870550248, 0.307929906574, 0.538264431533, 0.353956373111, 0.139584697017, 0.808140861662, 0.486607017304, 0.162076263439, 0.706372385229, 0.593499191116, 0.487110697767, 0.37641120584, 6.87076912232e-241, 3.21484517356e-47, 1.40070864462, 8.19095616313e-301
0.765957553917, 0.997205575762, 0.277142905411, 0.99601564474, 0.484214243623, 0.538264431533, 0.589105872411, 0.517228310884, 0.51294617111, 0.497963788655, 0.497995406792, 0.724410404479, 0.339308761003, 0.324838893776, 0.206553633581, 0.363233850355, 1.22327070037e-56, 1.0358865759, 4.61996936317e-12
0.00509458525235, 0.999147025491, 0.344630552599, 0.99601564474, 0.307929906574, 0.21538574603, 0.350171144132, 0.752235988684, 0.621853900641, 0.486607017304, 0.462861618003, 0.706372385229, 0.593499191116, 0.815079889995, 0.086833210059, 0.152700103511, 1.50029505056e-47, 1.35968157177, 1.10671296843e-229
0.278032734321, 0.997361861622, 0.0321634335137, 0.00494142988387, 0.484214243623, 0.38484745518, 0.531835237131, 0.50027204471, 0.106548418441, 0.197707656149, 0.637460888053, 0.507321193925, 0.535060668923, 0.551586446154, 0.457756273441, 1.74589417824e-231, 3.91737025461e-150, 1.19914658557, 5.17755583662e-56
0.996171559796, 0.994420659252, 0.00270764541539, 0.995334430396, 0.747084858912, 0.38484745518, 0.589105872411, 0.624808884329, 0.51294617111, 0.307506410691, 0.497995406792, 0.355449563807, 0.471252392787, 0.551586446154, 0.192003323433, 0.288798126051, 9.89411292791e-258, 0.434968016088, 1.01726346485
0.00509458525235, 0.992704062975, 8.14671039484e-06, 6.22249426522e-05, 0.450451604597, 0.494071776788, 0.353956373111, 0.139584697017, 0.621853900641, 0.327440305978, 0.633775827357, 0.484881202897, 0.486074484471, 0.566104539082, 0.889020146702, 0.0, 0.0, 0.836995457571, 9.85666953276e-230
0.992483086598, 0.997205575762, 0.00252073534492, 0.000164728665097, 0.746197093513, 0.38484745518, 0.347908882127, 0.50027204471, 0.270035322041, 0.435435811766, 0.425331001135, 0.507321193925, 0.535060668923, 0.551586446154, 0.321842852363, 0.0, 7.18602695194e-261, 0.797865951912, 0.78341415668
0.840961371096, 0.995217371103, 0.00649753012525, 0.99601564474, 0.747084858912, 0.476028684896, 0.589105872411, 0.624808884329, 0.51294617111, 0.587745772596, 0.550568336112, 0.223677774188, 0.471252392787, 0.495668699237, 0.326491850662, 0.574150596964, 1.9535102728e-219, 0.969089277788, 5.5326848886e-08
0.00136330919066, 0.000516158894365, 0.0119214759524, 0.000164728665097, 0.985931262561, 0.370945762142, 0.554334155006, 0.471730267683, 0.703029492617, 0.581851345263, 0.658652939221, 0.507321193925, 0.203667273313, 0.487110697767, 1.41765975802, 0.0, 9.56521190929e-193, 0.0, 6.41398791511e-287
0.998090546495, 0.999991204997, 0.00252073534492, 0.108531775354, 0.58060455463, 0.95037416588, 0.446358494118, 0.243027304877, 0.417584712331, 0.443613904513, 0.587751840552, 0.665961766253, 0.535060668923, 0.324838893776, 0.000505135789575, 2.85245458797e-100, 1.12785459476e-263, 0.365797768938, 1.3050770285
0.00509458525235, 0.990716528246, 0.00531805085459, 0.99767608386, 0.270723488383, 0.797522420463, 0.353956373111, 0.517228310884, 0.51294617111, 0.488735465892, 0.57405532128, 0.559858960233, 0.339308761003, 0.29430000297, 0.323758400536, 0.957488908679, 5.97048868762e-228, 0.718688647994, 1.00114756744e-229
0.027792034646, 0.00329785070163, 0.038286680828, 0.999997061953, 0.371833945367, 0.199183966365, 0.589105872411, 0.438333972567, 0.387302874762, 0.497963788655, 0.497995406792, 0.281701245126, 0.535060668923, 0.324838893776, 0.00055877327872, 1.21093306678, 3.83717713488e-142, 1.26572431917e-248, 4.69109590713e-156
0.0821211675723, 0.999966141674, 0.00312440755402, 0.218077621343, 0.371833945367, 0.397443183709, 0.762214852134, 0.297361041416, 0.563678002123, 0.435435811766, 0.568991189311, 0.445824268312, 0.544595633662, 0.293635881483, 0.00635686414424, 7.25225317684e-69, 2.99316543812e-253, 1.19723987468, 5.24588434651e-109
0.00916717860137, 0.997205575762, 0.0906181983502, 0.10678905423, 0.484214243623, 0.616337996873, 0.578261697557, 0.243027304877, 0.928227622854, 0.853675324553, 0.497995406792, 0.526492714685, 0.0422147188847, 0.562674616599, 0.601766573836, 6.73320690876e-98, 4.97840559706e-105, 1.4918120963, 4.22804815215e-204
0.996171559796, 0.0343943377722, 0.00270764541539, 0.995334430396, 0.532926506571, 0.38484745518, 0.589105872411, 0.624808884329, 0.51294617111, 0.307506410691, 0.497995406792, 0.355449563807, 0.471252392787, 0.551586446154, 0.292061349129, 0.439298491361, 1.50501976658e-257, 3.6902722665e-147, 0.96464994536
0.993178963395, 0.00265636159354, 0.00252073534492, 0.999999789686, 0.176775777086, 0.625772652466, 0.496704419011, 0.901654191215, 0.621853900641, 0.62910512832, 0.905253864513, 0.347271366216, 0.535060668923, 0.63551007995, 3.52690035084e-05, 1.06760251912, 2.38371628395e-260, 4.50037509407e-258, 1.08236869193
0.995008289261, 0.979945765303, 0.42637201337, 0.987834954619, 0.467971691969, 0.368281891728, 0.529415439456, 0.193044430247, 0.57637990648, 0.486607017304, 0.417683297587, 0.507321193925, 0.471252392787, 0.487110697767, 0.572581831127, 0.285049461934, 9.56985413892e-38, 0.134436270997, 0.918490254191
0.000136207056422, 0.997205575762, 0.000597498076441, 0.299341718755, 0.58060455463, 0.388149237891, 0.496704419011, 0.070889530318, 0.9551876201, 0.0699146091655, 0.990493968522, 0.167167225431, 0.63695163229, 0.0597696246643, 0.807753811516, 5.24956948407e-53, 5.43472210425e-323, 2.00246567231, 0.0
0.00338983867461, 0.999856976009, 0.000411352324275, 0.99601564474, 0.952419781876, 0.015119398184, 0.634223381627, 0.491261152206, 0.621853900641, 0.497963788655, 0.162076263439, 0.367561204056, 0.837937362333, 0.324838893776, 0.0192888247759, 0.0339202655054, 0.0, 1.74891796444, 2.86352124685e-247
0.975225519379, 0.999966141674, 0.000245316442838, 0.992194200983, 0.454048825761, 0.370945762142, 0.295718607184, 0.431406469761, 0.408173298768, 0.652545544919, 0.657435629519, 0.500418862645, 0.940582531439, 0.225102049347, 0.00552100031894, 0.00481738587557, 0.0, 1.38000128096, 0.177372270165
0.551590829124, 0.00796572925207, 0.0523543053265, 0.000164728665097, 0.516805137986, 0.38484745518, 0.347908882127, 0.50027204471, 0.270035322041, 0.442488002254, 0.430067026965, 0.507321193925, 0.576908778816, 0.551586446154, 1.10638602866, 0.0, 1.36542139692e-128, 2.30452097181e-210, 2.52191385938e-26
0.998288207124, 0.00527282825013, 6.44166837593e-06, 0.999978383488, 0.323433554124, 0.38484745518, 0.139380847947, 0.456130847962, 0.447671793462, 0.435435811766, 0.568991189311, 0.748751560802, 0.535060668923, 0.472549890299, 0.00103957438942, 0.306487691203, 0.0, 7.70722358238e-229, 1.21383723389
0.0022842030681, 0.000244234156688, 0.000858357840228, 0.999997061953, 0.176775777086, 0.625772652466, 0.496704419011, 0.89043182193, 0.621853900641, 0.62910512832, 0.905253864513, 0.347271366216, 0.535060668923, 0.63551007995, 0.000697423513712, 1.51140583572, 5.52508357324e-307, 0.0, 1.77407539052e-264
0.996347747717, 0.00329785070163, 0.277142905411, 0.917089271303, 0.462094638411, 0.576545884838, 0.350171144132, 0.431855171008, 0.308922410824, 0.592420210813, 0.990421266813, 0.473759606973, 0.535060668923, 0.507943702889, 0.611999588413, 0.000167506745204, 1.79162691804e-56, 6.3969077249e-249, 1.17173694368
0.0990895542953, 0.995217371103, 8.14671039484e-06, 0.999963009843, 0.747084858912, 0.38484745518, 0.461163407822, 0.603256872835, 0.51294617111, 0.587745772596, 0.871808099432, 0.72588164475, 0.535060668923, 0.495668699237, 0.00419680494828, 0.723607110483, 0.0, 1.06171577699, 8.08654833053e-101
0.996347747717, 0.0343943377722, 0.277142905411, 0.999937121139, 0.462094638411, 0.38484745518, 0.578261697557, 0.50027204471, 0.563678002123, 0.435435811766, 0.765186832917, 0.706372385229, 0.544595633662, 0.790387974646, 0.00559889732825, 0.568610661166, 1.66468659912e-56, 3.97787493794e-147, 1.08871705834
0.000271495661322, 0.999207766229, 0.000334067194611, 0.999937121139, 0.503243406264, 0.199164302916, 0.353956373111, 0.431855171008, 0.840158323839, 0.692624132693, 0.162076263439, 0.391385482727, 0.866202823173, 0.324838893776, 0.00183409920264, 0.186266741309, 0.0, 1.54891154983, 0.0
0.993418535158, 0.995217371103, 0.0322988599125, 0.980478001535, 0.747084858912, 0.509139691669, 0.589105872411, 0.624808884329, 0.7602856217, 0.587745772596, 0.57405532128, 0.507321193925, 0.483549249385, 0.495668699237, 0.441216618647, 0.0980756907672, 5.88794467869e-150, 0.663166684303, 0.845756480144
0.0104488915129, 0.267673964863, 0.000564824214947, 0.992194200983, 0.744342956995, 0.520316661095, 0.353956373111, 0.826441091309, 0.51294617111, 0.435435811766, 0.556446335795, 0.211767251055, 0.769266613792, 0.565160678383, 1.02124766166, 0.891096500002, 0.0, 1.22683911307e-57, 1.71868558388e-198
0.0104488915129, 0.998947325162, 0.000245316442838, 0.0279679924197, 0.307929906574, 0.21538574603, 0.510922682721, 0.139584697017, 0.51294617111, 0.497963788655, 0.666995320793, 0.176040100863, 0.895416128406, 0.26428919292, 0.249091066922, 1.81387499708e-156, 0.0, 1.57324015902, 2.01982306296e-198
0.000136207056422, 0.170127835992, 0.00252073534492, 0.970293584257, 0.77304365441, 0.584353416726, 0.496704419011, 0.070889530318, 0.608964160824, 0.0699146091655, 0.73098190013, 0.0668657606168, 0.223627022692, 0.605964677562, 1.78592392883, 0.137771089272, 3.9994138268e-260, 3.36363632264e-77, 0.0
0.993418535158, 0.000516158894365, 5.77877583197e-06, 0.99518889505, 0.744342956995, 0.538264431533, 0.531835237131, 0.572508829635, 0.703029492617, 0.652545544919, 0.658652939221, 0.507321193925, 0.769266613792, 0.0998417310283, 0.540961616961, 0.788994884644, 0.0, 0.0, 1.00814221868
0.00471887956254, 0.994420659252, 0.00531805085459, 0.999967556294, 0.581525281758, 0.29774378075, 0.353956373111, 0.243027304877, 0.621853900641, 0.0814953988501, 0.44698496007, 0.706372385229, 0.853855909687, 0.206708871954, 0.00501653628595, 0.985932439918, 5.82399852852e-228, 1.23660815835, 6.01299746284e-233
0.998090546495, 0.99959757757, 0.0523543053265, 0.000164728665097, 0.516805137986, 0.38484745518, 0.347908882127, 0.50027204471, 0.270035322041, 0.435435811766, 0.430067026965, 0.507321193925, 0.548152286504, 0.551586446154, 0.0184465418913, 0.0, 2.27653841834e-130, 0.297289802732, 1.06269618407
0.996347747717, 0.994420659252, 0.277142905411, 0.999937121139, 0.747084858912, 0.38484745518, 0.578261697557, 0.50027204471, 0.563678002123, 0.435435811766, 0.765186832917, 0.706372385229, 0.544595633662, 0.790387974646, 0.00365979157637, 0.371679705122, 1.08814390327e-56, 0.466196737574, 1.14155784051
0.998933127821, 0.997205575762, 0.0322988599125, 0.999743041582, 0.235529062498, 0.509139691669, 0.589105872411, 0.547006448119, 0.7602856217, 0.587745772596, 0.500854678297, 0.223677774188, 0.483549249385, 0.551586446154, 0.0029149235574, 0.0731016478295, 9.53040420527e-151, 0.181366980561, 1.2193285184
0.000136207056422, 0.998172896056, 0.000597498076441, 0.299341718755, 0.952419781876, 0.373033807681, 0.496704419011, 0.070889530318, 0.9551876201, 0.0699146091655, 0.990493968522, 0.167167225431, 0.63695163229, 0.0597696246643, 0.612741304319, 3.9821886408e-53, 4.44659081257e-323, 2.28014476869, 0.0
0.00338983867461, 0.997205575762, 0.000411352324275, 0.99601564474, 0.58060455463, 0.114086020517, 0.634223381627, 0.491261152206, 0.621853900641, 0.497963788655, 0.162076263439, 0.398742672942, 0.837937362333, 0.324838893776, 0.269557953854, 0.474029779939, 0.0, 1.35185937416, 2.3861133759e-247
0.993418535158, 0.99870013153, 0.000597498076441, 0.120399648737, 0.401436039027, 0.661641266962, 0.737246856419, 0.118561649333, 0.351680761963, 0.52900836953, 0.627633559026, 0.769310999082, 0.399891139144, 0.0597696246643, 0.20356523138, 3.69271226108e-93, 1.48219693752e-323, 1.04949614691, 1.12661516025
0.998644590053, 0.00796572925207, 0.0523543053265, 0.000164728665097, 0.808867593143, 0.38484745518, 0.347908882127, 0.50027204471, 0.270035322041, 0.202110805363, 0.0396983790985, 0.507321193925, 0.576908778816, 0.551586446154, 0.295675903258, 0.0, 3.64901756172e-129, 6.15871226014e-211, 1.46436780053
0.998796731197, 0.989657340744, 0.0322988599125, 0.986968884452, 0.516805137986, 0.509139691669, 0.284023201215, 0.624808884329, 0.79164977679, 0.273894410726, 0.57405532128, 0.183543490607, 0.483549249385, 0.605964677562, 0.180696632108, 0.0813718223285, 2.58157201581e-150, 0.12297803258, 1.29506681423
0.202686977603, 0.994420659252, 0.599684848525, 0.888590975505, 0.747084858912, 0.580930469262, 0.350171144132, 0.624808884329, 0.471135674526, 0.486607017304, 0.57405532128, 0.647036634011, 0.471252392787, 0.495668699237, 0.707309106192, 8.23984327648e-06, 6.88710568522e-23, 0.887132681728, 8.58109755062e-70
0.027792034646, 0.997205575762, 0.038286680828, 0.99999770107, 0.371833945367, 0.199183966365, 0.589105872411, 0.517228310884, 0.387302874762, 0.497963788655, 0.497995406792, 0.281701245126, 0.535060668923, 0.507943702889, 0.000158956898827, 0.440233646324, 1.39500229889e-142, 1.0913632464, 4.55890044673e-156
0.00509458525235, 0.998172896056, 3.23712164253e-05, 0.999937121139, 0.307929906574, 0.538264431533, 0.353956373111, 0.206844153681, 0.621853900641, 0.0814953988501, 0.657435629519, 0.706372385229, 0.535060668923, 0.324838893776, 0.00366659789096, 0.3723709382, 0.0, 1.38574109581, 1.15831422696e-229
7.27476100723e-05, 0.170127835992, 0.000597498076441, 0.00171353290323, 0.952419781876, 0.370945762142, 0.579034175159, 0.141370861545, 0.94373798536, 0.0699146091655, 0.658652939221, 0.167167225431, 0.63695163229, 0.0597696246643, 2.0865837021, 8.03157102274e-277, 1.43279037294e-322, 3.9182620146e-77, 0.0
0.000478045549806, 0.989657340744, 0.00204132234312, 0.997788432778, 0.307929906574, 0.88754896846, 0.496704419011, 0.73464762976, 0.482685155698, 0.327440305978, 0.160166095265, 0.706372385229, 0.846733604782, 0.248063723499, 0.420928679522, 1.30520822186, 2.11078627839e-269, 0.851035996627, 0.0
0.00682670957886, 0.000516158894365, 5.94638718558e-05, 0.997806328298, 0.522658501258, 0.314656483388, 0.446358494118, 0.118561649333, 0.691298483941, 0.353937907915, 0.26493744825, 0.223677774188, 0.471252392787, 0.434732427086, 0.419946446134, 1.31230678573, 0.0, 0.0, 5.70779546769e-217
0.00012234238264, 0.990716528246, 0.000597498076441, 0.299341718755, 0.952419781876, 0.373033807681, 0.496704419011, 0.070889530318, 0.94373798536, 0.0699146091655, 0.658652939221, 0.167167225431, 0.63695163229, 0.0597696246643, 1.74025347772, 1.13098587972e-52, 1.18575755002e-322, 1.23740507865, 0.0
0.000136207056422, 0.00782622397372, 0.00252073534492, 0.999967556294, 0.980818153706, 0.373033807681, 0.496704419011, 0.070889530318, 0.621853900641, 0.0699146091655, 0.44698496007, 0.211767251055, 0.535060668923, 0.074277988912, 0.00966541925797, 1.89960758752, 4.24145135445e-260, 6.76108892787e-211, 0.0
0.70606607676, 0.990716528246, 0.665366743802, 0.999074671497, 0.270723488383, 0.797522420463, 0.353956373111, 0.438333972567, 0.51294617111, 0.488735465892, 0.57405532128, 0.559858960233, 0.339308761003, 0.29430000297, 0.140326444979, 1.00384112793, 3.22178280305e-18, 0.720720272986, 1.49752904723e-15
0.0128027620983, 0.000516158894365, 0.000494803786107, 0.989818271115, 0.499492849346, 0.124036816885, 0.446358494118, 0.624808884329, 0.691298483941, 0.353937907915, 0.60216612572, 0.355449563807, 0.535060668923, 0.0597696246643, 1.22005196882, 0.772586632967, 0.0, 0.0, 1.21922503211e-189
0.992483086598, 0.64864148401, 0.0322988599125, 0.999743041582, 0.508438739597, 0.509139691669, 0.589105872411, 0.547006448119, 0.270035322041, 0.587745772596, 0.500854678297, 0.223677774188, 0.535060668923, 0.551586446154, 0.0339118808114, 0.850456047817, 1.1087561136e-149, 2.12123510424e-19, 0.77503567129
