4.3057219611, 1.15790015877, 1.47301080026, 1.00000010985, 5.71924907002, 1.09439007549, 2.47403259415, 1.2600002046, 1.00000054576, 5.02621289387, 6.68159396666, 1.00187781783, 2.91351784698, 1.11158241055, 1.07506335682, 1.2205292799, 1.0752486204, 1.05221493809, 8.27794711384, 1.0000009539, 1.00000021408, 87.9227032013, 1.02359159101, 1.31886728553, 1.02719936701, 4.08510954959, 0.870000624873, 110.74592001, 15.5756802043, 101.875127609
4.3057219611, 1.15790015877, 1.47114276428, 1.00000010985, 5.71924907002, 1.09439007549, 2.47403259415, 1.2600002046, 1.00000054576, 5.02541379972, 6.68159396666, 1.00187781783, 3.11953313172, 1.11162440801, 1.07506335682, 1.2205292799, 1.0752486204, 1.05221493809, 8.27794711384, 1.0000009539, 1.00000021408, 87.9227032013, 1.02359159101, 1.31886728553, 1.02719936701, 4.08510954959, 0.870000624873, 12.3313591566, 10.6706335602, 26.4387800996
4.3057219611, 1.15790015877, 1.47114276428, 1.00000010985, 5.71924907002, 1.09439007549, 2.47403259415, 1.2600002046, 1.00000054576, 5.02541379972, 6.68159396666, 1.00187781783, 3.11953313172, 1.11162440801, 1.07506335682, 1.2205292799, 1.0752486204, 1.05221493809, 8.27794711384, 1.0000009539, 1.00000021408, 87.9227032013, 1.02359159101, 1.31886728553, 1.02719936701, 4.08510954959, 0.870000624873, 12.3313591566, 10.6706335602, 26.4387800996
4.3057219611, 1.15790015877, 1.47114276428, 1.00000010985, 5.71924907002, 1.09439007549, 2.47403259415, 1.2600002046, 1.00000054576, 5.02541379972, 6.68159396666, 1.00187781783, 3.11953313172, 1.11162440801, 1.07506335682, 1.2205292799, 1.0752486204, 1.05221493809, 8.27794711384, 1.0000009539, 1.00000021408, 87.9227032013, 1.02359159101, 1.31886728553, 1.02719936701, 4.08510954959, 0.870000624873, 12.3313591566, 10.6706335602, 26.4387800996
4.3057219611, 1.15790015877, 1.47114276428, 1.00000010985, 5.71924907002, 1.09439007549, 2.47403259415, 1.2600002046, 1.00000054576, 5.02541379972, 6.68159396666, 1.00187781783, 3.11953313172, 1.11162440801, 1.07506335682, 1.2205292799, 1.0752486204, 1.05221493809, 8.27794711384, 1.0000009539, 1.00000021408, 87.9227032013, 1.02359159101, 1.31886728553, 1.02719936701, 4.08510954959, 0.870000624873, 12.3313591566, 10.6706335602, 26.4387800996
4.3057219611, 1.15790015877, 1.47114276428, 1.00000010985, 5.71924907002, 1.09439007549, 2.47403259415, 1.2600002046, 1.00000054576, 5.02541379972, 6.68159396666, 1.00187781783, 3.11953313172, 1.11162440801, 1.07506335682, 1.2205292799, 1.0752486204, 1.05221493809, 8.27794711384, 1.0000009539, 1.00000021408, 87.9227032013, 1.02359159101, 1.31886728553, 1.02719936701, 4.08510954959, 0.870000624873, 12.3313591566, 10.6706335602, 26.4387800996
4.3057219611, 1.15790015877, 1.47114276428, 1.00000010985, 5.71924907002, 1.09439007549, 2.47403259415, 1.2600002046, 1.00000054576, 5.02541379972, 6.68159396666, 1.00187781783, 3.11953313172, 1.11162440801, 1.07506335682, 1.2205292799, 1.0752486204, 1.05221493809, 8.27794711384, 1.0000009539, 1.00000021408, 87.9227032013, 1.02359159101, 1.31886728553, 1.02719936701, 4.08510954959, 0.870000624873, 12.3313591566, 10.6706335602, 26.4387800996
4.3057219611, 1.15790015877, 1.47114276428, 1.00000010985, 5.71924907002, 1.09439007549, 2.47403259415, 1.2600002046, 1.00000054576, 5.02541379972, 6.68159396666, 1.00187781783, 3.11953313172, 1.11162440801, 1.07506335682, 1.2205292799, 1.0752486204, 1.05221493809, 8.27794711384, 1.0000009539, 1.00000021408, 87.9227032013, 1.02359159101, 1.31886728553, 1.02719936701, 4.08510954959, 0.870000624873, 12.3313591566, 10.6706335602, 26.4387800996
4.3057219611, 1.15790015877, 1.47114276428, 1.00000010985, 5.71924907002, 1.09439007549, 2.47403259415, 1.2600002046, 1.00000054576, 5.02541379972, 6.68159396666, 1.00187781783, 3.11953313172, 1.11162440801, 1.07506335682, 1.2205292799, 1.0752486204, 1.05221493809, 8.27794711384, 1.0000009539, 1.00000021408, 87.9227032013, 1.02359159101, 1.31886728553, 1.02719936701, 4.08510954959, 0.870000624873, 12.3313591566, 10.6706335602, 26.4387800996
4.3057219611, 1.15790015877, 1.47114276428, 1.00000010985, 5.71924907002, 1.09439007549, 2.47403259415, 1.2600002046, 1.00000054576, 5.02541379972, 6.68159396666, 1.00187781783, 3.11953313172, 1.11162440801, 1.07506335682, 1.2205292799, 1.0752486204, 1.05221493809, 8.27794711384, 1.0000009539, 1.00000021408, 87.9227032013, 1.02359159101, 1.31886728553, 1.02719936701, 4.08510954959, 0.870000624873, 12.3313591566, 10.6706335602, 26.4387800996
4.3057219611, 1.15790015877, 1.47114276428, 1.00000010985, 5.71924907002, 1.09439007549, 2.47403259415, 1.2600002046, 1.00000054576, 5.02541379972, 6.68159396666, 1.00187781783, 3.11953313172, 1.11162440801, 1.07506335682, 1.2205292799, 1.0752486204, 1.05221493809, 8.27794711384, 1.0000009539, 1.00000021408, 87.9227032013, 1.02359159101, 1.31886728553, 1.02719936701, 4.08510954959, 0.870000624873, 12.3313591566, 10.6706335602, 26.4387800996
4.3057219611, 1.15790015877, 1.47114276428, 1.00000010985, 5.71924907002, 1.09439007549, 2.47403259415, 1.2600002046, 1.00000054576, 5.02541379972, 6.68159396666, 1.00187781783, 3.11953313172, 1.11162440801, 1.07506335682, 1.2205292799, 1.0752486204, 1.05221493809, 8.27794711384, 1.0000009539, 1.00000021408, 87.9227032013, 1.02359159101, 1.31886728553, 1.02719936701, 4.08510954959, 0.870000624873, 12.3313591566, 10.6706335602, 26.4387800996
4.3057219611, 1.15790015877, 1.47114276428, 1.00000010985, 5.71924907002, 1.09439007549, 2.47403259415, 1.2600002046, 1.00000054576, 5.02541379972, 6.68159396666, 1.00187781783, 3.11953313172, 1.11162440801, 1.07506335682, 1.2205292799, 1.0752486204, 1.05221493809, 8.27794711384, 1.0000009539, 1.00000021408, 87.9227032013, 1.02359159101, 1.31886728553, 1.02719936701, 4.08510954959, 0.870000624873, 12.3313591566, 10.6706335602, 26.4387800996
4.3057219611, 1.15790015877, 1.47114276428, 1.00000010985, 5.71924907002, 1.09439007549, 2.47403259415, 1.2600002046, 1.00000054576, 5.02541379972, 6.68159396666, 1.00187781783, 3.11953313172, 1.11162440801, 1.07506335682, 1.2205292799, 1.0752486204, 1.05221493809, 8.27794711384, 1.0000009539, 1.00000021408, 87.9227032013, 1.02359159101, 1.31886728553, 1.02719936701, 4.08510954959, 0.870000624873, 12.3313591566, 10.6706335602, 26.4387800996
4.3057219611, 1.15790015877, 1.47114276428, 1.00000010985, 5.71924907002, 1.09439007549, 2.47403259415, 1.2600002046, 1.00000054576, 5.02541379972, 6.68159396666, 1.00187781783, 3.11953313172, 1.11162440801, 1.07506335682, 1.2205292799, 1.0752486204, 1.05221493809, 8.27794711384, 1.0000009539, 1.00000021408, 87.9227032013, 1.02359159101, 1.31886728553, 1.02719936701, 4.08510954959, 0.870000624873, 12.3313591566, 10.6706335602, 26.4387800996
4.3057219611, 1.15790015877, 1.47114276428, 1.00000010985, 5.71924907002, 1.09439007549, 2.47403259415, 1.2600002046, 1.00000054576, 5.02541379972, 6.68159396666, 1.00187781783, 3.11953313172, 1.11162440801, 1.07506335682, 1.2205292799, 1.0752486204, 1.05221493809, 8.27794711384, 1.0000009539, 1.00000021408, 87.9227032013, 1.02359159101, 1.31886728553, 1.02719936701, 4.08510954959, 0.870000624873, 12.3313591566, 10.6706335602, 26.4387800996
4.06088324203, 1.15849438887, 1.49917666655, 1.000000937, 7.00476388846, 1.0191106309, 5.54661785912, 1.26000019239, 1.00000070697, 5.01858218151, 6.66446887355, 1.00557126056, 2.24918051638, 1.05275377359, 1.03445896063, 1.15797836788, 1.0259391846, 1.04654455135, 8.55104578007, 1.00000023679, 1.00000093401, 114.050859861, 1.04159904286, 5.5742639808, 1.03630605026, 4.10177285125, 0.870000630113, 58.8270336307, 10.4190457617, 122.88471342
4.06088324203, 1.15849438887, 1.49917666655, 1.000000937, 7.00476388846, 1.0191106309, 5.54661785912, 1.26000019239, 1.00000070697, 5.01858218151, 6.66446887355, 1.00557126056, 2.24918051638, 1.05275377359, 1.03445896063, 1.15797836788, 1.0259391846, 1.04654455135, 8.55104578007, 1.00000023679, 1.00000093401, 114.050859861, 1.04159904286, 5.5742639808, 1.03630605026, 4.10177285125, 0.870000630113, 58.8270336307, 10.4190457617, 122.88471342
4.30545037904, 1.15847325278, 1.49917666655, 1.000000937, 5.71415785964, 1.01973671088, 5.52199116511, 1.26000019239, 1.00000070442, 5.01858218151, 6.66446887355, 1.00191307395, 3.10931868533, 1.05310600501, 1.03445896063, 1.21819890889, 1.0259391846, 1.05247498252, 8.27796854414, 1.00000023679, 1.00000093401, 114.050859861, 1.04072022526, 1.39650504867, 1.03616810702, 4.08460637592, 0.870000629795, 12.1509077945, 10.6711187764, 18.4572807797
4.30545037904, 1.15847325278, 1.49917666655, 1.000000937, 5.71415785964, 1.01973671088, 5.52199116511, 1.26000019239, 1.00000070442, 5.01858218151, 6.66446887355, 1.00191307395, 3.10931868533, 1.05310600501, 1.03445896063, 1.21819890889, 1.0259391846, 1.05247498252, 8.27796854414, 1.00000023679, 1.00000093401, 114.050859861, 1.04072022526, 1.39650504867, 1.03616810702, 4.08460637592, 0.870000629795, 12.1509077945, 10.6711187764, 18.4572807797
4.30545037904, 1.15847325278, 1.49917666655, 1.000000937, 5.71415785964, 1.01973671088, 5.52199116511, 1.26000019239, 1.00000070442, 5.01858218151, 6.66446887355, 1.00191307395, 3.10931868533, 1.05310600501, 1.03445896063, 1.21819890889, 1.0259391846, 1.05247498252, 8.27796854414, 1.00000023679, 1.00000093401, 114.050859861, 1.04072022526, 1.39650504867, 1.03616810702, 4.08460637592, 0.870000629795, 12.1509077945, 10.6711187764, 18.4572807797
4.30545037904, 1.15847325278, 1.49917666655, 1.000000937, 5.71415785964, 1.01973671088, 5.52199116511, 1.26000019239, 1.00000070442, 5.01858218151, 6.66446887355, 1.00191307395, 3.10931868533, 1.05310600501, 1.03445896063, 1.21819890889, 1.0259391846, 1.05247498252, 8.27796854414, 1.00000023679, 1.00000093401, 114.050859861, 1.04072022526, 1.39650504867, 1.03616810702, 4.08460637592, 0.870000629795, 12.1509077945, 10.6711187764, 18.4572807797
4.30545037904, 1.15847325278, 1.49917666655, 1.000000937, 5.71415785964, 1.01973671088, 5.52199116511, 1.26000019239, 1.00000070442, 5.01858218151, 6.66446887355, 1.00191307395, 3.10931868533, 1.05310600501, 1.03445896063, 1.21819890889, 1.0259391846, 1.05247498252, 8.27796854414, 1.00000023679, 1.00000093401, 114.050859861, 1.04072022526, 1.39650504867, 1.03616810702, 4.08460637592, 0.870000629795, 12.1509077945, 10.6711187764, 18.4572807797
4.30545037904, 1.15847325278, 1.49917666655, 1.000000937, 5.71415785964, 1.01973671088, 5.52199116511, 1.26000019239, 1.00000070442, 5.01858218151, 6.66446887355, 1.00191307395, 3.10931868533, 1.05310600501, 1.03445896063, 1.21819890889, 1.0259391846, 1.05247498252, 8.27796854414, 1.00000023679, 1.00000093401, 114.050859861, 1.04072022526, 1.39650504867, 1.03616810702, 4.08460637592, 0.870000629795, 12.1509077945, 10.6711187764, 18.4572807797
4.30545037904, 1.15847325278, 1.49917666655, 1.000000937, 5.71415785964, 1.01973671088, 5.52199116511, 1.26000019239, 1.00000070442, 5.01858218151, 6.66446887355, 1.00191307395, 3.10931868533, 1.05310600501, 1.03445896063, 1.21819890889, 1.0259391846, 1.05247498252, 8.27796854414, 1.00000023679, 1.00000093401, 114.050859861, 1.04072022526, 1.39650504867, 1.03616810702, 4.08460637592, 0.870000629795, 12.1509077945, 10.6711187764, 18.4572807797
4.30545037904, 1.15847325278, 1.49917666655, 1.000000937, 5.71415785964, 1.01973671088, 5.52199116511, 1.26000019239, 1.00000070442, 5.01858218151, 6.66446887355, 1.00191307395, 3.10931868533, 1.05310600501, 1.03445896063, 1.21819890889, 1.0259391846, 1.05247498252, 8.27796854414, 1.00000023679, 1.00000093401, 114.050859861, 1.04072022526, 1.39650504867, 1.03616810702, 4.08460637592, 0.870000629795, 12.1509077945, 10.6711187764, 18.4572807797
4.30545037904, 1.15847325278, 1.49917666655, 1.000000937, 5.71415785964, 1.01973671088, 5.52199116511, 1.26000019239, 1.00000070442, 5.01858218151, 6.66446887355, 1.00191307395, 3.10931868533, 1.05310600501, 1.03445896063, 1.21819890889, 1.0259391846, 1.05247498252, 8.27796854414, 1.00000023679, 1.00000093401, 114.050859861, 1.04072022526, 1.39650504867, 1.03616810702, 4.08460637592, 0.870000629795, 12.1509077945, 10.6711187764, 18.4572807797
4.30545037904, 1.15847325278, 1.49917666655, 1.000000937, 5.71415785964, 1.01973671088, 5.52199116511, 1.26000019239, 1.00000070442, 5.01858218151, 6.66446887355, 1.00191307395, 3.10931868533, 1.05310600501, 1.03445896063, 1.21819890889, 1.0259391846, 1.05247498252, 8.27796854414, 1.00000023679, 1.00000093401, 114.050859861, 1.04072022526, 1.39650504867, 1.03616810702, 4.08460637592, 0.870000629795, 12.1509077945, 10.6711187764, 18.4572807797
4.30545037904, 1.15847325278, 1.49917666655, 1.000000937, 5.71415785964, 1.01973671088, 5.52199116511, 1.26000019239, 1.00000070442, 5.01858218151, 6.66446887355, 1.00191307395, 3.10931868533, 1.05310600501, 1.03445896063, 1.21819890889, 1.0259391846, 1.05247498252, 8.27796854414, 1.00000023679, 1.00000093401, 114.050859861, 1.04072022526, 1.39650504867, 1.03616810702, 4.08460637592, 0.870000629795, 12.1509077945, 10.6711187764, 18.4572807797
4.30545037904, 1.15847325278, 1.49917666655, 1.000000937, 5.71415785964, 1.01973671088, 5.52199116511, 1.26000019239, 1.00000070442, 5.01858218151, 6.66446887355, 1.00191307395, 3.10931868533, 1.05310600501, 1.03445896063, 1.21819890889, 1.0259391846, 1.05247498252, 8.27796854414, 1.00000023679, 1.00000093401, 114.050859861, 1.04072022526, 1.39650504867, 1.03616810702, 4.08460637592, 0.870000629795, 12.1509077945, 10.6711187764, 18.4572807797
4.30545037904, 1.15847325278, 1.49917666655, 1.000000937, 5.71415785964, 1.01973671088, 5.52199116511, 1.26000019239, 1.00000070442, 5.01858218151, 6.66446887355, 1.00191307395, 3.10931868533, 1.05310600501, 1.03445896063, 1.21819890889, 1.0259391846, 1.05247498252, 8.27796854414, 1.00000023679, 1.00000093401, 114.050859861, 1.04072022526, 1.39650504867, 1.03616810702, 4.08460637592, 0.870000629795, 12.1509077945, 10.6711187764, 18.4572807797
4.30545037904, 1.15847325278, 1.49917666655, 1.000000937, 5.71415785964, 1.01973671088, 5.52199116511, 1.26000019239, 1.00000070442, 5.01858218151, 6.66446887355, 1.00191307395, 3.10931868533, 1.05310600501, 1.03445896063, 1.21819890889, 1.0259391846, 1.05247498252, 8.27796854414, 1.00000023679, 1.00000093401, 114.050859861, 1.04072022526, 1.39650504867, 1.03616810702, 4.08460637592, 0.870000629795, 12.1509077945, 10.6711187764, 18.4572807797
4.30545037904, 1.15847325278, 1.49917666655, 1.000000937, 5.71415785964, 1.01973671088, 5.52199116511, 1.26000019239, 1.00000070442, 5.01858218151, 6.66446887355, 1.00191307395, 3.10931868533, 1.05310600501, 1.03445896063, 1.21819890889, 1.0259391846, 1.05247498252, 8.27796854414, 1.00000023679, 1.00000093401, 114.050859861, 1.04072022526, 1.39650504867, 1.03616810702, 4.08460637592, 0.870000629795, 12.1509077945, 10.6711187764, 18.4572807797
4.30545037904, 1.15847325278, 1.49917666655, 1.000000937, 5.71415785964, 1.01973671088, 5.52199116511, 1.26000019239, 1.00000070442, 5.01858218151, 6.66446887355, 1.00191307395, 3.10931868533, 1.05310600501, 1.03445896063, 1.21819890889, 1.0259391846, 1.05247498252, 8.27796854414, 1.00000023679, 1.00000093401, 114.050859861, 1.04072022526, 1.39650504867, 1.03616810702, 4.08460637592, 0.870000629795, 12.1509077945, 10.6711187764, 18.4572807797
4.30545037904, 1.15847325278, 1.49917666655, 1.000000937, 5.71415785964, 1.01973671088, 5.52199116511, 1.26000019239, 1.00000070442, 5.01858218151, 6.66446887355, 1.00191307395, 3.10931868533, 1.05310600501, 1.03445896063, 1.21819890889, 1.0259391846, 1.05247498252, 8.27796854414, 1.00000023679, 1.00000093401, 114.050859861, 1.04072022526, 1.39650504867, 1.03616810702, 4.08460637592, 0.870000629795, 12.1509077945, 10.6711187764, 18.4572807797
4.30545037904, 1.15847325278, 1.49917666655, 1.000000937, 5.71415785964, 1.01973671088, 5.52199116511, 1.26000019239, 1.00000070442, 5.01858218151, 6.66446887355, 1.00191307395, 3.10931868533, 1.05310600501, 1.03445896063, 1.21819890889, 1.0259391846, 1.05247498252, 8.27796854414, 1.00000023679, 1.00000093401, 114.050859861, 1.04072022526, 1.39650504867, 1.03616810702, 4.08460637592, 0.870000629795, 12.1509077945, 10.6711187764, 18.4572807797
4.30545037904, 1.15847325278, 1.49917666655, 1.000000937, 5.71415785964, 1.01973671088, 5.52199116511, 1.26000019239, 1.00000070442, 5.01858218151, 6.66446887355, 1.00191307395, 3.10931868533, 1.05310600501, 1.03445896063, 1.21819890889, 1.0259391846, 1.05247498252, 8.27796854414, 1.00000023679, 1.00000093401, 114.050859861, 1.04072022526, 1.39650504867, 1.03616810702, 4.08460637592, 0.870000629795, 12.1509077945, 10.6711187764, 18.4572807797
4.30545037904, 1.15847325278, 1.49917666655, 1.000000937, 5.71415785964, 1.01973671088, 5.52199116511, 1.26000013573, 1.00000070442, 5.01858218151, 6.66446887355, 1.00191307395, 3.1193800358, 1.05310600501, 1.03445896063, 1.21819890889, 1.0259391846, 1.05467031175, 8.27796854414, 1.00000023679, 1.00000093401, 114.050859861, 1.04072022526, 1.39650504867, 1.03616810702, 4.08460637592, 0.870000629795, 22.7952969778, 9.64536577858, 63.6185379816
4.30545037904, 1.15847325278, 1.49917666655, 1.000000937, 5.71415785964, 1.01973671088, 5.52199116511, 1.26000013573, 1.00000070442, 5.01858218151, 6.66446887355, 1.00191307395, 3.1193800358, 1.05310600501, 1.03445896063, 1.21819890889, 1.0259391846, 1.05467031175, 8.27796854414, 1.00000023679, 1.00000093401, 114.050859861, 1.04072022526, 1.39650504867, 1.03616810702, 4.08460637592, 0.870000629795, 22.7952969778, 9.64536577858, 63.6185379816
4.30545037904, 1.15847325278, 1.49917666655, 1.000000937, 5.71415785964, 1.01973671088, 5.52199116511, 1.26000013573, 1.00000070442, 5.01858218151, 6.66446887355, 1.00191307395, 3.1193800358, 1.05310600501, 1.03445896063, 1.21819890889, 1.0259391846, 1.05467031175, 8.27796854414, 1.00000023679, 1.00000093401, 114.050859861, 1.04072022526, 1.39650504867, 1.03616810702, 4.08460637592, 0.870000629795, 22.7952969778, 9.64536577858, 63.6185379816
4.3057219611, 1.15790015877, 1.47114276428, 1.00000010985, 5.71924907002, 1.09439007549, 2.47403259415, 1.2600002046, 1.00000054576, 5.02541379972, 6.68159396666, 1.00187781783, 3.11953313172, 1.11162440801, 1.07506335682, 1.2205292799, 1.0752486204, 1.05221493809, 8.27794711384, 1.0000009539, 1.00000021408, 87.9227032013, 1.02359159101, 1.31886728553, 1.02719936701, 4.08510954959, 0.870000624873, 76.9183684586, 9.33885465594, 100.514199476
4.30573429198, 1.15790015877, 1.47114276428, 1.00000010151, 5.71924907002, 1.09439007549, 5.53086905996, 1.26000019253, 1.00000054576, 5.02541379972, 6.68159396666, 1.00187781783, 3.11953313172, 1.11162440801, 1.07506335682, 1.22042663738, 1.02558416774, 1.05247493084, 8.27794711384, 1.0000009539, 1.00000021408, 87.9227032013, 1.02381637325, 1.31886728553, 1.03605263481, 4.08510954959, 0.87000062478, 26.0575693351, 13.1528481311, 37.0616475743
4.30573429198, 1.15790015877, 1.47114276428, 1.00000010151, 5.71924907002, 1.09439007549, 5.53086905996, 1.26000019253, 1.00000054576, 5.02541379972, 6.68159396666, 1.00187781783, 3.11953313172, 1.11162440801, 1.07506335682, 1.22042663738, 1.02558416774, 1.05247493084, 8.27794711384, 1.0000009539, 1.00000021408, 87.9227032013, 1.02381637325, 1.31886728553, 1.03605263481, 4.08510954959, 0.87000062478, 26.0575693351, 13.1528481311, 37.0616475743
4.30573429198, 1.15790015877, 1.47114276428, 1.00000010151, 5.71924907002, 1.09439007549, 5.53086905996, 1.26000019253, 1.00000054576, 5.02541379972, 6.68159396666, 1.00187781783, 3.11953313172, 1.11162440801, 1.07506335682, 1.22042663738, 1.02558416774, 1.05247493084, 8.27794711384, 1.0000009539, 1.00000021408, 87.9227032013, 1.02381637325, 1.31886728553, 1.03605263481, 4.08510954959, 0.87000062478, 26.0575693351, 13.1528481311, 37.0616475743
4.30573429198, 1.15790015877, 1.47114276428, 1.00000010151, 5.71924907002, 1.09439007549, 5.53086905996, 1.26000019253, 1.00000054576, 5.02541379972, 6.68159396666, 1.00187781783, 3.11953313172, 1.11162440801, 1.07506335682, 1.22042663738, 1.02558416774, 1.05247493084, 8.27794711384, 1.0000009539, 1.00000021408, 87.9227032013, 1.02381637325, 1.31886728553, 1.03605263481, 4.08510954959, 0.87000062478, 26.0575693351, 13.1528481311, 37.0616475743
4.30573429198, 1.15790015877, 1.47114276428, 1.00000010151, 5.71924907002, 1.09439007549, 5.53086905996, 1.26000019253, 1.00000054576, 5.02541379972, 6.68159396666, 1.00187781783, 3.11953313172, 1.11162440801, 1.07506335682, 1.22042663738, 1.02558416774, 1.05247493084, 8.27794711384, 1.0000009539, 1.00000021408, 87.9227032013, 1.02381637325, 1.31886728553, 1.03605263481, 4.08510954959, 0.87000062478, 26.0575693351, 13.1528481311, 37.0616475743
4.30545037904, 1.15847325278, 1.49917666655, 1.000000937, 5.71415785964, 1.01973671088, 5.52199116511, 1.26000019239, 1.00000070442, 5.01858218151, 6.66446887355, 1.00191307395, 3.10931868533, 1.05310600501, 1.03445896063, 1.21819890889, 1.0259391846, 1.05247498252, 8.27796854414, 1.00000023679, 1.00000093401, 114.050859861, 1.04072022526, 1.39650504867, 1.03616810702, 4.08460637592, 0.870000629795, 18.5313735051, 9.16556589395, 50.99451905
4.30545037904, 1.15847325278, 1.49917666655, 1.000000937, 5.71415785964, 1.01973671088, 5.52199116511, 1.26000019239, 1.00000070442, 5.01858218151, 6.66446887355, 1.00191307395, 3.10931868533, 1.05310600501, 1.03445896063, 1.21819890889, 1.0259391846, 1.05247498252, 8.27796854414, 1.00000023679, 1.00000093401, 114.050859861, 1.04072022526, 1.39650504867, 1.03616810702, 4.08460637592, 0.870000629795, 18.5313735051, 9.16556589395, 50.99451905
4.30545037904, 1.15847325278, 1.49917666655, 1.000000937, 5.71415785964, 1.01973671088, 5.52199116511, 1.26000019239, 1.00000070442, 5.01858218151, 6.66446887355, 1.00191307395, 3.10931868533, 1.05310600501, 1.03445896063, 1.21819890889, 1.0259391846, 1.05247498252, 8.27796854414, 1.00000023679, 1.00000093401, 114.050859861, 1.04072022526, 1.39650504867, 1.03616810702, 4.08460637592, 0.870000629795, 18.5313735051, 9.16556589395, 50.99451905
4.30545037904, 1.15847325278, 1.49917666655, 1.000000937, 5.71415785964, 1.01973671088, 5.52199116511, 1.26000019239, 1.00000070442, 5.01858218151, 6.66446887355, 1.00191307395, 3.10931868533, 1.05310600501, 1.03445896063, 1.21819890889, 1.0259391846, 1.05247498252, 8.27796854414, 1.00000023679, 1.00000093401, 114.050859861, 1.04072022526, 1.39650504867, 1.03616810702, 4.08460637592, 0.870000629795, 18.5313735051, 9.16556589395, 50.99451905
4.30545037904, 1.15847325278, 1.49917666655, 1.000000937, 5.71415785964, 1.01973671088, 5.52199116511, 1.26000019239, 1.00000070442, 5.01858218151, 6.66446887355, 1.00191307395, 3.10931868533, 1.05310600501, 1.03445896063, 1.21819890889, 1.0259391846, 1.05247498252, 8.27796854414, 1.00000023679, 1.00000093401, 114.050859861, 1.04072022526, 1.39650504867, 1.03616810702, 4.08460637592, 0.870000629795, 18.5313735051, 9.16556589395, 50.99451905
4.30545037904, 1.15847325278, 1.49917666655, 1.000000937, 5.71415785964, 1.01973671088, 5.52199116511, 1.26000019239, 1.00000070442, 5.01858218151, 6.66446887355, 1.00191307395, 3.10931868533, 1.05310600501, 1.03445896063, 1.21819890889, 1.0259391846, 1.05247498252, 8.27796854414, 1.00000023679, 1.00000093401, 114.050859861, 1.04072022526, 1.39650504867, 1.03616810702, 4.08460637592, 0.870000629795, 18.5313735051, 9.16556589395, 50.99451905
4.30545037904, 1.15847325278, 1.49917666655, 1.000000937, 5.71415785964, 1.01973671088, 5.52199116511, 1.26000019239, 1.00000070442, 5.01858218151, 6.66446887355, 1.00191307395, 3.10931868533, 1.05310600501, 1.03445896063, 1.21819890889, 1.0259391846, 1.05247498252, 8.27796854414, 1.00000023679, 1.00000093401, 114.050859861, 1.04072022526, 1.39650504867, 1.03616810702, 4.08460637592, 0.870000629795, 18.5313735051, 9.16556589395, 50.99451905
4.30545037904, 1.15847325278, 1.49917666655, 1.000000937, 5.71415785964, 1.01973671088, 5.52199116511, 1.26000019239, 1.00000070442, 5.01858218151, 6.66446887355, 1.00191307395, 3.10931868533, 1.05310600501, 1.03445896063, 1.21819890889, 1.0259391846, 1.05247498252, 8.27796854414, 1.00000023679, 1.00000093401, 114.050859861, 1.04072022526, 1.39650504867, 1.03616810702, 4.08460637592, 0.870000629795, 18.5313735051, 9.16556589395, 50.99451905
4.30545037904, 1.15847325278, 1.49917666655, 1.000000937, 5.71415785964, 1.01973671088, 5.52199116511, 1.26000019239, 1.00000070442, 5.01858218151, 6.66446887355, 1.00191307395, 3.10931868533, 1.05310600501, 1.03445896063, 1.21819890889, 1.0259391846, 1.05247498252, 8.27796854414, 1.00000023679, 1.00000093401, 114.050859861, 1.04072022526, 1.39650504867, 1.03616810702, 4.08460637592, 0.870000629795, 18.5313735051, 9.16556589395, 50.99451905
4.30545037904, 1.15847325278, 1.49917666655, 1.000000937, 5.71415785964, 1.01973671088, 5.52199116511, 1.26000019239, 1.00000070442, 5.01858218151, 6.66446887355, 1.00191307395, 3.10931868533, 1.05310600501, 1.03445896063, 1.21819890889, 1.0259391846, 1.05247498252, 8.27796854414, 1.00000023679, 1.00000093401, 114.050859861, 1.04072022526, 1.39650504867, 1.03616810702, 4.08460637592, 0.870000629795, 18.5313735051, 9.16556589395, 50.99451905
4.30545037904, 1.15847325278, 1.49917666655, 1.000000937, 5.71415785964, 1.01973671088, 5.52199116511, 1.26000019239, 1.00000070442, 5.01858218151, 6.66446887355, 1.00191307395, 3.10931868533, 1.05310600501, 1.03445896063, 1.21819890889, 1.0259391846, 1.05247498252, 8.27796854414, 1.00000023679, 1.00000093401, 114.050859861, 1.04072022526, 1.39650504867, 1.03616810702, 4.08460637592, 0.870000629795, 18.5313735051, 9.16556589395, 50.99451905
4.30545037904, 1.15847325278, 1.49917666655, 1.000000937, 5.71415785964, 1.01973671088, 5.52199116511, 1.26000019239, 1.00000070442, 5.01858218151, 6.66446887355, 1.00191307395, 3.10931868533, 1.05310600501, 1.03445896063, 1.21819890889, 1.0259391846, 1.05247498252, 8.27796854414, 1.00000023679, 1.00000093401, 114.050859861, 1.04072022526, 1.39650504867, 1.03616810702, 4.08460637592, 0.870000629795, 18.5313735051, 9.16556589395, 50.99451905
4.30545037904, 1.15847325278, 1.49917666655, 1.000000937, 5.71415785964, 1.01973671088, 5.52199116511, 1.26000019239, 1.00000070442, 5.01858218151, 6.66446887355, 1.00191307395, 3.10931868533, 1.05310600501, 1.03445896063, 1.21819890889, 1.0259391846, 1.05247498252, 8.27796854414, 1.00000023679, 1.00000093401, 114.050859861, 1.04072022526, 1.39650504867, 1.03616810702, 4.08460637592, 0.870000629795, 18.5313735051, 9.16556589395, 50.99451905
4.30545037904, 1.15847325278, 1.49917666655, 1.000000937, 5.71415785964, 1.01973671088, 5.52199116511, 1.26000019239, 1.00000070442, 5.01858218151, 6.66446887355, 1.00191307395, 3.10931868533, 1.05310600501, 1.03445896063, 1.21819890889, 1.0259391846, 1.05247498252, 8.27796854414, 1.00000023679, 1.00000093401, 114.050859861, 1.04072022526, 1.39650504867, 1.03616810702, 4.08460637592, 0.870000629795, 18.5313735051, 9.16556589395, 50.99451905
4.30545037904, 1.15847325278, 1.49917666655, 1.000000937, 5.71415785964, 1.01973671088, 5.52199116511, 1.26000019239, 1.00000070442, 5.01858218151, 6.66446887355, 1.00191307395, 3.10931868533, 1.05310600501, 1.03445896063, 1.21819890889, 1.0259391846, 1.05247498252, 8.27796854414, 1.00000023679, 1.00000093401, 114.050859861, 1.04072022526, 1.39650504867, 1.03616810702, 4.08460637592, 0.870000629795, 18.5313735051, 9.16556589395, 50.99451905
4.30545037904, 1.15847325278, 1.49917666655, 1.000000937, 5.71415785964, 1.01973671088, 5.52199116511, 1.26000019239, 1.00000070442, 5.01858218151, 6.66446887355, 1.00191307395, 3.10931868533, 1.05310600501, 1.03445896063, 1.21819890889, 1.0259391846, 1.05247498252, 8.27796854414, 1.00000023679, 1.00000093401, 114.050859861, 1.04072022526, 1.39650504867, 1.03616810702, 4.08460637592, 0.870000629795, 18.5313735051, 9.16556589395, 50.99451905
4.30545037904, 1.15847325278, 1.49917666655, 1.000000937, 5.71415785964, 1.01973671088, 5.52199116511, 1.26000019239, 1.00000070442, 5.01858218151, 6.66446887355, 1.00191307395, 3.10931868533, 1.05310600501, 1.03445896063, 1.21819890889, 1.0259391846, 1.05247498252, 8.27796854414, 1.00000023679, 1.00000093401, 114.050859861, 1.04072022526, 1.39650504867, 1.03616810702, 4.08460637592, 0.870000629795, 18.5313735051, 9.16556589395, 50.99451905
4.30545037904, 1.15847325278, 1.49917666655, 1.000000937, 5.71415785964, 1.01973671088, 5.52199116511, 1.26000019239, 1.00000070442, 5.01858218151, 6.66446887355, 1.00191307395, 3.10931868533, 1.05310600501, 1.03445896063, 1.21819890889, 1.0259391846, 1.05247498252, 8.27796854414, 1.00000023679, 1.00000093401, 114.050859861, 1.04072022526, 1.39650504867, 1.03616810702, 4.08460637592, 0.870000629795, 18.5313735051, 9.16556589395, 50.99451905
4.30545037904, 1.15847325278, 1.49917666655, 1.000000937, 5.71415785964, 1.01973671088, 5.52199116511, 1.26000019239, 1.00000070442, 5.01858218151, 6.66446887355, 1.00191307395, 3.10931868533, 1.05310600501, 1.03445896063, 1.21819890889, 1.0259391846, 1.05247498252, 8.27796854414, 1.00000023679, 1.00000093401, 114.050859861, 1.04072022526, 1.39650504867, 1.03616810702, 4.08460637592, 0.870000629795, 18.5313735051, 9.16556589395, 50.99451905
4.30545037904, 1.15847325278, 1.49917666655, 1.000000937, 5.71415785964, 1.01973671088, 5.52199116511, 1.26000019239, 1.00000070442, 5.01858218151, 6.66446887355, 1.00191307395, 3.10931868533, 1.05310600501, 1.03445896063, 1.21819890889, 1.0259391846, 1.05247498252, 8.27796854414, 1.00000023679, 1.00000093401, 114.050859861, 1.04072022526, 1.39650504867, 1.03616810702, 4.08460637592, 0.870000629795, 18.5313735051, 9.16556589395, 50.99451905
4.30545037904, 1.15847325278, 1.49917666655, 1.000000937, 5.70530717633, 1.01973671088, 5.52207346645, 1.26000019239, 1.00000070445, 5.01858218151, 6.66446887355, 1.00191940095, 2.25730641357, 1.05310600501, 1.03445896063, 1.21819890889, 1.0259391846, 1.04659572307, 8.27796854414, 1.00000023679, 1.00000093278, 114.050859861, 1.04072022526, 1.35616458523, 1.03616810702, 4.08460637592, 0.870000630123, 72.3743897789, 11.3581633028, 61.9433404358
4.30545037904, 1.15847325278, 1.49917666655, 1.000000937, 5.70530717633, 1.01973671088, 5.52207346645, 1.26000019239, 1.00000070445, 5.01858218151, 6.66446887355, 1.00191940095, 2.25730641357, 1.05310600501, 1.03445896063, 1.21819890889, 1.0259391846, 1.04659572307, 8.27796854414, 1.00000023679, 1.00000093278, 114.050859861, 1.04072022526, 1.35616458523, 1.03616810702, 4.08460637592, 0.870000630123, 72.3743897789, 11.3581633028, 61.9433404358
4.30545037904, 1.15847325278, 1.49917666655, 1.000000937, 5.71415785964, 1.01973671088, 5.52199116511, 1.26000019239, 1.00000068228, 5.01858218151, 6.11156542476, 1.00191307395, 3.10931868533, 1.05310600501, 1.03445896063, 1.21819890889, 1.0259391846, 1.05247498252, 8.27796854414, 1.00000021544, 1.00000093401, 114.050859861, 1.04072022526, 1.39650504867, 1.03616810702, 4.08460637592, 0.870000629795, 23.1978262485, 8.28796220328, 70.9521648769
4.30545037904, 1.15847325278, 1.49917666655, 1.000000937, 5.71415785964, 1.01973671088, 5.52199116511, 1.26000019239, 1.00000068228, 5.01858218151, 6.11156542476, 1.00191307395, 3.10931868533, 1.05310600501, 1.03445896063, 1.21819890889, 1.0259391846, 1.05247498252, 8.27796854414, 1.00000021544, 1.00000093401, 114.050859861, 1.04072022526, 1.39650504867, 1.03616810702, 4.08460637592, 0.870000629795, 23.1978262485, 8.28796220328, 70.9521648769
4.30545037904, 1.15847325278, 1.49917666655, 1.000000937, 5.71415785964, 1.01973671088, 5.52199116511, 1.26000019239, 1.00000068228, 5.01858218151, 6.11156542476, 1.00191307395, 3.10931868533, 1.05310600501, 1.03445896063, 1.21819890889, 1.0259391846, 1.05247498252, 8.27796854414, 1.00000021544, 1.00000093401, 114.050859861, 1.04072022526, 1.39650504867, 1.03616810702, 4.08460637592, 0.870000629795, 23.1978262485, 8.28796220328, 70.9521648769
4.30545037904, 1.15847325278, 1.49917666655, 1.000000937, 5.71415785964, 1.01973671088, 5.52199116511, 1.26000019239, 1.00000068228, 5.01858218151, 6.11156542476, 1.00191307395, 3.10931868533, 1.05310600501, 1.03445896063, 1.21819890889, 1.0259391846, 1.05247498252, 8.27796854414, 1.00000021544, 1.00000093401, 114.050859861, 1.04072022526, 1.39650504867, 1.03616810702, 4.08460637592, 0.870000629795, 23.1978262485, 8.28796220328, 70.9521648769
4.30545037904, 1.15847325278, 1.49917666655, 1.000000937, 5.71415785964, 1.01973671088, 5.52199116511, 1.26000019239, 1.00000068228, 5.01858218151, 6.11156542476, 1.00191307395, 3.10931868533, 1.05310600501, 1.03445896063, 1.21819890889, 1.0259391846, 1.05247498252, 8.27796854414, 1.00000021544, 1.00000093401, 114.050859861, 1.04072022526, 1.39650504867, 1.03616810702, 4.08460637592, 0.870000629795, 23.1978262485, 8.28796220328, 70.9521648769
4.30545037904, 1.15847325278, 1.49917666655, 1.000000937, 5.71415785964, 1.01973671088, 5.52199116511, 1.26000019239, 1.00000068228, 5.01858218151, 6.11156542476, 1.00191307395, 3.10931868533, 1.05310600501, 1.03445896063, 1.21819890889, 1.0259391846, 1.05247498252, 8.27796854414, 1.00000021544, 1.00000093401, 114.050859861, 1.04072022526, 1.39650504867, 1.03616810702, 4.08460637592, 0.870000629795, 23.1978262485, 8.28796220328, 70.9521648769
4.30545037904, 1.15847325278, 1.49917666655, 1.000000937, 5.71415785964, 1.01973671088, 5.52199116511, 1.26000019239, 1.00000068228, 5.01858218151, 6.11156542476, 1.00191307395, 3.10931868533, 1.05310600501, 1.03445896063, 1.21819890889, 1.0259391846, 1.05247498252, 8.27796854414, 1.00000021544, 1.00000093401, 114.050859861, 1.04072022526, 1.39650504867, 1.03616810702, 4.08460637592, 0.870000629795, 23.1978262485, 8.28796220328, 70.9521648769
4.30545037904, 1.15847325278, 1.49917666655, 1.000000937, 5.71415785964, 1.01973671088, 5.52199116511, 1.26000019239, 1.00000068228, 5.01858218151, 6.11156542476, 1.00191307395, 3.10931868533, 1.05310600501, 1.03445896063, 1.21819890889, 1.0259391846, 1.05247498252, 8.27796854414, 1.00000021544, 1.00000093401, 114.050859861, 1.04072022526, 1.39650504867, 1.03616810702, 4.08460637592, 0.870000629795, 23.1978262485, 8.28796220328, 70.9521648769
4.30545037904, 1.15847325278, 1.49917666655, 1.000000937, 5.71415785964, 1.01973671088, 5.52199116511, 1.26000019239, 1.00000068228, 5.01858218151, 6.11156542476, 1.00191307395, 3.10931868533, 1.05310600501, 1.03445896063, 1.21819890889, 1.0259391846, 1.05247498252, 8.27796854414, 1.00000021544, 1.00000093401, 114.050859861, 1.04072022526, 1.39650504867, 1.03616810702, 4.08460637592, 0.870000629795, 23.1978262485, 8.28796220328, 70.9521648769
4.30545037904, 1.15847325278, 1.49917666655, 1.000000937, 5.71415785964, 1.01973671088, 5.52199116511, 1.26000019239, 1.00000068228, 5.01858218151, 6.11156542476, 1.00191307395, 3.10931868533, 1.05310600501, 1.03445896063, 1.21819890889, 1.0259391846, 1.05247498252, 8.27796854414, 1.00000021544, 1.00000093401, 114.050859861, 1.04072022526, 1.39650504867, 1.03616810702, 4.08460637592, 0.870000629795, 23.1978262485, 8.28796220328, 70.9521648769
4.30545037904, 1.15847325278, 1.49917666655, 1.000000937, 5.71415785964, 1.01973671088, 5.52199116511, 1.26000019239, 1.00000068228, 5.01858218151, 6.11156542476, 1.00191307395, 3.10931868533, 1.05310600501, 1.03445896063, 1.21819890889, 1.0259391846, 1.05247498252, 8.27796854414, 1.00000021544, 1.00000093401, 114.050859861, 1.04072022526, 1.39650504867, 1.03616810702, 4.08460637592, 0.870000629795, 23.1978262485, 8.28796220328, 70.9521648769
4.30545037904, 1.15847325278, 1.49917666655, 1.000000937, 5.71415785964, 1.01973671088, 5.52199116511, 1.26000019239, 1.00000068228, 5.01858218151, 6.11156542476, 1.00191307395, 3.10931868533, 1.05310600501, 1.03445896063, 1.21819890889, 1.0259391846, 1.05247498252, 8.27796854414, 1.00000021544, 1.00000093401, 114.050859861, 1.04072022526, 1.39650504867, 1.03616810702, 4.08460637592, 0.870000629795, 23.1978262485, 8.28796220328, 70.9521648769
4.30545037904, 1.15847325278, 1.49917666655, 1.000000937, 5.71415785964, 1.01973671088, 5.52199116511, 1.26000019239, 1.00000068228, 5.01858218151, 6.11156542476, 1.00191307395, 3.10931868533, 1.05310600501, 1.03445896063, 1.21819890889, 1.0259391846, 1.05247498252, 8.27796854414, 1.00000021544, 1.00000093401, 114.050859861, 1.04072022526, 1.39650504867, 1.03616810702, 4.08460637592, 0.870000629795, 23.1978262485, 8.28796220328, 70.9521648769
4.30545037904, 1.15847325278, 1.49917666655, 1.000000937, 5.71415785964, 1.01973671088, 5.52199116511, 1.26000019239, 1.00000068228, 5.01858218151, 6.11156542476, 1.00191307395, 3.10931868533, 1.05310600501, 1.03445896063, 1.21819890889, 1.0259391846, 1.05247498252, 8.27796854414, 1.00000021544, 1.00000093401, 114.050859861, 1.04072022526, 1.39650504867, 1.03616810702, 4.08460637592, 0.870000629795, 23.1978262485, 8.28796220328, 70.9521648769
4.30545037904, 1.15847325278, 1.49917666655, 1.000000937, 5.71415785964, 1.01973671088, 5.52199116511, 1.26000019239, 1.00000070442, 5.01858218151, 6.66446887355, 1.00191307395, 3.10931868533, 1.05310600501, 1.03445896063, 1.21819890889, 1.0259391846, 1.05247498252, 8.27796854414, 1.00000023679, 1.00000095736, 114.050859861, 1.04072022526, 1.39650504867, 1.03616810702, 4.08460637592, 0.870000629795, 32.8427490817, 14.5417897828, 145.555530831
4.30545037904, 1.15847325278, 1.49917666655, 1.000000937, 5.71415785964, 1.01973671088, 5.52199116511, 1.26000019239, 1.00000070442, 5.01858218151, 6.66446887355, 1.00191307395, 3.10931868533, 1.05310600501, 1.03445896063, 1.21819890889, 1.0259391846, 1.05247498252, 8.27796854414, 1.00000023679, 1.00000095736, 114.050859861, 1.04072022526, 1.39650504867, 1.03616810702, 4.08460637592, 0.870000629795, 32.8427490817, 14.5417897828, 145.555530831
4.30545037904, 1.15847325278, 1.49917666655, 1.000000937, 5.71415785964, 1.01973671088, 5.52199116511, 1.26000019239, 1.00000070442, 5.01858218151, 6.66446887355, 1.00191307395, 3.10931868533, 1.05310600501, 1.03445896063, 1.21819890889, 1.0259391846, 1.05247498252, 8.27796854414, 1.00000023679, 1.00000093401, 114.050859861, 1.04072022526, 1.39650504867, 1.03619834327, 4.08460637592, 0.870000629795, 54.6948014002, 8.50667485785, 70.9088279596
4.30545037904, 1.15847325278, 1.49917666655, 1.00000091599, 5.71415785964, 1.01973671088, 5.52199116511, 1.26000019239, 1.00000068233, 5.01858218151, 6.70630358409, 1.00191307395, 3.10931868533, 1.05310600501, 1.03445896063, 1.27548388407, 1.0259391846, 1.05247498252, 8.27796854414, 1.00000023679, 1.00000093401, 114.050859861, 1.04072022526, 1.39650504867, 1.03616810702, 4.08460637592, 0.870000581134, 58.2077847141, 13.0853038801, 42.9703038978
4.30545037904, 1.15847325278, 1.49917666655, 1.00000091599, 5.71415785964, 1.01973671088, 5.52199116511, 1.26000019239, 1.00000068233, 5.01858218151, 6.70630358409, 1.00191307395, 3.10931868533, 1.05310600501, 1.03445896063, 1.27548388407, 1.0259391846, 1.05247498252, 8.27796854414, 1.00000023679, 1.00000093401, 114.050859861, 1.04072022526, 1.39650504867, 1.03616810702, 4.08460637592, 0.870000581134, 58.2077847141, 13.0853038801, 42.9703038978
4.30545037904, 1.15847325278, 1.49917666655, 1.00000091599, 5.71415785964, 1.01973671088, 5.52199116511, 1.26000019239, 1.00000068233, 5.01858218151, 6.70630358409, 1.00191307395, 3.10931868533, 1.05310600501, 1.03445896063, 1.27548388407, 1.0259391846, 1.05247498252, 8.27796854414, 1.00000023679, 1.00000093401, 114.050859861, 1.04072022526, 1.39650504867, 1.03616810702, 4.08460637592, 0.870000581134, 58.2077847141, 13.0853038801, 42.9703038978
4.30545037904, 1.15847325278, 1.49917666655, 1.000000937, 5.71415785964, 1.01973671088, 5.52199116511, 1.26000019239, 1.00000070442, 5.01858218151, 6.66446887355, 1.00191307395, 3.10931868533, 1.05310600501, 1.03445896063, 1.21819890889, 1.0259391846, 1.05247498252, 8.27796854414, 1.00000023679, 1.00000093401, 114.050859861, 1.04072022526, 1.39650504867, 1.03619834327, 4.08460637592, 0.870000629795, 30.847338322, 8.74200486581, 30.5575839522
4.30545037904, 1.15847325278, 1.49917666655, 1.000000937, 5.71415785964, 1.01973671088, 5.52199116511, 1.26000019239, 1.00000070442, 5.01858218151, 6.66446887355, 1.00191307395, 3.10931868533, 1.05310600501, 1.03445896063, 1.21819890889, 1.0259391846, 1.05247498252, 8.27796854414, 1.00000023679, 1.00000093401, 114.050859861, 1.04072022526, 1.39650504867, 1.03619834327, 4.08460637592, 0.870000629795, 30.847338322, 8.74200486581, 30.5575839522
4.30545037904, 1.15847325278, 1.49917666655, 1.000000937, 5.71415785964, 1.01973671088, 5.52199116511, 1.26000019239, 1.00000070442, 5.01858218151, 6.66446887355, 1.00191307395, 3.10931868533, 1.05310600501, 1.03445896063, 1.21819890889, 1.0259391846, 1.05247498252, 8.27796854414, 1.00000023679, 1.00000093401, 114.050859861, 1.04072022526, 1.39650504867, 1.03619834327, 4.08460637592, 0.870000629795, 30.847338322, 8.74200486581, 30.5575839522
4.30545037904, 1.15847325278, 1.49917666655, 1.000000937, 5.71415785964, 1.01973671088, 5.52199116511, 1.26000019239, 1.00000070442, 5.01858218151, 6.66446887355, 1.00191307395, 3.10931868533, 1.05310600501, 1.03445896063, 1.21819890889, 1.0259391846, 1.05247498252, 8.27796854414, 1.00000023679, 1.00000093401, 114.050859861, 1.04072022526, 1.39650504867, 1.03619834327, 4.08460637592, 0.870000629795, 30.847338322, 8.74200486581, 30.5575839522
