0.176668647945, 0.929228497779, 80.3147234334, 0.420510486089, 28.9107773682, 11.1785906067, 0.205527111367, 1.17397414629, 1.40671578055, 1872.7240664, 0.0567856639148, 0.0
0.209257254817, 0.880391143993, 83.5748154261, 0.48074966364, 34.9610081618, 1.51175998045, 0.654625245289, 0.437329802824, 4.92036262502, 2846.89069451, 0.0045968100931, 0.25
0.205902842837, 0.91606474592, 85.9062165676, 0.495905648059, 4.37246055449, 6.4695108866, 0.767350918616, 0.231998240164, 2.77146248624, 1867.95069771, 0.0228559732698, 0.5
0.224624945002, 0.821527828152, 80.0718152703, 0.458539169817, 39.8907808768, 10.3524695264, 0.614681812775, 1.597151234, 3.06450692391, 1463.01950561, 0.119574851221, 0.55
0.238263764664, 0.83463424229, 81.6935042076, 0.518043973735, 26.2987728494, 1.80601104416, 0.0683992625957, 0.209487067419, 5.29523325075, 1626.63975624, 0.0775949209276, 0.45
0.133712934712, 0.860269516509, 80.7852929951, 0.450190063669, 39.4391745617, 5.24088001745, 0.359173644997, 0.260615966388, 6.75770329796, 1920.09891491, 0.0199408755089, 0.0
0.401322020959, 0.878455131544, 80.237421823, 0.46379333306, 1.48269429505, 8.78609299115, 0.357475020739, 1.8591972554, 8.5301645308, 1376.92055357, 0.248566904209, 0.0
0.132090427196, 0.854891403895, 81.405511375, 0.423379852422, 22.9718067506, 3.35767868939, 0.605878488782, 0.241148361336, 3.49760975034, 1779.39996656, 0.0371150525954, 0.2
0.121649756635, 0.880068915702, 80.7078605033, 0.48083976348, 33.1327191968, 15.7586014903, 0.654656634414, 1.69308010264, 4.08477796477, 2148.30663425, 0.0153013969329, 0.384615384615
0.125980926779, 0.883881731605, 84.4609790882, 0.441115556672, 11.7432502494, 17.5837351238, 0.370976020185, 0.395646412175, 4.48465187862, 1540.60768218, 0.107025369169, 0.333333333333
0.323643474805, 0.869645216422, 83.3472378228, 0.472941944644, 2.69052489331, 1.88250586868, 0.643825996874, 1.26161557406, 6.42151483114, 3273.98249056, 0.000491145168808, 0.111111111111
0.313402872293, 0.881343188261, 85.4130236029, 0.400080432676, 13.7236215659, 4.98309491301, 0.704007444795, 1.51163992458, 6.25230963728, 2851.85573637, 0.0113933777913, 0.222222222222
0.12831478194, 0.8208463975, 85.6904495927, 0.513393443951, 34.3245130493, 6.17954613905, 0.104004203371, 0.341354422013, 5.24756498287, 1693.7539533, 0.0711604853692, 0.137931034483
0.136184104647, 0.877261416763, 81.2143714778, 0.430225943321, 3.64541286837, 2.80848096364, 0.00664203380654, 1.70204083818, 7.90997415807, 1518.09918497, 0.0421959715249, 0.55
0.216367228925, 0.89675559629, 81.2799243585, 0.49248880342, 26.552320475, 14.9823163389, 0.579727815556, 1.52803763358, 3.28648544345, 1789.39326434, 0.151367412542, 0.111111111111
0.390721125266, 0.824180572165, 83.4220806152, 0.465735475351, 18.1480690455, 6.92149713203, 0.0326750145919, 0.0315095162161, 4.34488667309, 1074.30958882, 0.137637866924, 0.142857142857
0.254414555161, 0.923733543077, 82.5001839848, 0.467126474163, 23.5527691376, 1.16742747022, 0.352166702732, 1.67537574538, 1.2036732443, 2677.23463206, 0.00974050522079, 0.375
0.341026325008, 0.843303158263, 81.3586189091, 0.484833500396, 31.0537821712, 5.65495631304, 0.279769971, 0.199309510026, 6.08138176033, 1794.24439611, 0.0680454147478, 0.0
0.408422443893, 0.925280767773, 84.3089847917, 0.412102177922, 14.4780359449, 1.16306747284, 0.57169056171, 1.52873805683, 4.21846914594, 3405.08300699, 0.0272075241466, 0.0
0.214485242932, 0.886750451466, 84.2409472217, 0.518624872998, 14.9334853098, 7.0205596892, 0.174282980163, 1.4410566395, 8.06049166255, 2718.83518033, 0.0401412292481, 0.0909090909091
0.183103785341, 0.917221645824, 80.3297245849, 0.430784794797, 11.9551298373, 12.5892625199, 0.492320010749, 0.642535956458, 1.16902464308, 2532.67791399, 0.0560111443776, 0.125
0.32333369151, 0.870665966006, 83.892608294, 0.50982680088, 2.66425279116, 1.88250586868, 0.614480191952, 0.319732631463, 5.52390940703, 2897.12625435, 0.0233361675857, 0.111111111111
0.291574232538, 0.854891403895, 80.2452993954, 0.423379852422, 17.9393578022, 3.35767868939, 0.605634259795, 0.241148361336, 3.49760975034, 2302.77863489, 0.0653754746516, 0.0
0.238263764664, 0.83463424229, 83.3848184207, 0.50809738766, 11.52156102, 1.80601104416, 0.070608774394, 0.329073616462, 7.4989772051, 2571.5922957, 0.029376530596, 0.1
0.110225990242, 0.974433145416, 85.9404884806, 0.424356370838, 19.7547945304, 5.30754200441, 0.0904787921223, 1.31041548085, 6.83627316854, 4773.16335562, 0.0254856554946, 0.0625
0.176668647945, 0.929228497779, 80.3147234334, 0.473686805368, 14.6703589688, 11.1785906067, 0.205527111367, 1.17397414629, 1.40671578055, 2134.96244404, 0.0490538923548, 0.142857142857
0.261240017359, 0.849086472608, 84.4298656488, 0.448522159989, 12.573415602, 6.07243610894, 0.0772585607601, 0.25891454386, 6.33946734409, 2330.53566816, 0.0338747838084, 0.142857142857
0.195946924397, 0.907519476344, 82.9489845279, 0.484990140845, 25.7204769556, 8.64447576085, 0.324677145196, 1.12415609352, 4.48322760048, 2718.09411625, 0.0242434372223, 0.25
0.254414555161, 0.923733543077, 82.5001839848, 0.469935964608, 23.5527691376, 1.09775337795, 0.713784375605, 1.67537574538, 1.2036732443, 2422.02555342, 0.0304238417253, 0.595238095238
0.224292147684, 0.925478772213, 80.1220268641, 0.412808337181, 34.5491750296, 1.07679821617, 0.571488513564, 0.667781610102, 1.35434119909, 2440.90596821, 0.0164724750317, 0.631578947368
0.209257254817, 0.945424899058, 83.5748154261, 0.472945596459, 34.9610081618, 1.51175998045, 0.651723942248, 0.437349648322, 4.92036262502, 3611.19820324, 0.0115915225812, 0.166666666667
0.176482169749, 0.869625051311, 84.3298430735, 0.419997130402, 17.4451987004, 11.1843820051, 0.528965797736, 1.17421260302, 4.38258907701, 1355.53199537, 0.237859379631, 0.2
0.40682343735, 0.957237218862, 83.7210059949, 0.433563831765, 34.9976211412, 14.652048713, 0.200350032774, 0.736961124654, 2.40862643625, 1629.74898776, 0.22151504018, 0.272727272727
0.126625341814, 0.820895360491, 85.6904495927, 0.515536823336, 21.056992849, 1.73422975136, 0.0671359613703, 0.341354422013, 7.41274176996, 2687.03575464, 0.0159432254145, 0.384615384615
0.156852177223, 0.899220611699, 84.4586516055, 0.492700444848, 39.3149259035, 13.440754009, 0.19682100553, 1.08873035185, 4.19385248917, 2076.71133192, 0.135784676409, 0.0
0.243309480317, 0.977919800619, 82.4268190413, 0.433224815277, 35.9482735464, 6.02593308281, 0.33053928621, 0.496223121693, 7.01907467228, 2274.20263544, 0.07848738586, 0.0833333333333
0.194925485721, 0.858967318617, 82.5943035057, 0.420094187797, 38.2174602189, 16.0995368743, 0.323724703615, 1.10910663686, 4.48322760048, 1942.76949753, 0.111149052821, 0.214285714286
0.101952807313, 0.846403783327, 84.6147755914, 0.453269099017, 12.3138159851, 12.3194352956, 0.776106458873, 1.43698111589, 3.33067938152, 2053.91620815, 0.0981724616937, 0.266666666667
0.193776395037, 0.841563964891, 86.1671489798, 0.450002739085, 10.9599953009, 19.2317622311, 0.266967294592, 1.33578213677, 3.59813522324, 2087.41903629, 0.102486235241, 0.0
0.401322020959, 0.878455131544, 80.237421823, 0.463803218254, 1.0701898351, 8.83965210481, 0.357475020739, 1.85432415771, 8.56769198727, 1857.61458612, 0.203657482836, 0.6
0.125980926779, 0.897919630319, 83.0537915161, 0.433169951383, 39.6008877358, 13.4522737129, 0.19687266462, 1.09101935877, 4.48465187862, 1915.78559535, 0.123234543001, 0.666666666667
0.12831478194, 0.8208463975, 85.6904495927, 0.513405287748, 10.2145803071, 6.17954613905, 0.104004203371, 0.341354422013, 5.24197395889, 1938.76071275, 0.0893138185958, 0.52380952381
0.138610023365, 0.839217803631, 81.0306842033, 0.510632863457, 10.01189793, 9.13492611104, 0.391065289253, 0.728582160385, 2.10265654966, 1936.07191885, 0.101738721137, 0.24
0.397701416105, 0.858989031162, 82.2096289994, 0.458950983345, 4.04449414438, 15.5766128675, 0.582949197171, 1.6893774706, 6.76113286159, 1959.46828162, 0.426501812167, 0.1
0.232969751393, 0.923659053805, 85.2670385026, 0.463013373327, 28.4832350867, 3.72148185766, 0.530247910256, 1.20057186191, 4.84554828143, 3590.82843364, 0.0405110794116, 0.0588235294118
0.290680690505, 0.962522537052, 80.2394491183, 0.404880994311, 17.91797869, 2.90595356629, 0.759703757791, 1.00942899036, 8.06090342721, 3510.35165184, 0.0486011363195, 0.0
0.245882610009, 0.859246186181, 82.5958496779, 0.419614587667, 20.6993324782, 6.07678931368, 0.357984652362, 0.491972737467, 7.01220965822, 2750.32549189, 0.0665234483219, 0.0
0.132578367028, 0.868129921891, 81.405511375, 0.459290161764, 23.5041081095, 3.35767868939, 0.614597119793, 0.241148361336, 3.49760975034, 2819.28482491, 0.0323860715178, 0.2
0.176926873945, 0.846828024562, 81.405511375, 0.419329819144, 22.9718067506, 3.35767868939, 0.604082394257, 1.15336335461, 1.42404886774, 2315.23302936, 0.051347513077, 0.703703703704
0.305328448429, 0.868434549563, 84.727474998, 0.472451441581, 2.69052489331, 1.80661389415, 0.0536711723328, 1.04691868417, 6.42151483114, 2327.54187742, 0.057244782833, 0.565217391304
0.323643474805, 0.869645216422, 83.3323156773, 0.472941944644, 10.4342416438, 1.83510757477, 0.643825996874, 0.339635049572, 6.42151483114, 2227.08059448, 0.0811002825894, 0.4375
0.137332330354, 0.839181861806, 82.9489845279, 0.485149401305, 10.0494798753, 8.64447576085, 0.324677145196, 0.731427680144, 4.48322760048, 2245.74709776, 0.0573379633788, 0.25
0.239112374935, 0.872565116255, 83.3262347197, 0.508010510494, 11.2937213971, 1.80601104416, 0.0714529830279, 1.54916915818, 4.18522225634, 2372.04217886, 0.0428633287368, 0.307692307692
0.238263764664, 0.833227996974, 85.4923990086, 0.508010510494, 11.4028865289, 1.80601104416, 0.070608774394, 1.93702387463, 4.18390562855, 2475.38032747, 0.0376830969594, 0.560975609756
0.182756381916, 0.864353939929, 84.7850752225, 0.434631816876, 11.8949197284, 12.4119737919, 0.509891230295, 0.656921510557, 1.16928190119, 2600.30308232, 0.0350649841111, 0.272727272727
0.182756381916, 0.864811922927, 84.7850752225, 0.434631816876, 12.7350792476, 12.3580087924, 0.598597235877, 0.646400258751, 1.16928190119, 2413.02572012, 0.0776326128824, 0.2
0.238263764664, 0.83463424229, 83.3620214166, 0.508010510494, 11.4739633736, 1.80601104416, 0.070608774394, 1.54916915818, 4.18380330482, 2336.10522437, 0.0409032025268, 0.612903225806
0.115408328399, 0.896044970114, 83.4443054001, 0.484324690657, 17.0544991428, 9.67542131915, 0.526842915519, 1.78520880373, 5.16031025474, 3278.52160243, 0.0651072429816, 0.181818181818
0.254132910112, 0.980377323072, 82.4025933786, 0.467339298819, 27.9611958371, 1.0674742415, 0.352166702732, 1.39088861882, 1.26959770976, 4399.75831826, 0.013385797591, 0.388888888889
0.262666160729, 0.859246186181, 82.5958496779, 0.419614587667, 20.6993324782, 16.0800656474, 0.266132129821, 1.73145601803, 1.4405284801, 1534.3550161, 0.249815623473, 0.65625
0.393389317874, 0.842452310321, 81.5795788491, 0.443518454484, 34.7130948893, 9.64333373365, 0.42631128909, 0.2204766622, 7.51450858503, 1453.66487711, 0.31154582975, 0.578947368421
0.394828246268, 0.821527828152, 80.5097398999, 0.458539169817, 3.87419104613, 15.5915784865, 0.582949197171, 1.60424647333, 7.45492023035, 1619.22250837, 0.419606116133, 0.409090909091
0.126625341814, 0.820895360491, 85.6904495927, 0.517555348548, 21.056992849, 6.10700367573, 0.108303816975, 0.341354422013, 7.41274176996, 2694.03324359, 0.0330697439884, 0.571428571429
0.239112374935, 0.872565116255, 83.3262347197, 0.508010510494, 11.2924787729, 1.80601104416, 0.0714529830279, 1.54916915818, 4.18522225634, 2796.687492, 0.0293620322001, 0.666666666667
0.209276746585, 0.945424899058, 82.4909527661, 0.472945596459, 27.946436925, 1.51175998045, 0.651723942248, 1.26619332925, 4.92036262502, 3283.95392073, 0.0234587611812, 0.619047619048
0.261240017359, 0.849059363822, 84.2205087764, 0.448522159989, 12.6736030873, 6.10635313901, 0.0694116468173, 0.25891454386, 8.00956200194, 2412.22038318, 0.0891429525475, 0.0952380952381
0.263624040284, 0.878036640976, 80.2462362186, 0.420467501932, 1.04276317837, 8.90828153169, 0.358260413423, 1.1736747493, 8.27071894297, 2156.93588953, 0.100597874474, 0.466666666667
0.216605759077, 0.886750451466, 85.648569292, 0.518624872998, 14.9334853098, 9.7380722858, 0.599885790671, 1.33738520104, 8.05260876303, 2120.32369458, 0.11007492816, 0.0
0.244929469227, 0.859506872045, 82.2054203339, 0.496050170602, 27.1675655212, 9.36993148766, 0.798709817017, 1.88377658261, 6.3606859673, 2134.75155861, 0.108007358949, 0.0
0.126292125466, 0.881902983038, 84.7163240538, 0.487584689508, 17.0899863745, 17.6460861183, 0.554705349514, 1.25310816805, 4.45905330241, 2346.54899204, 0.105104740776, 0.0833333333333
0.180653744506, 0.861418290514, 84.2230833881, 0.498489248043, 22.0933604456, 3.73153039778, 0.330639754704, 1.45532847857, 8.0499520224, 2223.33149817, 0.0948775067846, 0.533333333333
0.220790427537, 0.856189186561, 83.7510325157, 0.505306267761, 34.8821872706, 10.3336991116, 0.598844456724, 0.667909151051, 1.33549532887, 2061.86598082, 0.136625849195, 0.521739130435
0.313402872293, 0.879912169599, 85.5657222127, 0.400055259699, 13.788483813, 4.95382113722, 0.704007444795, 1.51163992458, 2.14039659004, 2011.51350003, 0.11933160014, 0.636363636364
0.243309480317, 0.843151333694, 82.4268190413, 0.446660460416, 7.86802236177, 6.02593308281, 0.35481022635, 0.493969919173, 7.06618227591, 2011.28121745, 0.151167239295, 0.518518518519
0.200266665464, 0.844212033822, 82.4268190413, 0.446660460416, 4.60333230833, 7.69515091789, 0.35481022635, 0.493969919173, 7.06618227591, 2065.62028562, 0.131650698921, 0.5
0.402606804516, 0.864353939929, 84.7850752225, 0.434631816876, 11.8949197284, 12.4119737919, 0.672459178883, 0.656921510557, 1.15923188001, 1983.1928327, 0.156354640932, 0.740740740741
0.284634949661, 0.863737856452, 83.9434176159, 0.517260192572, 35.7362585213, 15.8523533994, 0.213125564153, 1.55112416257, 2.39202819682, 1997.88696929, 0.239456382263, 0.368421052632
0.263641348344, 0.878036640976, 80.2206376121, 0.518766768279, 1.15475518075, 7.03068183435, 0.357475020739, 1.87380532241, 5.87287043783, 2817.53267853, 0.115496130374, 0.0714285714286
0.339601436238, 0.988700135964, 81.4159573702, 0.485641965377, 30.9296695727, 5.58055641291, 0.371235370024, 0.386600400993, 4.46799861653, 4267.50623826, 0.0351568901985, 0.25
0.419298766542, 0.859628176811, 83.5186187531, 0.421863514475, 11.2874449279, 16.5449136723, 0.0575633763596, 2.10230624487, 6.33569394154, 2207.67201563, 0.284071681521, 0.0
0.214485242932, 0.886750451466, 85.8463374009, 0.453329289501, 13.5680461809, 7.0205596892, 0.770103322504, 1.7110788828, 7.06997756453, 3494.75418969, 0.0819975835876, 0.1
0.224292147684, 0.856189186561, 80.1408712482, 0.487363006982, 34.8821872706, 10.3336991116, 0.73684386886, 1.1277125768, 3.48121199165, 2284.11554179, 0.154229394497, 0.416666666667
0.415764010206, 0.900647853284, 81.4629833734, 0.493299831465, 1.05279624487, 16.1427854725, 0.377011013288, 0.243318250024, 4.50436700937, 2152.91497046, 0.255119353263, 0.533333333333
0.39070563052, 0.904331125153, 80.510828935, 0.51139573457, 3.5635576165, 12.5368120279, 0.58322062694, 1.01626887937, 7.4694227788, 2213.32163851, 0.214194779755, 0.0
0.41593555872, 0.842574968326, 83.5186187531, 0.42107530822, 9.66972487623, 16.5449136723, 0.608233482037, 1.11547727776, 6.35607252371, 2157.00672817, 0.411583146614, 0.307692307692
0.136184104647, 0.991090877965, 83.8771792857, 0.42994827942, 2.07225148641, 15.6363009132, 0.687172809523, 1.70193600013, 7.97255212909, 3943.25396479, 0.0850206559529, 0.0
0.267516322318, 0.849889105448, 84.7294777706, 0.484349385014, 17.0988026918, 13.5617402494, 0.554705349514, 1.25310816805, 3.54961871945, 2149.27537725, 0.277554738522, 0.540540540541
0.19998329901, 0.884599160454, 84.144050476, 0.517318288792, 35.1860975135, 11.167029758, 0.684841963025, 0.095193254373, 1.99262145724, 2594.69662164, 0.139813485785, 0.0
0.125910986466, 0.88318280619, 84.4609790882, 0.441115556672, 32.578511432, 17.5837351238, 0.370976020185, 0.724234328583, 4.48465187862, 2583.26811246, 0.0979703721183, 0.357142857143
0.254414555161, 0.979842648595, 82.5001839848, 0.466951866328, 27.9611958371, 1.0674742415, 0.352166702732, 1.260765988, 1.24629171848, 3592.61717706, 0.0317590507896, 0.676470588235
0.301438935321, 0.995886734033, 80.2240684684, 0.461062681964, 31.5702268221, 8.34026803297, 0.0563694827923, 0.099891988481, 8.81635417408, 3357.15779857, 0.0972798213719, 0.0
0.261374697889, 0.878036640976, 80.237421823, 0.463803218254, 15.4388180604, 9.6488844716, 0.358746806006, 1.86979658872, 8.27071894297, 2518.08748348, 0.139730234683, 0.0833333333333
