0.99999959452, 2.7730662211e-10, 0.00205832102679, 0.000178779664425, 0.398910813007, 0.714757608036, 0.596968972832, 0.214295248643, 0.00512383446503, 0.223624038018, 0.1732954559, 0.994695060585, 0.694287255098, 0.503840577674, 0.000247438877566, 6.94873809766e-08, 8.00022967305e-07, 1.07783018446e-13, 388.490800735
2.92109897937e-08, 1.72224245643e-07, 0.000244422225345, 0.0785550897205, 0.360848888348, 0.842635736766, 0.331014981294, 0.824489543085, 0.908635223111, 0.381640117448, 0.209980744086, 0.493178059273, 0.837138822968, 0.144450809128, 1135.69827592, 140.854017801, 0.439377978926, 0.000309593543405, 5.25102246949e-05
0.999999964826, 0.139811669637, 0.147879987683, 0.992746268028, 0.57759603169, 0.521768667186, 0.836529153258, 0.390645717519, 0.351321505028, 0.821811296989, 0.435630950589, 0.385390508468, 0.286436295108, 0.709695480625, 5.48384649651e-07, 4.81265924978e-05, 1.1385542299e-05, 1.10398262182e-05, 917.174877855
2.53908283288e-10, 0.586371857331, 0.0495190095676, 0.263541473693, 0.666517225575, 0.564438527029, 0.792710462047, 0.390645717519, 0.604116976252, 0.381640117448, 0.991216724875, 0.994695060585, 0.410109301139, 0.384256867832, 306.135809701, 134.503618889, 26.0621336549, 441.441538007, 2.21116208075e-07
0.999999179186, 0.999098689485, 0.992242876781, 3.82595210069e-07, 0.779283711768, 0.175456986394, 2.11395455674e-06, 0.914002254227, 0.626001862037, 0.772925615759, 0.206724231339, 0.0222240073078, 0.286436295108, 0.761443020762, 1.86893429168e-08, 1.12319054319e-14, 1.5337408026e-06, 0.00108340193641, 840.283051817
0.999999626015, 0.998160459981, 0.489776956151, 0.999754203072, 0.589475202248, 0.318951200401, 0.50542535992, 0.811588925327, 0.599451439591, 0.858999199446, 0.390898001386, 0.994695060585, 0.000222082505051, 0.503840577674, 1.8984248249e-10, 4.91696429596e-07, 4.76153092505e-07, 0.000236874620001, 403.223792119
0.999999767284, 0.99837077504, 0.00334073985515, 3.82595210069e-07, 0.512949998809, 0.318951200401, 0.401338943914, 0.515506504436, 0.877807138381, 0.381640117448, 0.700367404565, 0.107900657397, 0.598289821396, 0.783635161893, 3.65532895325e-07, 2.19677648958e-13, 1.91819603171e-09, 0.000142833660409, 390.737852498
5.30361273232e-08, 0.0301087771652, 0.000830787673491, 0.998889097317, 0.57759603169, 0.521768667186, 0.836529153258, 0.0287954507211, 0.345602824404, 0.283072398066, 0.596653272201, 0.385390508468, 0.568926059406, 0.683355378995, 1.70479764115, 976.959369664, 1.274932909, 46.2396465947, 8.1480767256e-05
2.92109897937e-08, 5.18212964322e-05, 0.999011700363, 0.123319226815, 0.589475202248, 0.291579533365, 0.342302992822, 0.121390925488, 0.519998108815, 0.130559461203, 0.595108042828, 0.944308855007, 0.406576616607, 0.249819405964, 1.48578072423, 0.291464399191, 975.316155063, 0.0793915156195, 4.47519632795e-05
2.92109897937e-08, 0.99837077504, 0.999011700363, 0.0785550897205, 0.512949998809, 0.291579533365, 0.342302992822, 0.121390925488, 0.519998108815, 0.83627641745, 0.595108042828, 0.944308855007, 0.406576616607, 0.249819405964, 0.0039950442091, 0.000495481977983, 2.5931489061, 1013.27213366, 4.64936531449e-05
1.10761365762e-06, 0.000962726661971, 0.0010451863517, 0.000167023568305, 0.526257741847, 0.714757608036, 0.906452241139, 0.102021656175, 0.308073232027, 0.145163907155, 0.169513212413, 0.367291196598, 0.822045476359, 0.447841513221, 1003.4356058, 0.263261379187, 1.64741691023, 1.51744624468, 0.00174581726292
7.40678571254e-08, 0.999098689485, 0.992242876781, 3.82595210069e-07, 0.890158535438, 0.0563869496846, 2.27154866361e-06, 0.914002254227, 0.302709154938, 0.772925615759, 0.206724231339, 0.723256529457, 0.286436295108, 0.761443020762, 0.013505905589, 8.11676766933e-09, 1.10836205265, 782.923419688, 9.10897220355e-05
1.30702994355e-06, 7.5875310479e-08, 0.815096620106, 0.992746268028, 0.57759603169, 0.60614683039, 0.836529153258, 0.796869801964, 0.897089399206, 0.409266638995, 0.923126755258, 0.600864766987, 0.856406471024, 0.839837760344, 2.67827611627, 235.047248909, 786.430309129, 9.78278116529e-05, 0.00168518426265
0.999999881355, 0.325198291682, 0.489776956151, 0.999760546724, 0.589475202248, 0.318951200401, 0.50542535992, 0.907083994319, 0.599451439591, 0.858999199446, 0.525991123061, 0.994695060585, 0.000222082505051, 0.503840577674, 2.12464605447e-08, 5.64866618067e-05, 5.47010248264e-05, 4.40680513204e-05, 483.658741293
7.40678571254e-08, 1.75838890115e-08, 0.827024004868, 8.98923973924e-07, 0.30629450587, 0.842635736766, 0.446663236977, 0.401318737629, 0.351321505028, 0.911251815708, 0.939160079015, 0.478186624924, 0.694287255098, 0.887960625084, 264.47663574, 0.00037344801203, 949.305775555, 2.72190742292e-05, 0.000114653732162
9.85608894e-07, 1.9959530162e-07, 0.000299180010831, 0.0785550897205, 0.512949998809, 0.291579533365, 0.44216455628, 0.706455572412, 0.897089399206, 0.381640117448, 0.987160602358, 0.493178059273, 0.837138822968, 0.144450809128, 774.243629589, 96.0249111024, 0.366644227193, 0.000244603466669, 0.00120786085793
0.117251767667, 0.224052482681, 0.0323840112306, 0.996093638816, 0.604391349239, 0.374887322793, 0.50542535992, 0.774192452767, 0.669570726857, 0.948634431136, 0.279204105644, 0.900778311653, 0.498289396871, 0.517685947182, 4.1497031938, 676.268737638, 34.4312531213, 248.672157392, 134.384595382
7.40678571254e-08, 1.75838890115e-08, 2.89938343992e-05, 0.998373393901, 0.864999738685, 0.842635736766, 0.311458338873, 0.401318737629, 0.486138565326, 0.772925615759, 0.998515249558, 0.723256529457, 0.694287255098, 0.022625426313, 2.03760966633, 797.47627893, 0.0363199065793, 2.20269315754e-05, 9.27830936471e-05
0.0671848271045, 0.867949064876, 0.000830787673491, 0.140411132158, 0.782836041431, 0.466528389633, 0.00710242133162, 0.713977682576, 0.621590508688, 0.711391194981, 0.502938455924, 0.478186624924, 0.789357658103, 0.54065310212, 138.247747788, 30.9957882966, 0.18489205216, 673.217284252, 72.8741351218
7.40678571254e-08, 0.48353786606, 0.41232816885, 8.98923973924e-07, 0.30629450587, 0.00463867844632, 0.342302992822, 0.287837000838, 0.534366959575, 0.988358316935, 0.839232760003, 0.119169928894, 0.0923229561106, 0.183438198732, 477.250934298, 0.000673890955072, 361.066916055, 568.269697663, 9.60162998093e-05
0.999999767284, 0.99858251064, 0.601633852551, 0.682847356547, 0.492196046107, 0.627841748241, 2.51048564293e-06, 0.410895244357, 0.973075510319, 0.772925615759, 0.214724630522, 0.0222240073078, 0.286436295108, 0.300130648773, 1.43866141886e-07, 2.6448679217e-07, 4.16649138437e-07, 0.000230868575406, 631.566952157
1.56518155509e-06, 1.9959530162e-07, 0.000299180010831, 0.171295596721, 0.360848888348, 0.291579533365, 0.44216455628, 0.706455572412, 0.908635223111, 0.381640117448, 0.993470713728, 0.493178059273, 0.00241195907068, 0.144450809128, 738.062507213, 203.52641318, 0.359799288089, 0.000240036925838, 0.00188231569487
7.40678571254e-08, 0.314521953872, 0.147879987683, 8.98923973924e-07, 0.57759603169, 0.521768667186, 0.836529153258, 0.390645717519, 0.351321505028, 0.0214837296018, 0.596653272201, 0.00878738742705, 0.498289396871, 0.709695480625, 624.377377552, 0.000881637388312, 147.702407737, 345.572044141, 8.47873219059e-05
4.32491987223e-08, 1.75838890115e-08, 0.000299180010831, 0.949011903205, 0.565043963717, 0.291579533365, 0.44216455628, 0.515506504436, 0.822471314151, 0.911251815708, 0.779112323301, 0.0011962807942, 0.694287255098, 0.513691453795, 55.8526550861, 695.865214215, 0.328074170135, 1.92821037459e-05, 4.74261146748e-05
1.45099908616e-06, 0.032275669932, 0.0010451863517, 0.561274128492, 0.345879477097, 0.336161802262, 0.50542535992, 0.709219694675, 0.486138565326, 0.902167803398, 0.493820160197, 0.0011962807942, 0.317979832761, 0.709695480625, 356.920621675, 433.205300886, 0.92153122334, 28.4815816545, 0.00128097908749
1.56518155509e-06, 0.0301622706066, 0.41232816885, 9.95627900124e-08, 0.30629450587, 0.336161802262, 0.596968972832, 0.326238044984, 0.621590508688, 0.866766973755, 0.694820584547, 0.493178059273, 0.837138822968, 0.589579031959, 602.519455973, 9.42297438397e-05, 455.839530521, 35.8227062588, 0.00185960871903
5.11843600226e-07, 0.330477579932, 0.368308066971, 0.881574072328, 0.212366382007, 0.11522214809, 0.10817706439, 0.396148610085, 0.897089399206, 0.29775679371, 0.493820160197, 0.585860616357, 0.483517938254, 0.898766693344, 34.9919352324, 185.930620832, 123.559156418, 129.114584783, 0.00020924463743
7.40678571254e-08, 0.314521953872, 0.000830787673491, 0.998889097317, 0.57759603169, 0.521768667186, 0.836529153258, 0.0287954507211, 0.351321505028, 0.283072398066, 0.596653272201, 0.385390508468, 0.317979832761, 0.683355378995, 1.38919941236, 796.101161493, 1.03891277488, 428.782364393, 0.000105203267955
1.45099908616e-06, 0.0460759972425, 0.101006834843, 0.852622867624, 0.512949998809, 0.336161802262, 0.50542535992, 0.709219694675, 0.897089399206, 0.902167803398, 0.493820160197, 0.0011962807942, 0.317979832761, 0.709695480625, 84.993968157, 360.563191174, 59.2735056443, 27.1999110187, 0.000857312398652
1.30702994355e-06, 0.7976706006, 0.0033884893835, 3.82595210069e-07, 0.630143814684, 0.175456986394, 0.50542535992, 0.930241212712, 0.770025476782, 0.998530550371, 0.206724231339, 0.994695060585, 0.286436295108, 0.503840577674, 203.444562588, 0.000122265940424, 1.08286968217, 618.437995335, 0.00133664105199
0.0296216360787, 0.761428007938, 0.69671038404, 0.941105625243, 0.317706982187, 0.310778348867, 0.596968972832, 0.0131914037954, 0.501924278599, 0.902167803398, 0.595108042828, 0.585860616357, 0.819441535868, 0.124904029428, 6.12096936675, 65.9758650049, 128.396473055, 367.332834133, 18.3797350299
3.65766434363e-08, 0.414816084544, 0.827024004868, 8.98923973924e-07, 0.30629450587, 0.842635736766, 0.446663236977, 0.401318737629, 0.351321505028, 0.866766973755, 0.694820584547, 0.478186624924, 0.694287255098, 0.887960625084, 196.226838334, 0.000277077491089, 704.331671598, 557.665907505, 5.28324690596e-05
7.40678571254e-08, 0.314521953872, 0.147879987683, 0.992746268028, 0.57759603169, 0.521768667186, 0.836529153258, 0.390645717519, 0.351321505028, 0.283072398066, 0.596653272201, 0.00878738742705, 0.498289396871, 0.709695480625, 6.67624775879, 585.911833065, 138.612014951, 324.303700143, 7.95690585668e-05
7.62959964928e-07, 0.0301087771652, 0.587243055327, 0.752156078101, 0.589475202248, 0.311176837997, 0.743003168258, 0.608632714382, 0.897089399206, 0.630813717988, 0.595108042828, 0.694815201572, 0.0923229561106, 0.862893599877, 146.913291955, 358.105635932, 510.905714218, 30.3373373712, 0.000769038372181
0.999994164723, 5.18212964322e-05, 0.00137487173896, 4.25875851251e-07, 0.507605464069, 0.603408075579, 0.501091507729, 0.296883747849, 0.405402882883, 0.29775679371, 0.625296008245, 0.00878738742705, 0.483517938254, 0.602501492851, 0.00208291549187, 1.39339594321e-09, 4.49836184947e-06, 1.69551179195e-07, 227.243435941
9.81308897308e-07, 1.76799787033e-08, 0.41232816885, 0.682847356547, 0.586584274789, 0.300053999067, 0.907177006828, 0.401318737629, 0.897089399206, 0.855752627853, 0.00772289470823, 0.694815201572, 0.579722054306, 0.384256867832, 172.764165266, 317.61357658, 273.540496748, 1.25910112826e-05, 0.000698851033991
0.999997314641, 0.221811765794, 0.927358349588, 0.465056468859, 0.890158535438, 0.318951200401, 0.596968972832, 0.410895244357, 0.486138565326, 0.902167803398, 0.787400007766, 0.58908363579, 0.103417715145, 0.887960625084, 0.000101356660614, 9.07988016021e-05, 0.00118739748621, 0.000434133706273, 301.453099946
0.217036716296, 0.998571330525, 0.0033884893835, 8.98923973924e-07, 0.387144369302, 0.336161802262, 0.996174833749, 0.326238044984, 0.700523509419, 0.920544870778, 0.306756342186, 0.0011962807942, 0.909699832649, 0.709695480625, 1.11613229051, 1.57600834527e-06, 0.00594081160642, 497.358394996, 176.449710249
0.190616283954, 0.235365909415, 0.524398472251, 0.994399129873, 0.512949998809, 0.0993397544141, 0.000176969248805, 0.999988079095, 0.599451439591, 0.497075575618, 0.000174286505527, 0.321741225947, 0.317979832761, 0.280296074264, 1.82049237219, 206.919909107, 223.429456868, 118.015916266, 100.821511344
0.999999908732, 0.99858251064, 0.601633852551, 0.682847356547, 0.492196046107, 0.627841748241, 2.51048564293e-06, 0.410895244357, 0.973075510319, 0.772925615759, 0.122121785163, 0.0222240073078, 0.792436491037, 0.300130648773, 5.9033150352e-08, 1.08527888241e-07, 1.70965252219e-07, 9.47331953495e-05, 660.794006262
7.40678571254e-08, 0.0301087771652, 0.41232816885, 0.992577782381, 0.30629450587, 0.271734288427, 0.342302992822, 0.287837000838, 0.0909803396902, 0.988358316935, 0.987160602358, 0.119169928894, 0.0923229561106, 0.183438198732, 6.16561829297, 528.814549578, 400.104855562, 31.3868810758, 7.72407960784e-05
0.99999934153, 0.0161496619641, 0.998888839527, 0.532950897033, 0.427489089564, 0.318951200401, 0.596968972832, 0.844032961848, 0.486138565326, 0.64050028242, 0.500708291128, 0.58908363579, 0.274489341365, 0.112865566396, 9.5334950216e-07, 1.05752362652e-06, 0.000815745281621, 2.06981590279e-05, 788.931609054
7.40678571254e-08, 0.574535975388, 0.41232816885, 0.994399129873, 0.30629450587, 0.00463867844632, 0.342302992822, 0.287837000838, 0.534366959575, 0.988358316935, 0.839232760003, 0.375326873596, 0.0923229561106, 0.183438198732, 3.67843139071, 418.096060522, 316.325200928, 664.061926026, 9.8438052705e-05
2.28152480186e-07, 0.586371857331, 0.713500637069, 0.999962772524, 0.604391349239, 0.113668461638, 0.10817706439, 0.410895244357, 0.669570726857, 0.29775679371, 0.788100081564, 0.585860616357, 0.483517938254, 0.898766693344, 0.00594521327483, 101.667927301, 210.451334795, 307.621899129, 0.000138456374657
3.8940479119e-08, 0.0460759972425, 0.109394681961, 3.82595210069e-07, 0.604391349239, 0.465726632579, 0.963887464791, 0.287837000838, 0.897089399206, 0.253563220669, 0.518550900862, 0.58908363579, 0.317979832761, 0.887960625084, 773.485427304, 0.000464848615122, 134.237086777, 56.9180098318, 4.81454754114e-05
0.999999863073, 0.103384018187, 0.147879987683, 0.992746268028, 0.57759603169, 0.521768667186, 0.836529153258, 0.390645717519, 0.351321505028, 0.283072398066, 0.596653272201, 0.385390508468, 0.286436295108, 0.709695480625, 1.70303920446e-06, 0.000149459825057, 3.53584384821e-05, 2.51646677052e-05, 723.636203822
0.999988184298, 5.18212964322e-05, 0.999572815474, 4.25875851251e-07, 0.507605464069, 0.318951200401, 0.501091507729, 0.410895244357, 0.897089399206, 0.38173674568, 0.923126755258, 0.00878738742705, 0.317979832761, 0.602501492851, 4.82922515218e-06, 3.23057885073e-12, 0.0071968425036, 5.85828165775e-07, 387.759705519
0.0296216360787, 0.761428007938, 0.0070703913663, 0.941105625243, 0.317706982187, 0.310778348867, 0.596968972832, 0.390645717519, 0.501924278599, 0.902167803398, 0.595108042828, 0.585860616357, 0.498289396871, 0.124904029428, 9.51115432437, 102.517525599, 1.14351106305, 261.771731758, 13.0979172591
5.07236853908e-07, 0.916083753065, 0.999011700363, 0.141576305444, 0.30629450587, 0.00463867844632, 0.596968972832, 0.326238044984, 0.486138565326, 0.20085447314, 0.640150524072, 0.397383002266, 0.630215518266, 0.452742158907, 0.14287566347, 0.0323081446684, 94.3579258176, 711.684327723, 0.000572007931722
2.53908283288e-10, 0.586371857331, 0.0495190095676, 0.959504844104, 0.693902887142, 0.564438527029, 0.792710462047, 0.390645717519, 0.604116976252, 0.145163907155, 0.987573009318, 0.994695060585, 0.410109301139, 0.384256867832, 21.9578082825, 344.730522374, 26.923275702, 456.027598948, 2.28422304597e-07
1.56518155509e-06, 0.000962726661971, 0.991629673273, 0.000167023568305, 0.526257741847, 0.714757608036, 0.906452241139, 0.102021656175, 0.308073232027, 0.113678968495, 0.169513212413, 0.367291196598, 0.822045476359, 0.627465866926, 10.0286832136, 0.00263112546433, 762.70503538, 1.15349936795, 0.00187533668067
1.69995449439e-07, 0.916083753065, 0.127651424223, 0.141576305444, 0.512949998809, 0.336161802262, 0.50542535992, 0.2201953809, 0.700523509419, 0.902167803398, 0.385666791927, 0.0011962807942, 0.630215518266, 0.709695480625, 65.9792018613, 14.9197249347, 13.7485606193, 520.636130426, 0.000140241144718
7.99849324556e-06, 0.163563196941, 0.999011700363, 0.794196633117, 0.589475202248, 0.311176837997, 0.329935920095, 0.608632714382, 0.116106643068, 0.99102322539, 0.595108042828, 0.694815201572, 0.00723088999626, 0.183438198732, 0.195033671285, 0.582141030964, 395.475301937, 103.903764525, 0.00513738849062
0.999999964826, 0.139811669637, 0.147879987683, 0.992746268028, 0.57759603169, 0.521768667186, 0.836529153258, 0.390645717519, 0.351321505028, 0.821811296989, 0.435630950589, 0.385390508468, 0.286436295108, 0.709695480625, 5.48384649651e-07, 4.81265924978e-05, 1.1385542299e-05, 1.10398262182e-05, 917.174877855
1.56518155509e-06, 1.76799787033e-08, 0.109394681961, 0.487052531356, 0.570816391952, 0.249676219886, 0.907177006828, 0.401318737629, 0.935430429649, 0.821811296989, 0.209980744086, 0.385390508468, 0.194235374903, 0.384256867832, 541.728822991, 520.12993546, 130.335272002, 2.11683445875e-05, 0.00187400126754
7.99849324556e-06, 0.163563196941, 0.999011700363, 0.949011903205, 0.589475202248, 0.311176837997, 0.342302992822, 0.608632714382, 0.116106643068, 0.941618637069, 0.595108042828, 0.694815201572, 0.00723088999626, 0.183438198732, 0.0760231231828, 0.947167987221, 612.086186884, 160.814237247, 0.00795125388706
7.62959964928e-07, 0.317749438786, 0.368308066971, 0.996398853656, 0.212366382007, 0.11522214809, 0.996174833749, 0.621731292393, 0.897089399206, 0.29775679371, 0.6900607855, 0.585860616357, 0.317979832761, 0.887960625084, 1.618978406, 286.204050802, 186.91696146, 186.356477481, 0.000466600864486
0.117251767667, 0.224052482681, 0.0323840112306, 0.994316617093, 0.604391349239, 0.374887322793, 0.50542535992, 0.774192452767, 0.669570726857, 0.902167803398, 0.279204105644, 0.900778311653, 0.498289396871, 0.517685947182, 4.36995312573, 489.483939662, 24.921896906, 179.992922363, 97.269739793
0.117251767667, 0.224052482681, 0.0323840112306, 0.744171654284, 0.604391349239, 0.374887322793, 0.50542535992, 0.774192452767, 0.669570726857, 0.902167803398, 0.279204105644, 0.900778311653, 0.498289396871, 0.517685947182, 191.457293246, 450.508300191, 24.921896906, 179.992922363, 97.269739793
1.56518155509e-06, 0.534017703868, 0.713500637069, 0.994399129873, 0.50618775789, 0.400336419302, 0.503194140359, 0.999844397515, 0.207705295083, 0.497075575618, 0.603685481275, 0.321741225947, 0.317979832761, 0.280296074264, 0.709937379962, 80.692553497, 167.03903824, 206.475284086, 0.000682431862115
3.77044655331e-07, 0.753913170439, 0.41232816885, 0.682847356547, 0.586584274789, 0.300053999067, 0.907177006828, 0.401318737629, 0.897089399206, 0.855752627853, 0.00772289470823, 0.694815201572, 0.579722054306, 0.384256867832, 65.1316310522, 119.739474069, 103.124040131, 419.923809188, 0.000268516924652
1.45099908616e-06, 0.0460759972425, 0.0010451863517, 0.561274128492, 0.512949998809, 0.336161802262, 0.50542535992, 0.709219694675, 0.486138565326, 0.902167803398, 0.493820160197, 0.0011962807942, 0.317979832761, 0.709695480625, 250.080534685, 303.530271705, 0.645681440261, 28.5140403383, 0.000898732363533
7.62959964928e-07, 0.586371857331, 0.0010451863517, 0.197607403738, 0.693902887142, 0.313926527501, 0.961204382792, 0.0935452192969, 0.550771568079, 0.145163907155, 0.999392473151, 0.58908363579, 0.825726212227, 0.384256867832, 513.638606496, 164.759696929, 0.885601584069, 709.973269262, 0.00106859776125
0.999997314641, 0.221811765794, 0.927358349588, 3.82595210069e-07, 0.890158535438, 0.318951200401, 0.596968972832, 0.410895244357, 0.486138565326, 0.902167803398, 0.787400007766, 0.58908363579, 0.103417715145, 0.00728691811789, 0.000132581875338, 7.96789428287e-11, 0.00115687914441, 0.00042297565601, 293.705190044
0.00576483513142, 0.761428007938, 0.00137487173896, 0.941105625243, 0.317706982187, 0.603408075579, 0.501091507729, 0.296883747849, 0.405402882883, 0.29775679371, 0.814208114296, 0.478186624924, 0.483517938254, 0.134398857939, 14.4303458624, 155.539832589, 0.337353664431, 397.137123477, 3.86452506486
0.190616283954, 0.534017703868, 0.713500637069, 0.994399129873, 0.50618775789, 0.400336419302, 0.000288251292635, 0.999844397515, 0.599451439591, 0.497075575618, 0.603685481275, 0.321741225947, 0.317979832761, 0.280296074264, 0.688106503224, 78.2112231166, 161.902516686, 200.12608118, 83.051441101
7.62959964928e-07, 0.586371857331, 0.194197452276, 0.959504844104, 0.693902887142, 0.313926527501, 0.792710462047, 0.0935452192969, 0.897089399206, 0.145163907155, 0.999392473151, 0.58908363579, 0.410109301139, 0.384256867832, 15.9728733541, 250.768970397, 79.1202152902, 346.734807517, 0.000521878858123
7.62959964928e-07, 1.76799787033e-08, 0.368308066971, 0.996398853656, 0.212366382007, 0.11522214809, 0.996174833749, 0.621731292393, 0.897089399206, 0.29775679371, 0.6900607855, 0.585860616357, 0.317979832761, 0.178286972889, 2.06898787813, 365.757016638, 238.872196221, 1.213218577e-05, 0.000523551084816
7.62959964928e-07, 1.76799787033e-08, 0.368308066971, 0.557663764487, 0.212366382007, 0.11522214809, 0.996174833749, 0.621731292393, 0.897089399206, 0.177628519639, 0.709123787562, 0.585860616357, 0.317979832761, 0.178286972889, 280.67779249, 336.757295899, 286.303262114, 1.45411831828e-05, 0.000627508708997
1.93557790969e-05, 2.43250597443e-09, 0.927358349588, 0.845261802749, 0.890158535438, 0.230779032244, 0.596968972832, 0.410895244357, 0.486138565326, 0.283072398066, 0.595108042828, 0.58908363579, 0.358582083237, 0.683355378995, 15.4927677848, 62.4797256024, 561.694518943, 2.16026681075e-06, 0.0171895352495
2.92109897937e-08, 0.007600789452, 0.360217044153, 4.58261223824e-06, 0.30629450587, 0.318951200401, 0.00358034888559, 0.326238044984, 0.486138565326, 0.99102322539, 0.907455155487, 0.705126015686, 0.837138822968, 0.139985511928, 593.223049253, 0.00427022741604, 376.754559057, 8.3907364364, 3.22476423171e-05
0.99999934153, 0.0301087771652, 0.998888839527, 0.532950897033, 0.427489089564, 0.318951200401, 0.596968972832, 0.844032961848, 0.486138565326, 0.64050028242, 0.595108042828, 0.58908363579, 0.782400053016, 0.112865566396, 9.04696861782e-07, 1.00355462924e-06, 0.000774115048704, 3.66389605677e-05, 749.266708126
3.8940479119e-08, 0.0460759972425, 0.109394681961, 0.00643253178826, 0.000559810467175, 0.465726632579, 0.50542535992, 0.287837000838, 0.700523509419, 0.250997156531, 0.79391060279, 0.58908363579, 0.317979832761, 0.887960625084, 561.595793947, 5.67466782704, 97.4689750286, 41.3279236922, 3.49582239402e-05
7.40678571254e-08, 0.121642124612, 0.333142784885, 0.992577782381, 0.30629450587, 0.271734288427, 0.342302992822, 0.410895244357, 0.0909803396902, 0.988358316935, 0.987160602358, 0.119169928894, 0.0923229561106, 0.183438198732, 6.49310227336, 556.902291205, 321.327313836, 124.376275315, 7.61954802524e-05
0.217036716296, 1.25913502957e-07, 0.41232816885, 0.000167023568305, 0.000730822882743, 0.599095115596, 0.906452241139, 0.401318737629, 0.308073232027, 0.821811296989, 0.493820160197, 0.410413191833, 0.605602828892, 0.949244371151, 312.711406729, 0.0820429689228, 236.583606263, 7.75557850154e-05, 139.114505976
4.19080620045e-05, 1.25913502957e-07, 0.41232816885, 0.000167023568305, 0.604391349239, 0.599095115596, 0.906452241139, 0.401318737629, 0.308073232027, 0.0887606948432, 0.279204105644, 0.410413191833, 0.605602828892, 0.949244371151, 333.028389238, 0.0873733327302, 251.954535775, 8.25946147278e-05, 0.0274901433043
0.999999767284, 5.18212964322e-05, 0.00334073985515, 3.82595210069e-07, 0.589475202248, 0.318951200401, 0.401338943914, 0.515506504436, 0.617454870199, 0.130559461203, 0.700367404565, 0.107900657397, 0.598289821396, 0.783635161893, 0.000156189893142, 9.38668693169e-11, 8.1963302633e-07, 1.27141420462e-08, 427.279843619
3.8940479119e-08, 0.00981768349611, 0.999558587899, 0.00643253178826, 0.000559810467175, 0.885513257658, 0.50542535992, 0.608632714382, 0.700523509419, 0.250997156531, 0.670733540191, 0.668393763512, 0.317979832761, 0.513691453795, 0.470620376491, 0.00475540297489, 678.779497237, 10.4686855505, 4.1524234322e-05
0.00576483513142, 0.761428007938, 0.991629673273, 0.745687086928, 0.317706982187, 0.603408075579, 0.501091507729, 0.410895244357, 0.405402882883, 0.29775679371, 0.814208114296, 0.478186624924, 0.140378729315, 0.134398857939, 1.1047528534, 2.6168244613, 216.02416519, 549.258331797, 5.34481030564
7.40678571254e-08, 1.75838890115e-08, 0.32967150487, 0.996490762348, 0.30629450587, 0.842635736766, 0.446663236977, 0.401318737629, 0.10576868785, 0.911251815708, 0.670733540191, 0.478186624924, 0.694287255098, 0.513691453795, 3.49890194273, 634.738315949, 361.619882465, 2.0177752809e-05, 8.49938777019e-05
0.999997314641, 0.999098689485, 0.992242876781, 3.82595210069e-07, 0.779283711768, 0.175456986394, 2.11395455674e-06, 0.914002254227, 0.626001862037, 0.772925615759, 0.206724231339, 0.0222240073078, 0.286436295108, 0.761443020762, 6.1143704921e-08, 3.67460918496e-14, 5.0177577391e-06, 0.0035444375228, 840.28305181
0.190616283954, 1.01103805328e-08, 0.713500637069, 8.98923973924e-07, 0.512949998809, 0.0993397544141, 0.236927426497, 0.999988079095, 0.566902032163, 0.497075575618, 0.603685481275, 0.321741225947, 0.317979832761, 0.280296074264, 257.16950279, 0.000363130146838, 532.337645459, 9.38908125773e-06, 182.504079035
3.8940479119e-08, 0.954411550589, 0.109394681961, 0.845261802749, 0.604391349239, 0.465726632579, 0.999435532679, 0.287837000838, 0.526174746439, 0.283072398066, 0.785760646398, 0.58908363579, 0.839116610008, 0.709695480625, 11.2370099058, 45.316970167, 8.10286282462, 660.608050875, 4.05116113422e-05
7.40678571254e-08, 1.75838890115e-08, 0.32967150487, 0.996490762348, 0.30629450587, 0.842635736766, 0.446663236977, 0.401318737629, 0.10576868785, 0.911251815708, 0.670733540191, 0.478186624924, 0.694287255098, 0.513691453795, 3.49890194273, 634.738315949, 361.619882465, 2.0177752809e-05, 8.49938777019e-05
7.62959964928e-07, 0.753913170439, 0.368308066971, 0.996398853656, 0.212366382007, 0.11522214809, 0.996174833749, 0.621731292393, 0.897089399206, 0.29775679371, 0.6900607855, 0.585860616357, 0.317979832761, 0.887960625084, 0.69515669446, 122.890250518, 80.2583756431, 360.608046487, 0.000466600864486
0.52628702424, 0.206802788917, 0.209055056434, 0.320675202676, 0.503461747448, 0.599095115596, 0.000243761036801, 0.51236800255, 0.700523509419, 0.689767323872, 0.493820160197, 0.602696685545, 0.194235374903, 0.895329701305, 69.9887650494, 38.5733708111, 27.2284036114, 28.4325235205, 96.7632668676
1.30702994355e-06, 0.7976706006, 0.312307568507, 3.82595210069e-07, 0.630143814684, 0.175456986394, 0.50542535992, 0.930241212712, 0.770025476782, 0.999419737316, 0.206724231339, 0.994695060585, 0.317979832761, 0.503840577674, 185.412765342, 0.00011142920623, 99.0331424854, 638.974607217, 0.00138102719695
1.30702994355e-06, 0.784247649567, 0.815096620106, 0.992746268028, 0.57759603169, 0.60614683039, 0.836529153258, 0.796869801964, 0.897089399206, 0.283072398066, 0.923126755258, 0.385390508468, 0.856406471024, 0.709695480625, 0.791439258684, 69.457222615, 232.392701068, 688.083739488, 0.00149788952949
0.999994164723, 5.18212964322e-05, 0.991629673273, 4.25875851251e-07, 0.507605464069, 0.603408075579, 0.501091507729, 0.410895244357, 0.405402882883, 0.29775679371, 0.625296008245, 0.00878738742705, 0.498289396871, 0.602501492851, 2.36304108267e-05, 1.58078994135e-11, 0.00179714847119, 1.46301793187e-07, 196.08310792
5.07236853908e-07, 0.007600789452, 0.999011700363, 8.98923973924e-07, 0.30629450587, 0.00463867844632, 0.596968972832, 0.326238044984, 0.486138565326, 0.20085447314, 0.640150524072, 0.397383002266, 0.483517938254, 0.452742158907, 0.982696750113, 1.38759382934e-06, 633.010127014, 7.55806107755, 0.000504397369405
7.40678571254e-08, 0.0301087771652, 0.328230257687, 0.992577782381, 0.30629450587, 0.271734288427, 0.342302992822, 0.287837000838, 0.0909803396902, 0.988358316935, 0.987160602358, 0.119169928894, 0.0923229561106, 0.183438198732, 6.72631034525, 576.904149192, 326.960391382, 31.3868810758, 7.72407960784e-05
7.40678571254e-08, 1.23279056963e-08, 0.32967150487, 3.82595210069e-07, 0.30629450587, 0.249676219886, 0.446663236977, 0.401318737629, 0.10576868785, 0.911251815708, 0.22828825385, 0.682106565519, 0.694287255098, 0.513691453795, 620.402836565, 0.000372849169765, 353.447376228, 1.3826734652e-05, 8.30730402996e-05
