0.184362118406, 0.655528176346, 0.792990038098, 0.900265813126, 0.5878123045, 0.390863033482, 0.59847763744, 4.98522295856, 2.6196720535, 33.6448751567
0.582251532443, 0.262565938777, 0.608566712309, 0.694730316288, 0.608081780166, 0.390789241936, 0.505170984455, 4.74229836729, 13.3190632449, 12.9584994028
0.832245578372, 0.837339153719, 0.792990038098, 0.709930581811, 0.100652662656, 0.390863033482, 0.502693664121, 26.85118745, 5.21609058275, 6.46375038736
0.832245578372, 0.837339153719, 0.792990038098, 0.709930581811, 0.100652662656, 0.390863033482, 0.502693664121, 26.85118745, 5.21609058275, 6.46375038736
0.000183116394362, 0.720795269761, 0.500590176971, 0.694730316288, 0.789668512806, 0.273778705254, 0.304523067011, 0.0105353395108, 0.00408093220015, 79.8049529255
0.000183116394362, 0.720795269761, 0.500590176971, 0.694730316288, 0.789668512806, 0.273778705254, 0.304523067011, 0.0105353395108, 0.00408093220015, 79.8049529255
0.000183116394362, 0.999617096434, 0.290243370327, 0.221157745157, 0.950219217032, 0.600280557577, 0.304523067011, 0.0308057723284, 1.18001584068e-05, 168.264176407
0.999981641403, 0.000959842330352, 0.815307189508, 0.709930581811, 0.815546781574, 0.696577690034, 0.279542209078, 0.102629845267, 106.821020031, 0.00196300428675
0.000183116394362, 0.30094900393, 0.700089381651, 0.472247121518, 0.5878123045, 0.110011781374, 0.304523067011, 0.00532247226609, 0.0123631561845, 96.5636636941
0.973953338456, 0.645930687781, 0.203402133916, 0.00293169266469, 0.100652662656, 0.693976244591, 0.502693664121, 21.0039867832, 11.5134135827, 0.869620430662
0.973953338456, 0.645930687781, 0.203402133916, 0.00293169266469, 0.100652662656, 0.693976244591, 0.502693664121, 21.0039867832, 11.5134135827, 0.869620430662
0.973953338456, 0.645930687781, 0.203402133916, 0.00293169266469, 0.100652662656, 0.693976244591, 0.502693664121, 21.0039867832, 11.5134135827, 0.869620430662
0.64035493644, 0.990435360879, 0.203402133916, 0.221157745157, 0.703352608481, 0.696577690034, 0.502693664121, 34.8455999119, 0.336504128681, 19.7594635784
0.984385128683, 0.0637032220685, 0.20201599186, 0.419907410606, 0.293034601042, 0.600280557577, 0.502693664121, 3.01084739391, 44.2528120593, 0.749722785156
0.999981641403, 0.999617096434, 0.290243370327, 0.676741436621, 0.950219217032, 0.600280557577, 0.279542209078, 206.817207814, 0.0792213805726, 0.00379839799607
0.998610581207, 0.990435360879, 0.203402133916, 0.123874772902, 0.695965568549, 0.696577690034, 0.404551664285, 67.9147121906, 0.655852707604, 0.0954057901041
0.998610581207, 0.990435360879, 0.203402133916, 0.123874772902, 0.695965568549, 0.696577690034, 0.404551664285, 67.9147121906, 0.655852707604, 0.0954057901041
0.995626913733, 0.205681555277, 0.500590176971, 0.686853542638, 0.410073911364, 0.787954451507, 0.304523067011, 10.2783629676, 39.6938523519, 0.219492668946
0.000183116394362, 0.837339153719, 0.500590176971, 0.472247121518, 0.5878123045, 0.110011781374, 0.304523067011, 0.014507086112, 0.00281813515297, 94.5958377631
0.745399585245, 0.837339153719, 0.500590176971, 0.694730316288, 0.789668512806, 0.110011781374, 0.304523067011, 25.3425642407, 4.92302662312, 10.3375855571
1.25803051697e-05, 0.00654736293646, 0.617137608983, 0.645748853186, 0.5878123045, 0.110011781374, 0.304523067011, 1.33602311277e-05, 0.00202719124851, 162.200024669
0.998685841424, 0.000123114477292, 0.700089381651, 0.722758527648, 0.998214796482, 0.094611518942, 0.261272430238, 0.019988379631, 162.336056747, 0.213642348921
0.998685841424, 0.000123114477292, 0.700089381651, 0.722758527648, 0.998214796482, 0.094611518942, 0.261272430238, 0.019988379631, 162.336056747, 0.213642348921
0.832245578372, 0.990435360879, 0.203402133916, 0.123874772902, 0.100652662656, 0.390863033482, 0.502693664121, 63.4040168637, 0.612292900784, 12.9036660553
0.998610581207, 0.837339153719, 0.792990038098, 0.709930581811, 0.815546781574, 0.696577690034, 0.404551664285, 44.9486586004, 8.73169111308, 0.0746882599711
0.409596720609, 0.000123114477292, 0.700089381651, 0.221157745157, 0.199283219226, 0.296215572815, 0.193862217907, 0.00306850608206, 24.9209383983, 35.926106513
0.911393202033, 0.000959842330352, 0.700089381651, 0.221157745157, 0.500698103522, 0.0104642968452, 0.593126636507, 0.062910473391, 65.4795972923, 6.37212536902
0.911393202033, 0.000959842330352, 0.700089381651, 0.221157745157, 0.500698103522, 0.0104642968452, 0.593126636507, 0.062910473391, 65.4795972923, 6.37212536902
0.184362118406, 0.945154256544, 0.0959364457341, 0.900265813126, 0.5878123045, 0.718662969164, 0.59847763744, 11.5637599157, 0.671025925484, 54.1280111748
0.322502751779, 0.98689514912, 0.316950389316, 0.385126119984, 0.293034601042, 0.693976244591, 0.220078036041, 31.7883915971, 0.422113870928, 67.6661786544
0.322502751779, 0.98689514912, 0.316950389316, 0.385126119984, 0.293034601042, 0.693976244591, 0.220078036041, 31.7883915971, 0.422113870928, 67.6661786544
0.322502751779, 0.98689514912, 0.316950389316, 0.385126119984, 0.293034601042, 0.693976244591, 0.220078036041, 31.7883915971, 0.422113870928, 67.6661786544
0.322502751779, 0.98689514912, 0.316950389316, 0.385126119984, 0.293034601042, 0.693976244591, 0.220078036041, 31.7883915971, 0.422113870928, 67.6661786544
0.999981641403, 0.262565938777, 0.293518755844, 0.709930581811, 0.815546781574, 0.902717491311, 0.192788970315, 16.7885474969, 47.1517624118, 0.00117387596282
0.779965144067, 0.645930687781, 0.203402133916, 0.385126119984, 0.100652662656, 0.600280557577, 0.502693664121, 18.2521692076, 10.0049945297, 7.97158821686
0.570178779988, 0.014823264585, 0.393656142586, 0.586074885558, 0.689989757034, 0.698993670443, 0.505170984455, 0.332780522856, 22.1171002674, 16.9235255486
0.998610581207, 0.337607210973, 0.393656142586, 0.123874772902, 0.695965568549, 0.605860349078, 0.404551664285, 23.0746432705, 45.272958678, 0.0950955701664
0.184362118406, 0.000119996510009, 0.311203823886, 0.385126119984, 0.293034601042, 0.296215572815, 0.593126636507, 0.00111677185717, 9.30558604049, 41.1738562788
0.582251532443, 0.837339153719, 0.608566712309, 0.694730316288, 0.410073911364, 0.390789241936, 0.404551664285, 16.618498894, 3.22829654151, 14.2394960204
0.582251532443, 0.837339153719, 0.608566712309, 0.694730316288, 0.410073911364, 0.390789241936, 0.404551664285, 16.618498894, 3.22829654151, 14.2394960204
0.582251532443, 0.837339153719, 0.608566712309, 0.694730316288, 0.410073911364, 0.390789241936, 0.404551664285, 16.618498894, 3.22829654151, 14.2394960204
0.582251532443, 0.837339153719, 0.608566712309, 0.694730316288, 0.410073911364, 0.390789241936, 0.404551664285, 16.618498894, 3.22829654151, 14.2394960204
0.973953338456, 0.262565938777, 0.608566712309, 0.895466659, 0.5878123045, 0.390789241936, 0.59847763744, 10.6865261885, 30.0138260289, 1.08845902271
1.25803051697e-05, 0.672777971728, 0.617137608983, 0.779063660934, 0.839202428395, 0.296215572815, 0.703453282856, 0.001440106889, 0.000700431222407, 170.14779482
0.000183116394362, 0.531004463216, 0.500590176971, 0.722758527648, 0.5878123045, 0.195490851159, 0.304523067011, 0.00689264391934, 0.00608774399981, 70.8730151798
0.000183116394362, 0.531004463216, 0.500590176971, 0.722758527648, 0.5878123045, 0.195490851159, 0.304523067011, 0.00689264391934, 0.00608774399981, 70.8730151798
0.000183116394362, 0.531004463216, 0.500590176971, 0.722758527648, 0.5878123045, 0.195490851159, 0.304523067011, 0.00689264391934, 0.00608774399981, 70.8730151798
0.000183116394362, 0.531004463216, 0.500590176971, 0.722758527648, 0.5878123045, 0.195490851159, 0.304523067011, 0.00689264391934, 0.00608774399981, 70.8730151798
0.000183116394362, 0.531004463216, 0.500590176971, 0.722758527648, 0.5878123045, 0.195490851159, 0.304523067011, 0.00689264391934, 0.00608774399981, 70.8730151798
0.000183116394362, 0.531004463216, 0.500590176971, 0.722758527648, 0.5878123045, 0.195490851159, 0.304523067011, 0.00689264391934, 0.00608774399981, 70.8730151798
0.184362118406, 0.531004463216, 0.0959364457341, 0.900265813126, 0.5878123045, 0.110011781374, 0.59847763744, 4.94713896974, 4.36942861574, 41.2174990983
0.184362118406, 0.531004463216, 0.0959364457341, 0.900265813126, 0.5878123045, 0.110011781374, 0.59847763744, 4.94713896974, 4.36942861574, 41.2174990983
0.184362118406, 0.531004463216, 0.0959364457341, 0.900265813126, 0.5878123045, 0.110011781374, 0.59847763744, 4.94713896974, 4.36942861574, 41.2174990983
0.184362118406, 0.531004463216, 0.0959364457341, 0.900265813126, 0.5878123045, 0.110011781374, 0.59847763744, 4.94713896974, 4.36942861574, 41.2174990983
0.184362118406, 0.531004463216, 0.0959364457341, 0.900265813126, 0.5878123045, 0.110011781374, 0.59847763744, 4.94713896974, 4.36942861574, 41.2174990983
0.582251532443, 0.531004463216, 0.203402133916, 0.385126119984, 0.100652662656, 0.600280557577, 0.502693664121, 11.2011389567, 9.89310738709, 15.1345056104
0.000183116394362, 0.000959842330352, 0.815307189508, 0.709930581811, 0.815546781574, 0.696577690034, 0.304523067011, 1.27407902561e-05, 0.0132610958111, 72.4752471807
0.582251532443, 0.645930687781, 0.203402133916, 0.385126119984, 0.100652662656, 0.600280557577, 0.502693664121, 13.6254210491, 7.46882529473, 15.1345056104
1.25803051697e-05, 0.531004463216, 0.792990038098, 0.721517645179, 0.564679327941, 0.0268320574263, 0.703453282856, 0.00134773873059, 0.0011903543062, 201.748771001
0.998610581207, 0.990435360879, 0.792990038098, 0.709930581811, 0.835485316035, 0.696577690034, 0.404551664285, 111.759193903, 1.07925908182, 0.156998003111
0.998685841424, 0.000959842330352, 0.310265030613, 0.221157745157, 0.784423530693, 0.296215572815, 0.261272430238, 0.167487922243, 174.32775671, 0.229616174191
0.999981641403, 0.262565938777, 0.0959364457341, 0.221157745157, 0.5878123045, 0.296215572815, 0.593126636507, 19.7101728815, 55.3573433901, 0.00137815961583
1.25803051697e-05, 0.672777971728, 0.617137608983, 0.721517645179, 0.839202428395, 0.296215572815, 0.703453282856, 0.00144293994721, 0.00070180914959, 170.482519007
0.0482005349786, 0.000119996510009, 0.397558807647, 0.709930581811, 0.472049134413, 0.296215572815, 0.59847763744, 0.000443565846856, 3.69604599724, 72.9933140819
1.25803051697e-05, 0.531004463216, 0.293518755844, 0.721517645179, 0.839202428395, 0.0268320574263, 0.703453282856, 0.00142409251987, 0.00125779175516, 213.178496065
0.000183116394362, 0.262565938777, 0.500590176971, 0.472247121518, 0.5878123045, 0.273778705254, 0.498001720488, 0.00626518674886, 0.0175961974735, 130.283336425
0.995626913733, 0.720795269761, 0.500590176971, 0.0832833323671, 0.789668512806, 0.273778705254, 0.304523067011, 78.2421772247, 30.307615632, 0.476782620009
0.617038422831, 0.000105634439229, 0.700089381651, 0.221157745157, 0.472049134413, 0.296215572815, 0.193862217907, 0.00753058714582, 71.2815982309, 44.2452142315
0.995626913733, 0.0899440908573, 0.705210743787, 0.0832833323671, 0.864886285703, 0.781920522187, 0.703453282856, 14.4685482185, 146.393027907, 0.706551359572
0.911393202033, 0.000959842330352, 0.700089381651, 0.221157745157, 0.472049134413, 0.296215572815, 0.593126636507, 0.0981521967755, 102.160514328, 9.941716687
0.989513894621, 0.730213833012, 0.496446475648, 0.305359987468, 0.495932346738, 0.893766111912, 0.724876181809, 51.8423491711, 19.1537711808, 0.752362148272
0.998610581207, 0.837339153719, 0.595213587375, 0.272637377135, 0.807811212819, 0.00273658801734, 0.282583188486, 97.2881673703, 18.8991229747, 0.161657414546
1.25803051697e-05, 0.672777971728, 0.617137608983, 0.721517645179, 0.839202428395, 0.296215572815, 0.703453282856, 0.00144293994721, 0.00070180914959, 170.482519007
0.911393202033, 0.000959842330352, 0.700089381651, 0.221157745157, 0.472049134413, 0.296215572815, 0.593126636507, 0.0981521967755, 102.160514328, 9.941716687
0.995626913733, 0.0899440908573, 0.705210743787, 0.0832833323671, 0.864886285703, 0.781920522187, 0.703453282856, 14.4685482185, 146.393027907, 0.706551359572
0.64035493644, 0.990435360879, 0.203402133916, 0.572462020407, 0.703352608481, 0.696577690034, 0.502693664121, 45.163462531, 0.436143778429, 25.6102863837
0.998685841424, 0.000959842330352, 0.310265030613, 0.221157745157, 0.784423530693, 0.296215572815, 0.261272430238, 0.167487922243, 174.32775671, 0.229616174191
0.582251532443, 0.262565938777, 0.595213587375, 0.694730316288, 0.410073911364, 0.390789241936, 0.279542209078, 9.93582477163, 27.905430716, 27.1499955081
0.832245578372, 0.837339153719, 0.0959364457341, 0.709930581811, 0.100652662656, 0.110011781374, 0.502693664121, 33.3211519511, 6.47294080465, 8.02123217947
0.199839761569, 0.00654736293646, 0.500590176971, 0.417517320498, 0.5878123045, 0.110011781374, 0.304523067011, 0.083292182333, 12.6381932678, 50.9369444351
0.998685841424, 0.98689514912, 0.590327165237, 0.498160059165, 0.199283219226, 0.825364016192, 0.220078036041, 108.32176524, 1.43839047319, 0.144432056511
0.184362118406, 0.655528176346, 0.792990038098, 0.900265813126, 0.5878123045, 0.390863033482, 0.593126636507, 5.50621042277, 2.89344442267, 37.1609783154
0.982999681947, 0.98689514912, 0.316950389316, 0.0835826502244, 0.199283219226, 0.600280557577, 0.214642441187, 87.1261406854, 1.15693656256, 1.52679641663
0.984385128683, 0.0637032220685, 0.20201599186, 0.419907410606, 0.293034601042, 0.586960090675, 0.502693664121, 3.99735716807, 58.7523286135, 0.995370856512
0.745399585245, 0.837339153719, 0.595213587375, 0.694730316288, 0.789668512806, 0.110011781374, 0.304523067011, 27.0046828427, 5.24590847716, 11.0155869263
0.84352006906, 0.98689514912, 0.316950389316, 0.385126119984, 0.293034601042, 0.693976244591, 0.220078036041, 83.1439301754, 1.10405731298, 15.628696634
0.000183116394362, 0.531004463216, 0.0957780790921, 0.221157745157, 0.5878123045, 0.600280557577, 0.304523067011, 0.00691563812645, 0.00610805302026, 71.1094511263
0.973953338456, 0.645930687781, 0.203402133916, 0.385126119984, 0.100652662656, 0.600280557577, 0.502693664121, 22.7917378988, 12.493376015, 0.943638040327
0.832245578372, 0.837339153719, 0.0959364457341, 0.709930581811, 0.100652662656, 0.110011781374, 0.502693664121, 33.3211519511, 6.47294080465, 8.02123217947
0.973953338456, 0.262565938777, 0.608566712309, 0.694730316288, 0.410073911364, 0.390789241936, 0.279542209078, 17.8889094069, 50.2422026871, 1.82204623906
0.409596720609, 0.000119996510009, 0.397558807647, 0.00369699729035, 0.472049134413, 0.296215572815, 0.593126636507, 0.0040811608916, 34.0065820767, 49.0238473587
0.725832285283, 0.0949840641881, 0.895953075356, 0.694730316288, 0.59159115873, 0.390789241936, 0.279542209078, 4.74926832617, 45.2514172285, 18.8866959638
