0.507111169245, 5.8142238197e-05, 0.997562234103, 0.000458353369, 0.599070049853, 0.999962925644, 0.0417133210201, 0.974908236184, 0.845524122487, 0.427612765461, 0.992772979771, 0.919049111075, 0.610333789182, 0.918662678196, 0.43821255927, 0.229602606646, 0.924909835761, 0.00429327424934, 7.18431359469e-141, 0.738562106183, 6.49045315944e-23, 0.0, 2.08667192314, 0.0, 1.12595720032e-29
0.999211643116, 0.992649032307, 0.84424804586, 0.101121091872, 0.0541706871089, 0.219400319024, 0.997446025538, 0.177389599477, 0.654907266102, 0.668570292947, 0.993543648698, 0.684882000211, 0.151946544125, 0.735570179016, 0.841270649604, 0.964889378945, 0.133974459869, 0.0626328390341, 0.169245933183, 3.76907359096e-67, 6.74440390799e-128, 8.6433913423e-101, 1.25752188081e-08, 0.168487056137, 2.06273060401
0.978717521649, 0.998746167294, 0.602693060267, 0.0519318094596, 2.89670600482e-05, 0.999962925644, 0.99994409332, 0.323208030192, 0.577650688234, 0.00621311070261, 0.858700870486, 0.455534443541, 0.60624517275, 0.825934590595, 0.45704108434, 0.514539015588, 0.462092424446, 1.41299941074e-05, 0.00161342441851, 0.277564339968, 0.0, 1.52347868297e-129, 4.45769103101e-23, 1.48146664671, 0.278556257066
0.279958191898, 0.434955877685, 0.46818852713, 0.167363075136, 0.999022013415, 0.999962925644, 2.17349887466e-06, 0.562782784844, 0.227034566809, 0.672413835064, 0.30896570673, 0.465686260145, 0.392243462795, 0.735570179016, 0.290959476664, 0.606430402958, 0.402611218362, 0.00108338212877, 0.0, 0.18637173876, 1.26379594754, 4.66051006828e-78, 2.21077970382e-33, 1.40277864782e-36, 1.02751163271e-55
0.0874155275149, 0.0255285906946, 0.783754137236, 0.00185286386379, 0.36605493641, 0.00080912323073, 0.020388884722, 0.974908236184, 0.996909366316, 0.236103669543, 0.621560635405, 0.0207499002318, 0.311057718961, 0.238284520877, 0.939372373961, 0.229602606646, 0.433880378281, 2.16128448585, 2.95242485169e-169, 2.14930896772e-309, 7.68172226249e-44, 2.06625041065e-273, 8.88825386582e-11, 1.71204761027e-159, 4.89429432092e-106
0.993141330844, 0.0176434263083, 0.886222816455, 0.982406689628, 7.08962204791e-05, 0.0301390255733, 0.988834461702, 0.889672335399, 0.359574365396, 0.34430996265, 0.605217049754, 0.455534443541, 0.535139158952, 0.367987512222, 0.256163425967, 0.463759184658, 0.645565504373, 0.776148046617, 0.435234757617, 1.14382068925e-152, 0.0, 0.242662080827, 8.22822005169e-06, 6.5963847252e-176, 0.929514550331
0.507111169245, 5.8142238197e-05, 0.997562234103, 0.000458353369, 0.519803808203, 0.381239791456, 0.0417133210201, 0.974908236184, 0.557274044674, 0.427612765461, 0.992772979771, 0.517290732521, 0.610333789182, 0.918662678196, 0.43821255927, 0.229602606646, 0.924909835761, 0.641341491231, 1.07321315311e-138, 1.3274908772e-42, 3.86504812748e-29, 0.0, 1.81196227294, 0.0, 9.77725317189e-30
0.0755908061365, 0.227243876811, 0.000271417113219, 0.999699100644, 0.619144122152, 0.381239791456, 0.0348002855985, 0.355771271077, 0.662751986948, 0.905068723557, 0.703029332353, 0.517290732521, 0.411871383888, 0.662536217454, 0.0420447589481, 0.824720258273, 0.926981414536, 0.0830731803726, 1.87871769815e-147, 1.71950342513e-43, 1.97131553596e-22, 1.78262011065, 0.0, 1.24988118292e-64, 1.97036842649e-112
0.169187548906, 0.92775376734, 0.000271417113219, 0.000607254444906, 0.996115525527, 0.333609707506, 0.943447850206, 0.873180522736, 0.149196063127, 0.62639011889, 0.942684728655, 0.601436295394, 0.331651337406, 0.592613667828, 0.743140601164, 0.43136144703, 0.103161256172, 0.845346221873, 0.0039350254962, 2.79915624099e-48, 1.52403570491, 5.92878775009e-322, 0.0, 0.00151578373532, 1.88020198079e-77
0.107728033951, 0.999963497129, 0.986543073887, 0.444975891389, 0.598057794868, 0.35404141929, 0.575238285292, 0.974908236184, 0.478238463398, 0.77734206487, 0.967903339509, 0.402667874484, 0.074855918729, 0.238284520877, 0.998177105876, 0.341931746551, 0.133974459869, 0.0115071772841, 1.74528752689e-26, 1.45377096267e-47, 8.53894468485e-25, 1.23235789946e-37, 0.00493655330249, 2.18768444226, 5.87469153783e-97
8.62553365089e-05, 5.8142238197e-05, 0.655331530481, 0.266678103673, 0.999140025352, 0.778822521999, 0.988834461702, 0.963931180839, 0.431498342214, 0.726985892289, 0.176272827883, 0.541832672305, 0.267077987438, 0.10640064871, 0.0420447589481, 0.514539015588, 0.603796343575, 0.20362258571, 0.114183920353, 5.10703486594e-12, 1.79274132627, 1.12726165745e-57, 1.25717377598e-18, 0.0, 0.0
0.999211643116, 5.8142238197e-05, 0.000103097334398, 0.00185286386379, 0.598057794868, 0.000480073438465, 0.118479397087, 0.209840804276, 0.475511074289, 0.877224838041, 0.353457742845, 0.236340195888, 0.654549041572, 0.23293690888, 0.313278625855, 0.229602606646, 0.603796343575, 0.18207243381, 6.61679415908e-94, 0.0, 1.35107542237e-23, 1.7406650702e-274, 0.0, 0.0, 1.52118569401
0.932117540161, 0.732661228109, 0.995824261441, 0.00185286386379, 0.200364146477, 0.000480073438465, 0.020388884722, 0.974908236184, 0.634366438608, 0.77734206487, 0.621560635405, 0.640970404609, 0.311057718961, 0.238284520877, 0.939372373961, 0.229602606646, 0.433880378281, 0.885100827866, 1.20909287859e-169, 0.0, 2.11404240617e-70, 8.46181963097e-274, 1.48630668502, 8.40347123605e-14, 0.00240550397016
0.769344143115, 0.966394010463, 0.466186824494, 0.23745209927, 0.0729678158367, 0.493979914166, 0.997886522362, 0.177389599477, 0.577650688234, 0.673083215616, 0.993543648698, 0.784563305748, 0.13956974347, 0.735570179016, 0.33701265605, 0.606430402958, 0.880912312727, 0.54015896679, 1.74908097453, 6.75522393949e-31, 5.91351057828e-114, 1.03827420071e-62, 2.06400258918e-33, 0.0943012393739, 1.17855917205e-11
0.000264445290963, 0.154105458843, 0.617842657542, 0.964778446459, 7.08962204791e-05, 0.999990670885, 0.999915845436, 0.934628964081, 0.0352257438027, 0.398507795555, 0.987418691539, 0.41087246911, 0.535139158952, 0.360885804678, 0.290129654679, 0.946253763201, 0.863593411106, 3.96185841294e-05, 0.00300942984274, 2.05476318007, 0.0, 0.0895191442033, 3.95442069945e-21, 1.95477228955e-81, 0.0
0.115015559434, 0.326246429937, 0.12265350227, 0.0607131276622, 0.174456914836, 0.381239791456, 0.997886522362, 0.731047338934, 0.0542725146073, 0.717376318861, 0.621560635405, 0.517290732521, 0.950619360371, 0.271230113262, 0.471159317072, 0.341931746551, 0.13669163056, 0.509766097848, 1.65066626313, 3.57587564808e-42, 4.00293809909e-76, 5.77857438277e-122, 2.00242122972e-91, 6.13955469175e-49, 3.23012771479e-94
0.978717521649, 0.991000952307, 0.986543073887, 0.0554504515675, 0.995167036667, 0.758850563863, 0.999196163543, 0.526816794273, 0.577650688234, 0.34430996265, 0.838967301769, 0.455534443541, 0.331651337406, 0.697230997179, 0.427724719308, 0.65692524052, 0.702107593284, 0.0641939898733, 0.526304854665, 8.63356304485e-13, 0.769789763466, 3.60834673868e-126, 0.400991060151, 0.751129883954, 0.233673958966
0.652762803118, 0.985788578595, 0.928684949537, 0.0236504700051, 0.495506421834, 0.993477251668, 0.94799170524, 0.12966960751, 0.13956217819, 0.522918262367, 0.930500123011, 0.813152545266, 0.316427480097, 0.810003117407, 0.743140601164, 0.349130711862, 0.232125534121, 1.16875326696, 0.0087963935285, 1.24364369255, 8.57427341851e-31, 6.49002214556e-163, 0.0016410033145, 0.672584749164, 8.61306476716e-19
0.115015559434, 0.326246429937, 0.12265350227, 0.206642271876, 0.174456914836, 0.381239791456, 0.997886522362, 0.731047338934, 0.493308741183, 0.717376318861, 0.577299263346, 0.517290732521, 0.463026923956, 0.271230113262, 0.471159317072, 0.341931746551, 0.13669163056, 0.389045232178, 1.25976176583, 2.72905039707e-42, 3.05497754505e-76, 6.8882042787e-69, 1.52821546102e-91, 4.68560873429e-49, 2.46518117244e-94
0.984144599085, 0.99593437978, 0.602693060267, 0.0299267742238, 0.999140025352, 0.72568081345, 0.999896581579, 0.323208030192, 0.577650688234, 0.253181855782, 0.189204122321, 0.455534443541, 0.129934066734, 0.697230997179, 0.45704108434, 0.0855269513304, 0.335821611422, 0.00156487869651, 0.0968158595608, 1.80587290611e-15, 0.743570428884, 4.75427296505e-153, 1.20423840053e-22, 1.29275418227, 0.491437412404
0.978717521649, 0.991000952307, 0.986543073887, 0.0383581265108, 0.995167036667, 0.72568081345, 0.999196163543, 0.309256182389, 0.577650688234, 0.981614567953, 0.838967301769, 0.455534443541, 0.331651337406, 0.697230997179, 0.427724719308, 0.822349915716, 0.702107593284, 0.0803029290827, 0.658376609765, 1.236986731e-14, 0.962961998565, 4.46452518098e-142, 0.501616377633, 0.939619579997, 0.292312464023
0.124680160985, 0.230922267626, 0.0333478551995, 0.985730098253, 0.977634075679, 0.0142092264658, 0.168207335446, 0.342316801414, 0.509557393749, 0.213178906373, 0.838967301769, 0.455534443541, 0.535139158952, 0.442602246528, 0.743140601164, 0.443822523122, 0.702107593284, 1.22352959843, 7.38290844693e-78, 3.47358526563e-185, 0.201960238482, 0.485529923108, 4.23967471993e-148, 4.64647052963e-64, 7.94835519339e-91
0.978717521649, 0.991000952307, 0.986543073887, 0.0383581265108, 0.995167036667, 0.72568081345, 0.229329065139, 0.309256182389, 0.577650688234, 0.981614567953, 0.838967301769, 0.455534443541, 0.331651337406, 0.697230997179, 0.427724719308, 0.125483271869, 0.843435972311, 0.710039065934, 1.23968739692e-64, 1.32423845927e-14, 1.03088519978, 4.77943360171e-142, 0.536998241301, 1.00589630732, 0.312930929073
0.0347510949933, 0.299672290756, 0.995010422164, 0.649363325749, 0.107055273947, 0.367087968766, 0.997886522362, 0.943201491105, 0.99713205288, 0.246616638071, 0.657445697256, 0.0207499002318, 0.202807468589, 0.592613667828, 0.75586480855, 0.559818174286, 0.702107593284, 0.336762846378, 1.090466925, 5.37685570112e-44, 1.63802306805e-97, 3.17898897624e-19, 1.60454585579, 1.42899876366e-52, 3.86564921913e-146
0.709125312625, 0.227243876811, 0.783754137236, 0.0607131276622, 0.00126723843981, 0.999962925644, 0.0898019187264, 0.355771271077, 0.662751986948, 0.77734206487, 0.703029332353, 0.899415789038, 0.384244443853, 0.662536217454, 0.75586480855, 0.824720258273, 0.131225598144, 0.00971736729471, 3.25259578333e-107, 1.67165637202, 5.07116843529e-290, 5.59158400434e-122, 6.87478087335e-11, 1.17082827459e-64, 3.10150886081e-15
0.290491845584, 0.0286133850487, 0.783754137236, 0.989642616939, 0.00477073312799, 0.973075083066, 0.307695961912, 0.404803237032, 0.634366438608, 0.931937447734, 0.0542818509544, 0.899415789038, 0.610333789182, 0.662536217454, 0.206339746207, 0.824720258273, 0.0283687127253, 1.71212175726, 1.74515577867e-51, 0.176122408858, 1.95187754412e-232, 1.0661102665, 8.3261061481e-11, 1.44338179551e-154, 6.5441294991e-54
0.978717521649, 0.991000952307, 0.986543073887, 0.0383581265108, 0.995167036667, 0.296696213842, 0.229329065139, 0.309256182389, 0.577650688234, 0.981614567953, 0.838967301769, 0.969382332954, 0.168377701743, 0.697230997179, 0.474561485832, 0.125483271869, 0.843435972311, 0.831847551099, 1.45235801061e-64, 2.22517436975e-53, 1.20773541914, 5.59935407497e-142, 0.629121260227, 1.178459637, 0.366614795581
0.993141330844, 0.299672290756, 0.686218084222, 0.00227641587534, 0.00477073312799, 0.303561210702, 0.995884796425, 0.188987731268, 0.601995722257, 0.165190772696, 0.497472298931, 0.236340195888, 0.868866053199, 0.123886616485, 0.743140601164, 0.342348148174, 0.106054115067, 0.643762073768, 1.09670303646, 3.35063905062e-52, 1.44215627855e-232, 1.06086612819e-264, 8.84536833567e-17, 9.22908803496e-53, 1.28157203035
0.531842138654, 0.191921845633, 0.955957800775, 0.997831078636, 0.369358157515, 0.998381825462, 0.35654432582, 0.419524687399, 0.577650688234, 0.34430996265, 0.227364925896, 0.465686260145, 0.978543599686, 0.489995802247, 0.542302749909, 0.443822523122, 0.224746054602, 0.099855923546, 2.55180004745e-46, 0.417330195021, 3.74505660414e-44, 1.35555440924, 0.0247109916215, 4.58649607861e-72, 8.45890800779e-28
0.6805128476, 0.989081500018, 0.381491703263, 0.0236504700051, 0.997883287185, 0.993477251668, 0.94799170524, 0.12966960751, 0.13956217819, 0.464124041503, 0.930500123011, 0.587760028807, 0.353343060532, 0.848335605063, 0.743140601164, 0.389885105436, 0.232125534121, 0.306100290628, 0.00230380414042, 0.325714337223, 1.44525192013, 5.75277321728e-163, 3.34510223247e-42, 0.874212901307, 5.27353088494e-17
0.631271619125, 0.935411380939, 0.995824261441, 0.116075999542, 0.257176543094, 0.993477251668, 0.0417133210201, 0.367242084264, 0.652839794005, 0.999668713668, 0.630712765101, 0.0761244545667, 0.887021000875, 0.271230113262, 0.427724719308, 0.930612835578, 0.924909835761, 0.722073785513, 1.20830960529e-138, 0.768320484378, 1.74682928951e-59, 4.9358078229e-94, 1.77056077397, 0.0040776100247, 3.40225984176e-20
0.990722292767, 0.250975830558, 0.995824261441, 0.0554504515675, 0.995167036667, 0.854357142615, 0.999196163543, 0.526816794273, 0.577650688234, 0.34430996265, 0.838967301769, 0.455534443541, 0.331651337406, 0.697230997179, 0.427724719308, 0.930612835578, 0.702107593284, 0.0414166269681, 0.339560944572, 7.83772033911e-08, 0.496652343005, 2.32803025864e-126, 1.01268809608, 1.70096369271e-60, 0.838716750111
0.978717521649, 0.991000952307, 0.986543073887, 0.0383581265108, 0.28017284792, 0.72568081345, 0.229329065139, 0.537376688952, 0.577650688234, 0.981614567953, 0.993543648698, 0.455534443541, 0.849808282515, 0.735570179016, 0.427724719308, 0.125483271869, 0.589997165194, 1.32042532003, 2.30538671229e-64, 2.46262223484e-14, 1.14666931199e-55, 5.04164705724e-142, 0.566459507258, 1.06108266801, 0.330099218684
0.99210744198, 0.326246429937, 0.995824261441, 0.99033499302, 0.598057794868, 0.261010791939, 0.100600794304, 0.270925877963, 0.475511074289, 0.227511549584, 0.324380832571, 0.669061020629, 0.353343060532, 0.234876030289, 0.313278625855, 0.49423122763, 0.640361515913, 0.428020003613, 1.22384077434e-100, 3.11480153043e-59, 3.17613872163e-23, 0.28953538881, 0.867755207396, 3.58924703723e-49, 0.870200826427
0.988045648757, 0.726751933756, 0.603404102155, 0.360705182059, 0.995167036667, 0.975943087073, 0.339578949041, 0.12966960751, 0.792841037807, 0.34430996265, 0.674107199264, 0.207849911389, 0.331651337406, 0.561915546207, 0.738123496395, 0.824459114912, 0.380925748794, 0.786313694651, 1.53388113762e-47, 0.108872305857, 1.15251719556, 1.14107183798e-44, 2.52871949458e-22, 3.02478440523e-14, 0.71416135075
0.290491845584, 0.227243876811, 0.783754137236, 0.989642616939, 0.00477073312799, 0.973075083066, 0.0898019187264, 0.479072494803, 0.412705618911, 0.77734206487, 0.0542818509544, 0.899415789038, 0.610333789182, 0.662536217454, 0.206339746207, 0.824720258273, 0.380925748794, 1.42716111589, 4.77699163454e-105, 0.146809099582, 1.6270126363e-232, 0.888669927322, 6.94033288866e-11, 1.18199228904e-64, 5.45494332914e-54
0.993141330844, 0.089641908483, 0.790720708962, 0.0607131276622, 0.495506421834, 0.993477251668, 0.986149822587, 0.177389599477, 0.82400145464, 0.449299789526, 0.391289976042, 0.466120526043, 0.861386550096, 0.0963893929204, 0.427724719308, 0.930612835578, 0.461836608904, 0.763192649511, 0.313190145372, 0.877791153888, 6.05191133352e-31, 4.02925218476e-122, 1.20025943919e-10, 3.37344187248e-105, 1.2139668303
0.984144599085, 0.99593437978, 0.602693060267, 0.484378434322, 0.999140025352, 0.72568081345, 0.999896581579, 0.323208030192, 0.577650688234, 0.34430996265, 0.189204122321, 0.455534443541, 0.129934066734, 0.697230997179, 0.45704108434, 0.606430402958, 0.335821611422, 0.00136878269629, 0.0846837991907, 1.57957775966e-15, 0.650393119158, 3.39959458067e-32, 1.05333447796e-22, 1.13075828765, 0.429855060272
0.0347510949933, 0.299672290756, 0.998649369223, 0.73257278776, 0.828073945262, 0.398067677522, 0.997886522362, 0.943201491105, 0.99713205288, 0.305680354088, 0.638144859137, 0.0207499002318, 0.202807468589, 0.592613667828, 0.834215969381, 0.559818174286, 0.702107593284, 0.115439282432, 0.373802278642, 6.08463097368e-41, 3.93962383377e-09, 1.87767737468e-14, 1.94414708374, 1.43922101974e-52, 3.89330190663e-146
0.531842138654, 1.81898467345e-05, 0.314041352791, 0.999499063427, 0.598057794868, 0.261010791939, 0.229329065139, 0.580451462698, 0.475511074289, 0.571731309689, 0.324380832571, 0.748463031035, 0.610333789182, 0.660995229189, 0.313278625855, 0.314907934933, 0.373463747728, 0.094179390423, 1.64431802359e-65, 6.85365419719e-60, 6.98861749865e-24, 1.22440514557, 9.63851058338e-51, 0.0, 7.30466654744e-28
0.999211643116, 0.992649032307, 0.885158615929, 0.0631385358023, 0.0729678158367, 0.646517945354, 0.513066356632, 0.177389599477, 0.327347687725, 0.34430996265, 0.993543648698, 0.684882000211, 0.151946544125, 0.735570179016, 0.841270649604, 0.265810528226, 0.880912312727, 0.167561706342, 2.73935555531e-30, 3.00852107328e-20, 5.41289137549e-115, 2.81673038943e-121, 1.32557637424e-06, 0.156441528263, 1.91526124015
0.993141330844, 0.089641908483, 0.790720708962, 0.0607131276622, 0.538606696828, 0.995404157603, 0.986149822587, 0.313022968714, 0.82400145464, 0.449299789526, 0.175770500053, 0.466120526043, 0.950619360371, 0.40581559649, 0.427724719308, 0.229602606646, 0.461836608904, 0.549973006601, 0.22569154197, 0.907734136383, 2.28430778703e-27, 3.62944613596e-122, 1.08116265351e-10, 3.03870917171e-105, 1.09350991683
0.0874155275149, 0.326246429937, 0.995824261441, 0.99033499302, 0.519803808203, 0.261010791939, 0.100600794304, 0.367242084264, 0.475511074289, 0.227511549584, 0.324380832571, 0.669061020629, 0.353343060532, 0.234876030289, 0.313278625855, 0.43136144703, 0.640361515913, 0.552196062854, 1.57889830252e-100, 4.01845971487e-59, 3.32781269872e-29, 0.373534648867, 1.11950610953, 4.63055012812e-49, 2.95062531158e-106
0.999521264277, 0.976910998765, 0.99675605935, 0.00227641587534, 0.277794087433, 0.303561210702, 0.995884796425, 0.554510489373, 0.0382758215831, 0.663208916734, 0.353457742845, 0.236340195888, 0.804623825292, 0.918662678196, 0.427724719308, 0.623009789482, 0.335821611422, 0.0255606023245, 0.0435446437827, 1.33037275409e-53, 1.86915584542e-57, 4.2121737715e-266, 0.10844218434, 0.0183141431095, 1.64472669174
0.646904240447, 0.0263344870497, 0.12265350227, 0.964778446459, 0.997883287185, 0.0301390255733, 0.988834461702, 0.889672335399, 0.359574365396, 0.207889157209, 0.605217049754, 0.455534443541, 0.535139158952, 0.271230113262, 0.256163425967, 0.463759184658, 0.645565504373, 0.361865181249, 0.202920441709, 5.33285992067e-153, 1.34144705387, 0.0611735171237, 1.62905886046e-91, 2.49130993044e-158, 2.67880565099e-19
0.000981973102562, 0.0170741855441, 0.790720708962, 0.0607131276622, 0.174456914836, 0.999962925644, 0.997886522362, 0.96949405222, 0.359574365396, 0.398507795555, 0.621560635405, 0.541832672305, 0.535139158952, 0.124121851568, 0.524134102185, 0.463759184658, 0.863593411106, 0.00264762261806, 0.00857322868582, 1.54356073604, 3.57659475095e-76, 5.16311226748e-122, 1.53802094049e-10, 4.15576129063e-177, 3.93196955898e-301
0.279958191898, 0.976910998765, 0.986543073887, 0.967930362437, 0.0145688103812, 0.0572696907019, 0.0151995330873, 0.974908236184, 0.478238463398, 0.593032186029, 0.996185499505, 0.299398789116, 0.311057718961, 0.175333406366, 0.524134102185, 0.721230351194, 0.793057238972, 1.63002215572, 3.90245672127e-182, 1.587804929e-124, 5.63277582027e-184, 0.0984582356604, 0.700550357469, 0.27204858003, 1.4458939002e-55
0.6805128476, 0.989081500018, 0.381491703263, 0.0236504700051, 0.393060064791, 0.993477251668, 0.94799170524, 0.12966960751, 0.13956217819, 0.77734206487, 0.930500123011, 0.587760028807, 0.610333789182, 0.848335605063, 0.743140601164, 0.389885105436, 0.232125534121, 1.07529559718, 0.00809300260339, 1.14419751786, 6.88598005972e-41, 5.97105688256e-163, 3.47202904645e-42, 0.907384102242, 5.47363014265e-17
0.332337981608, 0.976910998765, 0.995824261441, 0.0015487011432, 0.948060039317, 0.993477251668, 0.0417133210201, 0.290074778516, 0.557274044674, 0.814331977066, 0.703029332353, 0.455534443541, 0.610333789182, 0.73593574278, 0.438958589707, 0.43136144703, 0.924909835761, 0.500886019753, 8.38176653087e-139, 0.5329662938, 0.00554453116956, 1.1403724977e-281, 1.22823268047, 0.218861419046, 3.26842835007e-48
0.988045648757, 0.985788578595, 0.997927770516, 0.509701810614, 0.997215156859, 0.250414930626, 0.229329065139, 0.513691425553, 0.493308741183, 0.398507795555, 0.838967301769, 0.469378016085, 0.535139158952, 0.660995229189, 0.616851911091, 0.449213509414, 0.702107593284, 0.108541821461, 1.89507781416e-65, 1.2523880963e-61, 0.269968853604, 2.46370217824e-30, 0.960093498792, 0.395360171374, 0.550281943422
0.978717521649, 0.99593437978, 0.634149224234, 0.0554504515675, 0.995167036667, 0.615831152629, 0.139910698383, 0.506805322544, 0.368432060689, 0.34430996265, 0.47795478644, 0.455534443541, 0.610333789182, 0.441851430117, 0.427724719308, 0.65692524052, 0.335821611422, 0.312449680543, 1.88795833375e-86, 4.33576175371e-22, 0.453636661419, 2.12639664161e-126, 1.43311851098e-20, 0.94963806406, 0.202891012642
0.0452235087411, 0.999373242335, 0.12265350227, 0.00227641587534, 0.997883287185, 0.592000755561, 0.99789589233, 0.12966960751, 0.0542725146073, 0.34430996265, 0.705368951939, 0.517290732521, 0.331651337406, 0.271230113262, 0.427724719308, 0.81077269875, 0.065269891542, 0.0146846901186, 0.047752483412, 1.3395626517e-24, 0.161536619519, 1.41054733631e-265, 1.95984833855e-92, 1.76592650379, 9.58296032668e-135
0.99210744198, 0.935411380939, 0.995824261441, 0.376444966948, 0.598057794868, 0.993477251668, 0.0417133210201, 0.270925877963, 0.0095616255362, 0.641329380707, 0.630712765101, 0.450944164719, 0.887021000875, 0.271230113262, 0.427724719308, 0.229602606646, 0.924909835761, 0.476085971643, 7.96676550267e-139, 0.506577875665, 5.15862972894e-23, 4.05852606317e-43, 1.16738644075, 0.00268849661841, 1.17067881076
0.978717521649, 0.991000952307, 0.986543073887, 0.0554504515675, 0.995167036667, 0.758850563863, 0.999377057258, 0.526816794273, 0.577650688234, 0.34430996265, 0.838967301769, 0.353453398131, 0.331651337406, 0.697230997179, 0.173217595065, 0.65692524052, 0.702107593284, 0.0549683037226, 0.577515504315, 9.44643626394e-13, 0.842267543474, 3.94808230484e-126, 0.438745448715, 0.821850786038, 0.25567499171
0.988045648757, 0.985788578595, 0.995010422164, 0.0607131276622, 0.995167036667, 0.967829754794, 0.741218423004, 0.12966960751, 0.577650688234, 0.34430996265, 0.838967301769, 0.455534443541, 0.331651337406, 0.73593574278, 0.738123496395, 0.65692524052, 0.702107593284, 0.405365186231, 6.28907599891e-14, 0.0242314719155, 0.589588565901, 2.39462268761e-122, 1.00650351448, 0.4867595377, 0.677496125758
0.999211643116, 0.983696858086, 0.84424804586, 0.308420507157, 0.0729678158367, 0.493979914166, 0.788460538731, 0.731047338934, 0.327347687725, 0.756609968772, 0.798185581348, 0.684882000211, 0.151946544125, 0.735570179016, 0.841270649604, 0.220761233918, 0.098871957526, 0.204603014583, 1.53118669703e-11, 7.55024315877e-32, 6.60946893662e-115, 2.63849698531e-52, 1.42573336178e-08, 0.0640906880111, 1.79132890326
0.996166102872, 0.991000952307, 0.987528854644, 0.987981497924, 0.238220722557, 0.106590394386, 0.0754801028162, 0.546557731244, 0.577650688234, 0.761630787077, 0.798185581348, 0.61113408503, 0.610333789182, 0.660995229189, 0.841270649604, 0.285455305981, 0.579594399553, 0.430265326954, 4.10302850438e-113, 3.99634650988e-98, 3.37139769358e-63, 0.217918802585, 0.231681276138, 0.395146169589, 1.21463539217
0.0919867472514, 0.999373242335, 0.995824261441, 0.0015487011432, 0.28017284792, 0.995731205929, 0.997886522362, 0.297242457162, 0.604733931215, 0.814331977066, 0.703029332353, 0.194536976021, 0.610333789182, 0.918662678196, 0.438958589707, 0.293204620711, 0.924909835761, 0.0127172682109, 0.0411796031228, 0.0708155613449, 7.19907044447e-57, 1.29250980821e-282, 0.139209143457, 1.69216462372, 6.2960823697e-104
0.988045648757, 0.131197111517, 0.997621441379, 0.360705182059, 0.995167036667, 0.967829754794, 0.671441142568, 0.12966960751, 0.577650688234, 0.530339404132, 0.343091776752, 0.455534443541, 0.331651337406, 0.73593574278, 0.738123496395, 0.824459114912, 0.380925748794, 0.235799190269, 1.85976084264e-18, 0.0140953432875, 0.342961140112, 3.39555279531e-45, 1.20453550417, 1.24132101167e-88, 0.650396612722
0.937088078364, 0.253068472845, 0.995010422164, 0.73257278776, 0.828073945262, 0.398067677522, 0.997886522362, 0.943201491105, 0.99713205288, 0.305680354088, 0.657445697256, 0.640970404609, 0.202807468589, 0.592613667828, 0.75586480855, 0.559818174286, 0.589997165194, 0.290755274666, 0.941490469342, 1.53252732755e-40, 9.92267437686e-09, 4.72927923066e-14, 1.38533741484, 5.6283480508e-60, 0.00402363527325
0.988045648757, 0.991000952307, 0.991697239604, 0.0554504515675, 0.997883287185, 0.303561210702, 0.741218423004, 0.177389599477, 0.739270055232, 0.0661839511787, 0.611750615322, 0.465686260145, 0.331651337406, 0.0120517353378, 0.427724719308, 0.65692524052, 0.490681319532, 0.272663296238, 4.23026014666e-14, 7.18413003184e-53, 0.881618343821, 3.56242271741e-126, 0.749897890979, 0.878149207092, 0.75435533822
0.531842138654, 0.191921845633, 0.379698386251, 0.997831078636, 0.369358157515, 0.998381825462, 0.35654432582, 0.419524687399, 0.577650688234, 0.34430996265, 0.227364925896, 0.465686260145, 0.978543599686, 0.489995802247, 0.106603319519, 0.443822523122, 0.224746054602, 0.110614105324, 2.82672343502e-46, 0.462292115556, 4.14853792288e-44, 1.50159783087, 2.17413306587e-42, 5.07986448129e-72, 9.36883093385e-28
0.967096838882, 0.6559266846, 0.985605956653, 0.99033499302, 0.315138453018, 0.993477251668, 0.00383711977033, 0.735285025804, 0.382347475641, 0.34430996265, 0.891259193627, 0.0971464876697, 0.271640347812, 0.238332505117, 0.326866689877, 0.911181472452, 0.553207570492, 0.914737735149, 3.61369922622e-242, 0.973323992436, 1.4858327469e-50, 0.903540778822, 0.622710928039, 1.31631239618e-18, 0.0957787638614
0.993141330844, 0.0263344870497, 0.12265350227, 0.964778446459, 0.997883287185, 0.0301390255733, 0.988834461702, 0.889672335399, 0.359574365396, 0.207889157209, 0.605217049754, 0.455534443541, 0.535139158952, 0.271230113262, 0.256163425967, 0.463759184658, 0.645565504373, 0.254884748929, 0.142929821706, 3.75627369635e-153, 0.944866799136, 0.0430884134785, 1.14745015589e-91, 1.75478863131e-158, 0.997657488286
0.652762803118, 0.985788578595, 0.939670897766, 0.0236504700051, 0.495506421834, 0.993477251668, 0.94799170524, 0.12966960751, 0.193288903583, 0.522918262367, 0.930500123011, 0.813152545266, 0.316427480097, 0.810003117407, 0.743140601164, 0.349130711862, 0.232125534121, 1.14591128468, 0.00862447780361, 1.21933806022, 8.40669878404e-31, 6.36318188334e-163, 0.00521525829739, 0.659442726593, 8.44476911117e-19
0.0874155275149, 0.935411380939, 0.995824261441, 0.376444966948, 0.519803808203, 0.993477251668, 0.0417133210201, 0.367242084264, 0.652839794005, 0.999668713668, 0.630712765101, 0.450944164719, 0.887021000875, 0.271230113262, 0.427724719308, 0.229602606646, 0.924909835761, 0.620606975836, 1.03851626393e-138, 0.660355024444, 5.46129702766e-29, 5.29053518993e-43, 1.52175911868, 0.0035046186094, 4.01083095994e-106
0.961861066351, 0.732661228109, 0.793825742004, 0.0010347183459, 0.36605493641, 0.00080912323073, 0.020388884722, 0.974908236184, 0.412705618911, 0.834054478242, 0.621560635405, 0.640970404609, 0.134395390356, 0.238284520877, 0.939372373961, 0.189797028419, 0.433880378281, 1.87423785337, 2.56030450989e-169, 1.86385283948e-309, 6.66148983982e-44, 8.93633654619e-299, 2.76351853894e-10, 9.10469794554e-14, 0.0603016182791
0.115015559434, 0.326246429937, 0.12265350227, 0.964778446459, 7.08962204791e-05, 0.381239791456, 0.988834461702, 0.731047338934, 0.0542725146073, 0.717376318861, 0.793420177342, 0.517290732521, 0.950619360371, 0.271230113262, 0.471159317072, 0.341931746551, 0.13669163056, 1.56755945981, 0.879028639593, 3.71996653199e-42, 0.0, 0.0782979705808, 2.08508532332e-91, 6.39300821899e-49, 3.36347407358e-94
0.6805128476, 0.989081500018, 0.381491703263, 0.0236504700051, 0.495506421834, 0.993477251668, 0.94799170524, 0.54010168529, 0.13956217819, 0.628251122521, 0.930500123011, 0.587760028807, 0.353343060532, 0.848335605063, 0.743140601164, 0.349130711862, 0.232125534121, 0.970918293298, 0.00730742718185, 1.03313200961, 7.12290536343e-31, 5.39145549634e-163, 3.13500448148e-42, 0.819305711124, 4.94231321154e-17
0.769344143115, 0.999807745631, 0.429428091632, 0.23745209927, 0.0729678158367, 0.493979914166, 0.997886522362, 0.177389599477, 0.577650688234, 0.668570292947, 0.993543648698, 0.784563305748, 0.0967848886081, 0.735570179016, 0.841270649604, 0.606430402958, 0.880912312727, 0.0172452905182, 0.0558417269732, 2.15669472349e-32, 1.88796658345e-115, 3.31482791728e-64, 1.78609577382e-38, 1.95317346247, 1.25637770929e-11
0.967096838882, 0.6559266846, 0.991219341007, 0.191295870668, 0.326084322868, 0.993477251668, 0.000778586730427, 0.735285025804, 0.382347475641, 0.34430996265, 0.891259193627, 0.0971464876697, 0.271640347812, 0.238332505117, 0.743140601164, 0.911181472452, 0.553207570492, 0.958105127994, 2.03344678487e-311, 1.01946893904, 4.73084363333e-49, 3.25466398148e-72, 1.0641538517, 1.33846917826e-18, 0.0973909565327
0.999211643116, 5.8142238197e-05, 0.000103097334398, 0.00185286386379, 0.995167036667, 0.000480073438465, 0.118479397087, 0.209840804276, 0.475511074289, 0.877224838041, 0.353457742845, 0.236340195888, 0.654549041572, 0.23293690888, 0.313278625855, 0.229602606646, 0.603796343575, 0.103278186845, 3.75328922218e-94, 0.0, 0.149946614752, 1.7406650702e-274, 0.0, 0.0, 1.52118569401
0.998180867214, 0.99593437978, 0.602693060267, 0.484378434322, 0.999701806974, 0.72568081345, 0.999896581579, 0.323208030192, 0.577650688234, 0.34430996265, 0.189204122321, 0.455534443541, 0.129934066734, 0.697230997179, 0.261561154978, 0.606430402958, 0.335821611422, 0.000138411471986, 0.008563236028, 1.59727094318e-16, 0.185423178243, 9.62114062742e-33, 2.98102579577e-23, 0.320014173541, 1.3824343182
0.990722292767, 0.663939480173, 0.989587077592, 0.0554504515675, 0.995167036667, 0.758850563863, 0.999196163543, 0.526816794273, 0.577650688234, 0.34430996265, 0.838967301769, 0.455534443541, 0.331651337406, 0.697230997179, 0.427724719308, 0.930612835578, 0.702107593284, 0.0689469149113, 0.56527248273, 9.2727923254e-13, 0.826785021869, 3.87550884519e-126, 0.617541555385, 3.02241739621e-18, 0.838716750111
0.888044999566, 0.992649032307, 0.686218084222, 0.0664793571294, 0.0363490891595, 0.493979914166, 0.997886522362, 0.177389599477, 0.577650688234, 0.668570292947, 0.357585774034, 0.867893111742, 0.0967848886081, 0.735570179016, 0.841270649604, 0.606430402958, 0.880912312727, 0.385018238241, 1.24672201473, 4.81503516559e-31, 2.29627396595e-144, 3.80497262812e-118, 9.07582960106e-17, 1.21822590007, 1.95561319163e-05
0.531842138654, 5.8142238197e-05, 0.314041352791, 0.99033499302, 0.995167036667, 0.535506040626, 0.229329065139, 0.580451462698, 0.475511074289, 0.981614567953, 0.324380832571, 0.748463031035, 0.610333789182, 0.455485854402, 0.313278625855, 0.251529370587, 0.640361515913, 0.686929264223, 1.19933901145e-64, 8.11837874854e-28, 0.997332746545, 0.819191048926, 1.14754286156e-50, 0.0, 8.69679799603e-28
0.332337981608, 0.976910998765, 0.995824261441, 0.0015487011432, 0.519803808203, 0.993477251668, 0.0417133210201, 0.297242457162, 0.557274044674, 0.814331977066, 0.703029332353, 0.194536976021, 0.610333789182, 0.918662678196, 0.438958589707, 0.229602606646, 0.924909835761, 0.596630942451, 9.9839505746e-139, 0.63484339675, 5.25030964764e-29, 1.35831694645e-281, 1.46296869438, 0.260689533476, 3.8930802217e-48
0.467588412811, 0.985788578595, 0.997354276761, 0.0607131276622, 0.995167036667, 0.967829754794, 0.741218423004, 0.12966960751, 0.577650688234, 0.34430996265, 0.838967301769, 0.455534443541, 0.331651337406, 0.73593574278, 0.738123496395, 0.65692524052, 0.702107593284, 0.280691294032, 4.35481126736e-14, 0.0167788538318, 0.408255033067, 1.65813385987e-122, 1.29503977588, 0.54647838246, 2.26891309155e-33
0.988045648757, 0.961345326204, 0.997927770516, 0.931392310036, 0.997215156859, 0.967829754794, 0.118479397087, 0.513691425553, 0.493308741183, 0.398507795555, 0.87041015309, 0.469378016085, 0.331651337406, 0.660995229189, 0.5149267169, 0.449213509414, 0.702107593284, 0.119864011008, 4.35604375318e-94, 0.0071650983239, 0.298661957831, 0.000414096775061, 1.0621360112, 0.0338421361642, 0.566636607072
0.932117540161, 0.99978010462, 0.995010422164, 0.73257278776, 0.996115525527, 0.999962925644, 0.997886522362, 0.259619723769, 0.381564977716, 0.305680354088, 0.987418691539, 0.455534443541, 0.202807468589, 0.592613667828, 0.75586480855, 0.623009789482, 0.702107593284, 2.58220860601e-05, 8.36141251504e-05, 0.0150542444732, 0.0271407673668, 1.48960007065e-15, 0.0436345288654, 1.56655381503, 0.00217965155426
0.988045648757, 0.989691568327, 0.997927770516, 0.509701810614, 0.997215156859, 0.967829754794, 0.229329065139, 0.513691425553, 0.493308741183, 0.398507795555, 0.838967301769, 0.469378016085, 0.331651337406, 0.660995229189, 0.616851911091, 0.449213509414, 0.702107593284, 0.101048420031, 1.76424733231e-65, 0.00604036072968, 0.251779651859, 2.29770978556e-30, 0.895407020666, 0.583106184, 0.562603242881
0.279958191898, 0.726751933756, 0.602693060267, 0.0495999499916, 0.996115525527, 0.0572696907019, 0.0695117398885, 0.974908236184, 0.478238463398, 0.77734206487, 0.978149730381, 0.455534443541, 0.559826729286, 0.238284520877, 0.0420447589481, 0.721230351194, 0.793057238972, 0.945941548528, 2.38671239252e-116, 9.21441863857e-125, 1.70537590231, 1.08221442505e-130, 3.13190468232e-22, 4.21511141796e-14, 1.56858281887e-55
0.998231448349, 0.161626969577, 0.429428091632, 0.00227641587534, 0.28017284792, 0.381239791456, 0.997886522362, 0.149273905166, 0.633010830146, 0.165190772696, 0.353457742845, 0.529804398071, 0.868866053199, 0.860022372645, 0.743140601164, 0.367035841725, 0.106054115067, 0.131867636083, 0.426998694105, 9.25016925664e-43, 3.88089432798e-56, 3.728103088e-265, 1.36575389822e-37, 4.98551892678e-80, 1.71557765933
0.000284741768613, 0.542037585366, 0.582505227919, 0.99894784197, 0.995167036667, 0.986481503321, 0.35654432582, 0.106805343381, 0.622624244956, 0.68504960422, 0.227364925896, 0.455534443541, 0.974070634905, 0.73593574278, 0.313278625855, 0.65692524052, 0.335821611422, 0.134350852323, 3.43331170708e-46, 0.057235552172, 0.212023194421, 1.62679745093, 8.7661217142e-24, 6.54281958573e-27, 0.0
0.99210744198, 0.230922267626, 0.738006864247, 0.997831078636, 0.369358157515, 0.940303836075, 0.35654432582, 0.419524687399, 0.577650688234, 0.34430996265, 0.621560635405, 0.581012663438, 0.978543599686, 0.489995802247, 0.542302749909, 0.443822523122, 0.224746054602, 0.312748372393, 7.99222803385e-46, 0.00104264707867, 2.72952365635e-44, 0.987973806163, 1.0414607515e-13, 3.61563132075e-64, 0.892885396805
0.0874155275149, 0.0255285906946, 0.783754137236, 0.518601088777, 0.36605493641, 0.00080912323073, 0.020388884722, 0.974908236184, 0.996909366316, 0.770645626438, 0.621560635405, 0.0207499002318, 0.311057718961, 0.238284520877, 0.564188626891, 0.229602606646, 0.433880378281, 1.97596436455, 2.69926811309e-169, 1.96501569156e-309, 7.02305020392e-44, 9.44585786847e-29, 8.12612731778e-11, 1.56524746763e-159, 4.47463128111e-106
0.279958191898, 0.92775376734, 0.000271417113219, 0.75509072155, 0.996115525527, 0.333609707506, 0.997886522362, 0.873180522736, 0.149196063127, 0.62639011889, 0.942684728655, 0.455534443541, 0.331651337406, 0.592613667828, 0.743140601164, 0.43136144703, 0.863593411106, 0.244634181347, 0.792146420999, 2.74520137702e-48, 1.49465930286, 1.69365488533e-12, 0.0, 0.0014865663933, 1.3747689211e-55
0.932117540161, 0.999759717282, 0.497453306244, 0.73257278776, 0.999632162603, 0.72568081345, 0.997886522362, 0.873180522736, 0.577650688234, 0.256537404757, 0.999851523098, 0.455534443541, 0.202807468589, 0.592613667828, 0.743140601164, 0.623009789482, 0.702107593284, 0.00104105306279, 0.0033710189362, 6.58000266481e-17, 0.0621132882884, 2.98594701386e-15, 4.62632392401e-32, 1.66723106116, 0.00231999016843
0.996166102872, 0.991000952307, 0.987528854644, 0.987981497924, 0.238220722557, 0.106590394386, 0.0754801028162, 0.546557731244, 0.577650688234, 0.761630787077, 0.798185581348, 0.61113408503, 0.610333789182, 0.660995229189, 0.841270649604, 0.285455305981, 0.579594399553, 0.430265326954, 4.10302850438e-113, 3.99634650988e-98, 3.37139769358e-63, 0.217918802585, 0.231681276138, 0.395146169589, 1.21463539217
0.107728033951, 0.999987073291, 0.986543073887, 0.101121091872, 0.995167036667, 0.968126820588, 0.575238285292, 0.974908236184, 0.478238463398, 0.77734206487, 0.967903339509, 0.541832672305, 0.074855918729, 0.238284520877, 0.998177105876, 0.341931746551, 0.133974459869, 0.00230167134256, 3.49093282045e-27, 0.00014188535691, 0.00334807344306, 1.94714107516e-102, 0.00174404439122, 2.17999221692, 5.85395141263e-97
0.99210744198, 5.8142238197e-05, 0.314041352791, 0.99033499302, 0.598057794868, 0.261010791939, 0.229329065139, 0.580451462698, 0.475511074289, 0.227511549584, 0.324380832571, 0.64119136266, 0.353343060532, 0.0800439841777, 0.313278625855, 0.43136144703, 0.640361515913, 0.871748069389, 1.52202202211e-64, 6.34391429784e-59, 6.46883971619e-23, 0.589696542415, 8.26061342619e-51, 0.0, 0.906820408933
0.0755908061365, 0.227243876811, 0.000271417113219, 0.999699100644, 0.619144122152, 0.999962925644, 0.0348002855985, 0.355771271077, 0.662751986948, 0.77734206487, 0.703029332353, 0.712128684537, 0.411871383888, 0.662536217454, 0.0420447589481, 0.824720258273, 0.926981414536, 0.000471407401389, 1.06609789592e-149, 0.0810951322975, 1.92440923107e-22, 1.74020370349, 0.0, 1.22014098823e-64, 1.92348465752e-112
