1.01450958745e-10, 0.656400312011, 0.301586199979, 0.399013804504, 0.797700334525, 0.697950633744, 0.298416320861, 0.800768267742, 0.703348749674, 0.396605997349, 0.802541880497, 0.298834197101, 30.5421813575, 50.9838462263, 9.47103164032e-09
1.12390874385e-10, 0.999999999968, 0.813213294097, 0.399013804504, 0.799335802239, 0.791772446988, 0.298416320861, 0.800768267742, 0.997854192291, 0.60079636585, 0.295107492527, 0.298834197101, 6.3847286453e-09, 128.93404476, 2.27624253245e-08
0.999999999912, 3.34853700323e-09, 0.301586199979, 0.399013804504, 0.797700334525, 0.895945913994, 0.398209243014, 0.598758093576, 0.603257835135, 0.211763007889, 0.802541880497, 0.298834197101, 1.25125245398e-08, 6.58142477568e-17, 90.696220698
0.999999999955, 0.999999999968, 0.813213294097, 0.399013804504, 0.799335802239, 0.791772446988, 0.311835441393, 0.800768267742, 0.498781010014, 0.60079636585, 0.295107492527, 0.298834197101, 4.55049114822e-19, 9.18932130057e-09, 128.915559069
1.12390874385e-10, 2.80414469422e-10, 0.543239364957, 0.399013804504, 0.797700334525, 0.420760621025, 0.196779585603, 0.598758093576, 0.950268794567, 0.396605997349, 0.802541880497, 0.972134370686, 664.454409038, 2.92674903691e-07, 1.17304889452e-07
1.40465084009e-10, 0.789449637698, 0.301586199979, 0.399013804504, 0.797700334525, 0.697950633744, 0.298416320861, 0.800768267742, 0.703348749674, 0.396605997349, 0.802541880497, 0.298834197101, 19.2997024996, 56.2111990757, 1.31132250643e-08
9.29176735553e-11, 5.06308883708e-09, 0.301586199979, 0.653466054107, 0.586810430937, 0.697950633744, 0.298416320861, 0.800768267742, 0.703348749674, 0.396605997349, 0.0114487900078, 0.298834197101, 319.699811343, 2.5425986064e-06, 4.66617029433e-08
0.11999002086, 0.999999999903, 0.813213294097, 0.702554512128, 0.403472709523, 0.791772446988, 0.298416320861, 0.800768267742, 0.997854192291, 0.396605997349, 0.802541880497, 0.298834197101, 1.95323758408e-08, 128.777291653, 24.5634901376
0.999999999844, 0.594006928703, 0.39203592712, 0.300608768389, 0.797700334525, 0.697950633744, 0.196779585603, 0.705164160845, 0.703348749674, 0.60079636585, 0.59815185893, 0.495485649341, 9.76173181405e-09, 1.31732798232e-08, 66.9043982247
1.40465084009e-10, 1.32145830476e-05, 0.301586199979, 0.399013804504, 0.797700334525, 0.697950633744, 0.298416320861, 0.319627588724, 0.703348749674, 0.60079636585, 0.59815185893, 0.298834197101, 109.422383358, 0.0022713262062, 2.41431776726e-08
2.95050872623e-10, 5.06308883708e-09, 0.39203592712, 0.399013804504, 0.403472709523, 0.697950633744, 0.0318646927776, 0.800768267742, 0.60184555772, 0.404259919158, 0.0114487900078, 0.79615515695, 263.077701743, 2.09227836268e-06, 1.21927261509e-07
0.308397116955, 0.0485498039324, 0.698262357825, 0.399013804504, 0.797700334525, 0.697950633744, 0.298416320861, 0.705164160845, 0.498781010014, 0.60079636585, 0.49767172913, 0.298834197101, 37.2294357338, 2.84470272746, 19.6492274947
8.69057519193e-06, 5.70118502519e-07, 0.299373662104, 0.301228496099, 0.797700334525, 0.697950633744, 0.298416320861, 0.50085692962, 0.60184555772, 0.396605997349, 0.802541880497, 0.298834197101, 48.489320106, 4.34241281325e-05, 0.000661933701566
0.329459725142, 0.553862698679, 0.301586199979, 0.399013804504, 0.797700334525, 0.697950633744, 0.60264238476, 0.705164160845, 0.703348749674, 0.60079636585, 0.49767172913, 0.297618842824, 26.2903905904, 31.1630008457, 23.2098309507
0.856495454917, 0.421104907165, 0.301586199979, 0.399013804504, 0.797700334525, 0.697950633744, 0.298416320861, 0.705164160845, 0.498781010014, 0.60079636585, 0.49767172913, 0.298834197101, 7.4251305622, 5.78019022516, 41.0343569704
2.88817522598e-06, 0.260532577641, 0.301586199979, 0.399013804504, 0.797700334525, 0.697950633744, 0.499906058531, 0.800768267742, 0.703348749674, 0.60079636585, 0.49767172913, 0.298834197101, 39.7476402194, 17.2398326991, 0.000196555674235
2.88817522598e-06, 0.260532577641, 0.301586199979, 0.399013804504, 0.797700334525, 0.697950633744, 0.499906058531, 0.800768267742, 0.703348749674, 0.60079636585, 0.49767172913, 0.298834197101, 39.7476402194, 17.2398326991, 0.000196555674235
2.95050872623e-10, 5.06308883708e-09, 0.39203592712, 0.399013804504, 0.403472709523, 0.697950633744, 0.0318646927776, 0.800768267742, 0.60184555772, 0.404259919158, 0.0114487900078, 0.79615515695, 263.077701743, 2.09227836268e-06, 1.21927261509e-07
1.1859446758e-09, 0.0186751836096, 0.39203592712, 0.399013804504, 0.797700334525, 0.780997913884, 0.401636778772, 0.598758093576, 0.69709287259, 0.60079636585, 0.49767172913, 0.502407826941, 108.268198944, 3.17694919832, 2.0177720831e-07
0.329459725142, 0.946594479196, 0.592952669303, 0.399013804504, 0.797700334525, 0.697950633744, 0.60264238476, 0.705164160845, 0.498781010014, 0.60079636585, 0.49767172913, 0.298834197101, 3.35293682803, 39.874834693, 22.7794829932
2.42580877607e-09, 5.06308883708e-09, 0.39203592712, 0.399013804504, 0.403472709523, 0.697950633744, 0.298416320861, 0.800768267742, 0.60184555772, 0.404259919158, 0.295107492527, 0.79615515695, 64.1549194741, 5.10229293421e-07, 2.44459210102e-07
0.459478433873, 0.999999445344, 0.592952669303, 0.399013804504, 0.597791449235, 0.697950633744, 0.60264238476, 0.705164160845, 0.703348749674, 0.60079636585, 0.49767172913, 0.297618842824, 2.94324197007e-05, 33.7817819487, 29.733494371
6.82227740967e-09, 0.9999998304, 0.503465382393, 0.301228496099, 0.403472709523, 0.697950633744, 0.298416320861, 0.800768267742, 0.60184555772, 0.396605997349, 0.802541880497, 0.499426838864, 1.19656077701e-05, 44.9148876285, 4.81326274373e-07
0.999999999844, 0.333574916201, 0.39203592712, 0.4956267188, 0.797700334525, 0.503277056932, 0.196779585603, 0.705164160845, 0.498781010014, 0.396605997349, 0.49767172913, 0.298834197101, 1.27037745301e-08, 7.34095678204e-09, 59.8709015904
0.954084309841, 1.45337430979e-09, 0.301586199979, 0.399013804504, 0.797700334525, 0.697950633744, 0.298416320861, 0.702725181576, 0.703348749674, 0.60079636585, 0.49767172913, 0.297618842824, 3.25642126393, 7.43426329542e-09, 45.0718745476
0.329459725142, 0.000151675949273, 0.299373662104, 0.399013804504, 0.797700334525, 0.697950633744, 0.60264238476, 0.705164160845, 0.60184555772, 0.396605997349, 0.295107492527, 0.304099121831, 46.8300147676, 0.0111573460126, 26.6587220938
0.999999998507, 0.553862698679, 0.299373662104, 0.301228496099, 0.797700334525, 0.697950633744, 0.298416320861, 0.800768267742, 0.60184555772, 0.396605997349, 0.295107492527, 0.298834197101, 8.46539462428e-08, 1.00343545269e-07, 55.9670443105
0.459478433873, 3.63791313296e-07, 0.301586199979, 0.399013804504, 0.797700334525, 0.69938284452, 0.401636778772, 0.705164160845, 0.69709287259, 0.396605997349, 0.69911584967, 0.297618842824, 37.3355838283, 2.13351228835e-05, 32.8614213804
0.562939150373, 1.32145830476e-05, 0.698262357825, 0.399013804504, 0.797700334525, 0.697950633744, 0.298416320861, 0.705164160845, 0.703348749674, 0.60079636585, 0.59815185893, 0.298834197101, 30.9374016684, 0.000642180594175, 37.750404968
0.963172610372, 1.45337430979e-09, 0.301586199979, 0.399013804504, 0.797700334525, 0.697950633744, 0.298416320861, 0.705164160845, 0.703348749674, 0.60079636585, 0.49767172913, 0.297618842824, 2.83556622204, 6.47347016179e-09, 48.9625645146
1.13297913273e-08, 0.479551643664, 0.301586199979, 0.600382588643, 0.797700334525, 0.697950633744, 0.196779585603, 0.800768267742, 0.60184555772, 0.396605997349, 0.49767172913, 0.298834197101, 37.8908071313, 35.5316514791, 9.2444224665e-07
0.562939150373, 0.788322885813, 0.301586199979, 0.399013804504, 0.797700334525, 0.503277056932, 0.298416320861, 0.705164160845, 0.703348749674, 0.60079636585, 0.49767172913, 0.79615515695, 10.9393664901, 31.6787047999, 40.8948175023
1.40465084009e-10, 0.609430754911, 0.301586199979, 0.399013804504, 0.797700334525, 0.697950633744, 0.298416320861, 0.800768267742, 0.703348749674, 0.396605997349, 0.802541880497, 0.298834197101, 34.217248404, 48.5937992933, 1.31132250643e-08
0.562939150373, 0.788322885813, 0.301586199979, 0.399013804504, 0.797700334525, 0.503277056932, 0.298416320861, 0.705164160845, 0.703348749674, 0.60079636585, 0.49767172913, 0.79615515695, 10.9393664901, 31.6787047999, 40.8948175023
0.999999991655, 5.70118502519e-07, 0.299373662104, 0.301228496099, 0.797700334525, 0.697950633744, 0.298416320861, 0.50085692962, 0.60184555772, 0.396605997349, 0.802541880497, 0.297618842824, 6.47396514213e-07, 5.79769506446e-13, 49.3873195859
0.562939150373, 0.0485498039324, 0.698262357825, 0.399013804504, 0.797700334525, 0.697950633744, 0.298416320861, 0.705164160845, 0.498781010014, 0.60079636585, 0.49767172913, 0.298834197101, 26.6664634338, 2.03758557622, 32.63377595
0.562939150373, 1.32145830476e-05, 0.698262357825, 0.399013804504, 0.797700334525, 0.697950633744, 0.298416320861, 0.705164160845, 0.703348749674, 0.60079636585, 0.59815185893, 0.298834197101, 30.9374016684, 0.000642180594175, 37.750404968
0.999999991655, 0.999999949502, 0.301586199979, 0.200740849937, 0.597791449235, 0.69938284452, 0.60264238476, 0.900201641846, 0.703348749674, 0.60079636585, 0.49767172913, 0.297618842824, 5.47774635627e-14, 6.90573085285e-07, 52.6810894276
0.999999991655, 0.999999962881, 0.301586199979, 0.200740849937, 0.597791449235, 0.69938284452, 0.60264238476, 0.900201641846, 0.703348749674, 0.60079636585, 0.49767172913, 0.297618842824, 4.02643821737e-14, 6.90573085285e-07, 52.6810894276
4.4807640931e-09, 0.999999999737, 0.301586199979, 0.399013804504, 0.797700334525, 0.697950633744, 0.499906058531, 0.705164160845, 0.703348749674, 0.60079636585, 0.802541880497, 0.298834197101, 2.18567836711e-08, 52.9472546624, 3.72662251185e-07
1.99885141772e-08, 0.553862698679, 0.39203592712, 0.399013804504, 0.797700334525, 0.697950633744, 0.401636778772, 0.705164160845, 0.69709287259, 0.60079636585, 0.49767172913, 0.502407826941, 32.314097834, 38.3031303649, 1.57344781516e-06
1.40465084009e-10, 0.609430754911, 0.301586199979, 0.399013804504, 0.797700334525, 0.697950633744, 0.298416320861, 0.800768267742, 0.703348749674, 0.396605997349, 0.802541880497, 0.298834197101, 34.217248404, 48.5937992933, 1.31132250643e-08
0.999999994658, 0.999997016824, 0.503465382393, 0.399013804504, 0.797700334525, 0.697950633744, 0.298416320861, 0.50085692962, 0.60184555772, 0.396605997349, 0.802541880497, 0.495485649341, 1.70627783914e-12, 3.64125463956e-07, 43.3950213615
0.856495454917, 0.106629338088, 0.301586199979, 0.399013804504, 0.797700334525, 0.697950633744, 0.298416320861, 0.705164160845, 0.498781010014, 0.60079636585, 0.49767172913, 0.298834197101, 9.27805604452, 1.56870613551, 41.0343569704
1.1859446758e-09, 0.0582939781111, 0.39203592712, 0.399013804504, 0.797700334525, 0.697950633744, 0.401636778772, 0.598758093576, 0.69709287259, 0.60079636585, 0.49767172913, 0.502407826941, 41.7896025149, 3.83731984659, 7.81764256604e-08
0.41478881078, 0.999997016824, 0.503465382393, 0.399013804504, 0.797700334525, 0.697950633744, 0.298416320861, 0.50085692962, 0.60184555772, 0.396605997349, 0.802541880497, 0.495485649341, 0.000161690777034, 34.5053588896, 26.3155483857
3.6248493096e-09, 5.91589964793e-08, 0.301586199979, 0.399013804504, 0.797700334525, 0.299639164708, 0.196779585603, 0.800768267742, 0.60184555772, 0.396605997349, 0.802541880497, 0.298834197101, 60.7704758475, 5.64720186642e-06, 3.46021011256e-07
0.999999994658, 0.0485498039324, 0.698262357825, 0.399013804504, 0.797700334525, 0.697950633744, 0.298416320861, 0.705164160845, 0.498781010014, 0.60079636585, 0.49767172913, 0.298834197101, 3.53006977906e-07, 2.69732778128e-08, 42.1925984007
0.41478881078, 0.0485498039324, 0.698262357825, 0.399013804504, 0.797700334525, 0.697950633744, 0.298416320861, 0.705164160845, 0.498781010014, 0.60079636585, 0.49767172913, 0.298834197101, 33.4517458099, 2.5560492838, 25.5863767293
0.329459725142, 0.033657750703, 0.592952669303, 0.399013804504, 0.797700334525, 0.697950633744, 0.60264238476, 0.705164160845, 0.703348749674, 0.60079636585, 0.49767172913, 0.297618842824, 45.9869279512, 2.43357240936, 26.2154108023
4.4807640931e-09, 0.999999999737, 0.301586199979, 0.399013804504, 0.797700334525, 0.697950633744, 0.499906058531, 0.705164160845, 0.703348749674, 0.60079636585, 0.802541880497, 0.298834197101, 2.18567836711e-08, 52.9472546624, 3.72662251185e-07
0.999999999844, 0.999999999048, 0.39203592712, 0.399013804504, 0.797700334525, 0.697950633744, 0.298416320861, 0.705164160845, 0.703348749674, 0.60079636585, 0.59815185893, 0.298834197101, 2.11587599828e-17, 1.41422605209e-08, 57.7081688885
0.999999999689, 3.34853700323e-09, 0.301586199979, 0.399013804504, 0.797700334525, 0.895945913994, 0.398209243014, 0.598758093576, 0.603257835135, 0.396605997349, 0.802541880497, 0.298834197101, 2.91655024817e-08, 1.53406740596e-16, 59.6304807787
2.88817522598e-06, 4.02292754664e-10, 0.301586199979, 0.399013804504, 0.797700334525, 0.697950633744, 0.499906058531, 0.800768267742, 0.703348749674, 0.694677222442, 0.49767172913, 0.298834197101, 51.5147027503, 3.25531699998e-08, 0.000233708556844
0.999999999844, 0.999999999048, 0.39203592712, 0.399013804504, 0.797700334525, 0.697950633744, 0.298416320861, 0.705164160845, 0.703348749674, 0.60079636585, 0.59815185893, 0.298834197101, 2.11587599828e-17, 1.41422605209e-08, 57.7081688885
0.562939150373, 0.0485498039324, 0.698262357825, 0.399013804504, 0.797700334525, 0.697950633744, 0.298416320861, 0.705164160845, 0.498781010014, 0.60079636585, 0.49767172913, 0.298834197101, 26.6664634338, 2.03758557622, 32.63377595
0.11999002086, 0.999999999903, 0.813213294097, 0.702554512128, 0.403472709523, 0.791772446988, 0.298416320861, 0.800768267742, 0.997854192291, 0.396605997349, 0.802541880497, 0.298834197101, 1.95323758408e-08, 128.777291653, 24.5634901376
6.52976095417e-09, 0.487806220153, 0.301586199979, 0.399013804504, 0.797700334525, 0.697950633744, 0.298416320861, 0.800768267742, 0.703348749674, 0.60079636585, 0.200800647671, 0.298834197101, 40.271123839, 38.7572339134, 5.73277358165e-07
1.1859446758e-09, 0.0582939781111, 0.39203592712, 0.399013804504, 0.797700334525, 0.697950633744, 0.401636778772, 0.598758093576, 0.69709287259, 0.60079636585, 0.49767172913, 0.502407826941, 41.7896025149, 3.83731984659, 7.81764256604e-08
1.13297913273e-08, 0.551050849305, 0.301586199979, 0.600382588643, 0.797700334525, 0.697950633744, 0.196779585603, 0.800768267742, 0.60184555772, 0.396605997349, 0.49767172913, 0.298834197101, 33.6698865155, 39.5543962654, 9.2444224665e-07
1.5509033835e-08, 0.553862698679, 0.39203592712, 0.399013804504, 0.797700334525, 0.697950633744, 0.401636778772, 0.705164160845, 0.69709287259, 0.60079636585, 0.49767172913, 0.502407826941, 32.314097834, 38.3031303649, 1.22083388423e-06
2.88817522598e-06, 4.02292754664e-10, 0.301586199979, 0.399013804504, 0.797700334525, 0.697950633744, 0.499906058531, 0.800768267742, 0.703348749674, 0.694677222442, 0.49767172913, 0.298834197101, 51.5147027503, 3.25531699998e-08, 0.000233708556844
6.82227740967e-09, 0.487806220153, 0.301586199979, 0.399013804504, 0.797700334525, 0.697950633744, 0.298416320861, 0.800768267742, 0.703348749674, 0.60079636585, 0.200800647671, 0.298834197101, 40.271123839, 38.7572339134, 5.98958705768e-07
0.963172610372, 1.45337430979e-09, 0.301586199979, 0.399013804504, 0.797700334525, 0.697950633744, 0.298416320861, 0.705164160845, 0.703348749674, 0.60079636585, 0.49767172913, 0.297618842824, 2.83556622204, 6.47347016179e-09, 48.9625645146
3.14880677088e-09, 0.551050849305, 0.301586199979, 0.600382588643, 0.797700334525, 0.697950633744, 0.196779585603, 0.800768267742, 0.60184555772, 0.396605997349, 0.49767172913, 0.298834197101, 33.6698865155, 39.5543962654, 2.56923532079e-07
8.69057519193e-06, 5.70118502519e-07, 0.299373662104, 0.301228496099, 0.797700334525, 0.697950633744, 0.298416320861, 0.50085692962, 0.60184555772, 0.396605997349, 0.802541880497, 0.298834197101, 48.489320106, 4.34241281325e-05, 0.000661933701566
0.459478433873, 3.63791313296e-07, 0.301586199979, 0.399013804504, 0.797700334525, 0.69938284452, 0.401636778772, 0.705164160845, 0.69709287259, 0.396605997349, 0.69911584967, 0.297618842824, 37.3355838283, 2.13351228835e-05, 32.8614213804
0.999999999689, 0.260532577641, 0.301586199979, 0.399013804504, 0.797700334525, 0.895945913994, 0.398209243014, 0.598758093576, 0.603257835135, 0.396605997349, 0.802541880497, 0.298834197101, 2.67570754309e-08, 1.16054060417e-08, 59.6304807787
0.999999999844, 0.333574916201, 0.39203592712, 0.4956267188, 0.797700334525, 0.503277056932, 0.196779585603, 0.705164160845, 0.498781010014, 0.396605997349, 0.49767172913, 0.298834197101, 1.27037745301e-08, 7.34095678204e-09, 59.8709015904
1.40465084009e-10, 1.32145830476e-05, 0.301586199979, 0.399013804504, 0.797700334525, 0.697950633744, 0.298416320861, 0.319627588724, 0.703348749674, 0.60079636585, 0.59815185893, 0.298834197101, 109.422383358, 0.0022713262062, 2.41431776726e-08
0.459478433873, 3.96120950485e-08, 0.39203592712, 0.399013804504, 0.797700334525, 0.69938284452, 0.401636778772, 0.705164160845, 0.69709287259, 0.60079636585, 0.802541880497, 0.298834197101, 46.500421216, 2.89337401217e-06, 40.9279775287
1.12390874385e-10, 0.999999999968, 0.813213294097, 0.399013804504, 0.799335802239, 0.791772446988, 0.298416320861, 0.800768267742, 0.997854192291, 0.60079636585, 0.295107492527, 0.298834197101, 6.3847286453e-09, 128.93404476, 2.27624253245e-08
0.459478433873, 3.96120950485e-08, 0.39203592712, 0.399013804504, 0.797700334525, 0.69938284452, 0.401636778772, 0.705164160845, 0.69709287259, 0.60079636585, 0.802541880497, 0.298834197101, 46.500421216, 2.89337401217e-06, 40.9279775287
1.99885141772e-08, 0.553862698679, 0.39203592712, 0.399013804504, 0.797700334525, 0.697950633744, 0.401636778772, 0.705164160845, 0.69709287259, 0.60079636585, 0.49767172913, 0.502407826941, 32.314097834, 38.3031303649, 1.57344781516e-06
6.82227740967e-09, 0.487806220153, 0.301586199979, 0.399013804504, 0.797700334525, 0.697950633744, 0.298416320861, 0.800768267742, 0.703348749674, 0.60079636585, 0.200800647671, 0.298834197101, 40.271123839, 38.7572339134, 5.98958705768e-07
1.13297913273e-08, 0.551050849305, 0.301586199979, 0.600382588643, 0.797700334525, 0.697950633744, 0.196779585603, 0.800768267742, 0.60184555772, 0.396605997349, 0.49767172913, 0.298834197101, 33.6698865155, 39.5543962654, 9.2444224665e-07
3.14880677088e-09, 0.551050849305, 0.301586199979, 0.600382588643, 0.797700334525, 0.697950633744, 0.196779585603, 0.800768267742, 0.60184555772, 0.396605997349, 0.49767172913, 0.298834197101, 33.6698865155, 39.5543962654, 2.56923532079e-07
0.999999999689, 3.34853700323e-09, 0.301586199979, 0.399013804504, 0.797700334525, 0.895945913994, 0.398209243014, 0.598758093576, 0.603257835135, 0.396605997349, 0.802541880497, 0.298834197101, 2.91655024817e-08, 1.53406740596e-16, 59.6304807787
0.999999999689, 0.214497067765, 0.301586199979, 0.399013804504, 0.797700334525, 0.895945913994, 0.398209243014, 0.598758093576, 0.603257835135, 0.396605997349, 0.802541880497, 0.298834197101, 2.75256320857e-08, 9.6418936569e-09, 59.6304807787
0.999999991655, 0.999999949502, 0.301586199979, 0.200740849937, 0.597791449235, 0.69938284452, 0.60264238476, 0.900201641846, 0.703348749674, 0.60079636585, 0.49767172913, 0.297618842824, 5.47774635627e-14, 6.90573085285e-07, 52.6810894276
3.14880677088e-09, 0.551050849305, 0.301586199979, 0.600382588643, 0.797700334525, 0.697950633744, 0.196779585603, 0.800768267742, 0.60184555772, 0.396605997349, 0.49767172913, 0.298834197101, 33.6698865155, 39.5543962654, 2.56923532079e-07
0.562939150373, 0.0485498039324, 0.698262357825, 0.399013804504, 0.797700334525, 0.697950633744, 0.298416320861, 0.705164160845, 0.498781010014, 0.60079636585, 0.49767172913, 0.298834197101, 26.6664634338, 2.03758557622, 32.63377595
0.999999999844, 0.333574916201, 0.39203592712, 0.4956267188, 0.797700334525, 0.503277056932, 0.196779585603, 0.705164160845, 0.498781010014, 0.396605997349, 0.49767172913, 0.298834197101, 1.27037745301e-08, 7.34095678204e-09, 59.8709015904
1.40465084009e-10, 1.32145830476e-05, 0.301586199979, 0.399013804504, 0.797700334525, 0.697950633744, 0.298416320861, 0.319627588724, 0.703348749674, 0.60079636585, 0.59815185893, 0.298834197101, 109.422383358, 0.0022713262062, 2.41431776726e-08
8.69057519193e-06, 5.70118502519e-07, 0.299373662104, 0.301228496099, 0.797700334525, 0.697950633744, 0.298416320861, 0.50085692962, 0.60184555772, 0.396605997349, 0.802541880497, 0.298834197101, 48.489320106, 4.34241281325e-05, 0.000661933701566
8.69057519193e-06, 5.70118502519e-07, 0.299373662104, 0.301228496099, 0.797700334525, 0.697950633744, 0.298416320861, 0.50085692962, 0.60184555772, 0.396605997349, 0.802541880497, 0.298834197101, 48.489320106, 4.34241281325e-05, 0.000661933701566
1.13297913273e-08, 0.551050849305, 0.301586199979, 0.600382588643, 0.797700334525, 0.697950633744, 0.196779585603, 0.800768267742, 0.60184555772, 0.396605997349, 0.49767172913, 0.298834197101, 33.6698865155, 39.5543962654, 9.2444224665e-07
0.459478433873, 3.63791313296e-07, 0.301586199979, 0.399013804504, 0.797700334525, 0.69938284452, 0.401636778772, 0.705164160845, 0.69709287259, 0.396605997349, 0.69911584967, 0.297618842824, 37.3355838283, 2.13351228835e-05, 32.8614213804
0.459478433873, 3.63791313296e-07, 0.301586199979, 0.399013804504, 0.797700334525, 0.69938284452, 0.401636778772, 0.705164160845, 0.69709287259, 0.396605997349, 0.69911584967, 0.297618842824, 37.3355838283, 2.13351228835e-05, 32.8614213804
0.459478433873, 3.63791313296e-07, 0.301586199979, 0.399013804504, 0.797700334525, 0.69938284452, 0.401636778772, 0.705164160845, 0.69709287259, 0.396605997349, 0.69911584967, 0.297618842824, 37.3355838283, 2.13351228835e-05, 32.8614213804
0.459478433873, 3.63791313296e-07, 0.301586199979, 0.399013804504, 0.797700334525, 0.69938284452, 0.401636778772, 0.705164160845, 0.69709287259, 0.396605997349, 0.69911584967, 0.297618842824, 37.3355838283, 2.13351228835e-05, 32.8614213804
6.82227740967e-09, 0.487806220153, 0.301586199979, 0.399013804504, 0.797700334525, 0.697950633744, 0.298416320861, 0.800768267742, 0.703348749674, 0.60079636585, 0.200800647671, 0.298834197101, 40.271123839, 38.7572339134, 5.98958705768e-07
