0.999997800961, 0.39596119074, 0.00560682660155, 0.967309907203, 0.297943712201, 0.399871948072, 0.602888693301, 0.80180036769, 0.0110040874609, 0.0711333668303, 0.00240394143114, 13.042136403, 20.00796067, 7.28403222399e-05
0.836145741148, 0.99982779314, 0.610019159155, 0.719077641813, 0.405573340988, 0.708124481659, 0.799961751377, 0.706181586533, 0.606496189065, 10.1006911575, 3.94604117039, 8.97997448468, 0.00396603985363, 4.51317712379
3.48218131705e-05, 0.99982779314, 0.999562702395, 0.336430655746, 0.312419147189, 0.513874597628, 0.602888693301, 0.292607846623, 0.685104699806, 0.000765904064688, 0.0015106544225, 9.95969108681e-07, 3.92278054174e-07, 65.4149570259
0.736353464594, 1.01043722534e-06, 0.995904380741, 0.998505787786, 0.397054833318, 0.708124481659, 0.602299670736, 0.292607846623, 0.690815210079, 2.13334750256e-05, 3.19244408413e-08, 8.78644006645e-08, 21.2316427504, 7.60185831579
0.999901051955, 0.994522405934, 0.818832201122, 0.997003782302, 0.397054833318, 0.199765447762, 0.602888693301, 0.0927844367185, 0.595471914591, 19.1223595338, 0.0574669355147, 4.2435641143, 0.129010492368, 0.0023306946673
0.999950721602, 0.328435008306, 0.0472569466148, 0.994257935489, 0.397054833318, 0.599339022719, 0.602888693301, 0.706181586533, 0.601431966519, 0.159511135445, 0.000921212893755, 3.23446215567, 6.94168478309, 0.000509395174153
3.48218131705e-05, 0.99989629924, 0.000712310525885, 0.0215192077703, 0.305870221765, 0.398166193526, 0.602888693301, 0.0913134153839, 0.00966495614751, 2.37627092292e-08, 1.08049305533e-06, 0.00154914065068, 1.60778247451e-07, 44.5224287767
0.99879842756, 0.868178333013, 0.999884557171, 0.591458217996, 0.599431119707, 0.81801784409, 0.602888693301, 0.801176313521, 0.595471914591, 22.2218323436, 15.3494307946, 0.00433783367072, 5.7053697032, 0.0520677847691
0.595842476886, 0.99756577827, 0.995410076764, 0.0189235170289, 0.305870221765, 0.398166193526, 0.602888693301, 0.703618566553, 0.690815210079, 0.237647678423, 12.3206773972, 0.0579075392258, 0.0307856466763, 8.57842093111
0.999997800961, 4.0979135032e-06, 0.00560682660155, 0.632784009444, 0.297943712201, 0.399871948072, 0.602888693301, 0.80180036769, 0.0110040874609, 4.81585487054e-07, 2.79472756938e-07, 0.000134976730362, 33.1234986435, 7.28403222399e-05
0.999995563868, 1.28296849811e-08, 0.0161901980494, 0.613017923178, 0.212235442241, 0.708124481659, 0.710374011784, 0.801176313521, 0.595471914591, 5.96474809461e-09, 3.76538844641e-09, 5.91259209689e-07, 46.8436551175, 0.000207805565138
0.999672146094, 0.997813586758, 4.01977214229e-05, 0.985802442886, 0.793117225273, 0.253847872247, 0.602888693301, 0.706181586533, 0.601431966519, 0.00469946597199, 6.76818535235e-05, 118.587721599, 0.259860349958, 0.0389789862983
0.998673390621, 0.999954820057, 0.0322028226106, 0.0061572125547, 0.397054833318, 0.199765447762, 0.799961751377, 0.703618566553, 0.595471914591, 0.00331079645189, 0.534399477878, 16.1599028769, 0.000754431297603, 0.0221816374209
0.439532749017, 0.997813586758, 0.97106232468, 0.0061572125547, 0.20560721592, 0.599339022719, 0.602299670736, 0.801176313521, 0.601431966519, 0.0390027305039, 6.29547576239, 0.188767576795, 0.0142937636644, 8.33630027976
0.999999348409, 0.182159360791, 0.889365168843, 0.967309907203, 0.195646562258, 0.399871948072, 0.602888693301, 0.292607846623, 0.903069125279, 3.97126102357, 0.134208168878, 0.510710231118, 20.7252546017, 1.65122707317e-05
0.998542255976, 0.868178333013, 0.983991974238, 0.658660046127, 0.599431119707, 0.399871948072, 0.602888693301, 0.899299509881, 0.595471914591, 7.50980134402, 3.89183351781, 0.185486944381, 1.75935479382, 0.0194841494022
0.999997800961, 0.375216404146, 0.997428911714, 0.997003782302, 0.397054833318, 0.199765447762, 0.99754188459, 0.706181586533, 0.595471914591, 10.3297421321, 0.0310431682838, 0.0267071601835, 17.2965116124, 6.08783370313e-05
0.999995563868, 0.7076481267, 0.999562702395, 0.336430655746, 0.20560721592, 0.708124481659, 0.602888693301, 0.801176313521, 0.595471914591, 5.93326824314, 11.7026639818, 0.00771552490206, 7.28915018197, 0.000110605675096
0.998673390621, 0.809823356364, 0.772198273713, 0.162834018545, 0.305870221765, 0.708124481659, 0.602888693301, 0.50055973152, 0.606527233427, 2.07273338899, 10.6563843194, 3.7551430595, 3.87111752339, 0.0270395066219
0.998542255976, 0.997813586758, 0.965023032083, 0.0061572125547, 0.20560721592, 0.599339022719, 0.29767468455, 0.801176313521, 0.601431966519, 0.0971449755549, 15.6802826659, 0.571848092825, 0.0358246003499, 0.0239201515469
0.999672146094, 0.991503466815, 0.689119816896, 0.0061572125547, 0.397054833318, 0.708124481659, 0.602299670736, 0.801176313521, 0.601431966519, 0.0708924134599, 11.4428263075, 5.19414316119, 0.143175397444, 0.0055264902732
0.999654337744, 1.28296849811e-08, 0.0161901980494, 0.7218564691, 0.397054833318, 0.599339022719, 0.905634722586, 0.50055973152, 0.595471914591, 2.43490215738e-09, 9.38209065706e-10, 2.04969690563e-07, 16.2391204009, 0.00561519202222
0.000560201118402, 9.05442387733e-12, 0.69274360949, 0.591458217996, 0.0950942197101, 0.599339022719, 0.39831207315, 0.801176313521, 0.606496189065, 4.51709354003e-14, 3.12012140194e-14, 3.3873760284e-14, 0.0121759165681, 21.7227263681
0.999997800961, 0.39596119074, 0.322635674079, 0.967309907203, 0.297943712201, 0.399871948072, 0.602888693301, 0.80180036769, 0.690815210079, 2.42248041892, 0.0818673613336, 5.25780619543, 11.8411661406, 4.3108559218e-05
0.999995563868, 0.997813586758, 0.999562702395, 0.336430655746, 0.20560721592, 0.599339022719, 0.602888693301, 0.292607846623, 0.595471914591, 6.6118934342, 13.0411712353, 0.00859799799214, 0.0430827162455, 8.74132406527e-05
0.999672146094, 0.997923722925, 0.997428911714, 0.880324204957, 0.297943712201, 0.591877894391, 0.602888693301, 0.292607846623, 0.50488249709, 18.2938543031, 2.48696053772, 0.0535670351816, 0.0433479518224, 0.0068470901171
3.48218131705e-05, 0.991503466815, 0.999562702395, 0.336430655746, 0.195646562258, 0.499061491089, 0.602888693301, 0.706181586533, 0.685104699806, 0.000421881937029, 0.000832111805286, 5.48608365151e-07, 1.07506035743e-05, 36.3349515508
0.999997800961, 0.999930284243, 0.999562702395, 0.998631182368, 0.305870221765, 0.708124481659, 0.602888693301, 0.292607846623, 0.601431966519, 23.7572047813, 0.0325638547737, 0.0104077601334, 0.0016593629975, 5.23412789384e-05
0.999997800961, 0.951873287074, 0.999562702395, 0.000318862365255, 0.405573340988, 0.399871948072, 0.60102785996, 0.292607846623, 0.601431966519, 0.00402344223352, 12.6140923091, 0.00552028580368, 0.638251031818, 2.91634703031e-05
0.99889838872, 0.998955879901, 0.999884557171, 0.999913859042, 0.305870221765, 0.398166193526, 0.602888693301, 0.0913134153839, 0.00966495614751, 44.4195382731, 0.00382667119197, 0.00512895101539, 0.0464371694179, 0.0490481176981
0.439532749017, 0.997813586758, 0.889365168843, 0.967309907203, 0.195646562258, 0.599339022719, 0.602299670736, 0.801176313521, 0.601431966519, 5.26702976262, 0.177998478487, 0.677348069394, 0.0134153761965, 7.82401381227
0.999999348409, 0.182159360791, 0.97106232468, 0.0061572125547, 0.20560721592, 0.399871948072, 0.602888693301, 0.292607846623, 0.903069125279, 0.028595817006, 4.61568383908, 0.138399620051, 21.4727887677, 1.71078478074e-05
0.999950721602, 0.999908693407, 0.0472569466148, 0.822866458332, 0.397054833318, 0.399871948072, 0.602888693301, 0.706181586533, 0.595471914591, 0.468611430643, 0.100875180335, 11.4813683801, 0.00110042298739, 0.000593930328063
9.68435712234e-06, 0.691746916769, 0.987754939045, 0.967309907203, 0.297943712201, 0.199994390154, 0.736256047357, 0.50055973152, 0.595471914591, 0.000609563039243, 2.06000912121e-05, 7.81204491e-06, 0.000284291566849, 95.2317019088
0.925390522098, 1.90531923572e-10, 5.12903424771e-05, 0.998505787786, 0.194205650453, 0.447882063173, 0.776541756254, 0.792329049212, 0.790380619771, 1.62696649322e-12, 2.43467112138e-15, 3.17665570771e-08, 166.734192762, 13.4429203408
0.999995563868, 0.99989629924, 0.999683127033, 0.0215192077703, 0.305870221765, 0.398166193526, 0.602888693301, 0.0913134153839, 0.595471914591, 0.559881860593, 25.4578910318, 0.00824694213342, 0.00269919793945, 0.000115467347401
0.99993861799, 0.659128387127, 0.89607899552, 0.967309907203, 0.195646562258, 0.399871948072, 0.602888693301, 0.801176313521, 0.601431966519, 8.13085619808, 0.274781062056, 0.974827299527, 4.85115517158, 0.000873619054158
0.998673390621, 0.999836076938, 0.000712310525885, 0.999913859042, 0.305870221765, 0.398166193526, 0.602888693301, 0.0913134153839, 0.00966495614751, 0.0316649059565, 2.72788030068e-06, 44.4259567955, 0.00728882472084, 0.0590659283835
0.814359615422, 0.99989629924, 0.000712310525885, 0.0215192077703, 0.305870221765, 0.708124481659, 0.602888693301, 0.703618566553, 0.595471914591, 0.000267894394826, 0.0121811881962, 17.464595182, 0.00181257073369, 3.98445802498
0.999997800961, 0.999954820057, 5.12903424771e-05, 0.336430655746, 0.195646562258, 0.599339022719, 0.799961751377, 0.598589471448, 0.790380619771, 0.000444867071167, 0.000877447241065, 25.7796385522, 0.00116483497275, 5.66960232234e-05
0.999995563868, 0.7076481267, 0.772198273713, 0.162834018545, 0.20560721592, 0.708124481659, 0.602888693301, 0.801176313521, 0.595471914591, 2.21851487971, 11.4058794547, 4.01925341542, 7.28915018197, 0.000110605675096
0.999429355367, 0.99989629924, 0.000712310525885, 0.000318862365255, 0.305870221765, 0.524219852568, 0.325059645506, 0.706181586533, 0.601431966519, 2.53328574265e-05, 0.0794222915313, 111.455650485, 0.0115674739705, 0.0636898503467
0.0778204615329, 2.64297129737e-08, 0.995904380741, 0.993347416674, 0.397054833318, 0.297190895856, 0.602299670736, 0.50055973152, 0.595471914591, 1.68025306359e-08, 1.12528842647e-10, 6.9562545068e-11, 0.642633599221, 7.61526672962
0.999189243224, 0.99989629924, 0.000594309282345, 0.985802442886, 0.305870221765, 0.893869792447, 0.799961751377, 0.279920321433, 0.595471914591, 0.0359049970493, 0.000517104872242, 61.2483382131, 0.00635593532216, 0.0497325087786
0.999672146094, 0.868178333013, 0.476968222455, 0.00343243226288, 0.305870221765, 0.708124481659, 0.602299670736, 0.205079076838, 0.601431966519, 0.0325688345603, 9.45598973441, 10.4049230557, 3.02056825219, 0.00751492455112
0.999654337744, 7.34778904388e-12, 0.69274360949, 0.591458217996, 0.0950942197101, 0.599339022719, 0.39831207315, 0.801176313521, 0.606496189065, 6.54125115796e-11, 4.51828095932e-11, 4.90529522399e-11, 21.7273893491, 0.00751293535366
0.999950721602, 0.997621005657, 0.997428911714, 0.191807752782, 0.397054833318, 0.599339022719, 0.895555748282, 0.50055973152, 0.595471914591, 2.80105118392, 11.8023792994, 0.037643493793, 0.0349140925941, 0.000723244827036
3.48218131705e-05, 0.998955879901, 0.00021734178823, 0.999913859042, 0.305870221765, 0.39144306576, 0.216573433094, 0.80180036769, 0.0110040874609, 5.32699173497e-07, 4.58911699774e-11, 0.00245065286911, 2.56200720889e-06, 70.4633663223
0.999505175972, 0.99989629924, 0.000712310525885, 0.000194948913401, 0.297943712201, 0.524219852568, 0.602888693301, 0.706181586533, 0.169572588074, 1.8030312536e-05, 0.0924693409756, 129.748878055, 0.013466044683, 0.0642871015444
0.999969134372, 2.29185226353e-09, 0.00713929131167, 0.994257935489, 0.221282134109, 0.708124481659, 0.39831207315, 0.611533110628, 0.601431966519, 1.07448806611e-09, 6.20541166558e-12, 1.50291961117e-07, 66.0481727626, 0.00203868122983
0.999686073801, 0.998955879901, 0.999884557171, 0.959336528142, 0.305870221765, 0.398166193526, 0.602299670736, 0.0913134153839, 0.00966495614751, 42.3571376207, 1.79539527903, 0.00509768178822, 0.0461540599877, 0.0138810837179
0.763228732257, 0.997813586758, 0.889365168843, 0.967309907203, 0.195646562258, 0.599339022719, 0.602888693301, 0.801176313521, 0.601431966519, 9.34664436017, 0.315868440098, 1.20199273556, 0.0238063492932, 3.37780707102
9.68435712234e-06, 0.691746916769, 5.12903424771e-05, 0.991302678116, 0.297943712201, 0.199994390154, 0.756264037165, 0.50055973152, 0.790380619771, 4.08815464601e-08, 3.58679519902e-10, 0.000804013168231, 0.000358299031747, 120.022647748
0.982216173573, 1.90531923572e-10, 0.987754939045, 0.999296374969, 0.194205650453, 0.447882063173, 0.776541756254, 0.792329049212, 0.595471914591, 3.13230834346e-08, 2.2055224162e-11, 3.88581335654e-10, 166.553296652, 3.01558353323
0.999901051955, 0.994522405934, 0.847155329002, 0.997003782302, 0.397054833318, 0.708124481659, 0.602299670736, 0.0927844367185, 0.595471914591, 22.9094368802, 0.0688479436623, 4.14576673695, 0.149392857297, 0.00269892106793
0.736353464594, 0.994522405934, 0.0472569466148, 0.872333430794, 0.397054833318, 0.599339022719, 0.602888693301, 0.50055973152, 0.595471914591, 0.189205641773, 0.0276903696531, 4.37282099238, 0.0252790751355, 1.65236912112
0.999672146094, 0.997923722925, 0.997428911714, 0.336430655746, 0.297943712201, 0.499061491089, 0.602888693301, 0.706181586533, 0.50488249709, 4.21159801525, 8.30687479131, 0.0322690654041, 0.0261130355217, 0.0041247233129
2.62684920733e-05, 0.991503466815, 0.999562702395, 0.0528525854813, 0.397054833318, 0.399871948072, 0.216573433094, 0.382620423781, 0.595471914591, 8.43028736217e-05, 0.00151075388385, 6.97819654525e-07, 1.36745681413e-05, 61.2668159062
0.999998746531, 0.47310803302, 0.999562702395, 0.336430655746, 0.405573340988, 0.708124481659, 0.602888693301, 0.50055973152, 0.595471914591, 2.60409247532, 5.136261832, 0.00338631922867, 8.62406563773, 2.05165621213e-05
3.48218131705e-05, 1.01043722534e-06, 0.889365168843, 0.0061572125547, 0.397054833318, 0.297190895856, 0.609164864185, 0.50055973152, 0.595471914591, 3.05829484875e-12, 4.93642902581e-10, 6.17884026027e-11, 0.000552720170745, 15.872277523
0.736353464594, 0.99989629924, 0.168031264535, 0.998505787786, 0.297943712201, 0.398166193526, 0.602888693301, 0.60899655259, 0.606496189065, 2.24892970363, 0.00336540686378, 11.1517289366, 0.00139015163741, 4.79972075792
0.999381961964, 0.375216404146, 0.998966390869, 0.997003782302, 0.599431119707, 0.399871948072, 0.602888693301, 0.899299509881, 0.595471914591, 4.99184610683, 0.0150016057283, 0.00518047810494, 8.34567188664, 0.00826067213576
0.998542255976, 0.994093343785, 0.600210095644, 0.643763196621, 0.397054833318, 0.708124481659, 0.602299670736, 0.801176313521, 0.601431966519, 6.46535092731, 3.57770677038, 6.68951273154, 0.0994207855249, 0.024572555094
0.999995563868, 0.7076481267, 0.772198273713, 0.336430655746, 0.20560721592, 0.708124481659, 0.602888693301, 0.801176313521, 0.595471914591, 4.58366392008, 9.04073041436, 4.01925341542, 7.28915018197, 0.000110605675096
0.595842476886, 0.940018329591, 0.999562702395, 0.585897403184, 0.397054833318, 0.399871948072, 0.602888693301, 0.292607846623, 0.202828172774, 5.37538910356, 3.79923613688, 0.00401379686691, 0.585680176869, 6.62309791862
0.999672146094, 1.28296849811e-08, 0.0161901980494, 0.0061572125547, 0.397054833318, 0.599339022719, 0.602299670736, 0.801176313521, 0.601431966519, 1.13186650654e-11, 1.82695879651e-09, 1.11704339866e-07, 8.84999250086, 0.00290245622806
0.999654337744, 0.991503466815, 0.689119816896, 0.7218564691, 0.397054833318, 0.708124481659, 0.905634722586, 0.50055973152, 0.595471914591, 11.9556406201, 4.60671094405, 7.47171502058, 0.20595615763, 0.0083817581996
0.999997800961, 0.39596119074, 0.599730947782, 0.967309907203, 0.297943712201, 0.399871948072, 0.602888693301, 0.80180036769, 0.690815210079, 4.5030249112, 0.152179049465, 3.10695001502, 11.8411661406, 4.3108559218e-05
0.709530821488, 0.994522405934, 0.997428911714, 0.994257935489, 0.397054833318, 0.599339022719, 0.602888693301, 0.50055973152, 0.595471914591, 4.38583064674, 0.0253291642011, 0.0113707164322, 0.0243582515867, 1.8204764211
0.999997800961, 0.809823356364, 5.12903424771e-05, 0.993955815205, 0.297943712201, 0.893869792447, 0.799961751377, 0.292607846623, 0.790380619771, 0.00162656598286, 9.89104870826e-06, 31.9041171905, 7.49265761933, 8.66388313367e-05
0.951224079724, 0.99824453697, 0.401200502964, 0.0061572125547, 0.397054833318, 0.109535867519, 0.39831207315, 0.302573732718, 0.595471914591, 0.0564858090263, 9.11743965229, 13.6922608808, 0.0402113342607, 1.17457142926
0.999997800961, 0.951873287074, 0.999562702395, 0.998505787786, 0.405573340988, 0.399871948072, 0.60102785996, 0.292607846623, 0.601431966519, 12.5992616086, 0.0188541426741, 0.00552028580368, 0.638251031818, 2.91634703031e-05
0.999950721602, 1.67035285603e-09, 0.997428911714, 0.999913859042, 0.194205650453, 0.599339022719, 0.602888693301, 0.792329049212, 0.00966495614751, 6.87483303453e-08, 5.92255717768e-12, 1.77228925445e-10, 41.2676168774, 0.00203370228558
0.999950721602, 0.679064656849, 0.0472569466148, 0.822866458332, 0.397054833318, 0.399871948072, 0.602888693301, 0.706181586533, 0.595471914591, 0.31824651835, 0.0685070248616, 7.79730342442, 3.86789844646, 0.000593930328063
0.999261022038, 0.991503466815, 0.629185125093, 0.988269922487, 0.397054833318, 0.708124481659, 0.602299670736, 0.801176313521, 0.601431966519, 10.3847550468, 0.123259829, 6.19297574959, 0.143116515289, 0.0124566291413
0.99997539452, 0.99756577827, 0.997428911714, 0.641380882758, 0.305870221765, 0.188129008198, 0.602888693301, 0.706181586533, 0.601431966519, 20.2950384929, 11.3476858827, 0.081565951232, 0.0774123958293, 0.000782515401705
0.416840428592, 0.99756577827, 0.995410076764, 0.0159322338483, 0.305870221765, 0.398166193526, 0.602888693301, 0.703618566553, 0.690815210079, 0.139973804323, 8.64559924561, 0.0405110484834, 0.0215370717142, 12.3778180225
0.999997800961, 2.64297129737e-08, 0.995904380741, 0.998514857302, 0.20560721592, 0.708124481659, 0.602299670736, 0.706181586533, 0.606527233427, 7.37283180839e-07, 1.09659933878e-09, 3.03655903789e-09, 28.0523787889, 6.16884107904e-05
0.999672146094, 0.997923722925, 0.657503329338, 0.985802442886, 0.583732228991, 0.399871948072, 0.602888693301, 0.706181586533, 0.601431966519, 21.4630553649, 0.309111583748, 11.3412272764, 0.0688956277217, 0.0108825112111
0.960178276437, 0.573792517845, 0.712678560601, 0.0061572125547, 0.297943712201, 0.599339022719, 0.602888693301, 0.801176313521, 0.595471914591, 0.0289697115403, 4.67603458756, 1.8968560054, 4.90379740133, 0.477177136591
0.799482396368, 0.99989629924, 0.0367394218079, 0.998505787786, 0.297943712201, 0.398166193526, 0.611418079253, 0.60899655259, 0.606496189065, 0.873901505948, 0.00130774835765, 22.9468655427, 0.00247062346122, 5.97541706615
0.99914692534, 0.677647142831, 0.983991974238, 0.658660046127, 0.599431119707, 0.399871948072, 0.602888693301, 0.899299509881, 0.595471914591, 5.86524321359, 3.03956777058, 0.144867486089, 4.30488011676, 0.0114021624205
0.999997800961, 0.39596119074, 0.322635674079, 0.0061572125547, 0.297943712201, 0.0993251737506, 0.602888693301, 0.80180036769, 0.690815210079, 0.0213735412428, 3.44992796945, 7.28789776445, 16.4131588417, 5.97532051726e-05
0.493029536025, 0.99989629924, 5.12903424771e-05, 0.0215192077703, 0.305870221765, 0.708124481659, 0.602888693301, 0.703618566553, 0.595471914591, 1.16784867598e-05, 0.000531022103542, 10.5804081001, 0.00109736643483, 10.8812666932
0.998828777786, 0.7076481267, 0.772198273713, 0.162834018545, 0.20560721592, 0.297190895856, 0.602888693301, 0.801176313521, 0.595471914591, 1.70872947495, 8.78495906887, 3.0956820894, 5.61419978614, 0.0225180218658
0.999429355367, 2.64297129737e-08, 0.000712310525885, 0.993347416674, 0.397054833318, 0.297190895856, 0.325059645506, 0.50055973152, 0.595471914591, 1.10143843761e-09, 7.37648365693e-12, 1.55553661003e-06, 58.8975516063, 0.0336287626988
0.999950721602, 0.997923722925, 5.12903424771e-05, 0.0215192077703, 0.167189998262, 0.398166193526, 0.602888693301, 0.0913134153839, 0.601431966519, 0.000108082801271, 0.00491453710297, 97.9202331236, 0.203742990477, 0.00483587819636
0.999872506257, 0.999954820057, 0.735847365069, 0.0119491484634, 0.397054833318, 0.585738651187, 0.799961751377, 0.598589471448, 0.606496189065, 0.271408215005, 22.4421948369, 8.15367205179, 0.00139464474348, 0.00393606407414
3.48218131705e-05, 0.998955879901, 0.00021734178823, 0.880324204957, 0.305870221765, 0.39144306576, 0.216573433094, 0.292607846623, 0.0110040874609, 4.86117872522e-07, 6.60853609968e-08, 0.00254016137981, 2.65558286482e-06, 73.0369951941
0.999997800961, 0.375216404146, 0.588064453446, 0.997003782302, 0.397054833318, 0.199765447762, 0.998711073778, 0.0927844367185, 0.595471914591, 7.65644363386, 0.023009312831, 5.37940973698, 21.7446867864, 7.6534529071e-05
0.999505175972, 0.99989629924, 0.000712310525885, 0.994257935489, 0.989487600516, 0.524219852568, 0.602888693301, 0.415108340854, 0.601431966519, 0.066454902495, 0.000383792096149, 93.7668085171, 0.00973162968501, 0.0464589477074
0.999969134372, 2.29185226353e-09, 0.00713929131167, 0.000194948913401, 0.221282134109, 0.708124481659, 0.39831207315, 0.706181586533, 0.169572588074, 4.15232130889e-13, 2.12953832157e-09, 2.9621248139e-07, 130.175246899, 0.00401806471461
