0.151353670426, 0.960837593076, 2.45766507521, 0.584980868437, 42.5502195222, 1.24824426151, 0.618964171308, 4.26595058767, 11.9894235034, 106.503745126, 0.0031423451858, 0.142857142857
0.159001877505, 0.848193941172, 2.01457503198, 0.617862701783, 43.3375320431, 17.0150247312, 0.761021838721, 3.07138808027, 15.8857563802, 43.275517135, 0.213570665009, 0.111111111111
0.11069586128, 1.16938547214, 2.22791932142, 0.40494902225, 91.0298642423, 1.19927154202, 0.973047202687, 1.80751252253, 4.17495875094, 69.6069084333, 0.00644723639735, 0.125
0.459317143813, 0.844706811254, 2.02977440829, 0.403892159234, 16.9186663843, 2.41994485215, 0.87340163847, 2.61473833883, 14.1721978649, 53.9606132355, 0.0144955694458, 0.0
0.145227430843, 0.848193941172, 2.01614019712, 0.53022154554, 43.9080640263, 1.2313603144, 0.761021838721, 3.07138808027, 15.8857563802, 73.1596087685, 0.00401155028671, 0.0
0.127683211092, 0.858758516553, 2.09531808015, 0.483023242235, 47.5454478092, 1.09102812875, 0.620562817649, 3.0913391282, 20.7622365537, 116.044779688, 0.00302533216881, 0.0
0.128452291025, 0.825503924084, 2.00132049929, 0.483282253914, 32.0141267927, 1.31754726507, 0.518448159366, 2.6165414073, 20.7531754459, 45.9708047129, 0.0341332679665, 0.5
0.132922549201, 0.855543127348, 2.07936942272, 0.529770116636, 99.591445133, 1.08924683607, 0.615974845792, 0.984669895197, 4.75908669807, 116.558965808, 0.000443228639885, 0.0
0.477127618475, 0.881146976734, 2.05597812155, 0.629148359913, 34.8250474259, 1.02463018066, 0.730643485248, 3.44820618589, 2.96089020498, 65.844416378, 0.0130215368366, 0.125
0.12788271856, 0.853782697795, 2.07016523424, 0.544476537684, 28.9927640777, 1.11319410129, 0.238089009723, 4.82804341295, 3.19699300445, 49.5706254592, 0.00350783771934, 0.142857142857
0.149372647091, 0.844821249377, 2.07203227866, 0.543824759486, 31.8554340137, 1.03134805767, 0.972012905288, 1.67593060042, 4.07128479403, 98.2574366612, 0.00330762503438, 0.0
0.119724678372, 0.853454133474, 2.05136251049, 0.545356010651, 54.6420478565, 1.1483779679, 0.865030814092, 2.43460322464, 13.2511562319, 86.1829402604, 0.00396403413382, 0.0
0.128484114778, 0.880560885339, 2.06752849494, 0.404466091207, 74.7943268227, 1.04010580131, 0.719099213428, 1.77890669784, 14.1118636092, 72.3267239334, 0.00729150897754, 0.0
0.159001877505, 0.848193941172, 2.01457503198, 0.618181352291, 43.296391266, 17.0150247312, 0.874302355967, 3.07832798947, 15.8318565633, 63.400991301, 0.123764823948, 0.0
0.192462737766, 0.82589247955, 2.01183460444, 0.404035598114, 32.0926322149, 1.27561242414, 0.377465680665, 2.66730906337, 14.4408724395, 63.7799220228, 0.0177150448964, 0.0
0.129847234982, 0.881215590553, 4.25149255084, 0.404466091207, 32.3281205231, 1.04010580131, 0.733289305517, 1.58374169617, 14.1118727869, 224.933903712, 0.00241337028951, 0.111111111111
0.112658772611, 0.834300046903, 6.53370319599, 0.4044131569, 69.9504033535, 1.21563386058, 0.762805166177, 2.42966470534, 37.4253506266, 419.234807562, 0.00240887916442, 0.0
0.122099232284, 0.82582124765, 2.32272937278, 0.54493573734, 32.431628197, 1.26506128285, 0.967328941208, 2.70286774012, 14.2334508818, 146.759480716, 0.00268255253713, 0.0769230769231
0.122620414749, 0.875127156489, 2.03030316453, 0.54493573734, 32.3281205231, 1.04010580131, 0.734283738263, 1.58374169617, 14.1261222832, 85.3542393061, 0.00719856261391, 0.333333333333
0.473181749045, 0.858524513998, 2.05538544201, 0.629148359913, 34.6829638037, 1.02253702302, 0.865392129975, 3.49149653757, 24.4152558154, 61.0796856499, 0.0322278187869, 0.181818181818
0.119620652981, 0.858758516553, 2.1053866838, 0.547220234218, 47.622684654, 1.146792432, 0.86300139529, 2.42510392593, 24.661727923, 133.297992782, 0.003512276465, 0.6
0.124742791656, 0.918046174197, 2.22782847124, 0.507587398367, 36.8104306337, 1.27090285853, 0.277051402502, 1.81365931416, 37.5057264506, 134.859895501, 0.00361031118148, 0.538461538462
0.142096161595, 0.826421562503, 2.10480602762, 0.426995321302, 83.7242160888, 1.57348473386, 0.970185578784, 2.48052199776, 37.619719607, 123.176677616, 0.00389570867317, 0.0
0.129702510145, 0.858022537385, 2.08937592431, 0.543824759486, 29.7876971596, 1.03134805767, 0.734441206282, 1.59146683565, 3.25227503168, 86.5312318975, 0.00474627978755, 0.125
0.254974059232, 0.855434028331, 2.22550036844, 0.628088346982, 35.388917691, 1.08714361444, 0.615974845792, 0.984669895197, 4.90252341911, 93.8378900357, 0.0056145301611, 0.0
0.113377290573, 0.874193722609, 2.02882357879, 0.404466091207, 14.4524921981, 1.05454081894, 0.722345192636, 1.59094576733, 14.1624222952, 98.5966951811, 0.00537524146854, 0.0952380952381
0.106373257847, 0.880580882302, 2.05143230054, 0.413506917238, 75.154895025, 1.1269106093, 0.733289305517, 2.32158255241, 14.110539225, 119.055700361, 0.0046513219448, 0.0
0.17158137264, 0.917552220785, 2.02999148016, 0.485000716896, 36.8104306337, 1.27730005538, 0.271034197114, 2.53704319674, 11.2979601279, 106.045725049, 0.00454167666551, 0.428571428571
0.147868827262, 0.844821249377, 2.07203227866, 0.529797423677, 30.1288888084, 1.08845766804, 0.972012905288, 0.990078648635, 4.06372072299, 115.516543001, 0.00502027284714, 0.0
0.197059807038, 0.855543127348, 2.2283732784, 0.529770116636, 99.591445133, 1.08872184238, 0.615974845792, 0.984669895197, 4.75908669807, 74.4108864003, 0.0148624866673, 0.0
0.120681972734, 0.82589247955, 2.01183460444, 0.404035598114, 32.0926322149, 1.27561242414, 0.377465680665, 2.66982002747, 14.1288957765, 82.0717090355, 0.00756111625471, 0.0
0.150247863032, 1.06626640734, 2.05547007745, 0.414666118595, 97.2163378812, 1.08807937853, 0.621935373425, 4.27819942774, 4.08665978404, 80.0608038611, 0.0083767208081, 0.416666666667
0.15658691643, 0.858758516553, 2.10646310274, 0.483496648041, 50.0161839363, 1.80029927281, 0.760850443684, 2.70407986168, 16.3993656638, 79.3883658239, 0.0106273666432, 0.0
0.121189287604, 0.855092512303, 3.01465234797, 0.401323837961, 44.0348967885, 1.04010580131, 0.733289305517, 2.83325321905, 14.1118727869, 74.4070911729, 0.00902961428942, 0.333333333333
0.159995740406, 1.11208713305, 2.0706346671, 0.529860291877, 14.2172695579, 46.6125122387, 0.870589458713, 4.83477779377, 10.9487030775, 65.6929826692, 0.438476290976, 0.0909090909091
0.148730024513, 1.06626640734, 2.08975822683, 0.414666118595, 97.2163378812, 1.09057574454, 0.801485153994, 4.27209600725, 4.15260512268, 66.7493537742, 0.0198547039566, 0.529411764706
0.304407508591, 0.920356842683, 2.33895172072, 0.403859237609, 88.2644688633, 39.7056737135, 0.495091758615, 4.45707946106, 8.21604342607, 68.3278252777, 0.209904576493, 0.0
0.270271476351, 0.883706256305, 2.00132049929, 0.404477226984, 14.163577692, 1.31918474544, 0.803960062085, 4.29793419804, 33.9413949936, 64.6086393295, 0.0272543722093, 0.272727272727
0.106841347845, 0.848193941172, 2.04849628545, 0.484330895667, 42.218124908, 1.10980566704, 0.633425122905, 3.21661674352, 14.4061565536, 70.9165407573, 0.0178917171019, 0.647058823529
0.122561877619, 0.946717072009, 2.07079652839, 0.459161753748, 74.4036611453, 7.46340840809, 0.233122478292, 4.60039404104, 15.9606637213, 68.6298759901, 0.124493393614, 0.153846153846
0.254974059232, 0.855434028331, 2.2272295513, 0.530793397107, 99.2866203577, 3.24679649543, 0.615974845792, 0.984669895197, 4.9046494368, 68.8047575769, 0.0896317540347, 0.208333333333
0.131392368304, 0.888439189756, 4.22846053184, 0.404466091207, 14.4524921981, 1.05454081894, 0.733289305517, 1.58713379002, 14.1118727869, 279.784276838, 0.00420484051328, 0.0
0.15244667375, 0.832294613181, 2.35616628198, 0.404037896201, 53.0949755135, 1.26908368451, 0.972637187959, 2.68423768965, 37.5037423136, 156.36269074, 0.00394741730685, 0.125
0.127872128186, 0.912116332811, 2.29472158488, 0.623720668106, 6.76508372425, 2.21230977297, 0.242149595881, 2.95410777172, 14.1118727869, 136.473410971, 0.0044780979818, 0.0
0.133011237367, 0.949151134639, 2.65315300174, 0.529770116636, 31.6370481357, 1.25107349276, 0.723103525516, 4.60867900166, 4.52040539377, 143.21529321, 0.00438448260488, 0.125
0.131684733278, 0.874088069116, 2.04799574481, 0.458990381681, 31.9674509174, 1.58154404182, 0.722284453984, 2.49893912775, 3.15459286972, 95.4214463445, 0.00485187893627, 0.142857142857
0.106373257847, 0.880580882302, 2.02184249415, 0.413506917238, 75.154895025, 1.04513202118, 0.733289305517, 2.14615338042, 14.1150822618, 103.675964556, 0.0057180713602, 0.0
0.131689154065, 0.874088069116, 2.04850202043, 0.458990381681, 31.9752318852, 1.25861461062, 0.722667667427, 2.50003156386, 3.15459286972, 95.7251554922, 0.00626855903083, 0.0
0.128452291025, 0.883706256305, 2.00132049929, 0.483573362506, 14.163577692, 1.31754726507, 0.519174563082, 2.61603007838, 20.7717982529, 103.406952607, 0.00625065495407, 0.0
0.160596788463, 0.824264742747, 2.07091007998, 0.508053316809, 14.7517515978, 7.37669029537, 0.975663115828, 4.82874580053, 11.9286296116, 78.7666540216, 0.0507618152847, 0.0
0.721422110379, 0.882492220118, 2.06623989277, 0.48495723697, 32.7508297354, 1.27873329611, 0.241147285015, 4.61485633679, 14.9037484794, 77.569940062, 0.0521324034348, 0.0
0.127872128186, 0.845063393461, 2.29472158488, 0.656610107151, 6.76508372425, 2.21489174843, 0.225207493013, 3.55923698893, 14.1732102921, 77.1747711536, 0.0156964559906, 0.25
0.119146124515, 0.859267462091, 2.10609361654, 0.546340191647, 52.4493762625, 1.146792432, 0.861859033208, 3.25787307266, 24.802847328, 87.8722421786, 0.00960684618132, 0.0
0.129702510145, 0.858022537385, 2.08937592431, 0.543824759486, 29.7876971596, 1.03134805767, 0.734441206282, 1.58562900914, 3.25227503168, 93.137379709, 0.00841911199788, 0.181818181818
0.113618563797, 0.8246254207, 2.10528296672, 0.483272821347, 47.2805236947, 1.80898683738, 0.976349634067, 4.82874580053, 24.1829354252, 86.6490437825, 0.00787922598004, 0.2
0.187717674252, 0.830873804641, 2.06983583934, 0.404022874638, 3.43155055997, 1.79086384329, 0.325938151236, 2.89307427205, 41.1804471998, 83.8717939039, 0.0171195948571, 0.0
0.106373257847, 0.880580882302, 2.05160162492, 0.413506917238, 52.6706679322, 1.14648826449, 0.861564161311, 2.32158255241, 14.110539225, 81.5212646573, 0.018011157658, 0.0
0.192462737766, 0.826002496689, 2.01183460444, 0.404035598114, 32.0422003574, 1.27560924827, 0.377465680665, 2.66730906337, 14.4888680335, 84.8094662924, 0.0127656907024, 0.0
0.269404127738, 0.883104279106, 2.05411327255, 0.404084853835, 14.5478526313, 1.31817141395, 0.970635313721, 2.68423768965, 37.45810491, 80.0922303052, 0.0304006086429, 0.0
0.102060466988, 0.880598777345, 2.05395267283, 0.413997553515, 75.154895025, 1.04587741631, 0.726117430519, 2.14615338042, 14.1182265714, 78.0387157268, 0.0111928865176, 0.333333333333
0.122704351151, 0.875196796946, 2.06236868125, 0.404084853835, 17.2712345131, 1.94389998876, 0.805487037186, 2.52582930929, 14.1260900837, 74.5043415781, 0.0136801968236, 0.375
0.150247863032, 1.06626640734, 2.2282021575, 0.414666118595, 97.2163378812, 1.0897879668, 0.621831307369, 4.26027314632, 4.15035325375, 74.6415308122, 0.00961569149764, 0.363636363636
0.153010485739, 1.17885625177, 2.07068680627, 0.410062812466, 14.7236079907, 7.46062444137, 0.87868100691, 2.96225801536, 14.4959725957, 82.8406571279, 0.0486824850879, 0.0
0.159001877505, 0.848193941172, 2.04843652044, 0.484330895667, 42.3975876704, 17.0150247312, 0.633425122905, 3.08084560921, 41.4133802916, 79.9524165775, 0.100570406812, 0.0
0.158695232969, 0.831033878271, 2.04847427768, 0.404520877693, 5.42921157751, 16.9637004281, 0.325938151236, 3.07753736686, 15.8437124533, 68.4307697858, 0.0775171943734, 0.470588235294
0.119724678372, 0.891656537957, 2.0416778179, 0.545356010651, 54.6424255872, 11.3033389183, 0.867329747886, 2.43460322464, 13.5348644546, 65.0009070997, 0.116323186833, 0.5
0.133315624936, 0.874434509209, 2.05414671713, 0.458692789199, 99.3697750624, 1.58538319677, 0.970181715537, 2.47088374582, 1.60743192075, 96.2449926319, 0.0100030569527, 0.1
0.12972778776, 0.881215590553, 4.25149255084, 0.54493573734, 36.4496235583, 1.04010580131, 0.739608934724, 1.78406863164, 14.1120366869, 202.791259855, 0.00399442207278, 0.125
0.473181749045, 0.881251260962, 2.05596820373, 0.629148359913, 34.6829638037, 1.02463018066, 0.730643485248, 3.45245433443, 3.16345998832, 78.6516489114, 0.0456158793344, 0.32
0.106841347845, 0.883682933406, 2.04849628545, 0.484330895667, 42.1610452319, 3.20690246907, 0.633425122905, 3.2173016883, 14.4061565536, 68.3357267713, 0.0309958458718, 0.538461538462
0.631743146996, 0.999964512347, 2.0706346671, 0.530968517889, 14.1517870683, 46.8936247675, 0.870589458713, 4.82944299524, 15.6733468038, 69.3813718093, 0.564084051281, 0.363636363636
0.159001877505, 0.848193941172, 2.04843652044, 0.484330895667, 42.6716356968, 17.0150247312, 0.633425122905, 4.28740399722, 3.92030033746, 77.2294880671, 0.19310863146, 0.352941176471
0.136776682422, 0.844733884663, 2.04797028493, 0.533545068355, 36.7978661162, 1.95449709119, 0.0376632845545, 4.80811934611, 19.1163684724, 72.1562325327, 0.037965589491, 0.533333333333
0.721422110379, 0.882492220118, 2.0674257409, 0.48495723697, 32.7508297354, 1.05395722922, 0.222032609495, 1.61005151041, 14.4274612291, 72.9732328321, 0.0736608780965, 0.5
0.150200990114, 0.882195173938, 2.05203939986, 0.530207756695, 38.7729999754, 1.1488477485, 0.562984211007, 4.26027314632, 3.98067903461, 78.9533844782, 0.021242303278, 0.363636363636
0.359097736741, 0.842785810862, 2.04695285058, 0.528166901144, 83.6294157088, 1.25484587948, 0.705006734704, 4.59454719609, 14.4350356459, 68.1211311081, 0.0592619782478, 0.571428571429
0.131684733278, 0.8751941404, 2.36604793592, 0.403837432316, 23.2395508116, 1.58202663182, 0.722284453984, 2.49893912775, 3.15459286972, 76.254509166, 0.0265215836958, 0.705882352941
0.129702510145, 0.860448313079, 2.07016523424, 0.543824759486, 29.7876971596, 1.11319410129, 0.734441206282, 4.8389866276, 3.25227503168, 86.4159242212, 0.0150723347273, 0.333333333333
0.133315624936, 0.874434509209, 2.0524416081, 0.458990381681, 99.3697750624, 2.77515058647, 0.639871142911, 1.00041846682, 3.16345998832, 86.4196851232, 0.0135735058657, 0.0
0.124742791656, 0.918046174197, 2.22782847124, 0.507231369241, 30.0891908179, 1.08407072073, 0.970194206017, 1.79261371497, 4.28584241556, 88.1025213444, 0.00960354287178, 0.285714285714
0.106373257847, 0.880580882302, 2.02184249415, 0.413506917238, 75.154895025, 2.77120706536, 0.733289305517, 2.17886412551, 13.5003380795, 75.4048809822, 0.0275092256208, 0.363636363636
0.130886264642, 0.850577207246, 2.05596820373, 0.458425508093, 31.9029817273, 1.02463018066, 0.730760026128, 2.46502887446, 3.23099027926, 81.6351342891, 0.0147287813459, 0.642857142857
0.129702510145, 0.856412758071, 2.08937592431, 0.543824759486, 30.3211637235, 1.0419354656, 0.864824707962, 1.61419413447, 4.1332071479, 73.5379401167, 0.0279262567753, 0.380952380952
0.15244667375, 0.825846888302, 2.05411327255, 0.404084853835, 53.0949755135, 1.26908368451, 0.970185578784, 2.68423768965, 37.5037423136, 71.1950213519, 0.0294451418397, 0.6
0.119724678372, 0.955944478894, 2.05136251049, 0.525913436103, 56.8496529131, 1.12631820507, 0.868949311454, 2.3182037412, 12.9044565958, 95.329202745, 0.0103830850161, 0.266666666667
0.113618563797, 0.8246254207, 2.07091007998, 0.483272821347, 14.7517515978, 1.80898683738, 0.975663115828, 4.82874580053, 16.3564900119, 79.4110636726, 0.0183705435362, 0.346153846154
0.107717258302, 0.858758516553, 2.05042828936, 0.484393678224, 47.5659640826, 1.29169842927, 0.760850443684, 2.42508921402, 24.661727923, 125.522507303, 0.00610960794959, 0.454545454545
0.149372647091, 0.826004885863, 2.43672228336, 0.53998206299, 31.4101615642, 1.03134805767, 0.972019336929, 2.77396007639, 3.71296055841, 82.4599913663, 0.0105444487916, 0.5
0.106373257847, 0.880580882302, 2.31081022796, 0.413997553515, 75.154895025, 1.04587741631, 0.726117430519, 2.14615338042, 24.4230453225, 94.570584198, 0.00841448879774, 0.272727272727
0.142014796121, 0.825846888302, 2.10480602762, 0.426995321302, 52.6775323007, 1.30614284518, 0.970185578784, 2.68423768965, 37.5037423136, 97.3015577814, 0.00648028898645, 0.0
0.114150431851, 1.16938547214, 2.34156395095, 0.403844998003, 91.0298642423, 1.05853922906, 0.490388159643, 4.40500746817, 8.32611861768, 161.855001013, 0.00495263168124, 0.0
0.129702510145, 0.865311391912, 2.08926681175, 0.405804447804, 29.7876971596, 1.03134805767, 0.734441206282, 1.59011083356, 37.0186976004, 129.246644606, 0.00609324004839, 0.0
