0.10433775744, 0.820434573276, 84.2621027359, 0.607396720283, 58.3975208242, 1.11757228425, 0.473858467328, 3.43041951926, 1.2666959746, 1229.52688861, 0.00193484360673, 0.428571428571
0.10433775744, 0.820434573276, 84.2621027359, 0.644464766063, 70.5347128579, 1.11757228425, 0.436981105723, 3.43041951926, 1.3101479554, 713.967662852, 0.00192548854916, 0.538461538462
0.111330612367, 0.820035297841, 84.7869235413, 0.46815212139, 58.3975208242, 24.2007471066, 0.53987989838, 2.24975976036, 1.3101479554, 1959.29471724, 0.000724632289964, 0.736842105263
0.140758863728, 0.820097685316, 86.4089440581, 0.644464766063, 70.6904152667, 43.475565988, 0.691152636896, 3.89467312321, 1.3101479554, 3422.45749933, 0.0, 0.5
0.111330612367, 0.820434573276, 84.7869235413, 0.596506878347, 58.3975208242, 1.86748440482, 0.237417240806, 3.89467312321, 8.29718198919, 1132.22111885, 0.0031217758075, 0.0
0.10433775744, 0.820434573276, 84.2621027359, 0.658418777216, 25.9245426189, 1.11757228425, 0.473858467328, 3.43041951926, 1.3101479554, 1091.62623355, 0.00395847558007, 0.3
0.140758863728, 0.82011205705, 88.8639228172, 0.415012971208, 58.3975208242, 41.916481025, 0.237417240806, 2.67212534899, 1.3101479554, 571.627498351, 0.233080624636, 0.6875
0.523644957322, 0.890161088161, 86.8019483226, 0.644464766063, 74.9483808992, 23.2243065358, 0.697720642858, 3.58808541313, 10.0086509017, 965.740774092, 0.351722511788, 0.0
0.332003924117, 0.856375576121, 88.6614005823, 0.658418777216, 25.9245426189, 34.4906803287, 0.515056373662, 0.916730581865, 6.41390035779, 300.452972342, 0.708595469918, 0.0
0.140758863728, 0.820468740686, 82.2431283508, 0.575115875782, 35.4743016183, 1.29744807209, 0.237417240806, 0.696927829048, 5.00730861411, 1041.77410834, 0.0226536744488, 0.375
0.10433775744, 0.820434573276, 81.5163645728, 0.607396720283, 58.3975208242, 1.11757228425, 0.451712372197, 3.43041951926, 1.10308647519, 1086.56656983, 0.00394185778313, 0.461538461538
0.10433775744, 0.828385018921, 84.2621027359, 0.607396720283, 68.2738468214, 1.69800486567, 0.473858467328, 3.43041951926, 1.3101479554, 1547.70326728, 0.00100251038753, 0.0
0.102449373672, 0.820434573276, 94.4493958612, 0.644464766063, 70.5347128579, 1.11757228425, 0.237417240806, 2.42490492164, 1.08727238866, 1195.13387534, 0.00209228141694, 0.0
0.140758863728, 0.820468740686, 91.3700563844, 0.575115875782, 35.4743016183, 1.29744807209, 0.237417240806, 2.67212534899, 5.00730861411, 2100.80106332, 0.000160903409375, 0.0
0.111330612367, 0.820022298518, 81.5163645728, 0.575115875782, 90.3359200275, 1.69800486567, 0.473858467328, 3.74376309271, 5.00730861411, 776.372912356, 0.0219716197471, 0.461538461538
0.102449373672, 0.820434573276, 92.4835491792, 0.644464766063, 70.5347128579, 1.11757228425, 0.237417240806, 3.43041951926, 1.24838702553, 1313.54010711, 0.00180175984303, 0.571428571429
0.109578923316, 0.820097685316, 84.7869235413, 0.607396720283, 65.4187556558, 1.86748440482, 0.237417240806, 1.08556833341, 1.3101479554, 944.091697982, 0.0132471697482, 0.578947368421
0.100272708739, 0.820434573276, 80.6501919847, 0.607396720283, 58.3975208242, 1.11757228425, 0.451712372197, 1.39604626512, 1.03131174132, 996.664956836, 0.00564993990094, 0.774193548387
0.111330612367, 1.05011334797, 84.7869235413, 0.607396720283, 58.3975208242, 1.86748440482, 0.237417240806, 3.43041951926, 1.3101479554, 5485.11294805, 0.0, 0.903225806452
0.111330612367, 0.826486617965, 81.5163645728, 0.658418777216, 63.0716020145, 21.2629859176, 0.473858467328, 2.56795667675, 5.00730861411, 1135.27145538, 0.144954274557, 0.181818181818
0.140758863728, 0.820073666656, 83.5000848312, 0.644464766063, 42.6969111797, 43.475565988, 0.691152636896, 0.470564441119, 1.18293848978, 1107.47251079, 0.166399022767, 0.333333333333
0.730977649249, 0.82011205705, 88.8639228172, 0.415012971208, 58.3975208242, 42.6350962711, 0.237417240806, 3.43041951926, 1.3101479554, 1066.7696272, 0.595097314588, 0.0
0.332003924117, 0.856375576121, 89.1163937431, 0.674619095037, 25.9245426189, 23.2243065358, 0.515056373662, 0.916730581865, 6.41390035779, 1093.92677532, 0.507079786506, 0.0
0.140758863728, 0.820468740686, 81.5163645728, 0.575115875782, 16.1748902583, 1.69800486567, 0.237417240806, 3.89467312321, 5.00730861411, 1144.77493925, 0.0293005208437, 0.4375
0.111330612367, 0.820434573276, 88.6614005823, 0.46815212139, 51.8264196342, 1.86748440482, 0.237417240806, 3.89467312321, 1.3101479554, 1106.55497334, 0.0109364975466, 0.466666666667
0.17909018068, 0.820468740686, 81.5163645728, 0.527825270329, 35.4743016183, 1.23753422633, 0.592528914177, 2.56795667675, 1.3101479554, 1094.04215441, 0.00727030282902, 0.75
0.10433775744, 0.820434573276, 84.2621027359, 0.644464766063, 70.5347128579, 1.11757228425, 0.436981105723, 3.43041951926, 1.3101479554, 1670.51893316, 0.00111448919282, 0.0
0.10433775744, 0.820434573276, 84.2621027359, 0.607396720283, 58.3975208242, 1.69800486567, 0.473858467328, 4.89413325853, 1.3101479554, 1649.84419389, 0.00230054933256, 0.0
0.10433775744, 0.820434573276, 84.2621027359, 0.607396720283, 58.3975208242, 1.11757228425, 0.473858467328, 3.43041951926, 1.3101479554, 1254.26751582, 0.00734291189573, 0.384615384615
0.109578923316, 0.820097685316, 84.7869235413, 0.607396720283, 65.4187556558, 1.86748440482, 0.237417240806, 1.08556833341, 1.3101479554, 1344.55257207, 0.00291594914752, 0.0
0.111330612367, 0.826486617965, 81.5163645728, 0.46815212139, 65.9604354233, 1.69800486567, 0.473858467328, 2.56795667675, 9.28552916909, 1270.23590357, 0.0110657589371, 0.0
0.102539027343, 0.820434573276, 84.2621027359, 0.644464766063, 79.313692005, 1.11757228425, 0.455289251593, 3.43041951926, 1.10480897939, 1300.4753012, 0.00427793842487, 0.0
0.109578923316, 0.820097685316, 84.7869235413, 0.607396720283, 65.4187556558, 1.86748440482, 0.237417240806, 1.08556833341, 1.3101479554, 1227.80335696, 0.0107780033978, 0.333333333333
0.10433775744, 0.820434573276, 84.2621027359, 0.607396720283, 58.3975208242, 1.11757228425, 0.473858467328, 3.43041951926, 1.3101479554, 1526.56148934, 0.00256413442612, 0.0
0.10433775744, 0.820363096719, 84.2621027359, 0.607396720283, 58.3975208242, 1.69800486567, 0.473858467328, 3.43041951926, 8.29718198919, 1240.80760984, 0.0113949968621, 0.0
0.10433775744, 0.820097685316, 84.2621027359, 0.644464766063, 70.5347128579, 1.86748440482, 0.436981105723, 3.43041951926, 6.98258853048, 1237.26634405, 0.0166534733789, 0.0
0.10433775744, 0.820434573276, 84.2621027359, 0.607396720283, 58.3975208242, 1.69800486567, 0.473858467328, 4.89413325853, 1.3101479554, 1485.82459567, 0.00246734308177, 0.2
0.10433775744, 0.820434573276, 84.2621027359, 0.607396720283, 58.3975208242, 1.11757228425, 0.473858467328, 1.39604626512, 1.2666959746, 1283.63678654, 0.00577404148235, 0.0
0.111330612367, 0.820434573276, 84.7869235413, 0.607396720283, 58.3975208242, 1.86748440482, 0.237417240806, 3.43041951926, 1.3101479554, 1577.45784037, 0.0023231038968, 0.4
0.10433775744, 0.820434573276, 87.78198746, 0.607396720283, 58.3975208242, 1.08319657506, 0.473858467328, 3.43041951926, 1.3101479554, 1286.00892205, 0.00500234192064, 0.0
0.140758863728, 0.820022298518, 91.3700563844, 0.575115875782, 35.4743016183, 1.69800486567, 0.473858467328, 1.62544887255, 5.00730861411, 1051.86319048, 0.0251299384173, 0.5
0.568575334756, 0.820434573276, 88.8639228172, 0.401892503333, 84.8587832112, 1.25256305724, 0.452971360945, 3.89467312321, 1.02634141583, 866.7621316, 0.108943262297, 0.588235294118
0.111330612367, 0.820434573276, 84.7869235413, 0.607396720283, 58.3975208242, 1.86748440482, 0.237417240806, 3.43041951926, 1.3101479554, 1004.22862515, 0.0323101308745, 0.653846153846
0.111330612367, 0.820468740686, 84.7869235413, 0.607396720283, 35.4743016183, 1.54154988713, 0.237417240806, 3.43041951926, 1.3101479554, 1031.96913362, 0.0194252985842, 0.62962962963
0.116088839492, 0.820434573276, 84.7869235413, 0.46815212139, 42.6969111797, 20.9679978285, 0.691152636896, 3.89467312321, 5.1971480921, 1216.17296381, 0.246833245936, 0.444444444444
0.140758863728, 0.820073666656, 86.4089440581, 0.644464766063, 70.6904152667, 43.475565988, 0.691152636896, 0.470564441119, 1.3101479554, 1210.62477447, 0.230523370696, 0.470588235294
0.10433775744, 0.820434573276, 84.2621027359, 0.607396720283, 58.3975208242, 1.69800486567, 0.473858467328, 4.89413325853, 1.3101479554, 1152.27213541, 0.0130354949587, 0.740740740741
0.102449373672, 0.820434573276, 92.4835491792, 0.644464766063, 70.5347128579, 1.11757228425, 0.237417240806, 2.42490492164, 1.08727238866, 1980.47431605, 0.00167941989145, 0.818181818182
0.250725301921, 0.820285834828, 90.9049836626, 0.607295715477, 8.58795020461, 1.69800486567, 0.473858467328, 3.07747663876, 8.29718198919, 2237.57815698, 0.00112742913578, 0.0
0.140758863728, 0.820434573276, 88.8639228172, 0.404949331739, 84.8587832112, 1.51559437533, 0.473858467328, 3.89467312321, 1.3101479554, 1799.00136489, 0.00204170640837, 0.0
0.10433775744, 0.820434573276, 88.8639228172, 0.607396720283, 58.3975208242, 1.11757228425, 0.473858467328, 3.43041951926, 1.3101479554, 2005.60936478, 0.00118070539271, 0.0
0.140758863728, 0.820357361847, 86.4089440581, 0.409014113881, 70.6904152667, 1.86748440482, 0.473858467328, 3.89467312321, 1.3101479554, 1798.54373244, 0.00247000147749, 0.1
0.102449373672, 0.820434573276, 92.4835491792, 0.644464766063, 60.3724696129, 1.06172891091, 0.237417240806, 2.67212534899, 1.24838702553, 1462.12276887, 0.00423228784998, 0.0
0.10433775744, 0.820434573276, 84.2621027359, 0.607396720283, 58.3975208242, 1.69800486567, 0.473858467328, 3.43041951926, 1.3101479554, 1440.79960792, 0.00312971188345, 0.5
0.10433775744, 0.820434573276, 84.2621027359, 0.607396720283, 58.3975208242, 1.11757228425, 0.0799048263592, 3.43041951926, 1.3101479554, 1307.33267995, 0.00482269354854, 0.578947368421
0.111330612367, 0.820434573276, 84.7869235413, 0.46815212139, 58.3975208242, 1.86748440482, 0.237417240806, 3.19655146987, 3.0371810494, 1230.97683654, 0.0235745794985, 0.625
0.111330612367, 0.826486617965, 81.5163645728, 0.658418777216, 90.3359200275, 1.69800486567, 0.473858467328, 2.56795667675, 1.3101479554, 1755.01630391, 0.00312114688039, 0.0
0.140758863728, 0.820434573276, 88.8639228172, 0.674619095037, 84.8587832112, 1.51559437533, 0.452971360945, 3.89467312321, 1.3101479554, 1276.60227574, 0.0115961799081, 0.25
0.140758863728, 0.820434573276, 88.8639228172, 0.404949331739, 56.0419790998, 1.51559437533, 0.473858467328, 3.89467312321, 1.3101479554, 1251.96609147, 0.0229390511273, 0.1
0.275788332748, 0.957077451339, 84.0376489394, 0.525689773359, 63.8325591018, 23.6242492792, 0.496150393755, 3.83728621897, 5.02827560523, 1251.1547501, 0.362001906807, 0.375
0.332003924117, 0.856375576121, 89.1163937431, 0.616781100418, 25.9245426189, 23.2243065358, 0.515056373662, 0.916730581865, 6.41390035779, 1274.15225937, 0.153088882881, 0.0
0.102010406284, 0.826486617965, 84.2621027359, 0.644464766063, 79.313692005, 1.11757228425, 0.455289251593, 3.43041951926, 2.63216320076, 1717.35310774, 0.0040644385101, 0.25
0.102539027343, 0.820434573276, 84.2621027359, 0.644464766063, 79.313692005, 1.11757228425, 0.473858467328, 3.00186947925, 1.10480897939, 1291.91954264, 0.00714755702823, 0.689655172414
0.140758863728, 0.820468740686, 91.3700563844, 0.575115875782, 35.4743016183, 1.69800486567, 0.473858467328, 2.67212534899, 5.00730861411, 1349.74675826, 0.0119001852047, 0.0
0.111330612367, 0.820434573276, 87.2551409791, 0.46815212139, 42.6969111797, 20.9679978285, 0.237417240806, 3.89467312321, 1.4618558288, 1299.6070241, 0.14613835872, 0.0
0.117140546689, 0.820097685316, 85.1248141414, 0.575115875782, 25.9245426189, 1.25256305724, 0.691152636896, 1.39604626512, 1.57957309621, 1286.33876443, 0.00969403891305, 0.739130434783
0.10433775744, 0.828385018921, 84.2621027359, 0.607396720283, 58.3975208242, 1.69800486567, 0.473858467328, 3.43041951926, 1.3101479554, 1342.10430926, 0.01016478573, 0.461538461538
0.10433775744, 0.820434573276, 84.2621027359, 0.607396720283, 58.3975208242, 1.11757228425, 0.473858467328, 3.43041951926, 1.3101479554, 1403.81479655, 0.00503857783021, 0.0
0.140758863728, 0.820269615197, 91.3700563844, 0.616781100418, 35.4743016183, 1.69800486567, 0.473858467328, 2.67212534899, 5.00730861411, 1380.76970224, 0.00748559272568, 0.0
0.10433775744, 0.820434573276, 84.2621027359, 0.607396720283, 58.3975208242, 1.11757228425, 0.473858467328, 3.43041951926, 1.3101479554, 1295.0044095, 0.00907560071242, 0.526315789474
0.116088839492, 0.820434573276, 84.7869235413, 0.46815212139, 42.6969111797, 20.9679978285, 0.691152636896, 3.89467312321, 5.1971480921, 1141.85128269, 0.153298278591, 0.5
0.111330612367, 0.820434573276, 87.9810148053, 0.46815212139, 42.6969111797, 20.9679978285, 0.237417240806, 3.89467312321, 1.4618558288, 1221.6841648, 0.0457903880695, 0.5
0.10433775744, 0.890161088161, 84.2621027359, 0.611147877183, 58.3975208242, 1.11757228425, 0.473858467328, 3.43041951926, 1.3101479554, 2260.69981084, 0.0012838391561, 0.76
0.10433775744, 1.20829897865, 84.2621027359, 0.611147877183, 58.3975208242, 1.11757228425, 0.473858467328, 3.43041951926, 1.3101479554, 10219.5337323, 0.00196589182669, 0.0
0.111330612367, 0.820434573276, 84.7869235413, 0.46815212139, 58.3975208242, 1.86748440482, 0.237417240806, 3.89467312321, 1.3101479554, 1329.94103637, 0.00754755601641, 0.787878787879
0.332003924117, 0.856375576121, 88.6614005823, 0.658418777216, 25.9245426189, 23.2243065358, 0.515056373662, 0.916730581865, 6.41390035779, 1301.96288015, 0.730784863756, 0.0
0.447692070643, 0.989352975484, 89.0202193238, 0.594752030287, 75.9072054191, 11.2704167249, 0.53987989838, 3.35973937902, 2.15634208381, 1153.03455275, 0.208811315529, 0.555555555556
0.41407861731, 0.914281827552, 88.6614005823, 0.597138080298, 41.4067883922, 18.3754117745, 0.697720642858, 3.50113973983, 5.06387906397, 1300.61986758, 0.520671434074, 0.538461538462
0.140758863728, 1.15453108188, 82.0430806728, 0.644464766063, 74.9483808992, 1.05326114762, 0.219882963695, 3.17732739667, 10.0086509017, 6903.12868431, 0.00222444856106, 0.0
0.111330612367, 0.820434573276, 87.7322862147, 0.46815212139, 69.6616202749, 1.86748440482, 0.237417240806, 3.89467312321, 1.3101479554, 3038.44686926, 0.00259377275442, 0.0
0.332003924117, 0.856375576121, 89.1163937431, 0.674619095037, 25.9245426189, 23.2243065358, 0.515056373662, 0.916730581865, 6.41390035779, 1301.3956465, 0.238279071051, 0.5
0.140758863728, 1.15453108188, 82.0430806728, 0.644464766063, 74.9483808992, 1.05326114762, 0.473858467328, 3.17732739667, 10.0086509017, 8366.67983337, 0.0014381280376, 0.142857142857
0.111330612367, 0.820139555475, 84.7869235413, 0.607396720283, 35.4743016183, 1.54154988713, 0.237417240806, 3.43041951926, 1.3101479554, 1345.30566638, 0.0156422210857, 0.620689655172
0.140758863728, 0.820434573276, 88.8639228172, 0.404949331739, 84.8587832112, 1.25256305724, 0.452971360945, 3.89467312321, 1.02634141583, 1767.9651426, 0.00442794891889, 0.4
0.10433775744, 0.820434573276, 84.2621027359, 0.607396720283, 58.3975208242, 1.11757228425, 0.451712372197, 3.43041951926, 1.10308647519, 1848.006832, 0.0021359981712, 0.25
0.10433775744, 0.820434573276, 80.6501919847, 0.607396720283, 58.3975208242, 1.11757228425, 0.473858467328, 1.39604626512, 1.2666959746, 1919.05173675, 0.002747534076, 0.125
0.10433775744, 0.820434573276, 81.0496657895, 0.607396720283, 58.3975208242, 1.11757228425, 0.473858467328, 3.43041951926, 1.3101479554, 1798.9858502, 0.00355681159017, 0.652173913043
0.140758863728, 0.820434573276, 88.8639228172, 0.416532215134, 58.3975208242, 1.86748440482, 0.237417240806, 2.67212534899, 1.3101479554, 1648.83262351, 0.00455182452126, 0.166666666667
0.111330612367, 0.820434573276, 88.8639228172, 0.416532215134, 58.3975208242, 1.86748440482, 0.43917054318, 3.89467312321, 1.3101479554, 1721.97329525, 0.00387368181035, 0.5
0.10433775744, 0.820434573276, 88.8639228172, 0.607396720283, 58.3975208242, 1.11757228425, 0.473858467328, 3.43041951926, 1.3101479554, 2118.71184711, 0.00134573387974, 0.25
0.17909018068, 0.820468740686, 81.5163645728, 0.527825270329, 35.4743016183, 1.69800486567, 0.473858467328, 1.94170500118, 8.29718198919, 2487.26762632, 0.00274662882805, 0.0
0.117140546689, 0.820097685316, 90.2588018167, 0.46815212139, 0.545017046846, 1.25256305724, 0.691152636896, 1.39604626512, 5.1971480921, 1491.30653049, 0.00528775788099, 0.0
