0.776875180022, 0.861174063294, 2.04351367699, 0.491760227428, 0.574543690822, 45.0054672789, 2.16652332438, 1.15680246194, 25.277379275, 194.359978839, 0.548788963419, 0.0
0.776875180022, 0.861174063294, 2.04351367699, 0.491760227428, 0.574543690822, 45.0054672789, 2.16652332438, 1.15680246194, 25.277379275, 194.359978839, 0.548788963419, 0.0
0.776875180022, 0.861174063294, 2.04351367699, 0.491760227428, 0.574543690822, 45.0054672789, 2.16652332438, 1.15680246194, 25.277379275, 194.359978839, 0.548788963419, 0.0
0.776875180022, 0.861174063294, 2.04351367699, 0.491760227428, 0.574543690822, 45.0054672789, 2.16652332438, 1.15680246194, 25.277379275, 194.359978839, 0.548788963419, 0.0
0.776875180022, 0.861174063294, 2.04351367699, 0.491760227428, 0.574543690822, 45.0054672789, 2.16652332438, 1.15680246194, 25.277379275, 194.359978839, 0.548788963419, 0.0
0.775246868902, 0.861551666829, 2.04355417512, 0.483964322769, 1.71292430235, 49.2037063077, 2.04723982039, 1.40025244968, 21.3278290462, 231.436496678, 0.519714979533, 0.277777777778
0.777158719504, 0.861707714416, 2.04351367699, 0.491760227428, 1.69458678443, 45.0054672789, 2.12196399458, 1.15810748754, 21.3196351565, 203.54323727, 0.567582362303, 0.168539325843
0.777158719504, 0.861707714416, 2.04351367699, 0.491760227428, 1.69458678443, 45.0054672789, 2.12196399458, 1.15810748754, 21.3196351565, 203.54323727, 0.567582362303, 0.168539325843
0.776861710338, 0.909320127912, 2.04351367699, 0.491760227428, 0.574543690822, 45.0032549833, 2.16652332438, 1.15680246194, 21.372303682, 193.438786547, 0.680128437872, 0.0
0.776861710338, 0.909320127912, 2.04351367699, 0.491760227428, 0.574543690822, 45.0032549833, 2.16652332438, 1.15680246194, 21.372303682, 193.438786547, 0.680128437872, 0.0
0.776861710338, 0.909320127912, 2.04351367699, 0.491760227428, 0.574543690822, 45.0032549833, 2.16652332438, 1.15680246194, 21.372303682, 193.438786547, 0.680128437872, 0.0
0.776861710338, 0.909320127912, 2.04351367699, 0.491760227428, 0.574543690822, 45.0032549833, 2.16652332438, 1.15680246194, 21.372303682, 193.438786547, 0.680128437872, 0.0
0.776861710338, 0.909320127912, 2.04351367699, 0.491760227428, 0.574543690822, 45.0032549833, 2.16652332438, 1.15680246194, 21.372303682, 193.438786547, 0.680128437872, 0.0
0.775246868902, 0.861551666829, 2.04346007844, 0.488554712778, 0.552332853805, 49.2037561442, 2.04753696347, 1.25274616055, 22.0299338148, 186.076556786, 0.594662454492, 0.157894736842
0.775246868902, 0.861551666829, 2.04346007844, 0.488554712778, 0.552332853805, 49.2037561442, 2.04753696347, 1.25274616055, 22.0299338148, 186.076556786, 0.594662454492, 0.157894736842
0.775246868902, 0.861551666829, 2.04346007844, 0.488554712778, 0.552332853805, 49.2037561442, 2.04753696347, 1.25274616055, 22.0299338148, 186.076556786, 0.594662454492, 0.157894736842
0.775246868902, 0.861551666829, 2.04346007844, 0.488554712778, 0.552332853805, 49.2037561442, 2.04753696347, 1.25274616055, 22.0299338148, 186.076556786, 0.594662454492, 0.157894736842
0.775246868902, 0.861551666829, 2.04346007844, 0.488554712778, 0.552332853805, 49.2037561442, 2.04753696347, 1.25274616055, 22.0299338148, 186.076556786, 0.594662454492, 0.157894736842
0.775246868902, 0.861551666829, 2.04346007844, 0.488554712778, 0.552332853805, 49.2037561442, 2.04753696347, 1.25274616055, 22.0299338148, 186.076556786, 0.594662454492, 0.157894736842
0.775246868902, 0.861551666829, 2.04346007844, 0.488554712778, 0.552332853805, 49.2037561442, 2.04753696347, 1.25274616055, 22.0299338148, 186.076556786, 0.594662454492, 0.157894736842
0.775246868902, 0.861551666829, 2.04346007844, 0.488554712778, 0.552332853805, 49.2037561442, 2.04753696347, 1.25274616055, 22.0299338148, 186.076556786, 0.594662454492, 0.157894736842
0.775246868902, 0.861551666829, 2.04346007844, 0.488554712778, 0.552332853805, 49.2037561442, 2.04753696347, 1.25274616055, 22.0299338148, 186.076556786, 0.594662454492, 0.157894736842
0.775246868902, 0.861551666829, 2.04346007844, 0.488554712778, 0.552332853805, 49.2037561442, 2.04753696347, 1.25274616055, 22.0299338148, 186.076556786, 0.594662454492, 0.157894736842
0.775246868902, 0.861551666829, 2.04346007844, 0.488554712778, 0.552332853805, 49.2037561442, 2.04753696347, 1.25274616055, 22.0299338148, 186.076556786, 0.594662454492, 0.157894736842
0.775246868902, 0.861551666829, 2.04346007844, 0.488554712778, 0.552332853805, 49.2037561442, 2.04753696347, 1.25274616055, 22.0299338148, 186.076556786, 0.594662454492, 0.157894736842
0.775246868902, 0.861551666829, 2.04346007844, 0.488554712778, 0.552332853805, 49.2037561442, 2.04753696347, 1.25274616055, 22.0299338148, 186.076556786, 0.594662454492, 0.157894736842
0.775246868902, 0.861551666829, 2.04346007844, 0.488554712778, 0.552332853805, 49.2037561442, 2.04753696347, 1.25274616055, 22.0299338148, 186.076556786, 0.594662454492, 0.157894736842
0.775246868902, 0.861551666829, 2.04346007844, 0.488554712778, 0.552332853805, 49.2037561442, 2.04753696347, 1.25274616055, 22.0299338148, 186.076556786, 0.594662454492, 0.157894736842
0.775246868902, 0.861551666829, 2.04346007844, 0.488554712778, 0.552332853805, 49.2037561442, 2.04753696347, 1.25274616055, 22.0299338148, 186.076556786, 0.594662454492, 0.157894736842
0.775246868902, 0.861551666829, 2.04346007844, 0.488554712778, 0.552332853805, 49.2037561442, 2.04753696347, 1.25274616055, 22.0299338148, 216.064593617, 0.508469357989, 0.142857142857
0.776835432042, 0.861174063294, 2.04351639292, 0.491660513505, 1.62527387786, 49.1126322222, 2.04923572234, 1.24511754304, 25.3230998293, 163.690190156, 0.588364378291, 0.0
0.776835432042, 0.861174063294, 2.04351639292, 0.491660513505, 1.62527387786, 49.1126322222, 2.04923572234, 1.24511754304, 25.3230998293, 163.690190156, 0.588364378291, 0.0
0.776835432042, 0.861174063294, 2.04351639292, 0.491660513505, 1.62527387786, 49.1126322222, 2.04923572234, 1.24511754304, 25.3230998293, 163.690190156, 0.588364378291, 0.0
0.776835432042, 0.861174063294, 2.04351639292, 0.491660513505, 1.62527387786, 49.1126322222, 2.04923572234, 1.24511754304, 25.3230998293, 163.690190156, 0.588364378291, 0.0
0.776835432042, 0.861174063294, 2.04351639292, 0.491660513505, 1.62527387786, 49.1126322222, 2.04923572234, 1.24511754304, 25.3230998293, 163.690190156, 0.588364378291, 0.0
0.776835432042, 0.861174063294, 2.04351639292, 0.491660513505, 1.62527387786, 49.1126322222, 2.04923572234, 1.24511754304, 25.3230998293, 163.690190156, 0.588364378291, 0.0
0.776835432042, 0.861174063294, 2.04351639292, 0.491660513505, 1.62527387786, 49.1126322222, 2.04923572234, 1.24511754304, 25.3230998293, 163.690190156, 0.588364378291, 0.0
0.776835432042, 0.861174063294, 2.04351639292, 0.491660513505, 1.62527387786, 49.1126322222, 2.04923572234, 1.24511754304, 25.3230998293, 163.690190156, 0.588364378291, 0.0
0.776835432042, 0.861174063294, 2.04351639292, 0.491660513505, 1.62527387786, 49.1126322222, 2.04923572234, 1.24511754304, 25.3230998293, 163.690190156, 0.588364378291, 0.0
0.776835432042, 0.861174063294, 2.04351639292, 0.491660513505, 1.62527387786, 49.1126322222, 2.04923572234, 1.24511754304, 25.3230998293, 163.690190156, 0.588364378291, 0.0
0.776835432042, 0.861174063294, 2.04351639292, 0.491660513505, 1.62527387786, 49.1126322222, 2.04923572234, 1.24511754304, 25.3230998293, 163.690190156, 0.588364378291, 0.0
0.776835432042, 0.861174063294, 2.04351639292, 0.491660513505, 1.62527387786, 49.1126322222, 2.04923572234, 1.24511754304, 25.3230998293, 163.690190156, 0.588364378291, 0.0
0.776835432042, 0.861174063294, 2.04351639292, 0.491660513505, 1.62527387786, 49.1126322222, 2.04923572234, 1.24511754304, 25.3230998293, 163.690190156, 0.588364378291, 0.0
0.776835432042, 0.861174063294, 2.04351639292, 0.491660513505, 1.62527387786, 49.1126322222, 2.04923572234, 1.24511754304, 25.3230998293, 163.690190156, 0.588364378291, 0.0
0.776835432042, 0.861174063294, 2.04351639292, 0.491660513505, 1.62527387786, 49.1126322222, 2.04923572234, 1.24511754304, 25.3230998293, 163.690190156, 0.588364378291, 0.0
0.776835432042, 0.861174063294, 2.04351639292, 0.491660513505, 1.62527387786, 49.1126322222, 2.04923572234, 1.24511754304, 25.3230998293, 163.690190156, 0.588364378291, 0.0
0.776835432042, 0.861174063294, 2.04351639292, 0.491660513505, 1.62527387786, 49.1126322222, 2.04923572234, 1.24511754304, 25.3230998293, 163.690190156, 0.588364378291, 0.0
0.776835432042, 0.861174063294, 2.04351639292, 0.491660513505, 1.62527387786, 49.1126322222, 2.04923572234, 1.24511754304, 25.3230998293, 163.690190156, 0.588364378291, 0.0
0.776835432042, 0.861174063294, 2.04351639292, 0.491660513505, 1.62527387786, 49.1126322222, 2.04923572234, 1.24511754304, 25.3230998293, 163.690190156, 0.588364378291, 0.0
0.776835432042, 0.861174063294, 2.04351639292, 0.491660513505, 1.62527387786, 49.1126322222, 2.04923572234, 1.24511754304, 25.3230998293, 163.690190156, 0.588364378291, 0.0
0.775246868902, 0.862268900568, 2.04346007844, 0.488554712778, 0.552332853805, 45.060277964, 2.04608337125, 1.15405409631, 22.0299338148, 191.403049194, 0.537670360968, 0.434163701068
0.775246868902, 0.862268900568, 2.04346007844, 0.488554712778, 0.552332853805, 45.060277964, 2.04608337125, 1.15405409631, 22.0299338148, 191.403049194, 0.537670360968, 0.434163701068
0.775246868902, 0.861551666829, 2.04346007844, 0.488554712778, 0.552332853805, 49.2037561442, 2.04753696347, 1.25274616055, 22.0299338148, 176.835432968, 0.565588294907, 0.162037037037
0.775246868902, 0.861551666829, 2.04346007844, 0.488554712778, 0.552332853805, 49.2037561442, 2.04753696347, 1.25274616055, 22.0299338148, 176.835432968, 0.565588294907, 0.162037037037
0.775246868902, 0.861551666829, 2.04346007844, 0.488554712778, 0.552332853805, 49.2037561442, 2.04753696347, 1.25274616055, 22.0299338148, 176.835432968, 0.565588294907, 0.162037037037
0.775246868902, 0.861551666829, 2.04346007844, 0.488554712778, 0.552332853805, 49.2037561442, 2.04753696347, 1.25274616055, 22.0299338148, 176.835432968, 0.565588294907, 0.162037037037
0.775246868902, 0.861551666829, 2.04346007844, 0.488554712778, 0.552332853805, 49.2037561442, 2.04753696347, 1.25274616055, 22.0299338148, 176.835432968, 0.565588294907, 0.162037037037
0.775246868902, 0.861551666829, 2.04346007844, 0.488554712778, 0.552332853805, 49.2037561442, 2.04753696347, 1.25274616055, 22.0299338148, 176.835432968, 0.565588294907, 0.162037037037
0.775246868902, 0.861551666829, 2.04346007844, 0.488554712778, 0.552332853805, 49.2037561442, 2.04753696347, 1.25274616055, 22.0299338148, 176.835432968, 0.565588294907, 0.162037037037
0.775246868902, 0.861551666829, 2.04346007844, 0.488554712778, 0.552332853805, 49.2037561442, 2.04753696347, 1.25274616055, 22.0299338148, 176.835432968, 0.565588294907, 0.162037037037
0.775246868902, 0.861551666829, 2.04346007844, 0.488554712778, 0.552332853805, 49.2037561442, 2.04753696347, 1.25274616055, 22.0299338148, 176.835432968, 0.565588294907, 0.162037037037
0.775246868902, 0.861551666829, 2.04346007844, 0.488554712778, 0.552332853805, 49.2037561442, 2.04753696347, 1.25274616055, 22.0299338148, 176.835432968, 0.565588294907, 0.162037037037
0.775246868902, 0.861551666829, 2.04346007844, 0.488554712778, 0.552332853805, 49.2037561442, 2.04753696347, 1.25274616055, 21.3037936822, 200.688922209, 0.543035513291, 0.105590062112
0.775246868902, 0.861551666829, 2.04346007844, 0.488554712778, 0.552332853805, 49.2037561442, 2.04753696347, 1.25274616055, 21.3037936822, 200.688922209, 0.543035513291, 0.105590062112
0.778605065383, 0.860847974953, 2.04351632452, 0.491549227345, 0.574543690822, 45.0599711033, 2.04639753462, 1.15680246194, 21.3804889257, 191.580216081, 0.501868910157, 0.460750853242
0.778605065383, 0.860847974953, 2.04351632452, 0.491549227345, 0.574543690822, 45.0599711033, 2.04639753462, 1.15680246194, 21.3804889257, 191.580216081, 0.501868910157, 0.460750853242
0.778605065383, 0.860847974953, 2.04351632452, 0.491549227345, 0.574543690822, 45.0599711033, 2.04639753462, 1.15680246194, 21.3804889257, 191.580216081, 0.501868910157, 0.460750853242
0.778605065383, 0.860847974953, 2.04351632452, 0.491549227345, 0.574543690822, 45.0599711033, 2.04639753462, 1.15680246194, 21.3804889257, 191.580216081, 0.501868910157, 0.460750853242
0.775246868902, 0.861551666829, 2.04345942147, 0.488554712778, 0.558370600476, 49.2075594126, 2.04929007138, 1.24503952972, 25.3812775005, 189.143284285, 0.632416452023, 0.0
0.776835432042, 0.861174063294, 2.04351639292, 0.491660513505, 1.62527387786, 49.1126322222, 2.04923572234, 1.24511754304, 25.3230998293, 204.375907815, 0.57491013163, 0.125
0.775246868902, 0.861551666829, 2.04346007844, 0.488554712778, 0.552332853805, 49.2037561442, 2.04753696347, 1.25274616055, 21.2786970721, 192.789305214, 0.501820592457, 0.338181818182
0.775246868902, 0.861551666829, 2.04346007844, 0.488554712778, 0.552332853805, 49.2037561442, 2.04753696347, 1.25274616055, 21.2786970721, 192.789305214, 0.501820592457, 0.338181818182
0.775246868902, 0.861170519231, 2.04351597457, 0.495227175207, 1.61665776408, 49.2536902013, 2.06108137701, 1.25274616055, 22.0299338148, 190.121641052, 0.627736044371, 0.0
0.775246868902, 0.861170519231, 2.04351597457, 0.495227175207, 1.61665776408, 49.2536902013, 2.06108137701, 1.25274616055, 22.0299338148, 190.121641052, 0.627736044371, 0.0
0.775246868902, 0.861170519231, 2.04351597457, 0.495227175207, 1.61665776408, 49.2536902013, 2.06108137701, 1.25274616055, 22.0299338148, 190.121641052, 0.627736044371, 0.0
0.775246868902, 0.861170519231, 2.04351597457, 0.495227175207, 1.61665776408, 49.2536902013, 2.06108137701, 1.25274616055, 22.0299338148, 190.121641052, 0.627736044371, 0.0
0.775246868902, 0.861170519231, 2.04351597457, 0.495227175207, 1.61665776408, 49.2536902013, 2.06108137701, 1.25274616055, 22.0299338148, 190.121641052, 0.627736044371, 0.0
0.775265405633, 0.854855469964, 2.04346090297, 0.488554712778, 0.534200400124, 49.205553253, 2.02305088512, 1.25274616055, 25.3154919846, 169.748602886, 0.682398524157, 0.0
0.775265405633, 0.854855469964, 2.04346090297, 0.488554712778, 0.534200400124, 49.205553253, 2.02305088512, 1.25274616055, 25.3154919846, 169.748602886, 0.682398524157, 0.0
0.775265405633, 0.854855469964, 2.04346090297, 0.488554712778, 0.534200400124, 49.205553253, 2.02305088512, 1.25274616055, 25.3154919846, 169.748602886, 0.682398524157, 0.0
0.775265405633, 0.854855469964, 2.04346090297, 0.488554712778, 0.534200400124, 49.205553253, 2.02305088512, 1.25274616055, 25.3154919846, 169.748602886, 0.682398524157, 0.0
0.775265405633, 0.854855469964, 2.04346090297, 0.488554712778, 0.534200400124, 49.205553253, 2.02305088512, 1.25274616055, 25.3154919846, 169.748602886, 0.682398524157, 0.0
0.775265405633, 0.854855469964, 2.04346090297, 0.488554712778, 0.534200400124, 49.205553253, 2.02305088512, 1.25274616055, 25.3154919846, 169.748602886, 0.682398524157, 0.0
0.775265405633, 0.854855469964, 2.04346090297, 0.488554712778, 0.534200400124, 49.205553253, 2.02305088512, 1.25274616055, 25.3154919846, 169.748602886, 0.682398524157, 0.0
0.775265405633, 0.854855469964, 2.04346090297, 0.488554712778, 0.534200400124, 49.205553253, 2.02305088512, 1.25274616055, 25.3154919846, 169.748602886, 0.682398524157, 0.0
0.775265405633, 0.854855469964, 2.04346090297, 0.488554712778, 0.534200400124, 49.205553253, 2.02305088512, 1.25274616055, 25.3154919846, 169.748602886, 0.682398524157, 0.0
0.775265405633, 0.854855469964, 2.04346090297, 0.488554712778, 0.534200400124, 49.205553253, 2.02305088512, 1.25274616055, 25.3154919846, 169.748602886, 0.682398524157, 0.0
0.775265405633, 0.854855469964, 2.04346090297, 0.488554712778, 0.534200400124, 49.205553253, 2.02305088512, 1.25274616055, 25.3154919846, 169.748602886, 0.682398524157, 0.0
0.775265405633, 0.854855469964, 2.04346090297, 0.488554712778, 0.534200400124, 49.205553253, 2.02305088512, 1.25274616055, 25.3154919846, 169.748602886, 0.682398524157, 0.0
0.775265405633, 0.854855469964, 2.04346090297, 0.488554712778, 0.534200400124, 49.205553253, 2.02305088512, 1.25274616055, 25.3154919846, 169.748602886, 0.682398524157, 0.0
0.775265405633, 0.854855469964, 2.04346090297, 0.488554712778, 0.534200400124, 49.205553253, 2.02305088512, 1.25274616055, 25.3154919846, 169.748602886, 0.682398524157, 0.0
0.775265405633, 0.854855469964, 2.04346090297, 0.488554712778, 0.534200400124, 49.205553253, 2.02305088512, 1.25274616055, 25.3154919846, 169.748602886, 0.682398524157, 0.0
