0.246097212615, 0.116839369178, 0.0246974796814, 0.529410541894, 0.478174234333, 0.513991582313, 0.916209800722, 0.110864707138, 0.596613308488, 0.807051337369, 0.00199469116042, 0.911925423929, 0.713328664412, 0.172799708824, 290.333081022, 318.478989867, 16.7271647529, 80.0539438569, 178.5507034
0.183083629154, 0.400770877045, 0.994298464472, 0.337658326802, 0.261102407296, 0.184323835836, 0.889222051127, 0.189105184645, 0.692593715631, 0.61530127865, 0.985165020425, 0.392266848792, 0.913672009478, 0.510113542855, 3.07695834054, 1.80446475452, 398.276340191, 290.113824748, 145.749063015
0.13279799534, 0.0568095189158, 0.0235807063083, 0.990613179171, 0.38126822328, 0.838546669768, 0.0896145520399, 0.514231949242, 0.794684357604, 0.993351190363, 0.70651539343, 0.627068650842, 0.113698955214, 0.600936202209, 7.90625286749, 536.167913278, 19.8711681606, 48.011131013, 114.038853394
0.120790316686, 0.0168518090526, 0.892077799926, 0.414408686519, 0.20010286801, 0.460614863256, 0.700454419856, 0.489398284878, 0.602883550729, 0.995147668915, 0.671659196959, 0.709478416776, 0.50209287116, 0.711157144847, 55.3759506855, 42.1802544593, 406.684684939, 10.9243660844, 79.266253575
0.0480878785722, 0.199402280177, 0.0908134802438, 0.923326193518, 0.38126822328, 0.731880595097, 0.670272743822, 0.514231949242, 0.794684357604, 0.891848472784, 0.70651539343, 0.627068650842, 0.314559143816, 0.604679083471, 67.4896233077, 557.651756806, 80.6771637215, 183.798148147, 45.1438203838
0.0462398758789, 0.402045263785, 0.832818503707, 0.851499958816, 0.65412292538, 0.184323835836, 0.202167947719, 0.27790450699, 0.692593715631, 0.61530127865, 0.985165020425, 0.000415749020871, 0.603088463525, 0.621967281439, 28.217133515, 118.764862053, 454.105470751, 343.95318266, 42.390438927
0.973627607988, 0.963967532979, 0.951281591623, 0.736054035714, 0.610483610994, 0.922502025425, 0.724631931791, 0.581931789287, 0.786811306727, 0.465181638897, 0.817914844376, 0.282902316397, 0.469539523416, 0.94660872954, 0.0693166651778, 0.157495800133, 2.24416757041, 39.7237493903, 959.905130985
0.116165483977, 0.14633230313, 0.0784467478404, 0.775333603243, 0.727257935597, 0.513991582313, 0.889222051127, 0.0227718385389, 0.207880623226, 0.404877992303, 0.399227910724, 0.110091235242, 0.496666189715, 0.963461941494, 182.098019207, 494.395955942, 65.2529829049, 124.225168157, 100.608685215
0.335880932639, 0.576272748581, 0.66429356392, 0.0581066273035, 0.296561196633, 0.990929484004, 0.0772020988236, 0.494213860723, 0.207880623226, 0.286483709409, 0.694507116683, 0.70795823396, 0.874458460098, 0.50080252493, 96.481020828, 8.83071368679, 166.373194885, 245.226015996, 181.669611506
0.00162648173842, 0.313661894275, 0.976173238981, 4.46236787909e-05, 0.78872349609, 0.996726670768, 0.488777758562, 0.28016119198, 0.596613308488, 0.990595165606, 0.826868162916, 0.849356953834, 0.605309059913, 0.0615476236046, 24.2775068547, 0.00170172482308, 648.360204624, 348.322569174, 1.88141844242
0.540900136854, 0.0331725304586, 0.680662628943, 0.206257085018, 0.413040356997, 0.000564329509092, 0.897957567571, 0.312203372087, 0.616414213013, 0.904759400901, 0.30495045564, 0.627068650842, 0.377033296225, 0.506447291391, 119.474553306, 40.1220759978, 229.816820844, 13.6700239521, 298.555251191
0.419905350148, 0.575885433516, 0.0368258307842, 0.984643129075, 0.891338331267, 0.513991582313, 0.505638490574, 0.0227718385389, 0.207880623226, 0.404877992303, 0.379349008359, 0.904773564311, 0.713328664412, 0.172799708824, 5.47497267702, 226.921212584, 13.1449421147, 289.240888261, 285.291093839
0.120790316686, 0.451774555895, 0.892077799926, 0.414408686519, 0.20010286801, 0.31229406381, 0.700454419856, 0.489398284878, 0.602883550729, 0.995147668915, 0.671659196959, 0.709478416776, 0.50209287116, 0.711157144847, 27.3423948827, 20.8268961418, 200.804376461, 174.981814284, 51.5754298554
0.00367709835674, 0.575885433516, 0.0368258307842, 0.337658326802, 0.891338331267, 0.513991582313, 0.889222051127, 0.0227718385389, 0.207880623226, 0.404877992303, 0.487863924083, 0.589453020161, 0.713328664412, 0.172799708824, 239.975474995, 140.732255251, 16.1105470653, 354.495965284, 2.604478576
0.419905350148, 0.402045263785, 0.994298464472, 0.998080783219, 0.659344858945, 0.184323835836, 0.202167947719, 0.27790450699, 0.692593715631, 0.61530127865, 0.985165020425, 0.392266848792, 0.913672009478, 0.621967281439, 0.0104613578327, 3.47010672948, 387.455189793, 283.420341839, 372.260867554
0.0126491676101, 0.0295055140009, 0.231646411666, 0.984643129075, 0.677748276385, 0.866320772679, 0.593988908954, 0.0179538745578, 0.381729946819, 0.612662521501, 0.0420274440657, 0.110091235242, 0.144833896971, 0.875735283389, 22.3425574959, 926.032062313, 352.760506113, 45.9721520563, 19.7181536559
0.00550883960908, 0.44281915085, 0.193453198581, 0.703613254409, 0.727257935597, 0.379218502281, 0.688956246207, 0.583163257714, 0.689065347385, 0.802954651803, 0.585355811934, 0.39173050841, 0.0183911676971, 0.813666671027, 162.085924734, 322.62531184, 113.221669431, 315.863221493, 4.26527665047
0.183083629154, 0.575885433516, 0.000869533300023, 0.984643129075, 0.891338331267, 0.918080570075, 0.889222051127, 0.27790450699, 0.0983779571508, 0.404877992303, 0.487863924083, 0.904773564311, 0.713328664412, 0.172799708824, 6.61807195095, 274.299252375, 0.374763562683, 349.04595389, 131.323084576
0.252768409919, 0.00937467042903, 0.149269915832, 0.206257085018, 0.595706535354, 0.196634967456, 0.897957567571, 0.312203372087, 0.616414213013, 0.904759400901, 0.30495045564, 0.753206337713, 0.377033296225, 0.69903362721, 375.66716311, 126.156960216, 94.6589616536, 6.00017015833, 170.862345552
0.00258825937497, 0.798830304119, 0.0288679812666, 0.876482227611, 0.876942841275, 0.918080570075, 0.505638490574, 0.08339544709, 0.0844072452301, 0.213178205395, 0.283256814324, 0.999805566541, 0.605309059913, 0.922688142894, 32.5538813135, 165.674437576, 7.66153451109, 516.94459387, 2.21119894932
0.0462398758789, 0.564575930133, 0.999439725167, 0.414408686519, 0.160862512479, 0.184323835836, 0.59306966672, 0.27790450699, 0.692593715631, 0.860789339406, 0.985165020425, 0.990727234914, 0.603088463525, 0.621967281439, 0.325170876183, 0.247684963063, 464.457787892, 569.721936691, 53.4835725457
0.0410655939432, 0.0339200083276, 0.0175376319102, 4.46236787909e-05, 0.721361654119, 0.996726670768, 0.488777758562, 0.406013016761, 0.794684357604, 0.998555646449, 0.826868162916, 0.652076987594, 0.0239742651341, 0.00183948590131, 644.34634285, 0.0451652705878, 17.7549755009, 34.3772597638, 41.6967177914
0.0984426317723, 0.0708728419059, 0.999571100865, 0.696607765156, 0.707936450231, 0.199748002475, 0.698259072523, 0.494213860723, 0.381729946819, 0.891848472784, 0.811930456997, 0.36003781568, 0.713328664412, 0.561341316662, 0.169661150362, 0.328637848323, 548.96982828, 61.3688056895, 86.1052190799
0.0646786068034, 0.250844502856, 0.899747949021, 0.363983075901, 0.727257935597, 0.184323835836, 0.202167947719, 0.27790450699, 0.692593715631, 0.61530127865, 0.985165020425, 0.911690846517, 0.601176599973, 0.507829408892, 54.4953130891, 35.0639625655, 408.09410975, 171.798477763, 45.6215249625
0.0646786068034, 0.00125502919363, 0.610666224748, 0.464564443634, 0.78872349609, 0.414876487293, 0.768481679854, 0.28016119198, 0.0844072452301, 0.825372241707, 0.826868162916, 0.911925423929, 0.189561268774, 0.925212320125, 334.261761664, 298.977901965, 639.519325521, 1.53984174706, 79.6307968424
0.0117454750399, 0.560254473107, 0.00600300249389, 0.047518169648, 0.605655630033, 0.692249783665, 0.0049260053407, 0.81373124931, 0.786811306727, 0.496239434801, 0.927499607062, 0.246051799783, 0.696357421744, 0.225040642213, 376.522904664, 28.1564932326, 3.56043939753, 456.800763288, 10.9356072194
0.0480878785722, 0.0568095189158, 0.856513806864, 0.990613179171, 0.38126822328, 0.31229406381, 0.693145946873, 0.514231949242, 0.794684357604, 0.962027226243, 0.70651539343, 0.627068650842, 0.314559143816, 0.600936202209, 1.71905686474, 116.579009984, 508.504921345, 46.6784833683, 39.6401121898
0.120790316686, 0.775796543651, 0.892077799926, 0.414408686519, 0.610483610994, 0.0562959916212, 0.700454419856, 0.489398284878, 0.602883550729, 0.995147668915, 0.671659196959, 0.7036074366, 0.50209287116, 0.711157144847, 20.5396380832, 15.6451880306, 150.844475611, 416.432147908, 85.2041057802
0.183083629154, 0.575885433516, 0.0368258307842, 0.337658326802, 0.891338331267, 0.513991582313, 0.889222051127, 0.0227718385389, 0.207880623226, 0.404877992303, 0.487863924083, 0.904773564311, 0.713328664412, 0.172799708824, 229.553494126, 134.620343723, 15.4108763455, 339.100433017, 127.581237796
0.411399817384, 0.999964456235, 0.994298464472, 0.385427221497, 0.101236579417, 0.284190812897, 0.59306966672, 0.218924170343, 0.5023816327, 0.213178205395, 0.0682759281188, 0.990727234914, 0.605309059913, 0.245614564143, 0.00019673811459, 0.00013616926208, 0.0267150911382, 478.509728553, 360.923288533
0.0126491676101, 0.0295055140009, 0.743192960636, 0.984643129075, 0.677748276385, 0.866320772679, 0.804780258399, 0.0179538745578, 0.381729946819, 0.637389901148, 0.490660573407, 0.110091235242, 0.993129338746, 0.875735283389, 7.3120932466, 303.064355556, 710.297183039, 35.8188448466, 15.3632461147
0.183083629154, 0.400770877045, 0.999236296713, 0.14660898246, 0.261102407296, 0.184323835836, 0.889222051127, 0.189105184645, 0.480002304184, 0.61530127865, 0.70651539343, 0.627068650842, 0.913672009478, 0.510113542855, 0.560446465381, 0.13139795705, 479.853876084, 349.523048258, 175.595412697
0.120790316686, 0.0168518090526, 0.473864575678, 0.414408686519, 0.20010286801, 0.460614863256, 0.700454419856, 0.489398284878, 0.602883550729, 0.912340921713, 0.671659196959, 0.709478416776, 0.50209287116, 0.711157144847, 250.875352324, 191.093535508, 290.479186366, 11.3521990701, 82.3705726419
0.116165483977, 0.14633230313, 0.0784467478404, 0.993848329555, 0.727257935597, 0.513991582313, 0.889222051127, 0.0227718385389, 0.207880623226, 0.404877992303, 0.399227910724, 0.110091235242, 0.276535365828, 0.963461941494, 5.94659499747, 615.377913595, 76.2189479512, 145.101590831, 117.516285088
0.0480878785722, 0.14633230313, 0.000869533300023, 0.387673277387, 0.41433417549, 0.486607950758, 0.787143455144, 0.0227718385389, 0.41834600062, 0.891848472784, 0.625695480273, 0.589453020161, 0.123341958729, 0.648039548022, 591.201521744, 412.283637753, 0.984459611006, 168.65389182, 56.020881312
0.0182266308539, 0.402045263785, 0.832818503707, 0.851499958816, 0.65412292538, 0.184323835836, 0.202167947719, 0.27790450699, 0.692593715631, 0.61530127865, 0.985165020425, 0.433182401268, 0.603088463525, 0.621967281439, 34.3139507248, 144.426138188, 552.22309307, 418.270429744, 20.2894139397
0.25103118546, 0.0847816277003, 0.994298464472, 0.206257085018, 0.595706535354, 0.638149605119, 0.401617843216, 0.313694860786, 0.785282192131, 0.998555646449, 0.30495045564, 0.417269761653, 0.4090739892, 0.00782112574464, 3.17931671634, 1.06768163918, 374.467652662, 50.1685451193, 157.219051452
0.00829045364743, 0.0741386961533, 0.0156545949052, 0.947431895151, 0.899808833589, 0.577293657022, 0.536186138493, 0.0162744478094, 0.339143951887, 0.720515077267, 0.809057855057, 0.714956446475, 0.696357421744, 0.192990969364, 56.742131991, 685.606316282, 16.9202337347, 80.504990132, 9.02324629362
0.116165483977, 0.973563810473, 0.0784467478404, 0.991201402694, 0.416742743889, 0.513991582313, 0.888886909901, 0.0227718385389, 0.692593715631, 0.61530127865, 0.630635954828, 0.110091235242, 0.496666189715, 0.947551406785, 0.384218831565, 27.7982640005, 3.44318155704, 674.211655655, 124.516156976
0.0219048382899, 0.0339200083276, 0.422915988834, 0.927810885625, 0.299548095025, 0.577293657022, 0.916209800722, 0.693827146484, 0.786811306727, 0.622013758408, 0.706478276636, 0.911925423929, 0.98230974207, 0.506447291391, 38.589166417, 338.849440855, 267.048428324, 23.1009601747, 14.9310749517
0.0646786068034, 0.0284262810382, 0.570976663626, 0.00872274455108, 0.610483610994, 0.00358557937924, 0.90846132073, 0.711166102337, 0.683815622475, 0.405289046249, 0.706478276636, 0.584353135823, 0.923220284373, 0.506447291391, 209.966765959, 2.8770722547, 262.931609699, 15.0350322019, 34.3389618337
0.44869675657, 0.70432041473, 0.634115118295, 0.984643129075, 0.197261183298, 0.715407244332, 0.889222051127, 0.0191598512619, 0.207880623226, 0.404877992303, 0.487610044854, 0.989024947595, 0.692454584788, 0.172799708824, 1.9012282865, 78.8002157495, 121.703942255, 289.417034245, 275.329067245
0.519610705574, 0.00504970970342, 0.892077799926, 0.414408686519, 0.171253884379, 0.438540657395, 0.700454419856, 0.489398284878, 0.123156104062, 0.995622264817, 0.814201916029, 0.709478416776, 0.50209287116, 0.711157144847, 51.9155822061, 39.5444672416, 381.271507424, 3.0683176373, 411.42616422
0.00510520928492, 0.000766081938959, 0.594767679953, 0.240364696578, 0.20010286801, 0.460614863256, 0.787143455144, 0.0814131606254, 0.602883550729, 0.912340921713, 0.449019858771, 0.680057682609, 0.982830560632, 0.618674439671, 422.845590614, 167.696681561, 615.395329979, 0.920889886628, 6.13699041321
0.252768409919, 0.00937467042903, 0.149269915832, 0.0316596141311, 0.76144658577, 0.196634967456, 0.897957567571, 0.312203372087, 0.616414213013, 0.904759400901, 0.0860238788478, 0.753206337713, 0.377033296225, 0.69903362721, 594.844607604, 29.6065127045, 142.264142792, 9.01773111886, 256.791165895
0.00510520928492, 0.167969618076, 0.0898340308615, 0.977117299603, 0.38126822328, 0.29553792286, 0.283125866107, 0.514231949242, 0.752246152639, 0.962027226243, 0.70651539343, 0.390633370244, 0.442496989496, 0.0436656745811, 34.2725270757, 953.085555703, 135.478172913, 260.223297307, 8.00182278135
0.00258825937497, 0.973563810473, 0.0288679812666, 0.876482227611, 0.876942841275, 0.918080570075, 0.505638490574, 0.08339544709, 0.41834600062, 0.995147668915, 0.283256814324, 0.999805566541, 0.605309059913, 0.648039548022, 5.02919766815, 25.5947819895, 1.18361835649, 628.428364637, 2.55717470951
0.0462398758789, 0.999964456235, 0.999439725167, 0.414408686519, 0.160862512479, 0.184323835836, 0.59306966672, 0.27790450699, 0.692593715631, 0.860789339406, 0.849492217699, 0.990727234914, 0.603088463525, 0.621967281439, 3.45112904252e-05, 2.62874947307e-05, 0.0492941981654, 882.902342589, 64.2412335281
0.355083673547, 0.000520570375079, 0.0246974796814, 0.529410541894, 0.478174234333, 0.513991582313, 0.597377110882, 0.110864707138, 0.596613308488, 0.807051337369, 0.00199469116042, 0.911925423929, 0.713328664412, 0.172799708824, 234.769607905, 257.528998466, 13.5259471521, 0.285169805068, 217.558925434
0.238386195936, 0.0765823213875, 0.995963794519, 0.062728410868, 0.610483610994, 0.00662695701192, 0.990334848578, 0.596214931527, 0.956112876244, 0.500750125746, 0.800470683275, 0.584353135823, 0.741181058372, 0.506447291391, 3.31480309458, 0.327680496177, 525.37626005, 63.5081647506, 207.979302955
0.169027289368, 0.115116421063, 0.0436901732346, 0.020629365685, 0.610483610994, 0.795412398935, 0.638001468337, 0.784182845243, 0.823041305244, 0.405955700807, 0.201281810027, 0.588309662899, 0.605309059913, 0.606140763311, 398.66872882, 12.9231971845, 27.4174110106, 73.0955289266, 110.523851444
0.183083629154, 0.00646000744791, 0.999571100865, 0.911878897558, 0.659344858945, 0.604177092129, 0.202167947719, 0.0375635264502, 0.692593715631, 0.61530127865, 0.985165020425, 0.392266848792, 0.913672009478, 0.621967281439, 0.0590892268434, 0.42415278285, 635.654524321, 6.45043559569, 188.02800082
0.0117454750399, 0.00125502919363, 0.00600300249389, 0.047518169648, 0.605655630033, 0.692249783665, 0.0049260053407, 0.81373124931, 0.786811306727, 0.496239434801, 0.927499607062, 0.246051799783, 0.696357421744, 0.29612995173, 490.56376291, 36.6845020566, 4.63882150813, 0.969839716228, 9.07750058077
0.169748287164, 0.0112471626468, 0.0235807063083, 0.876482227611, 0.983349199835, 0.604177092129, 0.505638490574, 0.404387900133, 0.0844072452301, 0.697575165412, 0.283256814324, 0.775709235072, 0.479823300074, 0.922688142894, 90.715666312, 461.673582049, 17.4355857877, 8.3189250232, 128.623045197
0.00367709835674, 0.809189772008, 0.594767679953, 0.517235047849, 0.00142829932803, 0.215766161554, 0.389591594761, 0.0814131606254, 0.10184943738, 0.213178205395, 0.560960527928, 0.589453020161, 0.677984145173, 0.813666671027, 68.2368472066, 72.035328796, 134.235712694, 540.157223131, 3.26555284077
0.0928175670184, 0.699805332125, 0.193453198581, 0.611153618554, 0.111753635575, 0.379218502281, 0.688956246207, 0.583163257714, 0.689065347385, 0.802954651803, 0.585355811934, 0.39173050841, 0.0183911676971, 0.813666671027, 102.007039894, 145.70185563, 55.7749778091, 365.556086477, 60.2536680814
0.0117454750399, 0.575885433516, 0.0784467478404, 0.575230886839, 0.926910237946, 0.513991582313, 0.889222051127, 3.53844990328e-05, 0.207880623226, 0.281361064583, 0.630635954828, 0.110091235242, 0.417382290864, 0.0951516568087, 213.523403397, 271.055285523, 42.7355763287, 442.308794108, 10.381135453
0.116165483977, 0.0168518090526, 0.0784467478404, 0.984643129075, 0.346844746831, 0.460614863256, 0.889222051127, 0.0227718385389, 0.0687225121545, 0.404877992303, 0.399227910724, 0.110091235242, 0.496666189715, 0.963461941494, 21.5195015687, 891.918860284, 110.497508464, 23.8026409079, 165.945069764
0.00510520928492, 0.0722945722851, 0.340736785222, 0.240364696578, 0.513536178626, 0.29553792286, 0.889222051127, 0.0814131606254, 0.50326840367, 0.960364982095, 0.625695480273, 0.824602838461, 0.982830560632, 0.618674439671, 567.402696678, 225.026703491, 361.941140831, 80.9345837667, 5.72776434757
0.0374233631149, 0.0137976314651, 0.680662628943, 0.206257085018, 0.595706535354, 0.196634967456, 0.897957567571, 0.312203372087, 0.616414213013, 0.904759400901, 0.30495045564, 0.753206337713, 0.377033296225, 0.506447291391, 202.809051209, 68.1075588109, 390.115971123, 9.6445469209, 26.1911615365
0.198497279078, 0.632795600464, 0.351314350349, 0.177116722025, 0.902285454182, 0.484664996569, 0.179095232649, 0.404387900133, 0.00462362718718, 0.804761658097, 0.18707719494, 0.508141439894, 0.26738306263, 0.694908922119, 173.106363822, 49.4429783959, 110.833788191, 324.942951911, 124.948391322
0.169027289368, 0.00343997317549, 0.0537158348105, 0.256294114777, 0.689588220013, 0.184323835836, 0.707807424779, 0.523705324792, 0.445606950031, 0.108121143543, 0.487863924083, 0.591947547412, 0.603088463525, 0.2891493157, 427.620269487, 182.099803015, 39.3098126816, 2.52042263093, 126.839229959
0.0410655939432, 0.963967532979, 0.994298464472, 4.46236787909e-05, 0.721361654119, 0.996726670768, 0.724631931791, 0.406013016761, 0.794684357604, 0.998555646449, 0.826868162916, 0.849356953834, 0.0239742651341, 0.00183948590131, 0.372297714736, 2.60961006636e-05, 41.5687579165, 733.679671763, 47.4682727362
0.335880932639, 0.576272748581, 0.0784467478404, 0.0581066273035, 0.296561196633, 0.990929484004, 0.0772020988236, 0.494213860723, 0.207880623226, 0.286483709409, 0.694507116683, 0.70795823396, 0.874458460098, 0.50080252493, 190.271750525, 17.41519044, 23.6639167245, 245.226015996, 181.669611506
0.0480878785722, 0.0568095189158, 0.0908134802438, 0.999589324421, 0.38126822328, 0.31229406381, 0.670272743822, 0.514231949242, 0.794684357604, 0.962027226243, 0.70651539343, 0.868050918431, 0.314559143816, 0.575677782031, 0.49527620048, 767.765589568, 110.270361711, 69.3998313788, 58.935443127
0.313048105581, 0.013104303242, 0.680662628943, 0.206257085018, 0.605132076165, 0.000564329509092, 0.897957567571, 0.312203372087, 0.616414213013, 0.904759400901, 0.30495045564, 0.627068650842, 0.377033296225, 0.506447291391, 149.159767531, 50.090997314, 286.918198257, 6.73672663426, 175.30787367
0.0177202434017, 0.575885433516, 0.0368258307842, 0.984643129075, 0.891338331267, 0.513991582313, 0.505638490574, 0.373457492799, 0.207880623226, 0.404877992303, 0.379349008359, 0.904773564311, 0.713328664412, 0.172799708824, 6.96206095948, 288.55656607, 16.7153141595, 367.803241192, 13.025572867
0.00367709835674, 0.575885433516, 0.892077799926, 0.166684859001, 0.891338331267, 0.31229406381, 0.224690977067, 0.937685191013, 0.602883550729, 0.995147668915, 0.671659196959, 0.709478416776, 0.50209287116, 0.711157144847, 56.911530106, 15.2511416401, 344.223661666, 444.265406217, 3.26401382769
0.0098041249421, 0.167255704305, 0.994298464472, 0.998080783219, 0.677748276385, 0.184323835836, 0.202167947719, 0.27790450699, 0.692593715631, 0.61530127865, 0.985165020425, 0.392266848792, 0.93527970139, 0.621967281439, 0.0165545285028, 5.49125473764, 613.126716969, 164.901603723, 9.77900798011
0.00550883960908, 0.934411824318, 0.193453198581, 0.0581066273035, 0.463324255742, 0.447180465482, 0.318283639345, 3.53844990328e-05, 0.0844072452301, 0.213178205395, 0.211390884027, 0.999805566541, 0.832878657172, 0.811391597708, 78.855808492, 7.21751346905, 24.8315815225, 802.651978893, 6.98275939972
0.183083629154, 0.575885433516, 0.278949973281, 0.984643129075, 0.891338331267, 0.918080570075, 0.889222051127, 0.27790450699, 0.0983779571508, 0.404877992303, 0.487863924083, 0.904773564311, 0.713328664412, 0.47724552483, 5.49455676981, 227.73291455, 106.73559264, 320.02319394, 120.40372477
0.0028538030826, 0.523625309697, 0.0190956406276, 0.963893897674, 0.610483610994, 0.577293657022, 0.768730080034, 0.192285684677, 0.596613308488, 0.109115279593, 0.787433144878, 0.0842923435026, 0.262914277063, 0.994300238714, 23.7330940178, 418.011153081, 12.5623564362, 451.175571656, 2.75977894125
0.411399817384, 0.802214884121, 0.994298464472, 0.385427221497, 0.197261183298, 0.284190812897, 0.59306966672, 0.218924170343, 0.5023816327, 0.213178205395, 0.0682759281188, 0.904773564311, 0.605309059913, 0.245614564143, 1.03177649939, 0.71412824529, 140.105049156, 436.376353774, 345.693311939
0.0126491676101, 0.0295055140009, 0.322511980385, 0.984643129075, 0.728986866194, 0.866320772679, 0.804780258399, 0.0179538745578, 0.381729946819, 0.637389901148, 0.490660573407, 0.110091235242, 0.913672009478, 0.875735283389, 17.6015162931, 729.530110227, 404.937133362, 38.7074126014, 16.6021966595
0.821735114998, 0.0047203654464, 0.473864575678, 0.414408686519, 0.20010286801, 0.879176474727, 0.700454419856, 0.489398284878, 0.602883550729, 0.993351190363, 0.671659196959, 0.709478416776, 0.0940194941496, 0.711157144847, 57.6327888611, 43.899304107, 66.7308504454, 0.73034361559, 342.520573792
0.116165483977, 0.14633230313, 0.644128021534, 0.993848329555, 0.897215041212, 0.486607950758, 0.889222051127, 0.0227718385389, 0.207880623226, 0.404877992303, 0.399227910724, 0.110091235242, 0.276535365828, 0.963461941494, 2.66328985548, 275.608100982, 440.598297357, 121.607879199, 98.4889698242
0.00510520928492, 0.0722945722851, 0.147962031681, 0.748866199406, 0.595706535354, 0.29553792286, 0.878177562416, 0.0814131606254, 0.420840141117, 0.405799236682, 0.18707719494, 0.589453020161, 0.497895486114, 0.618674439671, 146.830744987, 352.702777429, 90.4284132016, 44.7764707088, 3.16884402934
0.981419663512, 0.555274939678, 0.281063150489, 0.875132971959, 0.513536178626, 0.896552139203, 0.184230549185, 0.420792728873, 0.199590087035, 0.59548730899, 0.409756235004, 0.808453401454, 0.415535686425, 0.205739614631, 0.988238234744, 4.97363818753, 2.39652046224, 6.67815342895, 298.721402481
0.0182266308539, 0.00343997317549, 0.715367414933, 0.414408686519, 0.689588220013, 0.276003483907, 0.707807424779, 0.263252019245, 0.692593715631, 0.108121143543, 0.487863924083, 0.36055040719, 0.0391679509205, 0.2891493157, 271.469926166, 206.780568495, 711.711678888, 4.26499841829, 22.6042975503
0.00510520928492, 0.0168518090526, 0.429434402488, 0.240364696578, 0.171253884379, 0.29553792286, 0.787143455144, 0.0814131606254, 0.123156104062, 0.404877992303, 0.449019858771, 0.110091235242, 0.982830560632, 0.618674439671, 538.721832326, 213.652135841, 463.455597919, 19.6475970847, 5.95300837703
0.0646786068034, 0.00125502919363, 0.610666224748, 0.00872274455108, 0.581890693129, 0.414876487293, 0.768481679854, 0.28016119198, 0.0844072452301, 0.825372241707, 0.995830328348, 0.911925423929, 0.189561268774, 0.192990969364, 352.164777837, 4.82554230317, 502.243262038, 1.20930691412, 62.537642834
0.00491824017569, 0.0568095189158, 0.680662628943, 0.999765549798, 0.351576525655, 0.31229406381, 0.670272743822, 0.514231949242, 0.283185194027, 0.342371663494, 0.70651539343, 0.753206337713, 0.314559143816, 0.575677782031, 0.177533614262, 482.069978963, 879.048171033, 89.702440806, 7.77639054334
0.0462398758789, 0.0339200083276, 0.00181771570004, 0.445034068965, 0.653226879129, 0.0936823054633, 0.154301929036, 0.27790450699, 0.692593715631, 0.137725327718, 0.985165020425, 0.000415749020871, 0.603088463525, 0.621967281439, 681.737218353, 573.122266352, 2.54300893441, 47.4995740097, 64.8963984996
0.116165483977, 0.0339200083276, 0.0784467478404, 0.991201402694, 0.416742743889, 0.513991582313, 0.916209800722, 0.0227718385389, 0.692593715631, 0.61530127865, 0.630635954828, 0.110091235242, 0.496666189715, 0.947551406785, 9.59669013052, 694.321318642, 86.0008509511, 37.3159602507, 129.294245844
0.0219048382899, 0.973563810473, 0.422915988834, 0.927810885625, 0.299548095025, 0.577293657022, 0.888886909901, 0.785247993405, 0.786811306727, 0.622013758408, 0.706478276636, 0.911925423929, 0.98230974207, 0.506447291391, 1.64340426306, 14.4306464053, 11.3728428546, 443.969875257, 15.2953501497
0.44869675657, 0.0284262810382, 0.570976663626, 0.00872274455108, 0.610483610994, 0.00358557937924, 0.90846132073, 0.711166102337, 0.683815622475, 0.405289046249, 0.706478276636, 0.584353135823, 0.90993915345, 0.506447291391, 127.019501168, 1.74048631433, 159.060610152, 9.09545032807, 173.311204984
0.00510520928492, 0.000766081938959, 0.74236787695, 0.240364696578, 0.20010286801, 0.460614863256, 0.787143455144, 0.0814131606254, 0.123156104062, 0.912340921713, 0.449019858771, 0.680057682609, 0.50209287116, 0.760956334005, 333.546954667, 132.281661874, 837.719773199, 1.09666008907, 7.30835743872
0.637555985943, 0.020886790232, 0.999571100865, 0.984643129075, 0.727257935597, 0.274887987069, 0.690041603662, 0.0227718385389, 0.207880623226, 0.0735024424733, 0.294172378254, 0.110091235242, 0.0115205927082, 0.202734362381, 0.00534352700462, 0.221473183319, 328.830735721, 10.7924476877, 514.060605142
0.181123361528, 0.0420243972583, 0.000869533300023, 0.387673277387, 0.876942841275, 0.918080570075, 0.505638490574, 0.0227718385389, 0.41834600062, 0.506193269467, 0.625695480273, 0.589453020161, 0.0946223640119, 0.506369014048, 407.607700062, 284.251611637, 0.678742024653, 32.8512282666, 145.641278153
0.355083673547, 0.000520570375079, 0.0246974796814, 0.169933574891, 0.478174234333, 0.513991582313, 0.59306966672, 0.110864707138, 0.596613308488, 0.807051337369, 0.00199469116042, 0.990727234914, 0.713328664412, 0.621967281439, 305.703150796, 83.5966350609, 12.3012685858, 0.259349702113, 197.860508022
0.764568812123, 0.999964456235, 0.93056160118, 0.108256541552, 0.318550642058, 0.499747264197, 0.59306966672, 0.895384604821, 0.0975963451383, 0.664962338931, 0.0940173507434, 0.990727234914, 0.868351604657, 0.237650527786, 0.00145135254893, 0.000249207745668, 0.0134473263109, 242.2931786, 625.031243882
0.988550878929, 0.988823110645, 0.307429005377, 0.316963396426, 0.659344858945, 0.692249783665, 0.693145946873, 0.81373124931, 0.692593715631, 0.496239434801, 0.876306110829, 0.48597115693, 0.319606303234, 0.613601800229, 0.12895598741, 0.0700952342113, 0.0769562093335, 9.43857212209, 524.849012373
