0.845980079147, 0.000569373240806, 0.300746792613, 0.401379979514, 0.401921777728, 0.401395967586, 0.402830084957, 0.00288917649316, 5.07142111086, 0.923833655316
0.845980079147, 0.0004852118113, 0.300746792613, 0.401379979514, 0.401921777728, 0.401395967586, 0.402830084957, 0.00246211528562, 5.07184817207, 0.923833655316
0.999930587682, 0.999873881245, 0.300746792613, 0.504567883257, 0.401921777728, 0.605033430192, 0.402830084957, 9.72139595414, 0.00122620499924, 0.000674916591703
0.999753303167, 0.922036943102, 0.300746792613, 0.504567883257, 0.401921777728, 0.401395967586, 0.402830084957, 6.79402043568, 0.574470042392, 0.00181823181641
6.67954336286e-09, 0.715005506427, 0.300746792613, 0.504567883257, 0.401921777728, 0.401395967586, 0.402830084957, 3.51999331702e-08, 1.40303634552e-08, 7.37030866065
0.999964028666, 0.994966094893, 0.300746792613, 0.504567883257, 0.401921777728, 0.401395967586, 0.402830084957, 7.33294348998, 0.0371001000647, 0.000265119839348
0.52280555833, 0.715005506427, 0.300746792613, 0.401379979514, 0.401921777728, 0.401395967586, 0.402830084957, 2.24215930732, 0.893703685572, 2.86228094978
0.242045874106, 0.715005506427, 0.300746792613, 0.504567883257, 0.401921777728, 0.401395967586, 0.402830084957, 1.2755360853, 0.508416728817, 5.58635589577
3.30407652133e-05, 0.0004852118113, 0.300746792613, 0.401379979514, 0.401921777728, 0.401395967586, 0.402830084957, 9.61608613318e-08, 0.000198087104864, 5.9979457594
0.999964028666, 0.00934223081085, 0.300746792613, 0.504567883257, 0.401921777728, 0.401395967586, 0.402830084957, 0.0688526483042, 7.30119094174, 0.000265119839348
0.845980079147, 0.000386481239836, 0.300746792613, 0.401379979514, 0.401921777728, 0.401395967586, 0.402830084957, 0.00196112573117, 5.07234916162, 0.923833655316
0.999964028666, 0.0634989583566, 0.300746792613, 0.504567883257, 0.401921777728, 0.401395967586, 0.402830084957, 0.467990091011, 6.90205349903, 0.000265119839348
0.242045874106, 0.715005506427, 0.300746792613, 0.504567883257, 0.401921777728, 0.401395967586, 0.402830084957, 1.2755360853, 0.508416728817, 5.58635589577
0.00035318052049, 0.55887375322, 0.300746792613, 0.497813188252, 0.401921777728, 0.401395967586, 0.402830084957, 0.00114393326437, 0.000902921249335, 5.79344410536
0.771040808032, 0.876300579283, 0.300746792613, 0.504567883257, 0.401921777728, 0.401395967586, 0.402830084957, 4.9798486286, 0.702960154517, 1.68749992677
0.998306690163, 0.999858692884, 0.603383447178, 0.497813188252, 0.401921777728, 0.605033430192, 0.402830084957, 7.75410685259, 0.00109586533042, 0.013154235247
0.845980079147, 0.0245605132503, 0.300746792613, 0.401379979514, 0.401921777728, 0.401395967586, 0.402830084957, 0.124627665049, 4.9496826223, 0.923833655316
0.999930587682, 0.998507895185, 0.300746792613, 0.504567883257, 0.401921777728, 0.401395967586, 0.402830084957, 7.3588006099, 0.0109965097699, 0.000511590214259
0.00035318052049, 0.688363941203, 0.300746792613, 0.497813188252, 0.401921777728, 0.401395967586, 0.402830084957, 0.00140898084012, 0.000637873673581, 5.79344410536
0.52280555833, 0.872378199862, 0.300746792613, 0.401379979514, 0.401921777728, 0.401395967586, 0.402830084957, 2.73565851275, 0.400204480138, 2.86228094978
0.519648442644, 0.999575125422, 0.300746792613, 0.504567883257, 0.401921777728, 0.401395967586, 0.402830084957, 3.82834218625, 0.00162725664963, 3.54033926699
0.845980079147, 0.999257590803, 0.300746792613, 0.401379979514, 0.401921777728, 0.401395967586, 0.402830084957, 5.07054307273, 0.00376721462565, 0.923833655316
0.00035318052049, 0.55887375322, 0.300746792613, 0.497813188252, 0.401921777728, 0.401395967586, 0.402830084957, 0.00114393326437, 0.000902921249335, 5.79344410536
0.998375195265, 0.876300579283, 0.300746792613, 0.504567883257, 0.401921777728, 0.401395967586, 0.402830084957, 6.44811181869, 0.9102215787, 0.0119753124936
0.845980079147, 0.000569373240806, 0.300746792613, 0.401379979514, 0.401921777728, 0.401395967586, 0.402830084957, 0.00288917649316, 5.07142111086, 0.923833655316
0.845980079147, 0.0004852118113, 0.300746792613, 0.401379979514, 0.401921777728, 0.401395967586, 0.402830084957, 0.00246211528562, 5.07184817207, 0.923833655316
0.845980079147, 0.000455316432989, 0.300746792613, 0.401379979514, 0.401921777728, 0.401395967586, 0.402830084957, 0.00231041685991, 5.07199987049, 0.923833655316
0.998306690163, 0.048590534252, 0.300746792613, 0.504567883257, 0.401921777728, 0.401395967586, 0.402830084957, 0.35752081744, 7.0003076762, 0.012480216241
0.999916918485, 0.702934268224, 0.300746792613, 0.504567883257, 0.401921777728, 0.401395967586, 0.402830084957, 5.18041212732, 2.18928424615, 0.000612336415065
0.52280555833, 0.715005506427, 0.300746792613, 0.401379979514, 0.401921777728, 0.401395967586, 0.402830084957, 2.24215930732, 0.893703685572, 2.86228094978
0.999971779333, 0.999257590803, 0.300746792613, 0.504567883257, 0.401921777728, 0.605033430192, 0.402830084957, 9.71580421634, 0.00721846145842, 0.00027439792929
6.67954336286e-09, 0.000167852497165, 0.300568204768, 0.706848327459, 0.401921777728, 0.401395967586, 0.402830084957, 1.34558620195e-11, 8.01513450602e-08, 12.0015390322
0.726268860201, 0.0004852118113, 0.300746792613, 0.401379979514, 0.401921777728, 0.401395967586, 0.402830084957, 0.002113711311, 4.35415145325, 1.64187877811
0.845980079147, 0.688363941203, 0.300746792613, 0.497813188252, 0.401921777728, 0.401395967586, 0.402830084957, 3.37495884821, 1.52791105272, 0.892621058946
0.999753303167, 0.999975168133, 0.300746792613, 0.497813188252, 0.401921777728, 0.605033430192, 0.402830084957, 8.14626682964, 0.00020229203789, 0.00201020404281
6.5271091122e-06, 0.55887375322, 0.300746792613, 0.497813188252, 0.401921777728, 0.401395967586, 0.402830084957, 2.11409655981e-05, 1.66868362557e-05, 5.79545313207
4.7613357701e-11, 0.999257590803, 0.595402580477, 0.504567883257, 0.401921777728, 0.605033430192, 0.402830084957, 4.85764604451e-10, 3.60904048395e-13, 10.2098556361
0.419938068286, 0.999986574804, 0.603383447178, 0.401379979514, 0.401921777728, 0.605033430192, 0.402830084957, 3.34728557623, 4.49385684506e-05, 4.62367942116
0.470775439637, 0.000817308720891, 0.300746792613, 0.401379979514, 0.401921777728, 0.401395967586, 0.402830084957, 0.00230789908129, 2.82147095254, 3.17436509105
0.999930587682, 0.998507895185, 0.300746792613, 0.504567883257, 0.401921777728, 0.401395967586, 0.402830084957, 7.3588006099, 0.0109965097699, 0.000511590214259
0.00035318052049, 0.688363941203, 0.300746792613, 0.497813188252, 0.401921777728, 0.401395967586, 0.402830084957, 0.00140898084012, 0.000637873673581, 5.79344410536
0.845980079147, 0.000817308720891, 0.300746792613, 0.401379979514, 0.401921777728, 0.401395967586, 0.402830084957, 0.00414727805036, 5.0701630093, 0.923833655316
0.999971779333, 0.999257590803, 0.300746792613, 0.504567883257, 0.401921777728, 0.605033430192, 0.402830084957, 9.71580421634, 0.00721846145842, 0.00027439792929
0.00035318052049, 0.000167852497165, 0.300746792613, 0.497813188252, 0.401921777728, 0.401395967586, 0.402830084957, 3.43569641458e-07, 0.00204651094406, 5.79344410536
8.09379230304e-11, 0.998574253112, 0.70097082784, 0.504567883257, 0.401921777728, 0.401395967586, 0.402830084957, 6.01533013251e-10, 8.58858336015e-13, 7.44264059398
8.09379230304e-11, 7.25654964155e-05, 0.300746792613, 0.706848327459, 0.401921777728, 0.401395967586, 0.402830084957, 7.06038295021e-14, 9.72896343132e-10, 12.0211504132
0.999977594646, 0.00011989657887, 0.300746792613, 0.497813188252, 0.401921777728, 0.605033430192, 0.402830084957, 0.000976952904678, 8.14731980325, 0.000182569566905
0.519648442644, 0.00011989657887, 0.300746792613, 0.504567883257, 0.401921777728, 0.401395967586, 0.402830084957, 0.000459200233379, 3.82951024266, 3.54033926699
0.771040808032, 0.000569373240806, 0.300746792613, 0.401379979514, 0.401921777728, 0.401395967586, 0.402830084957, 0.00263324519424, 4.62218050706, 1.37333019042
0.998306690163, 0.0004852118113, 0.300746792613, 0.497813188252, 0.401921777728, 0.605033430192, 0.402830084957, 0.00394704350882, 8.13073438201, 0.0137979001998
0.845980079147, 0.224270655806, 0.300746792613, 0.401379979514, 0.401921777728, 0.401395967586, 0.402830084957, 1.13801889591, 3.93629139144, 0.923833655316
0.999964028666, 0.00934223081085, 0.300746792613, 0.504567883257, 0.401921777728, 0.401395967586, 0.402830084957, 0.0688526483042, 7.30119094174, 0.000265119839348
6.67954336286e-09, 0.994966094893, 0.300746792613, 0.504567883257, 0.401921777728, 0.401395967586, 0.402830084957, 4.89824759838e-08, 2.47820641588e-10, 7.37030866065
0.999964028666, 0.715005506427, 0.300746792613, 0.504567883257, 0.401921777728, 0.401395967586, 0.402830084957, 5.26962174949, 2.10042184055, 0.000265119839348
0.999753303167, 0.99995872238, 0.300746792613, 0.497813188252, 0.401921777728, 0.605033430192, 0.402830084957, 8.14613285482, 0.000336266853812, 0.00201020404281
0.845980079147, 0.99995872238, 0.300746792613, 0.504567883257, 0.401921777728, 0.401395967586, 0.402830084957, 6.23487697422, 0.000257371503926, 1.13517436416
3.30407652133e-05, 0.0004852118113, 0.300746792613, 0.401379979514, 0.401921777728, 0.401395967586, 0.402830084957, 9.61608613318e-08, 0.000198087104864, 5.9979457594
0.845980079147, 0.000386481239836, 0.300746792613, 0.401379979514, 0.401921777728, 0.401395967586, 0.402830084957, 0.00196112573117, 5.07234916162, 0.923833655316
0.832334072386, 0.00011989657887, 0.300746792613, 0.504567883257, 0.401921777728, 0.401395967586, 0.402830084957, 0.000735512644557, 6.1338235506, 1.23574964664
0.241886411389, 0.715005506427, 0.300746792613, 0.504567883257, 0.401921777728, 0.401395967586, 0.402830084957, 1.27469574687, 0.508081777794, 5.58753118522
0.999753303167, 0.999975168133, 0.300746792613, 0.497813188252, 0.401921777728, 0.605033430192, 0.402830084957, 8.14626682964, 0.00020229203789, 0.00201020404281
4.82459627804e-11, 0.999257590803, 0.595402580477, 0.504567883257, 0.401921777728, 0.605033430192, 0.402830084957, 4.9221861591e-10, 3.65699125769e-13, 10.2098556361
0.771040808032, 0.876300579283, 0.300746792613, 0.504567883257, 0.401921777728, 0.401395967586, 0.402830084957, 4.9798486286, 0.702960154517, 1.68749992677
0.998306690163, 0.999858692884, 0.603383447178, 0.497813188252, 0.401921777728, 0.605033430192, 0.402830084957, 7.75410685259, 0.00109586533042, 0.013154235247
0.470775439637, 0.000817308720891, 0.300746792613, 0.401379979514, 0.401921777728, 0.401395967586, 0.402830084957, 0.00230789908129, 2.82147095254, 3.17436509105
0.845980079147, 0.0245605132503, 0.300746792613, 0.401379979514, 0.401921777728, 0.401395967586, 0.402830084957, 0.124627665049, 4.9496826223, 0.923833655316
0.628437313178, 0.998507895185, 0.300746792613, 0.504567883257, 0.401921777728, 0.401395967586, 0.402830084957, 4.62486590616, 0.00691109676936, 2.73853170695
0.00035318052049, 0.881964519416, 0.300746792613, 0.497813188252, 0.401921777728, 0.401395967586, 0.402830084957, 0.00180525305749, 0.00024160145621, 5.79344410536
0.845980079147, 0.000817308720891, 0.300746792613, 0.401379979514, 0.401921777728, 0.401395967586, 0.402830084957, 0.00414727805036, 5.0701630093, 0.923833655316
0.596042999383, 0.999575125422, 0.300746792613, 0.504567883257, 0.401921777728, 0.401395967586, 0.402830084957, 4.39115442691, 0.00186648290386, 2.97728780007
0.924007065441, 0.00011989657887, 0.300746792613, 0.504567883257, 0.401921777728, 0.401395967586, 0.402830084957, 0.000816521758317, 6.80940080066, 0.56009138747
0.00035318052049, 0.000167852497165, 0.300746792613, 0.497813188252, 0.401921777728, 0.401395967586, 0.402830084957, 3.43569641458e-07, 0.00204651094406, 5.79344410536
0.998306690163, 0.0520787807658, 0.300746792613, 0.504567883257, 0.401921777728, 0.401395967586, 0.402830084957, 0.383186737033, 6.97464175661, 0.012480216241
8.09379230304e-11, 0.434848715852, 0.300746792613, 0.59999704795, 0.401921777728, 0.605033430192, 0.402830084957, 2.87794775714e-10, 3.74032579922e-10, 8.17697478268
0.999930587682, 0.55887375322, 0.300746792613, 0.504567883257, 0.401921777728, 0.401395967586, 0.402830084957, 4.11878617674, 3.25101094293, 0.000511590214259
0.00035318052049, 0.361896787265, 0.300746792613, 0.497813188252, 0.401921777728, 0.401395967586, 0.402830084957, 0.000740750072509, 0.00130610444119, 5.79344410536
0.999848910619, 0.211129229004, 0.300746792613, 0.497813188252, 0.401921777728, 0.398349252224, 0.402830084957, 1.24600014489, 4.65559931989, 0.000891803749361
0.566123083074, 0.0004852118113, 0.300746792613, 0.401379979514, 0.401921777728, 0.401395967586, 0.402830084957, 0.00164762779968, 3.39404011375, 2.60245620112
0.845980079147, 0.000455316432989, 0.300746792613, 0.401379979514, 0.401921777728, 0.401395967586, 0.402830084957, 0.00231041685991, 5.07199987049, 0.923833655316
0.845980079147, 0.234855026943, 0.300746792613, 0.401379979514, 0.401921777728, 0.401395967586, 0.402830084957, 1.19172727925, 3.8825830081, 0.923833655316
0.998306690163, 0.048590534252, 0.300746792613, 0.504567883257, 0.401921777728, 0.401395967586, 0.402830084957, 0.35752081744, 7.0003076762, 0.012480216241
0.999916918485, 0.702934268224, 0.300746792613, 0.504567883257, 0.401921777728, 0.401395967586, 0.402830084957, 5.18041212732, 2.18928424615, 0.000612336415065
8.09379230304e-11, 0.344337781827, 0.70097082784, 0.504567883257, 0.401921777728, 0.401395967586, 0.402830084957, 2.07426280853e-10, 3.94965590735e-10, 7.44264059398
0.999753303167, 0.99995872238, 0.300746792613, 0.497813188252, 0.401921777728, 0.605033430192, 0.402830084957, 8.14613285482, 0.000336266853812, 0.00201020404281
6.67954336286e-09, 0.000167852497165, 0.300568204768, 0.706848327459, 0.401921777728, 0.401395967586, 0.402830084957, 1.34558620195e-11, 8.01513450602e-08, 12.0015390322
0.845980079147, 0.688363941203, 0.300746792613, 0.497813188252, 0.401921777728, 0.401395967586, 0.402830084957, 3.37495884821, 1.52791105272, 0.892621058946
0.999930587682, 0.344337781827, 0.300746792613, 0.497813188252, 0.401921777728, 0.401395967586, 0.402830084957, 1.99546798205, 3.79962069936, 0.000402278463305
2.0334844919e-12, 0.999257590803, 0.595402580477, 0.504567883257, 0.401921777728, 0.605033430192, 0.402830084957, 2.07461695113e-11, 1.54135902384e-14, 10.2098556365
0.00022149076789, 0.998507895185, 0.300746792613, 0.497813188252, 0.401921777728, 0.401395967586, 0.402830084957, 0.00128173240602, 1.91533697845e-06, 5.79420731213
0.00035318052049, 0.318104489893, 0.300746792613, 0.497813188252, 0.401921777728, 0.401395967586, 0.402830084957, 0.000651113610967, 0.00139574090274, 5.79344410536
0.998306690163, 0.0520787807658, 0.300746792613, 0.504567883257, 0.401921777728, 0.401395967586, 0.402830084957, 0.383186737033, 6.97464175661, 0.012480216241
0.519648442644, 0.00011989657887, 0.300746792613, 0.504567883257, 0.401921777728, 0.401395967586, 0.402830084957, 0.000459200233379, 3.82951024266, 3.54033926699
