0.377426026075, 0.226602909181, 0.300746792613, 0.497813188252, 0.399398743888, 0.401395967586, 0.600246862304, 0.40540431293, 1.38364735634, 2.95108691597
0.999235598852, 0.876300579283, 0.603383447178, 0.497813188252, 0.498316716371, 0.401395967586, 0.402830084957, 4.24669347654, 0.599467278043, 0.00370724466746
0.519693473403, 0.997691275126, 0.300746792613, 0.498668206351, 0.401921777728, 0.401395967586, 0.600246862304, 2.46130456148, 0.00569562469478, 2.28002919255
8.09379230304e-11, 0.817283644071, 0.603383447178, 0.504567883257, 0.498316716371, 0.401395967586, 0.402830084957, 4.24988083907e-10, 9.50126367612e-11, 6.42468574874
0.8373393409, 0.812285189756, 0.300746792613, 0.497813188252, 0.498316716371, 0.401395967586, 0.402830084957, 3.55722159781, 0.822055093027, 0.850713680964
0.993543793589, 0.997691275126, 0.300746792613, 0.498668206351, 0.401921777728, 0.401395967586, 0.600246862304, 4.70549274975, 0.0108888274641, 0.0306478015102
0.769734568767, 0.0669270347248, 0.603218516392, 0.497813188252, 0.601073884023, 0.401395967586, 0.402830084957, 0.262036820554, 3.65322435353, 1.17124699763
0.463708741247, 0.508389434979, 0.603218516392, 0.497813188252, 0.399398743888, 0.401395967586, 0.402830084957, 1.17958166113, 1.14065078268, 2.68340936284
0.628684030211, 0.997691275126, 0.300746792613, 0.498668206351, 0.401921777728, 0.401395967586, 0.600246862304, 2.9774914454, 0.00689011594516, 1.76264781738
0.999993182819, 0.510077605424, 0.603218516392, 0.497813188252, 0.498316716371, 0.401395967586, 0.402830084957, 2.41849949055, 2.32293488107, 3.23234371617e-05
0.628684030211, 0.161965916098, 0.397968193139, 0.498668206351, 0.401921777728, 0.401395967586, 0.600246862304, 0.370065730334, 1.91477134681, 1.34947995231
0.884306461073, 0.956653117673, 0.603383447178, 0.498668206351, 0.399398743888, 0.401395967586, 0.402830084957, 4.07388209071, 0.184591556058, 0.557134781108
0.377426026075, 0.510077605424, 0.300746792613, 0.497813188252, 0.498316716371, 0.401395967586, 0.402830084957, 1.00685977407, 0.967074708371, 3.25605588936
0.710707770503, 0.817283644071, 0.603383447178, 0.498668206351, 0.498316716371, 0.401395967586, 0.402830084957, 2.64486099748, 0.591299442862, 1.31727287593
0.519693473403, 0.417233807422, 0.300746792613, 0.497813188252, 0.399398743888, 0.401395967586, 0.402830084957, 1.19088648918, 1.66335606739, 2.63792292683
0.999993519869, 0.835464274794, 0.300746792613, 0.497813188252, 0.399398743888, 0.401395967586, 0.402830084957, 4.58847831851, 0.903651574943, 3.55899516892e-05
0.884306461073, 0.743822347744, 0.300746792613, 0.498668206351, 0.401921777728, 0.401395967586, 0.402830084957, 3.61709724418, 1.24575375129, 0.636205281433
0.999930587682, 0.510077605424, 0.397968193139, 0.497813188252, 0.498316716371, 0.401395967586, 0.402830084957, 2.09998553961, 2.0170066931, 0.000285789812696
0.740789096217, 0.161965916098, 0.397968193139, 0.498668206351, 0.401921777728, 0.401395967586, 0.600246862304, 0.436054750465, 2.25620767715, 0.942054601838
5.55028076388e-07, 0.315427741596, 0.397968193139, 0.498668206351, 0.401921777728, 0.401395967586, 0.600246862304, 6.36264434901e-07, 1.38088355494e-06, 3.63431501231
0.470775439637, 0.719021385254, 0.398329990625, 0.497813188252, 0.399398743888, 0.401395967586, 0.402830084957, 1.43654472468, 0.561371824314, 2.24596786123
0.845980079147, 0.761215476994, 0.300746792613, 0.498668206351, 0.401921777728, 0.401395967586, 0.600246862304, 3.05695936473, 0.958932924799, 0.7311370892
0.628684030211, 0.508389434979, 0.603218516392, 0.498668206351, 0.399398743888, 0.401395967586, 0.402830084957, 1.50450021317, 1.45484573239, 1.74786117813
0.470775439637, 0.449071934426, 0.300746792613, 0.497813188252, 0.399398743888, 0.401395967586, 0.402830084957, 1.16110989435, 1.42446672566, 2.90658886339
0.762043013579, 0.715005506427, 0.603383447178, 0.497813188252, 0.401921777728, 0.401395967586, 0.402830084957, 2.95064453913, 1.17609925879, 1.2886247894
0.628684030211, 0.330649716873, 0.603218516392, 0.497813188252, 0.498316716371, 0.401395967586, 0.600246862304, 0.829301592628, 1.67879549716, 1.48134270709
0.470775439637, 0.999976767818, 0.300746792613, 0.497813188252, 0.399398743888, 0.401395967586, 0.402830084957, 2.58551655142, 6.00685863032e-05, 2.90658886339
0.377426026075, 0.876300579283, 0.603383447178, 0.497813188252, 0.498316716371, 0.401395967586, 0.600246862304, 1.35531441437, 0.191317467899, 2.55120921881
0.884306461073, 0.595624965891, 0.300746792613, 0.498668206351, 0.399398743888, 0.401395967586, 0.402830084957, 2.73666937824, 1.85794893858, 0.601112483613
0.929414799326, 0.0167721790033, 0.603218516392, 0.497813188252, 0.399398743888, 0.401395967586, 0.402830084957, 0.0779983265291, 4.5724604191, 0.353183061026
0.769734568767, 0.872378199862, 0.300746792613, 0.497813188252, 0.399398743888, 0.401395967586, 0.402830084957, 3.68798724089, 0.539522389076, 1.26465585344
8.09379230304e-11, 0.720714631052, 0.603383447178, 0.497813188252, 0.399398743888, 0.401395967586, 0.402830084957, 2.98201553744e-10, 1.1555659809e-10, 5.11204311044
0.771040808032, 0.781791241641, 0.603383447178, 0.401379979514, 0.399398743888, 0.401395967586, 0.402830084957, 3.20366134019, 0.894186230301, 1.21684852316
0.929414799326, 0.768231399401, 0.603383447178, 0.497813188252, 0.399398743888, 0.401395967586, 0.402830084957, 3.65002757171, 1.1011809503, 0.360834588836
0.929414799326, 0.997691275126, 0.603218516392, 0.497813188252, 0.599934933785, 0.401395967586, 0.402830084957, 4.60083384046, 0.010646639692, 0.350222823365
0.592212410522, 0.903149574135, 0.603218516392, 0.497813188252, 0.399398743888, 0.401395967586, 0.402830084957, 2.67622977535, 0.286989000357, 2.04042303095
0.999964028666, 0.595624965891, 0.300746792613, 0.497813188252, 0.399398743888, 0.401395967586, 0.402830084957, 3.27115320674, 2.22081471614, 0.000197560521268
0.417172530048, 0.0526208342091, 0.603218516392, 0.497813188252, 0.498316716371, 0.401395967586, 0.402830084957, 0.104084518242, 1.87392513907, 2.76345703774
0.968690778598, 0.910917830864, 0.300746792613, 0.498668206351, 0.399398743888, 0.401395967586, 0.402830084957, 4.58470092276, 0.448355591693, 0.162674285976
0.999996742125, 0.999995001258, 0.300746792613, 0.401379979514, 0.399398743888, 0.401395967586, 0.402830084957, 5.69477144636, 2.84668363574e-05, 1.85530064709e-05
0.740789096217, 0.510077605424, 0.397968193139, 0.497813188252, 0.498316716371, 0.401395967586, 0.402830084957, 1.55575437848, 1.49428028671, 1.06724335734
0.999930587682, 0.119180514766, 0.397968193139, 0.497813188252, 0.399398743888, 0.401395967586, 0.402830084957, 0.521909249474, 3.85723989666, 0.000303987994997
0.999981744659, 0.658601666499, 0.603218516392, 0.497813188252, 0.399398743888, 0.401395967586, 0.402830084957, 3.29534667365, 1.70820378981, 9.13431863456e-05
0.8373393409, 0.161965916098, 0.397968193139, 0.498668206351, 0.399398743888, 0.401395967586, 0.600246862304, 0.45175051818, 2.33741975334, 0.541821281466
0.884306461073, 7.25654964155e-05, 0.300746792613, 0.497813188252, 0.498316716371, 0.401395967586, 0.402830084957, 0.000335609200399, 4.62457866793, 0.605076094668
2.24820162487e-11, 0.00011989657887, 0.300746792613, 0.401379979514, 0.399398743888, 0.401395967586, 0.402830084957, 1.5350479044e-14, 1.28015650811e-10, 5.69481846607
0.991835962948, 1.43979254444e-05, 0.603218516392, 0.497813188252, 0.399398743888, 0.401395967586, 0.402830084957, 7.1453907622e-05, 4.96272043564, 0.0408499171031
0.829631562299, 0.999976767818, 0.300746792613, 0.401379979514, 0.399398743888, 0.401395967586, 0.402830084957, 4.72449137833, 0.000109762793025, 0.970217325075
0.999994614467, 0.315427741596, 0.603218516392, 0.497813188252, 0.399398743888, 0.401395967586, 0.402830084957, 1.57827893491, 3.42533592447, 2.69472798409e-05
0.611139632654, 0.876300579283, 0.603383447178, 0.497813188252, 0.498316716371, 0.401395967586, 0.402830084957, 2.59730807652, 0.36663847096, 1.88592145177
0.77830112619, 7.10637948146e-05, 0.603218516392, 0.401379979514, 0.399398743888, 0.401395967586, 0.402830084957, 0.000287955122693, 4.05177714278, 1.15422969154
0.929414799326, 0.0669270347248, 0.603218516392, 0.497813188252, 0.599934933785, 0.401395967586, 0.402830084957, 0.308632714228, 4.30284776592, 0.350222823365
0.678250535523, 0.810657176423, 0.603218516392, 0.497813188252, 0.498316716371, 0.401395967586, 0.402830084957, 2.6069942985, 0.608908026579, 1.52556436997
0.628684030211, 9.44612445845e-05, 0.397968193139, 0.498668206351, 0.401921777728, 0.401395967586, 0.600246862304, 0.00021582855398, 2.28462124859, 1.34947995231
0.929414799326, 0.688363941203, 0.300746792613, 0.498668206351, 0.399398743888, 0.401395967586, 0.402830084957, 3.32410196837, 1.50488713086, 0.366741701199
0.999998961148, 7.62784611807e-07, 0.603218516392, 0.497813188252, 0.399398743888, 0.401395967586, 0.402830084957, 3.81669700813e-06, 5.00363279192, 5.19804129205e-06
0.999993519869, 0.958097112355, 0.603218516392, 0.497813188252, 0.399398743888, 0.401395967586, 0.402830084957, 4.79394370063, 0.209665681772, 3.24242542776e-05
5.55028076388e-07, 0.315427741596, 0.397968193139, 0.498668206351, 0.401921777728, 0.401395967586, 0.600246862304, 6.36264434901e-07, 1.38088355494e-06, 3.63431501231
0.470775439637, 0.993404259126, 0.398329990625, 0.497813188252, 0.399398743888, 0.401395967586, 0.402830084957, 1.98473880914, 0.0131777398459, 2.24596786123
0.366892005278, 0.0645520790974, 0.603218516392, 0.497813188252, 0.399398743888, 0.401395967586, 0.402830084957, 0.118504459969, 1.71729171617, 3.16784563052
0.592212410522, 0.462363408234, 0.603383447178, 0.497813188252, 0.498316716371, 0.401395967586, 0.402830084957, 1.32797799626, 1.54417402229, 1.9777159807
0.766564413137, 0.999976767818, 0.300746792613, 0.401379979514, 0.498316716371, 0.401395967586, 0.402830084957, 4.16437431515, 9.67497492176e-05, 1.2681722897
8.09379230304e-11, 0.00011989657887, 0.300746792613, 0.401379979514, 0.498316716371, 0.401395967586, 0.402830084957, 5.27193493809e-14, 4.39654150337e-10, 5.43264335415
0.845980079147, 0.994992221114, 0.300746792613, 0.498668206351, 0.399398743888, 0.401395967586, 0.600246862304, 3.74045931099, 0.0188256679431, 0.684418923321
0.999998961148, 0.449071934426, 0.300746792613, 0.497813188252, 0.399398743888, 0.401395967586, 0.402830084957, 2.46637481562, 3.02578496224, 5.70554489483e-06
0.999993519869, 0.997691275126, 0.300746792613, 0.497813188252, 0.399398743888, 0.401395967586, 0.401661013214, 4.97568568136, 0.0115140721241, 3.23179170438e-05
0.999993519869, 0.71390319066, 0.300746792613, 0.401379979514, 0.498316716371, 0.401395967586, 0.402830084957, 3.87835629214, 1.55425185821, 3.52042404984e-05
0.999993519869, 0.161965916098, 0.603218516392, 0.498668206351, 0.498316716371, 0.401395967586, 0.402830084957, 0.71993901659, 3.7250641911, 2.88043896428e-05
0.970434958333, 0.999628161208, 0.300746792613, 0.497813188252, 0.399398743888, 0.401395967586, 0.402830084957, 5.3278075596, 0.00198182244767, 0.162376101356
0.470775439637, 0.315427741596, 0.300746792613, 0.497813188252, 0.399398743888, 0.401395967586, 0.402830084957, 0.815562593973, 1.77001402604, 2.90658886339
0.355901333766, 0.417233807422, 0.300746792613, 0.497813188252, 0.399398743888, 0.401395967586, 0.402830084957, 0.8155539978, 1.13911502301, 3.5374964626
0.769734568767, 0.0167721790033, 0.603218516392, 0.497813188252, 0.399398743888, 0.401395967586, 0.402830084957, 0.0645976460446, 3.78687842227, 1.15216573834
0.929414799326, 0.391961321737, 0.300746792613, 0.498668206351, 0.401921777728, 0.401395967586, 0.600246862304, 1.72931742119, 2.68264193624, 0.335070021305
0.688006415353, 0.640858592054, 0.603218516392, 0.497813188252, 0.399398743888, 0.401395967586, 0.402830084957, 2.20617983987, 1.23635782323, 1.56110414355
0.90170214772, 0.972291305913, 0.603218516392, 0.497813188252, 0.399398743888, 0.401395967586, 0.402830084957, 4.38677862814, 0.125015935341, 0.491847243173
0.355901333766, 0.556680700571, 0.300746792613, 0.497813188252, 0.399398743888, 0.401395967586, 0.402830084957, 1.08812651989, 0.866542500919, 3.5374964626
0.769734568767, 0.654563623879, 0.603218516392, 0.498668206351, 0.399398743888, 0.401395967586, 0.402830084957, 2.37168040815, 1.2516196373, 1.08390707824
0.999996742125, 0.910917830864, 0.300746792613, 0.498668206351, 0.399398743888, 0.401395967586, 0.402830084957, 4.73286841133, 0.462845462052, 1.69270412628e-05
0.968690778598, 0.999995001258, 0.300746792613, 0.401379979514, 0.399398743888, 0.401395967586, 0.402830084957, 5.51649055834, 2.75756517133e-05, 0.178300332203
0.740789096217, 0.510077605424, 0.397968193139, 0.497813188252, 0.498316716371, 0.401395967586, 0.402830084957, 1.55575437848, 1.49428028671, 1.06724335734
0.936284457214, 0.956653117673, 0.397968193139, 0.497813188252, 0.401921777728, 0.401395967586, 0.402830084957, 4.19436220268, 0.190050627, 0.298365780921
0.991835962948, 0.0645520790974, 0.603218516392, 0.497813188252, 0.399398743888, 0.401395967586, 0.402830084957, 0.320358534598, 4.64243335495, 0.0408499171031
0.999930587682, 0.375592683054, 0.397968193139, 0.497813188252, 0.399398743888, 0.401395967586, 0.402830084957, 1.64477637729, 2.73437276885, 0.000303987994997
0.8373393409, 0.658601666499, 0.603218516392, 0.497813188252, 0.399398743888, 0.401395967586, 0.402830084957, 2.75937378506, 1.43037234742, 0.813895674171
0.999981744659, 0.161965916098, 0.397968193139, 0.498668206351, 0.399398743888, 0.401395967586, 0.600246862304, 0.539497249508, 2.79143349509, 6.08083859511e-05
0.691876214788, 0.999976767818, 0.603383447178, 0.497813188252, 0.498316716371, 0.401395967586, 0.402830084957, 3.35543035776, 7.79557794432e-05, 1.49435968571
0.628684030211, 0.761215476994, 0.603218516392, 0.498668206351, 0.399398743888, 0.401395967586, 0.402830084957, 2.25269993553, 0.706646010019, 1.74786117813
0.999999982485, 0.781791241641, 0.603218516392, 0.401379979514, 0.399398743888, 0.401395967586, 0.402830084957, 4.0702355965, 1.13605910176, 9.11859313824e-08
0.829631562299, 1.43979254444e-05, 0.603218516392, 0.497813188252, 0.399398743888, 0.401395967586, 0.402830084957, 5.97683681852e-05, 4.15111940087, 0.852462637413
0.991835962948, 0.999976767818, 0.300746792613, 0.401379979514, 0.399398743888, 0.401395967586, 0.402830084957, 5.64819453431, 0.000131222931315, 0.0464927089609
0.628684030211, 0.589691590943, 0.300746792613, 0.498668206351, 0.498316716371, 0.401395967586, 0.402830084957, 1.82901555126, 1.27263212246, 1.8319080151
0.999993519869, 0.330649716873, 0.603218516392, 0.498668206351, 0.399398743888, 0.401395967586, 0.402830084957, 1.55642661679, 3.15075000357, 3.05033187053e-05
