0.999991831029, 0.998700080553, 0.997672894324, 0.990078519497, 0.576802749846, 0.628345066739, 0.137528524974, 0.289833436981, 0.132481443909, 0.154550795071, 0.487432192967, 0.776299328629, 12.806463594, 80.3121355942, 55.0779955133, 108.7310894, 2.5746473218, 0.605297940589, 0.338559065226, 0.00212759477506
0.985709984388, 0.978176113615, 0.289958264686, 0.993542586111, 0.679020282772, 0.990238723413, 0.999824417232, 0.706400010556, 0.614034699319, 0.0239467175287, 0.405139080145, 0.698659798335, 16.561994099, 0.00290851144583, 0.163288500224, 7.90758418957, 0.160117341523, 60.7194923692, 1.90791619291, 1.26739138173
0.997426388446, 0.646377007467, 0.992999945022, 0.0195959524664, 0.00177531682022, 0.995102576861, 0.0714597801837, 0.311947800233, 0.401133969376, 0.572112579142, 0.150294848725, 0.167081204417, 0.000413544117309, 0.00537354501515, 2.84813092493e-05, 3.26997744604, 163.89102483, 1.17842596186, 92.099112757, 0.672012103271
0.999975899926, 0.00156429295941, 0.262429828815, 0.417994323764, 0.967611032585, 0.998733921225, 0.396246990597, 0.953559340891, 0.467618250692, 0.201189001171, 0.446016496388, 0.0846820528364, 0.0207107714587, 0.0315565566225, 6.62584431227e-05, 0.00175176881163, 0.0753072039911, 0.3636632793, 314.700997591, 0.00759638303217
0.999975899926, 0.978176113615, 0.765887915073, 0.426735117363, 0.999568000365, 0.990238723413, 0.486347848411, 0.98770531888, 0.226684401349, 0.274983895593, 0.575281328311, 0.698659798335, 29.1993660496, 30.8386625856, 0.591824768475, 0.026203394407, 81.4837726419, 43.4484618003, 4.14062225208, 0.00457259102285
0.000157215738051, 0.00139748990309, 0.624199887348, 0.297951031381, 0.332678440413, 0.234919314883, 0.413059832636, 0.416755789839, 0.392989810741, 0.212412917544, 0.580536235827, 0.922508823315, 1.77327181803e-07, 2.51974260246e-07, 1.39814064062e-06, 3.66567637852e-06, 1.29431944984e-05, 1.10995990668e-05, 0.0211054375581, 134.411802416
0.985709984388, 0.978176113615, 0.949828477557, 0.990078519497, 0.668554149113, 0.335337437862, 0.137528524974, 0.969428364967, 0.709216653682, 0.24713124646, 0.575281328311, 0.304153008764, 6.83284630357, 42.850274379, 98.4754654845, 73.4518643307, 2.22073676043, 11.823136177, 5.25763521446, 3.49254416092
0.985709984388, 0.562314468038, 0.330123420114, 0.173415872081, 0.00590702161656, 0.995931608288, 0.661581732198, 0.969428364967, 0.669941269229, 0.127821267485, 0.908895628901, 0.883296079019, 0.0320976941301, 0.0164189026378, 0.00019819083814, 8.19821416716, 39.3088619645, 96.4987899486, 112.126949319, 3.71390989639
0.985709984388, 0.988620970088, 0.949828477557, 0.814758858973, 0.668554149113, 0.659415923131, 0.999972560032, 0.969428364967, 0.083785694046, 0.110365957879, 0.0537414718556, 0.304153008764, 80.1645879504, 0.00219977409777, 41.4056294897, 60.2713681778, 41.3434599988, 11.7891220949, 2.70457859497, 3.44570358835
0.926556651376, 0.99775913562, 0.991727645988, 0.909693528143, 0.996867404658, 0.0931188673639, 0.018628381168, 0.815409238072, 0.676601654452, 0.0836470802481, 0.447893530219, 0.588849192481, 0.314927100455, 16.5908414479, 164.644641448, 0.57051114919, 18.0793831452, 1.66994214307, 0.453379807254, 16.0371463471
0.373114015292, 0.998700080553, 0.978521179291, 0.97173579188, 0.0914603817519, 0.484789103504, 0.0133558922549, 0.815409238072, 0.676601654452, 0.196649842969, 0.487432192967, 0.588849192481, 0.0223150788262, 1.64848896783, 1.77565140084, 34.2360403117, 1.09604473923, 0.851200092894, 0.0515825235983, 66.670412517
0.971096837633, 0.99990702494, 0.330123420114, 0.00490226005081, 0.0471122147547, 0.773677629808, 0.777047222444, 0.560870762479, 0.71449663164, 0.108412852091, 0.0130143565952, 0.151790380766, 0.0115282299575, 0.00330771517493, 0.00433992936727, 0.387849662286, 82.621115069, 168.478222006, 0.0233859935919, 7.48638537622
0.999975899926, 0.756501836564, 0.533458752656, 0.995613580438, 0.334610186854, 0.990238723413, 0.998871356738, 0.969428364967, 0.614034699319, 0.24713124646, 0.591237842632, 0.883296079019, 31.9370824529, 0.0360863014851, 0.315175458383, 64.2070569475, 0.425134131924, 84.7627435175, 58.4790975765, 0.00578807049529
0.895734156201, 0.99775913562, 0.596828042581, 0.995692102763, 0.989791783654, 0.975577036241, 0.999876711513, 0.268074883042, 0.510340860063, 0.0836470802481, 0.487432192967, 0.640757339893, 115.311091296, 0.0142182829708, 2.88709732984, 1.21918351357, 0.5167250167, 81.0280242791, 0.451372184725, 23.4467226695
0.973734005814, 0.933863066569, 0.995280941856, 0.736981229003, 0.488218682306, 0.511224489347, 0.0794515444073, 0.317778073296, 0.475695834459, 0.023648641535, 0.537358837256, 0.124460202123, 3.64606818099, 42.2443950969, 43.8753132727, 94.0980938909, 65.6185630394, 1.18290430371, 17.7523208186, 7.24043385389
0.978568193176, 0.978176113615, 0.997672894324, 0.426735117363, 0.995342519807, 0.729306163818, 0.137528524974, 0.981578665822, 0.0601131572823, 0.486878663659, 0.279960332775, 0.810477451494, 8.55780922378, 53.6678943196, 23.0960812303, 0.39924399363, 115.155405535, 0.468551058208, 4.49216661868, 4.5080783426
0.999996859055, 0.876717441908, 0.573825848403, 0.0121664055573, 0.267124203367, 0.0217085998784, 0.979864442828, 0.590526225467, 0.770604931041, 0.24713124646, 0.405139080145, 0.0289944262206, 0.00889407621358, 0.000182767301539, 0.409045171077, 1.14714990507, 127.089975704, 95.550838564, 31.5274893869, 0.000803247562041
0.999975899926, 0.99775913562, 0.998933912437, 0.978980488211, 0.678654511131, 0.978216578159, 0.0794515444073, 0.815409238072, 0.676601654452, 0.24713124646, 0.251925287224, 0.588849192481, 14.9733495312, 173.485536232, 4.19669784789, 91.223150636, 6.09510860828, 0.309467426771, 0.651946453673, 0.00701173015063
0.987338877299, 0.507452869591, 0.998465794987, 0.777308818292, 0.867324639515, 0.998733921225, 0.999824417232, 0.416755789839, 0.523843094449, 0.699306277648, 0.124074814542, 0.0846820528364, 53.4568855958, 0.00938775624988, 0.0677783265747, 8.18914773209, 17.6830776804, 0.122012700852, 77.1922542383, 2.00970313571
0.985709984388, 0.988620970088, 0.434364242481, 0.814758858973, 0.668554149113, 0.659415923131, 0.999981057978, 0.969428364967, 0.709216653682, 0.24713124646, 0.0537414718556, 0.481094477948, 50.3718419981, 0.000954162636787, 26.0172247559, 37.8715105061, 25.9781605601, 182.622271013, 3.71614202565, 4.7344617518
0.895734156201, 0.978176113615, 0.72698645739, 0.993542586111, 0.996867404658, 0.990238723413, 0.0133558922549, 0.706400010556, 0.676601654452, 0.0239467175287, 0.221052233431, 0.690205232996, 1.36650728252, 100.948430307, 1.00856932893, 0.324687852105, 0.673649324938, 39.1771757763, 3.20157716235, 17.076340597
0.999975899926, 0.00156429295941, 0.193232447521, 0.417994323764, 0.967611032585, 0.998733921225, 0.822467197486, 0.98770531888, 0.467618250692, 0.201189001171, 0.446016496388, 0.0846820528364, 0.0233224563125, 0.00503424457938, 3.59473292813e-05, 0.000950390732542, 0.0408565721068, 0.293091399125, 231.87646178, 0.00559713008002
0.9819921316, 0.933863066569, 0.995280941856, 0.991934638267, 0.488218682306, 0.187088319787, 0.0064064467611, 0.136726965864, 0.475695834459, 0.267929195976, 0.537358837256, 0.124460202123, 0.187113443128, 29.0199415915, 126.906672792, 163.648160615, 2.59996495647, 1.52845720804, 22.9381722847, 6.36017486937
0.985709984388, 0.978176113615, 0.765887915073, 0.173415872081, 0.999168773215, 0.990238723413, 0.999850816451, 0.435369779418, 0.614034699319, 0.24713124646, 0.487432192967, 0.698659798335, 27.7742426811, 0.00414407833542, 0.273825401771, 0.0233371486017, 133.821680586, 49.4877870363, 4.71616770118, 3.13285789044
0.895734156201, 0.999713819554, 0.587294453621, 0.994673498016, 0.986015246525, 0.519417677665, 0.999850816451, 0.815409238072, 0.616591490913, 0.308937571839, 0.373324473988, 0.640757339893, 56.5113422313, 0.00843182050848, 52.2939542485, 1.54331605956, 0.590964790825, 77.9657605379, 0.0540789031026, 21.9963613622
0.926556651376, 0.99775913562, 0.991727645988, 0.909693528143, 0.996867404658, 0.0403932393332, 0.401372379053, 0.815409238072, 0.676601654452, 0.0836470802481, 0.447893530219, 0.0349972484132, 3.99512241201, 5.95853314706, 236.465193818, 0.774356284532, 24.5391943326, 2.26661686652, 0.6153736058, 21.7672609509
0.999975899926, 0.322677556437, 0.765887915073, 0.0121664055573, 0.332678440413, 0.990238723413, 0.404326642086, 0.98770531888, 0.226684401349, 0.24713124646, 0.590908545295, 0.698659798335, 0.0794917173414, 0.117111002013, 0.00193801098251, 0.398253970547, 48.4558772715, 14.9941304474, 134.438655097, 0.00478362946638
0.985709984388, 0.748952186661, 0.991727645988, 0.777308818292, 0.995342519807, 0.999834197706, 0.805759223459, 0.0385229990655, 0.523843094449, 0.308937571839, 0.222135591749, 0.0846820528364, 104.759790858, 25.2539748032, 0.0215601553549, 0.608470895562, 37.4281376823, 1.40194795062, 56.807428216, 3.28044101404
0.973734005814, 0.933863066569, 0.466839625259, 0.995613580438, 0.259746978528, 0.973682284926, 0.0794515444073, 0.307041495191, 0.00312316350107, 0.0641644246802, 0.575281328311, 0.588849192481, 1.4694403068, 17.0253582244, 0.49989698449, 54.1329906014, 0.322181938032, 83.8843942504, 11.142538992, 4.54457855738
0.998058127895, 0.998700080553, 0.997672894324, 0.990078519497, 0.18124312772, 0.628345066739, 0.137528524974, 0.289833436981, 0.132481443909, 0.154550795071, 0.487432192967, 0.776299328629, 4.01626933001, 25.1869038355, 17.2731576141, 209.954527396, 2.56966867753, 0.604127464503, 0.337904387153, 0.505757319557
0.999987251716, 0.80288029529, 0.573825848403, 0.82354212483, 0.867324639515, 0.0217085998784, 0.979864442828, 0.984207297436, 0.523843094449, 0.329221075241, 0.487432192967, 0.793192610484, 1.18613832663, 0.0243743471502, 54.5513826377, 8.52994279732, 13.7756173016, 57.9798412176, 33.4017450611, 0.00216021204603
0.999990311595, 0.978176113615, 0.00443275610718, 0.0121664055573, 0.483942208159, 0.747000925994, 0.0794515444073, 0.969428364967, 0.414065135944, 0.24713124646, 0.537358837256, 0.0846820528364, 0.000477084992734, 0.00552764400647, 0.00203372020514, 0.00857190027298, 1.34865315412, 306.629011523, 6.87159701813, 0.00305057756724
0.636034055683, 0.126113616991, 0.997672894324, 0.426735117363, 0.914518913949, 0.119598661546, 0.396246990597, 0.416755789839, 0.601336341247, 0.29883097051, 0.487432192967, 0.650523535766, 0.214378898614, 0.326644512797, 3.98263433205, 0.422831251421, 6.6449849514, 0.0270375039391, 80.508823626, 52.7192093077
0.999975899926, 0.999897939269, 0.998921108783, 0.97173579188, 0.995342519807, 0.484789103504, 0.988618316695, 0.586355274748, 0.676601654452, 0.201189001171, 0.544102949924, 0.468218763582, 109.595900517, 1.26174663182, 117.814256464, 1.07001845158, 6.68234467982, 0.255351561371, 0.0241581603965, 0.00570471597302
0.875580602747, 0.978176113615, 0.742666761385, 0.995613580438, 0.295777000617, 0.852389256819, 0.0133558922549, 0.815409238072, 0.676601654452, 0.0836470802481, 0.575281328311, 0.205930246915, 0.348958026881, 25.7786881251, 4.52460097921, 72.9807164438, 0.4565804119, 36.0669156785, 3.12700198803, 20.3604806678
0.926556651376, 0.99775913562, 0.998933912437, 0.715647944377, 0.996867404658, 0.119672720264, 0.0794515444073, 0.813840470963, 0.676601654452, 0.0836470802481, 0.447893530219, 0.588849192481, 1.34302421342, 15.5606649903, 124.345621135, 0.443867388487, 56.2996745415, 0.211302984806, 0.445146143591, 15.7459016401
0.995533445065, 0.998700080553, 0.992695823488, 0.249317762737, 0.668554149113, 0.833179837809, 0.999972560032, 0.605691231582, 0.981916610146, 0.00373213570681, 0.487432192967, 0.425739792285, 17.2518479309, 0.000473403147043, 3.45427831125, 10.265610568, 93.2556421198, 0.914058606497, 0.162886142525, 0.562191820439
0.742070763298, 0.646377007467, 0.997223578626, 0.0195959524664, 0.00177531682022, 0.995102576861, 0.252206352343, 0.411911722552, 0.401133969376, 0.572112579142, 0.591237842632, 0.167081204417, 0.000673872490757, 0.00199803677916, 1.31498707659e-05, 1.50975436018, 75.6687755237, 0.214884183842, 42.3422242244, 41.6186917387
0.926556651376, 0.99775913562, 0.592491333541, 0.909693528143, 0.867324639515, 0.0931188673639, 0.018628381168, 0.815409238072, 0.676601654452, 0.0836470802481, 0.447893530219, 0.588849192481, 0.163698200501, 8.6238716385, 85.5818108007, 14.4357614493, 10.8012294228, 82.2638749221, 0.453379807254, 16.0371463471
0.999975899926, 0.322677556437, 0.765887915073, 0.777308818292, 0.332678440413, 0.990238723413, 0.401372379053, 0.98770531888, 0.226684401349, 0.24713124646, 0.575281328311, 0.0846820528364, 6.79282845631, 10.131177307, 0.166828358962, 34.2826005404, 14.717973866, 20.2024305932, 181.136719342, 0.00644525153472
0.999991831029, 0.76905086564, 0.997672894324, 0.83659822562, 0.748243062259, 0.802948199081, 0.0064064467611, 0.503573313737, 0.666892781845, 0.0668967588589, 0.487432192967, 0.977998255562, 0.563656644006, 87.419068418, 21.5918716089, 36.8679194015, 28.6026986886, 0.408298867388, 52.6894109394, 0.00186370818941
0.000252137705476, 0.998226589798, 0.911238344917, 0.886212757744, 0.0586334603116, 0.234919314883, 0.599352523654, 0.416755789839, 0.95384529125, 0.212412917544, 0.580536235827, 0.776299328629, 0.00039691127001, 0.000265322147462, 0.00215674899699, 0.0452590672092, 0.00617308725465, 0.00528447987985, 0.000105768641352, 236.483263956
0.999987251716, 0.80288029529, 0.00921893622839, 0.82354212483, 0.867324639515, 0.35528097587, 0.0794515444073, 0.984207297436, 0.523843094449, 0.329221075241, 0.487432192967, 0.793192610484, 0.0252878860996, 0.29299272491, 0.577575437096, 0.137039833425, 0.221315470127, 134.793085276, 33.4017450611, 0.00216021204603
0.926556651376, 0.998700080553, 0.998443185999, 0.443970562926, 0.995342519807, 0.346496482389, 0.456073466816, 0.815409238072, 0.720868161822, 0.236972416039, 0.348897339767, 0.776299328629, 19.6863810489, 23.4785528517, 81.4104545794, 0.582922353731, 156.748466969, 0.439560732898, 0.367505223428, 22.4092626795
0.995533445065, 0.999551015118, 0.765887915073, 0.482153668116, 0.424946205337, 0.519417677665, 0.843585064139, 0.893155405522, 0.842226701739, 0.296353272252, 0.908895628901, 0.425739792285, 12.6401054927, 2.34368930173, 13.8634998564, 39.0372852997, 72.9099103532, 43.0372264956, 0.0825747363966, 0.82514885919
0.999992318835, 0.978176113615, 0.642167907641, 0.0121664055573, 0.613140345397, 0.990238723413, 0.950420340248, 0.969428364967, 0.511320942759, 0.154550795071, 0.575281328311, 0.667148286112, 1.40771868451, 0.0734351007113, 0.0146004710005, 0.943743107555, 198.07143845, 111.729731195, 6.96633739758, 0.0024519003476
0.999991831029, 0.998700080553, 0.289958264686, 0.990078519497, 0.576802749846, 0.628345066739, 0.100956241531, 0.289833436981, 0.132481443909, 0.154550795071, 0.487432192967, 0.776299328629, 2.73222793276, 24.3312590921, 16.0075713115, 31.6010169058, 0.748281599966, 184.687272522, 0.338559065226, 0.00212759477506
0.985709984388, 0.978176113615, 0.997672894324, 0.993542586111, 0.679020282772, 0.990238723413, 0.999824417232, 0.706400010556, 0.614034699319, 0.0239467175287, 0.405139080145, 0.698659798335, 56.9856237981, 0.0100074506773, 0.561834341245, 27.2079928953, 0.550923187934, 0.19900333782, 1.90791619291, 1.26739138173
0.985709984388, 0.789344283477, 0.992999945022, 0.777308818292, 0.995342519807, 0.998733921225, 0.999824417232, 0.0385229990655, 0.523843094449, 0.748687992462, 0.222135591749, 0.0846820528364, 192.788170922, 0.033856225186, 0.244437352884, 0.903410852544, 55.5704241884, 1.75910968037, 67.0653581961, 4.61539151363
0.999975899926, 0.978176113615, 0.289958264686, 0.993542586111, 0.996867404658, 0.990238723413, 0.00684623416706, 0.706400010556, 0.37717395329, 0.0984854574048, 0.221052233431, 0.621462144455, 0.266959985666, 38.7267377394, 0.384380311159, 0.123743221256, 0.256737469309, 97.3596529917, 3.05921626205, 0.0033783677827
0.985709984388, 0.991076206814, 0.466839625259, 0.995613580438, 0.578188860907, 0.391269075563, 0.0064064467611, 0.136726965864, 0.709216653682, 0.079382960779, 0.537358837256, 0.304153008764, 0.154652636333, 23.9855052546, 37.5569181077, 45.0104034603, 0.470125944906, 122.403603227, 2.06718233283, 3.35824854765
0.985709984388, 0.562314468038, 0.765887915073, 0.173415872081, 0.00590702161656, 0.995931608288, 0.661581732198, 0.969428364967, 0.669941269229, 0.127821267485, 0.908895628901, 0.883296079019, 0.0744668040438, 0.0380919327224, 0.000459803693289, 19.0198961153, 91.1967479418, 33.7249182703, 112.126949319, 3.71390989639
0.985709984388, 0.988620970088, 0.949828477557, 0.814758858973, 0.668554149113, 0.659415923131, 0.018628381168, 0.969428364967, 0.752332014536, 0.0836470802481, 0.0537414718556, 0.304153008764, 2.0210435178, 106.471664441, 56.0357848377, 81.5674936165, 55.9516485437, 15.9546592402, 3.66020722525, 4.6631993589
0.926556651376, 0.75159000685, 0.991727645988, 0.909693528143, 0.996867404658, 0.0931188673639, 0.999972560032, 0.815409238072, 0.676601654452, 0.110365957879, 0.447893530219, 0.588849192481, 11.8600593609, 0.000325448580817, 115.507839754, 0.40024691857, 12.6837440491, 1.17156202452, 46.8084478133, 14.936046921
0.887322343532, 0.99990702494, 0.734198140652, 0.995613580438, 0.578188860907, 0.027966446285, 0.0064064467611, 0.576471701934, 0.132481443909, 0.308937571839, 0.885055163056, 0.961720705126, 0.0175128234468, 2.71611224204, 95.0129759015, 71.309926365, 0.744819951305, 61.473206385, 0.0215047650242, 29.371398122
0.988840156178, 0.673286165388, 0.978521179291, 0.995045644205, 0.0471308694873, 0.808022612823, 0.669488308827, 0.368973002356, 0.676601654452, 0.196649842969, 0.487432192967, 0.588849192481, 2.46362059277, 1.21623544099, 0.87429378255, 92.0735989576, 0.481111846368, 2.13156735964, 48.1566716215, 1.66349293274
0.999991831029, 0.978176113615, 0.969298619027, 0.995613580438, 0.295777000617, 0.852389256819, 0.206411780387, 0.815409238072, 0.676601654452, 0.0836470802481, 0.117775877603, 0.425739792285, 9.55322592341, 36.7291418053, 8.0148531225, 129.277637025, 0.808784013619, 5.84013256977, 4.2440435662, 0.00158861496896
0.926556651376, 0.998700080553, 0.997672894324, 0.97173579188, 0.995342519807, 0.484789103504, 0.456073466816, 0.815409238072, 0.676601654452, 0.486878663659, 0.544102949924, 0.588849192481, 39.2102827971, 46.7633281451, 91.3686814502, 0.829833145686, 5.18236961057, 0.427680544149, 0.239212981795, 14.5864227327
0.964271179175, 0.99775913562, 0.330123420114, 0.00490226005081, 0.0471122147547, 0.773677629808, 0.41498347416, 0.560870762479, 0.71449663164, 0.108412852091, 0.0130143565952, 0.793192610484, 0.00381707049147, 0.00538105601032, 0.00269070955526, 0.240462621393, 51.2242031999, 104.454686572, 0.350205527274, 5.79064471692
0.887322343532, 0.998339282897, 0.734198140652, 0.995613580438, 0.578188860907, 0.0507723171665, 0.0064064467611, 0.71784464544, 0.392989810741, 0.308937571839, 0.537358837256, 0.304153008764, 0.0164053818171, 2.54435605566, 47.8754128478, 36.7951400748, 0.384318927754, 31.719500427, 0.198511569073, 15.1791185219
0.999975899926, 0.976894524618, 0.533458752656, 0.5014877541, 0.334610186854, 0.990238723413, 0.998871356738, 0.969428364967, 0.553799804916, 0.24713124646, 0.591237842632, 0.883296079019, 27.6808744614, 0.0312771331776, 0.273172488741, 55.6502769318, 83.1393607486, 145.854573197, 7.39430290767, 0.00771278399902
0.985709984388, 0.99775913562, 0.596828042581, 0.995692102763, 0.679020282772, 0.975577036241, 0.999876711513, 0.268074883042, 0.510340860063, 0.0836470802481, 0.487432192967, 0.640757339893, 87.0522509937, 0.010733863707, 2.17956762508, 42.1858521568, 0.56862965939, 89.1672289084, 0.496712184166, 3.21345918088
0.989650938488, 0.637213310947, 0.949828477557, 0.990078519497, 0.668554149113, 0.335337437862, 0.137528524974, 0.610918141446, 0.709216653682, 0.24713124646, 0.575281328311, 0.304153008764, 3.25771402785, 20.4298375435, 46.950405593, 35.0198377324, 1.05878648153, 5.63694760072, 63.9665934178, 1.84382969952
0.995917723385, 0.843845075223, 0.997672894324, 0.99625751502, 0.18124312772, 0.712466153816, 0.137528524974, 0.289833436981, 0.132481443909, 0.154550795071, 0.487432192967, 0.922508823315, 3.88419084995, 24.3586107848, 11.3981012818, 179.075819837, 0.821618946345, 0.512080586646, 40.7206940566, 1.06890338953
0.99998413132, 0.876717441908, 0.0768800864733, 0.0121664055573, 0.278865853307, 0.990238723413, 0.401372379053, 0.988521171591, 0.0820859862068, 0.24713124646, 0.575281328311, 0.973549581429, 0.025415502286, 0.0379060006685, 0.000624191611175, 0.16536059664, 18.6181906237, 226.306973891, 34.4732166192, 0.00443739279028
0.999992318835, 0.978176113615, 0.765887915073, 0.0121664055573, 0.613140345397, 0.990238723413, 0.950420340248, 0.969428364967, 0.333174053837, 0.154550795071, 0.575281328311, 0.698659798335, 1.63107119089, 0.0850865151456, 0.0169170217632, 1.0934799767, 229.497995976, 71.0155936257, 6.76775966345, 0.00238200812339
0.985709984388, 0.472341313231, 0.262429828815, 0.814758858973, 0.668554149113, 0.996666923299, 0.999850816451, 0.47941451772, 0.614034699319, 0.201189001171, 0.405139080145, 0.99823656592, 5.04386804396, 0.000752574409595, 0.0168703375767, 2.50931084472, 1.72127488839, 26.1157758825, 39.5545773064, 1.08674388032
0.985709984388, 0.710493142206, 0.587294453621, 0.0200123994931, 0.997382655397, 0.747000925994, 0.960438028213, 0.815409238072, 0.676601654452, 0.00498152751616, 0.537358837256, 0.588849192481, 1.09339362955, 0.0450386247249, 0.38557155169, 0.00399931071011, 74.824815904, 53.6549114286, 52.9746556237, 2.65272868816
0.985709984388, 0.988620970088, 0.434364242481, 0.0200123994931, 0.668554149113, 0.659415923131, 0.999981057978, 0.969428364967, 0.709216653682, 0.24713124646, 0.0537414718556, 0.481094477948, 1.2372512605, 2.34364851127e-05, 0.639044411465, 0.930213632303, 137.433159242, 182.622271013, 3.71614202565, 4.7344617518
0.9819921316, 0.933863066569, 0.999632306434, 0.173415872081, 0.488218682306, 0.187088319787, 0.0064064467611, 0.136726965864, 0.475695834459, 0.360497493615, 0.537358837256, 0.124460202123, 0.0343718558048, 5.33082621523, 23.312156438, 30.0613942288, 279.97735627, 0.124589543447, 23.9969704996, 6.65375282816
0.985709984388, 0.978176113615, 0.765887915073, 0.991934638267, 0.999168773215, 0.990238723413, 0.999850816451, 0.435369779418, 0.614034699319, 0.24713124646, 0.487432192967, 0.698659798335, 158.868003467, 0.0237040289062, 1.56627474518, 0.133487931517, 1.30575972263, 49.4877870363, 4.71616770118, 3.13285789044
0.807344735316, 0.999713819554, 0.991900456349, 0.959895946762, 0.00107596991916, 0.73433770138, 0.768506094111, 0.815409238072, 0.71449663164, 0.389180264777, 0.379709345023, 0.719750245204, 0.0620027334662, 0.0186768264505, 0.0291875485882, 101.999965656, 4.26610632445, 0.868632085561, 0.0307000849244, 25.598910694
0.999975899926, 0.99775913562, 0.991727645988, 0.0962181021588, 0.996867404658, 0.0403932393332, 0.401372379053, 0.815409238072, 0.676601654452, 0.24713124646, 0.447893530219, 0.0349972484132, 0.563092445427, 0.839825330719, 33.3285818338, 0.109141630448, 327.260049365, 3.02041100996, 0.820024434501, 0.00881942070433
0.973734005814, 0.748952186661, 0.466839625259, 0.777308818292, 0.995342519807, 0.999834197706, 0.896718579624, 0.0385229990655, 0.523843094449, 0.114973500429, 0.222135591749, 0.0846820528364, 58.5716603134, 6.7461123349, 0.0108316324703, 0.305690427603, 18.8035672633, 96.4333781782, 60.6278079487, 6.51431762215
0.397361485694, 0.998700080553, 0.997672894324, 0.990078519497, 0.18124312772, 0.628345066739, 0.979864442828, 0.289833436981, 0.414065135944, 0.154550795071, 0.405139080145, 0.776299328629, 8.22070373377, 0.168929948664, 4.96231913224, 60.316786975, 0.738227273027, 0.173556760286, 0.0970748627841, 113.25606216
0.601746382857, 0.999897939269, 0.998921108783, 0.97173579188, 0.995342519807, 0.484789103504, 0.988618316695, 0.586355274748, 0.555573651777, 0.201189001171, 0.544102949924, 0.468218763582, 80.0437667803, 0.921521267282, 86.046073104, 0.781491889611, 4.88047487701, 0.186496946774, 0.017644000802, 114.415440225
0.926556651376, 0.978176113615, 0.999046879483, 0.978980488211, 0.999168773215, 0.368913380414, 0.388584882293, 0.317778073296, 0.614034699319, 0.605637815446, 0.507174621716, 0.698659798335, 7.60746970281, 11.9698994885, 33.4902890469, 0.0441479559304, 1.14035391906, 0.051758178654, 1.21156356876, 4.40042482269
0.887322343532, 0.999642515371, 0.765887915073, 0.984051624737, 0.678654511131, 0.86444038762, 0.0794515444073, 0.815409238072, 0.552544797529, 0.24713124646, 0.251925287224, 0.588849192481, 10.7160712189, 124.15948468, 21.1508836688, 73.8791117968, 3.72604436191, 71.4151234193, 0.109088510682, 38.7505640028
0.999975899926, 0.99775913562, 0.765887915073, 0.995613580438, 0.578188860907, 0.990238723413, 0.0064064467611, 0.995857887258, 0.918629242654, 0.658910103234, 0.405139080145, 0.304153008764, 0.429836637598, 66.6645533771, 0.661382839163, 49.4304571741, 0.516292647913, 35.9786105023, 0.345152016058, 0.00371213430783
0.985709984388, 0.99775913562, 0.992976449216, 0.814758858973, 0.668554149113, 0.335337437862, 0.999850816451, 0.397579343922, 0.709216653682, 0.24713124646, 0.117775877603, 0.304153008764, 27.3462595367, 0.00408022076432, 54.2103113044, 40.4349287578, 27.7365507071, 1.05908979364, 0.338661569063, 2.19095718407
0.658616178714, 0.978176113615, 0.742666761385, 0.978980488211, 0.999168773215, 0.86444038762, 0.0133558922549, 0.317778073296, 0.614034699319, 0.24713124646, 0.507174621716, 0.698659798335, 0.857193229929, 63.3237101173, 10.0647060278, 0.0617662809994, 1.59544013123, 26.3002445001, 2.2802314889, 54.1573477239
0.926556651376, 0.99775913562, 0.998933912437, 0.715647944377, 0.998896360982, 0.758580861723, 0.0794515444073, 0.813840470963, 0.676601654452, 0.108412852091, 0.447893530219, 0.588849192481, 7.80125367325, 90.3875698599, 31.2486939257, 0.143010126172, 51.486893349, 0.19323973596, 0.40709279772, 14.3998622555
0.926556651376, 0.992107973036, 0.765887915073, 0.995613580438, 0.991530485558, 0.990238723413, 0.644170781578, 0.959638979063, 0.475695834459, 0.420103090056, 0.405139080145, 0.698659798335, 84.400584238, 46.6214780035, 1.29154976294, 1.13020432961, 0.587919427617, 40.970027713, 1.39210516755, 13.9818287103
0.895734156201, 0.998529862249, 0.335235278774, 0.995692102763, 0.989791783654, 0.975577036241, 0.999876711513, 0.268074883042, 0.902523769611, 0.0836470802481, 0.487432192967, 0.640757339893, 64.397528095, 0.00794045279416, 1.61235080964, 0.680874698919, 0.288574268151, 132.83438699, 0.29419787044, 23.2940188174
0.999991831029, 0.998700080553, 0.997672894324, 0.814758858973, 0.576802749846, 0.628345066739, 0.999850816451, 0.969428364967, 0.132481443909, 0.154550795071, 0.00799331767152, 0.776299328629, 97.0850891719, 0.0144856592257, 57.4326718133, 113.379525076, 60.9116203419, 0.766991652603, 0.428998612962, 0.0026959408304
0.807344735316, 0.991076206814, 0.466839625259, 0.995613580438, 0.953446900262, 0.758520809414, 0.0064064467611, 0.435369779418, 0.475695834459, 0.079382960779, 0.737361057447, 0.304153008764, 0.457644862933, 70.9774079829, 22.7417343421, 4.59828582565, 0.435177784811, 113.304380417, 1.91351240694, 51.1686135528
0.887322343532, 0.978176113615, 0.765887915073, 0.809481536424, 0.999168773215, 0.758282605797, 0.999850816451, 0.984207297436, 0.614034699319, 0.24713124646, 0.789757114235, 0.698659798335, 70.3115549051, 0.0104908923983, 22.4165258905, 0.0771509147353, 21.8449811024, 35.0488052825, 3.34013810958, 19.4351868674
0.926556651376, 0.999824004134, 0.998933912437, 0.715647944377, 0.996867404658, 0.747000925994, 0.617190197846, 0.297583981782, 0.676601654452, 0.308937571839, 0.447893530219, 0.588849192481, 52.0588348496, 32.2892883566, 28.5675644069, 0.354830698003, 45.006353999, 0.168917085448, 0.0278907125565, 12.5613881447
0.985709984388, 0.789344283477, 0.991727645988, 0.0121664055573, 0.995342519807, 0.628615160813, 0.805759223459, 0.0284847294289, 0.523843094449, 0.908335324174, 0.222135591749, 0.698659798335, 0.856538805824, 0.206481983621, 0.628030995037, 0.00791289434068, 137.944964732, 1.16481982169, 37.5782387777, 2.58610837275
0.999991831029, 0.497752003159, 0.997672894324, 0.83659822562, 0.748243062259, 0.802948199081, 0.0064064467611, 0.503573313737, 0.666892781845, 0.0668967588589, 0.487432192967, 0.977998255562, 0.364814911709, 56.5801540099, 13.9748849205, 23.8619856687, 18.5124953421, 0.264262857257, 114.584326858, 0.00186370818941
0.670975405737, 0.136614581102, 0.999388416398, 0.99625751502, 0.0586334603116, 0.830611668221, 0.137528524974, 0.289833436981, 0.132481443909, 0.383077145596, 0.656561320479, 0.115214466857, 0.149123838585, 0.935188224045, 0.221125970707, 20.9589486565, 0.0836371435287, 0.0136760489503, 141.322876844, 80.2656118003
0.999987251716, 0.998700080553, 0.998443185999, 0.0831663211447, 0.995342519807, 0.346496482389, 0.456073466816, 0.815409238072, 0.720868161822, 0.329221075241, 0.348897339767, 0.897376916629, 3.14223508405, 3.74752130978, 12.9943023023, 0.0930429552603, 220.229527383, 0.374540132481, 0.313143201311, 0.00307102825848
