0.999992318835, 0.99990702494, 0.642167907641, 0.411820428057, 0.494191120435, 0.994851092184, 0.950420340248, 0.586355274748, 0.331936426881, 0.922460722136, 0.575281328311, 0.947690206591, 37.1356973933, 1.93722205159, 0.202224093541, 40.1984485891, 113.507587807, 107.533962037, 0.0279430115066, 0.0023085386109
0.999995937639, 0.978176113615, 0.999280951163, 0.613841455839, 0.00590702161656, 0.0401199260991, 0.99985182323, 0.341827899133, 0.0736832737262, 0.0737863680955, 0.544102949924, 0.776299328629, 0.052300260564, 7.75083215668e-06, 1.25148330833, 219.415109737, 138.850982921, 0.258734349404, 8.02806240646, 0.00149437257757
0.999988230492, 0.998700080553, 0.999502096404, 0.470672292092, 0.995518577456, 0.484789103504, 0.995152113908, 0.416755789839, 0.676601654452, 0.0675812568826, 0.94352078203, 0.0212440656813, 69.9419340822, 0.340722312463, 74.6930781809, 0.652622201132, 163.776635239, 0.154130600279, 0.402925694418, 0.00364814382968
0.636899702766, 0.998700080553, 0.504547090175, 0.613841455839, 0.995342519807, 0.511224489347, 0.950420340248, 0.474132504945, 0.511320942759, 0.24713124646, 0.582029164839, 0.753607501741, 28.4554923829, 1.48441018218, 28.6251763562, 0.274042040469, 37.0148172207, 94.1262243218, 0.247280352315, 108.449793183
0.999999122232, 0.99775913562, 0.997672894324, 0.706374905353, 0.999208923426, 0.552976016053, 0.00469438889055, 0.431494868035, 0.389986353921, 0.0668967588589, 0.527549981743, 0.482977077012, 0.453249503156, 96.0980831035, 78.0517782041, 0.138233784202, 72.6362777848, 0.5770166478, 0.556880612353, 0.000218135620379
0.887322343532, 0.997923657532, 0.613144238536, 0.814758858973, 0.995342519807, 0.6042246571, 0.999969428847, 0.904249886558, 0.733324972117, 0.24713124646, 0.951991991626, 0.87969553064, 91.2539213189, 0.00278982286207, 59.77438312, 0.706715845142, 34.4986553647, 117.503590728, 0.631980586119, 38.6510359502
0.999975899926, 0.998700080553, 0.504547090175, 0.998307035315, 0.463098472707, 0.990238723413, 0.0794515444073, 0.969428364967, 0.414065135944, 0.24713124646, 0.360902816591, 0.776299328629, 6.2155604576, 72.015271982, 0.77116030204, 91.5923784291, 0.289300020592, 167.803588173, 0.440839210348, 0.00817320918879
0.887322343532, 0.978176113615, 0.999716295397, 0.814758858973, 0.668554149113, 0.546499712742, 0.999850816451, 0.879582063885, 0.733324972117, 0.24713124646, 0.951991991626, 0.87969553064, 97.1303067103, 0.014492405945, 80.6133896829, 88.1263158966, 60.4507069652, 0.0926090753224, 7.28286407082, 42.3766381816
0.999999122232, 0.99775913562, 0.997672894324, 0.999634213103, 0.999208923426, 0.734420046312, 0.999000546007, 0.95577352973, 0.666892781845, 0.742525585749, 0.188311085405, 0.466561463328, 272.847771653, 0.272971617522, 98.7655425711, 0.294423440374, 0.136188642722, 0.868441721984, 0.838135883558, 0.000328306080094
0.687997351548, 0.354934256567, 0.991727645988, 0.97173579188, 0.952790754052, 0.0931188673639, 0.999972560032, 0.815409238072, 0.676601654452, 0.110365957879, 0.447893530219, 0.300245397039, 4.03364762113, 0.000110686199273, 39.2846198208, 2.14635580628, 1.32240132839, 0.390268182686, 85.741306351, 60.2778330354
0.50273136242, 0.886513385871, 0.99927282315, 0.777308818292, 0.981617364842, 0.978216578159, 0.999955198452, 0.811867025749, 0.609468678994, 0.0668967588589, 0.251925287224, 0.16288624424, 101.198548003, 0.00453405470246, 2.25364145051, 1.93742212697, 30.1943658483, 0.0986685761294, 17.3699335974, 151.393981099
0.999999122232, 0.99547811651, 0.999716295397, 0.613841455839, 0.668554149113, 0.990238723413, 0.999955198452, 0.561106948723, 0.0463885309791, 0.16298976136, 0.951991991626, 0.616674031641, 171.250337169, 0.00767262388499, 1.68817554972, 85.7406922604, 162.736073132, 0.119593560218, 1.91482488644, 0.000371697602044
0.999995937639, 0.978176113615, 0.99939242772, 0.995843983053, 0.595523247306, 0.0401199260991, 0.00327021419814, 0.341827899133, 0.132481443909, 0.0737863680955, 0.222135591749, 0.662275799819, 0.0281187043461, 8.57031021878, 205.719735619, 145.563948392, 1.50191815751, 0.219700403458, 8.06766659179, 0.0015017446439
0.79343929016, 0.687400023991, 0.998625268781, 0.993451524802, 0.0808270176728, 0.0302860109376, 0.297601617789, 0.968454128024, 0.983082705315, 0.5735294411, 0.315640666509, 0.970258002354, 0.107770184302, 0.254358842761, 11.5948443693, 135.975905245, 0.975120338088, 0.204990281503, 67.8101763731, 56.4728815802
0.716912347498, 0.892790447984, 0.911622540836, 0.97173579188, 0.414790268274, 0.999894187887, 0.999986674754, 0.664755558797, 0.714289085925, 0.384328547152, 0.544102949924, 0.331483060211, 69.1213606145, 0.000921071429499, 0.00731474870354, 97.5319714037, 4.84756996532, 16.6269932385, 22.5920767551, 83.2103866944
0.658616178714, 0.998700080553, 0.742666761385, 0.978980488211, 0.999168773215, 0.990747280442, 0.787154039008, 0.0645803861577, 0.614034699319, 0.573314766276, 0.583268057872, 0.588849192481, 75.4752237506, 20.4084534083, 0.89547031064, 0.0805123436631, 2.07965611756, 34.2823671647, 0.173402866371, 69.1433427515
0.724917171744, 0.00031241813336, 0.99990228162, 0.954001018412, 0.993734590501, 0.802948199081, 0.0977160017657, 0.988926890657, 0.957577513611, 0.154550795071, 0.405139080145, 0.0846820528364, 0.00448062521821, 0.0413729211534, 0.011252934998, 0.000360051360028, 0.00277085865732, 5.88687555029e-06, 192.768763203, 73.1724265066
0.990581515863, 0.629244354835, 0.997662591857, 0.999598818949, 0.877217151733, 0.978860508371, 0.999824417232, 0.929982860948, 0.510340860063, 0.561156551457, 0.997486671655, 0.640757339893, 149.173265417, 0.0261968545142, 3.22211464945, 21.3342332794, 0.0697355151936, 0.407253162952, 102.659313923, 2.63270001544
0.926556651376, 0.998700080553, 0.969298619027, 0.613841455839, 0.995342519807, 0.852389256819, 0.456073466816, 0.611364045321, 0.984245897084, 0.401224181396, 0.544102949924, 0.753607501741, 52.5990207294, 62.7311279341, 19.9720595012, 0.633116080236, 85.5148938072, 7.01417228652, 0.297371863408, 18.1327605046
0.999991831029, 0.998700080553, 0.964559002374, 0.999930204328, 0.595523247306, 0.999921039584, 0.192182696211, 0.997300676453, 0.132481443909, 0.748687992462, 0.222135591749, 0.0539917362173, 38.4929160204, 161.800433898, 0.015816495112, 136.049098893, 0.02347798992, 12.3597463049, 0.453925911414, 0.00285259057159
0.937636849592, 0.978176113615, 0.999782023009, 0.262177905156, 0.291096568132, 0.041969087926, 0.456073466816, 0.959092266409, 0.548823048527, 0.236972416039, 0.254653676067, 0.793192610484, 0.5363429374, 0.63965824755, 26.844650277, 68.2383035706, 270.892330944, 0.0800479812471, 8.1932228746, 24.9698570556
0.999991831029, 0.989477822276, 0.850682002345, 0.97173579188, 0.957240004067, 0.999968340485, 0.999994381555, 0.198318774338, 0.224677944425, 0.244856984519, 0.544102949924, 0.776299328629, 238.964516465, 0.00134261646864, 0.00756578261763, 10.6749640966, 7.26135033956, 45.0946978359, 3.21153672115, 0.00249332084743
0.999149433728, 0.479580647252, 0.999418466784, 0.993451524802, 0.995342519807, 0.0302860109376, 0.607415237671, 0.916375363094, 0.440812534448, 0.976734859062, 0.315640666509, 0.970258002354, 2.44854395545, 1.5825435175, 129.069553653, 0.622814345233, 0.881456930377, 0.0783227749169, 146.152190415, 0.239072487884
0.999995660683, 0.356769583914, 0.997672894324, 0.0121664055573, 0.278865853307, 0.992702209043, 0.950420340248, 0.988521171591, 0.511320942759, 0.24713124646, 0.575281328311, 0.0349972484132, 0.317879405975, 0.0165825078894, 0.00245877676947, 0.871261260074, 98.0965753189, 0.231631695701, 179.457094373, 0.00121064655092
0.926556651376, 0.998700080553, 0.394824094021, 0.974179581864, 0.995342519807, 0.99884561254, 0.315095135287, 0.995935315805, 0.674560257926, 0.486878663659, 0.736900578795, 0.744254071911, 30.0984675129, 65.4233738048, 0.110396656288, 0.447489427346, 2.54657229747, 151.171777957, 0.325140034813, 19.825972485
0.416755221709, 0.999926471286, 0.999912062521, 0.988446854683, 0.0369286180638, 0.983904218446, 0.839000753841, 0.463644836138, 0.676601654452, 0.203512188799, 0.251925287224, 0.87969553064, 3.52583706959, 0.676587127823, 0.0687478522914, 111.389046871, 1.35185752304, 0.0102906518957, 0.00860513692112, 163.783678998
0.000252137705476, 0.998978208077, 0.998933912437, 0.988446854683, 0.422424057851, 0.978216578159, 0.999824417232, 0.815409238072, 0.676601654452, 0.0596194500043, 0.251925287224, 0.0255327754614, 0.0349512267834, 6.13791084198e-06, 0.000778448289058, 0.0488611987616, 0.00098878514861, 9.13393293409e-05, 8.76337492035e-05, 340.064748657
0.999942740732, 0.770091714351, 0.675409947462, 0.144947691871, 0.999558902763, 0.999984818504, 0.999994493041, 0.823347695326, 0.414065135944, 0.102605603793, 0.544102949924, 0.588849192481, 14.0640097621, 7.74503498174e-05, 0.00021351712545, 0.00620646184686, 83.002492108, 46.6515633372, 42.9084837373, 0.0106870835136
0.999992318835, 0.99990702494, 0.642167907641, 0.889825959247, 0.494191120435, 0.994851092184, 0.950420340248, 0.586355274748, 0.333174053837, 0.922460722136, 0.575281328311, 0.947690206591, 81.1571055925, 4.23364432696, 0.441944631846, 87.8505041184, 21.504632012, 108.763563275, 0.0282625269497, 0.00233493568471
0.99999234788, 0.847508827454, 0.117954365639, 0.214412826067, 0.958001488956, 0.375554852986, 0.0064064467611, 0.0672278772609, 0.331936426881, 0.24713124646, 0.996901925418, 0.466561463328, 0.0171363535186, 2.65772447926, 4.44756299295, 0.3122450217, 27.2398839012, 259.291275143, 52.8928930665, 0.00265422470891
0.999995937639, 0.978176113615, 0.38533151745, 0.613841455839, 0.00590702161656, 0.0401199260991, 0.99985182323, 0.341827899133, 0.0303469550994, 0.0737863680955, 0.544102949924, 0.776299328629, 0.0209510521626, 3.10491930761e-06, 0.501333870822, 87.8958796725, 55.6225562673, 229.769144794, 8.33999521359, 0.0015524368787
0.744997107958, 0.789344283477, 0.724870358572, 0.988446854683, 0.360311894284, 0.99884561254, 0.0794515444073, 0.0385229990655, 0.511320942759, 0.229104519821, 0.222135591749, 0.0846820528364, 3.0386591661, 35.2067794691, 0.0442010799347, 67.9784028408, 1.24208006978, 40.8062229862, 39.5818234337, 64.3151174737
0.999991831029, 0.989477822276, 0.969298619027, 0.245611283377, 0.964634102982, 0.999921039584, 0.999994381555, 0.969428364967, 0.224677944425, 0.244856984519, 0.544102949924, 0.776299328629, 86.0130219776, 0.000483262124155, 0.00679219847162, 3.15371908508, 273.895689792, 11.4998011495, 3.98319885382, 0.00309241139179
0.999999122232, 0.998700080553, 0.504547090175, 0.632617693427, 0.995342519807, 0.196729449316, 0.950420340248, 0.474132504945, 0.511320942759, 0.24713124646, 0.582029164839, 0.753607501741, 17.7189312512, 0.9243263695, 76.1227150667, 0.443435934871, 55.2912960078, 147.788013234, 0.388256006694, 0.000262169283269
0.999990311595, 0.990596656288, 0.662371613366, 0.994065278315, 0.871192899151, 0.375554852986, 0.00379589729107, 0.941328457797, 0.598766377183, 0.922460722136, 0.348897339767, 0.466561463328, 0.268110093721, 70.3634357998, 117.440969564, 27.8067870951, 1.28883244003, 110.696360723, 3.1122884624, 0.00320666811724
0.999988230492, 0.999880969919, 0.999502096404, 0.990078519497, 0.995518577456, 0.443756591609, 0.995152113908, 0.416755789839, 0.676601654452, 0.748687992462, 0.94352078203, 0.0939035338089, 127.524745995, 0.62123712937, 160.629407592, 1.29995017217, 2.90681676499, 0.145949538616, 0.034895215808, 0.00345042499285
0.999995493132, 0.99775913562, 0.999667498118, 0.777308818292, 0.981617364842, 0.978216578159, 0.380345491775, 0.345724766448, 0.642123228021, 0.0668967588589, 0.251925287224, 0.391819261768, 109.982876121, 179.182838997, 6.43928849203, 5.53576080328, 86.2738092109, 0.128858920807, 0.870382683199, 0.001750537554
0.999975899926, 0.999971118395, 0.998921108783, 0.994545662004, 0.995342519807, 0.998733921225, 0.0794515444073, 0.289833436981, 0.676601654452, 0.201189001171, 0.403590267393, 0.662275799819, 11.97368645, 138.730576624, 0.191045347252, 0.706080466013, 0.831420061665, 0.164636043098, 0.00440738644511, 0.00367780454444
0.985709984388, 0.998700080553, 0.999921165335, 0.777308818292, 0.995342519807, 0.999779330569, 0.0794515444073, 0.815409238072, 0.642123228021, 0.229104519821, 0.222135591749, 0.329927874914, 18.1581976409, 210.386102867, 0.0504438721965, 1.0696574024, 65.7965480714, 0.0232944015443, 0.384605671771, 4.28926413617
0.999999122232, 0.978176113615, 0.997672894324, 0.635457901377, 0.999208923426, 0.914180553145, 0.999000546007, 0.300365627992, 0.437855467453, 0.742525585749, 0.188311085405, 0.466561463328, 158.143729089, 0.158215510681, 14.860724476, 0.137093382344, 99.4165922879, 0.636120095673, 6.09871092851, 0.000245293489259
0.352636986269, 0.99775913562, 0.805204980877, 0.999634213103, 0.291096568132, 0.99166529304, 0.587842899414, 0.959092266409, 0.551142439666, 0.236972416039, 0.254653676067, 0.793192610484, 19.2430434188, 13.4919669691, 0.275129845544, 80.3891363204, 0.0414951478526, 27.4435675607, 0.31641173332, 259.213149116
0.999988230492, 0.978176113615, 0.999716295397, 0.814758858973, 0.393423336876, 0.0560750383337, 0.0794515444073, 0.879582063885, 0.733324972117, 0.976734859062, 0.920429592558, 0.87969553064, 0.369349867103, 4.27939384024, 78.2534503079, 127.817878346, 47.9086863697, 0.0733949918428, 5.77185062273, 0.00311276561865
0.999995493132, 0.99775913562, 0.999667498118, 0.777308818292, 0.422424057851, 0.978216578159, 0.950420340248, 0.345724766448, 0.642123228021, 0.0668967588589, 0.861154562264, 0.0255327754614, 132.855798205, 6.93056008183, 3.11283337271, 195.384551901, 96.9149002729, 0.144752498742, 0.977736484722, 0.00196645046766
0.999995937639, 0.886513385871, 0.999906040317, 0.993542586111, 0.997927335761, 0.998733921225, 0.00327021419814, 0.341827899133, 0.0736832737262, 0.770900313578, 0.979891335556, 0.662275799819, 1.02902267751, 313.636199586, 0.398895992916, 0.65437843773, 2.05197546025, 0.0298604186281, 40.6830672697, 0.00145629477537
0.291554715731, 0.847508827454, 0.969298619027, 0.814758858973, 0.995342519807, 0.54103606382, 0.999931479574, 0.171433993994, 0.825601734931, 0.236972416039, 0.280861781556, 0.73416276463, 34.2753948652, 0.0023487255921, 29.0780026949, 0.29645888484, 14.4717752803, 2.47448416809, 14.5019780054, 231.083417534
0.642716332989, 0.978176113615, 0.999716295397, 0.814758858973, 0.684803317106, 0.0261177849023, 0.363472329392, 0.416755789839, 0.0162289861371, 0.976734859062, 0.951991991626, 0.87969553064, 0.898927455247, 1.57423867751, 92.2196319742, 43.5845667095, 31.438328721, 0.0481627874792, 3.78756653451, 96.4766034276
0.575533060389, 0.978176113615, 0.992999945022, 0.814758858973, 0.507801755626, 0.927283192737, 0.999955198452, 0.0385229990655, 0.0575175220477, 0.24713124646, 0.951991991626, 0.342193834747, 109.500099033, 0.00490599369984, 8.58729502181, 114.463611269, 52.8732175054, 2.01210443562, 6.41304232418, 216.723301636
0.999996328048, 0.356769583914, 0.00126739110417, 0.411820428057, 0.867595481879, 0.54103606382, 0.999941792144, 0.988521171591, 0.158104424417, 0.236972416039, 0.802625484309, 0.466561463328, 0.0255745240278, 1.48872485867e-06, 0.0216962754791, 0.00721426595061, 0.0778200301206, 104.260555151, 188.212972513, 0.0010744384484
0.999995660683, 0.998700080553, 0.998421675419, 0.0121664055573, 0.278865853307, 0.992702209043, 0.950420340248, 0.867470873753, 0.511320942759, 0.24713124646, 0.575281328311, 0.0349972484132, 1.06653131641, 0.055636708878, 0.00824955116751, 2.92320735843, 329.128177677, 0.526700333091, 0.434358804051, 0.00144995825082
0.926556651376, 0.978176113615, 0.969298619027, 0.613841455839, 0.993734590501, 0.01964103752, 0.88999159882, 0.611364045321, 0.945510223896, 0.742525585749, 0.547493522486, 0.839722417392, 3.8781952372, 0.479368634573, 217.502603512, 1.39880891077, 140.448906532, 11.5200146315, 8.37163256061, 30.4059487064
0.999996328048, 0.76905086564, 0.655653641697, 0.635457901377, 0.902909642332, 0.0492004411651, 0.999931479574, 0.664755558797, 0.0370784204309, 0.229104519821, 0.222135591749, 0.776299328629, 4.81158345749, 0.000329714340259, 92.9903231065, 10.5167268748, 62.1391630554, 89.5238450153, 78.0736540144, 0.00124132850046
0.999990311595, 0.99775913562, 0.999582806761, 0.948764569324, 0.999507390217, 0.552976016053, 0.00334366106838, 0.431494868035, 0.934850468343, 0.229104519821, 0.292403339575, 0.638044461132, 0.560807745952, 167.161857465, 135.58644828, 0.149486675297, 16.3874501373, 0.133493302128, 0.718641138891, 0.00310708392081
0.716912347498, 0.999926471286, 0.0157220577829, 0.97173579188, 0.414790268274, 0.999894187887, 0.999986674754, 0.664755558797, 0.714289085925, 0.384328547152, 0.544102949924, 0.138335452975, 1.4372137238, 1.91514820789e-05, 0.000152092741367, 2.02794456829, 0.100793647858, 223.25680505, 0.0166792246879, 89.5723057276
0.99999234788, 0.629244354835, 0.117954365639, 0.411820428057, 0.958001488956, 0.375554852986, 0.0064064467611, 0.155284023124, 0.331936426881, 0.620192631727, 0.996901925418, 0.466561463328, 0.0211857539057, 3.28575718899, 5.49854290451, 0.386029978948, 13.1277165384, 166.899981725, 111.489425783, 0.00230107606903
0.991247263308, 0.998700080553, 0.997662591857, 0.999865031632, 0.679020282772, 0.978860508371, 0.999824417232, 0.341827899133, 0.510340860063, 0.561156551457, 0.996072318214, 0.40929039553, 142.015018079, 0.0249397689126, 3.06749784497, 68.5937537915, 0.0288467969248, 0.500744819066, 0.278845260866, 1.89412523197
0.554618033027, 0.999576562763, 0.504547090175, 0.998307035315, 0.463098472707, 0.990238723413, 0.0794515444073, 0.969428364967, 0.414065135944, 0.24713124646, 0.360902816591, 0.776299328629, 3.45037046585, 39.9769850574, 0.428085085608, 50.8445923074, 0.160595694246, 93.1508186017, 0.0796447723579, 151.045179799
0.926556651376, 0.978176113615, 0.969298619027, 0.814758858973, 0.995342519807, 0.01964103752, 0.00469438889055, 0.0911520384783, 0.676601654452, 0.629543353895, 0.280861781556, 0.986392306206, 0.0125636554801, 2.66374965666, 133.584987009, 0.637603935054, 31.1249260446, 5.3219549944, 3.86748221616, 14.0467782163
0.658355723422, 0.789344283477, 0.99927282315, 0.988446854683, 0.995342519807, 0.99884561254, 0.0794515444073, 0.0385229990655, 0.676601654452, 0.229104519821, 0.222135591749, 0.0846820528364, 11.6209470446, 134.643636372, 0.16904113991, 0.685203025522, 1.71955142143, 0.108310584496, 39.7500460519, 97.921469271
0.999999122232, 0.354934256567, 0.997672894324, 0.999634213103, 0.999208923426, 0.734420046312, 0.999972560032, 0.95577352973, 0.666892781845, 0.742525585749, 0.447893530219, 0.466561463328, 118.442332667, 0.0032501430138, 42.8321265946, 0.127684025645, 0.0590615819442, 0.37662128722, 294.133722709, 0.00040024038243
0.999995937639, 0.978176113615, 0.99939242772, 0.995843983053, 0.15845316027, 0.0401199260991, 0.00327021419814, 0.583804256392, 0.132481443909, 0.0737863680955, 0.315640666509, 0.662275799819, 0.00562637239878, 1.71486410861, 41.1631997024, 227.755848406, 1.12947663287, 0.165219703016, 6.06706886899, 0.00112934614669
0.985709984388, 0.789344283477, 0.992999945022, 0.40875499647, 0.999782107889, 0.99995388106, 0.73870300197, 0.999956388916, 0.856804131074, 0.748687992462, 0.558537288816, 0.782371659478, 79.9000922648, 28.2625821141, 0.00498857791222, 0.0235740170383, 156.493569104, 1.86586938252, 71.1355294568, 4.89549788153
0.997729684016, 0.978176113615, 0.99927282315, 0.814758858973, 0.717550107221, 0.927283192737, 0.999955198452, 0.0385229990655, 0.0575175220477, 0.24713124646, 0.951991991626, 0.0846820528364, 235.406068242, 0.010547028705, 18.4611829193, 99.9341455827, 80.4416269322, 0.316008937864, 9.695592645, 1.01091742354
0.999990311595, 0.998700080553, 0.662371613366, 0.988446854683, 0.840538946454, 0.999993149759, 0.00379589729107, 0.941328457797, 0.225287977674, 0.922460722136, 0.348897339767, 0.337954595587, 0.828933757632, 217.547300916, 0.00149594009734, 41.4290654129, 3.03666874421, 133.978288255, 0.516507732182, 0.0038496111916
0.999991831029, 0.999220700801, 0.964559002374, 0.999930204328, 0.291096568132, 0.999921039584, 0.192182696211, 0.997300676453, 0.132481443909, 0.748687992462, 0.222135591749, 0.0539917362173, 18.82545648, 79.130586656, 0.00773526069679, 238.569829764, 0.0234902289466, 12.3661894147, 0.272127707573, 0.00285259057159
0.999991831029, 0.989477822276, 0.850682002345, 0.97173579188, 0.995342519807, 0.999968340485, 0.607415237671, 0.198318774338, 0.224677944425, 0.244856984519, 0.544102949924, 0.776299328629, 150.929195625, 97.5485939735, 0.00786693525443, 1.16273242686, 7.26135033956, 45.0946978359, 3.21153672115, 0.00249332084743
0.999995937639, 0.488065995211, 0.999280951163, 0.97173579188, 0.00590702161656, 0.0401199260991, 0.99985182323, 0.664755558797, 0.0736832737262, 0.486878663659, 0.142818282044, 0.913111815878, 0.0322389283093, 4.77776820883e-06, 0.77143938142, 135.251869045, 3.95735391599, 0.100748560346, 146.965666596, 0.00116622447726
0.999988230492, 0.998700080553, 0.990212790705, 0.526039474642, 0.957240004067, 0.999921039584, 0.0794515444073, 0.969428364967, 0.224677944425, 0.244856984519, 0.222135591749, 0.776299328629, 12.9269765448, 149.775669971, 0.0128480831459, 7.26851558405, 153.155256691, 3.19389091527, 0.424758970444, 0.00384582526901
0.999995493132, 0.99775913562, 0.999667498118, 0.67186737296, 0.422424057851, 0.978216578159, 0.640932877179, 0.345724766448, 0.796473421405, 0.620192631727, 0.600400536275, 0.0255327754614, 36.3507706816, 20.3646389594, 1.26296744576, 79.273221181, 67.0321693201, 0.0679473298684, 0.458952930201, 0.000923058736511
0.999975899926, 0.886513385871, 0.497247333615, 0.901474407126, 0.762719845149, 0.990238723413, 0.907724726213, 0.711466468151, 0.717342408818, 0.201189001171, 0.360902816591, 0.815319622854, 44.9716783076, 4.57162155956, 0.488372996915, 15.5647229584, 7.16928149898, 73.5713111394, 18.7332640511, 0.00397830115021
0.999995493132, 0.847508827454, 0.998933912437, 0.00187499121132, 0.678654511131, 0.990238723413, 0.305192308827, 0.376231072984, 0.331936426881, 0.195995232197, 0.251925287224, 0.907700174879, 0.0790735552166, 0.180020638607, 0.00255402058926, 0.123891423387, 205.236564334, 0.219445115383, 37.0368050008, 0.00109462553394
0.797081967826, 0.978176113615, 0.38533151745, 0.613841455839, 0.00590702161656, 0.0401199260991, 0.99985182323, 0.341827899133, 0.0303469550994, 0.0737863680955, 0.544102949924, 0.776299328629, 0.0166997737263, 2.47488524553e-06, 0.399605811635, 70.0605053442, 44.3359167135, 183.145586081, 6.64768680181, 77.5454134109
0.369777931375, 0.989477822276, 0.969298619027, 0.131761499384, 0.573893132737, 0.196729449316, 0.999994381555, 0.969428364967, 0.224677944425, 0.244856984519, 0.544102949924, 0.744697623826, 2.26365322749, 1.27182819754e-05, 9.24282661873, 8.54339461506, 132.118138179, 4.81974123012, 1.66941910508, 270.403534895
0.999990311595, 0.999880969919, 0.662371613366, 0.994065278315, 0.30495140489, 0.375554852986, 0.00379589729107, 0.941328457797, 0.598766377183, 0.946709424527, 0.348897339767, 0.466561463328, 0.111309208584, 29.2122472653, 48.7570654132, 177.962211938, 1.52861486196, 131.29100177, 0.0462918389449, 0.00376794181361
0.999995493132, 0.99775913562, 0.999667498118, 0.777308818292, 0.981617364842, 0.978216578159, 0.999969428847, 0.345724766448, 0.733324972117, 0.0668967588589, 0.251925287224, 0.87969553064, 302.789793985, 0.00925691605855, 6.74288251314, 5.79675608005, 90.3413723723, 0.134934250088, 0.911418735401, 0.00183307038908
0.887322343532, 0.997923657532, 0.779561906307, 0.723719805787, 0.168783226535, 0.6042246571, 0.380345491775, 0.904249886558, 0.642123228021, 0.24713124646, 0.951991991626, 0.391819261768, 6.29219235402, 10.2511675388, 10.8361250362, 134.837374477, 61.9263215723, 63.3813621848, 0.598241574014, 36.5876058411
0.999975899926, 0.978176113615, 0.999782023009, 0.97173579188, 0.291096568132, 0.0847291064735, 0.456073466816, 0.959092266409, 0.548823048527, 0.236972416039, 0.254653676067, 0.776299328629, 4.71769307029, 5.62645850517, 111.740832039, 297.311866021, 12.1987066257, 0.0940984120538, 9.63133923045, 0.0106361248677
0.999990311595, 0.637252198266, 0.99990228162, 0.212031122609, 0.960194490695, 0.0218711299191, 0.289186693041, 0.969428364967, 0.0736832737262, 0.299671767764, 0.976501183321, 0.466561463328, 0.226363341503, 0.556395156554, 35.0068189473, 1.48368103736, 138.51819149, 0.0171797344634, 100.076852031, 0.00267291610949
0.999999122232, 0.998700080553, 0.99812251741, 0.999718867606, 0.840538946454, 0.375554852986, 0.0064064467611, 0.969428364967, 0.666892781845, 0.742525585749, 0.527549981743, 0.466561463328, 0.776555917096, 120.438205721, 201.547041796, 61.2320671604, 0.107983473799, 0.722501026916, 0.500891781821, 0.000338226420638
0.999999830718, 0.998700080553, 0.779261274044, 0.23070716213, 0.993734590501, 0.497385592713, 0.11699600726, 0.790561792688, 0.960838250108, 0.154550795071, 0.976501183321, 0.561431553634, 3.74964884314, 28.2997255839, 32.3862966028, 0.406261258481, 216.21536862, 79.614158421, 0.469454096455, 6.11347923432e-05
0.999995937639, 0.995520850725, 0.997672894324, 0.886212757744, 0.678654511131, 0.611475318829, 0.00250520862347, 0.666887278818, 0.369940400336, 0.24713124646, 0.149366262038, 0.839722417392, 0.408993926938, 162.848438251, 103.731973855, 126.420497908, 50.5127325856, 1.03546452241, 2.00200101711, 0.00181572050959
0.642716332989, 0.629244354835, 0.997662591857, 0.999598818949, 0.877217151733, 0.978860508371, 0.587842899414, 0.984541136733, 0.66229428209, 0.561156551457, 0.99760180689, 0.640757339893, 64.1875244516, 45.0041056856, 2.35810468554, 15.6134591508, 0.0510359385116, 0.298048237334, 75.1312214223, 112.648782841
0.985709984388, 0.789344283477, 0.99927282315, 0.40875499647, 0.115854325535, 0.999989946198, 0.999955198452, 0.999848131307, 0.0575175220477, 0.748687992462, 0.544102949924, 0.0364448462144, 15.1177387531, 0.000677328438366, 0.000151999095888, 115.377794578, 188.756891212, 0.232322514934, 85.2624949862, 5.86770586746
0.999990311595, 0.990596656288, 0.662371613366, 0.988446854683, 0.840538946454, 0.999921039584, 0.640932877179, 0.941328457797, 0.0766471105209, 0.922460722136, 0.348897339767, 0.337954595587, 138.510711103, 77.5972715497, 0.0170653236999, 41.0017025308, 3.00534388825, 132.596230832, 3.72801523628, 0.00384106670804
0.673727202889, 0.99775913562, 0.940211069211, 0.214412826067, 0.168694173052, 0.982041069614, 0.00379589729107, 0.345724766448, 0.632473218818, 0.154550795071, 0.251925287224, 0.466561463328, 0.0388072158802, 10.1846558824, 0.186960064878, 51.3013892536, 226.105915416, 18.302607545, 0.687514782895, 148.580990969
0.926556651376, 0.622965317035, 0.999716295397, 0.814758858973, 0.668554149113, 0.546499712742, 0.999850816451, 0.879582063885, 0.733324972117, 0.24713124646, 0.951991991626, 0.90785566716, 59.7188425002, 0.00891039817945, 49.5637096693, 54.1828988026, 37.1670426106, 0.0569390437504, 121.467815406, 25.5364434042
0.99999694308, 0.998700080553, 0.393404577313, 0.999930204328, 0.595523247306, 0.999921039584, 0.192182696211, 0.855292521412, 0.132481443909, 0.0684385026918, 0.222135591749, 0.0539917362173, 18.7082028536, 78.6377248624, 0.00768708192519, 66.1221441053, 0.0114106969133, 252.082905148, 0.540910762159, 0.00127202170763
0.999999122232, 0.99547811651, 0.99927282315, 0.995748871076, 0.133124422406, 0.999921039584, 0.999987885975, 0.998494949216, 0.642123228021, 0.748687992462, 0.449546744194, 0.776299328629, 47.5886980228, 0.000576497640498, 0.0037579656446, 309.914865958, 1.52630066853, 0.261271348291, 1.6320722967, 0.000316810880902
0.749249885088, 0.794469342387, 0.999738425959, 0.605426243602, 0.422424057851, 0.490066593061, 0.640932877179, 0.345724766448, 0.0463885309791, 0.489036760544, 0.251925287224, 0.00826235705358, 16.3347500117, 9.1511481117, 26.5190711691, 71.1058439437, 80.2348701353, 0.0532038688317, 52.6196604726, 85.6812680741
0.999998913934, 0.00031241813336, 0.00126739110417, 0.411820428057, 0.867595481879, 0.54103606382, 0.396246990597, 0.988521171591, 0.158104424417, 0.236972416039, 0.525501688325, 0.466561463328, 1.02803725832e-05, 1.56639823952e-05, 2.2008742261e-05, 7.31816481876e-06, 7.89407835145e-05, 0.105762101358, 338.851104245, 0.000368130042242
0.999996290545, 0.99775913562, 0.999582806761, 0.948764569324, 0.999507390217, 0.0492004411651, 0.00334366106838, 0.431494868035, 0.934850468343, 0.229104519821, 0.292403339575, 0.638044461132, 0.0498975591732, 14.8731338584, 288.387895562, 0.149487569079, 16.387548118, 0.133494100286, 0.718645435651, 0.00118962716246
0.716912347498, 0.989698284639, 0.998933912437, 0.460210920454, 0.997074832209, 0.375554852986, 0.999986674754, 0.664755558797, 0.939020434243, 0.0221710909588, 0.544102949924, 0.588849192481, 41.7132710241, 0.000555847017907, 69.3587009884, 0.325858973142, 130.661029582, 0.258331937757, 2.52227220066, 96.6801407436
0.749249885088, 0.997833573647, 0.494529050948, 0.214412826067, 0.960194490695, 0.978216578159, 0.999994493041, 0.345724766448, 0.642123228021, 0.154550795071, 0.165753732191, 0.466561463328, 34.0437827017, 0.000187478743541, 0.758108357752, 1.44274360508, 132.797407317, 172.782440165, 0.742145776676, 114.646221557
