0.999969863801, 0.99856742363, 0.170465375311, 0.994149388867, 0.377474252101, 0.884930526295, 0.602204283319, 0.823774478383, 0.134296793882, 0.723524233566, 0.640391139427, 0.783144507716, 0.139988046379, 0.748323894113, 1.65524318478e-09, 1.80106120392e-07, 4.9415086814e-08, 8.29979390125e-05, 1.75331546076
3.14806876067e-06, 8.72597336673e-05, 0.996531787558, 0.994149388867, 0.553624889392, 0.493360668563, 0.602204283319, 0.677030640178, 0.134296793882, 0.723524233566, 0.420258655153, 0.437551974141, 0.863543612094, 0.761972299892, 7.20672142486e-05, 0.00784159480922, 1.43943769792, 0.000197302723439, 7.11808890423e-06
0.999949309601, 0.99856742363, 0.998103144458, 0.994149388867, 0.738634584119, 0.787071793661, 0.276274573895, 0.823774478383, 0.110841314565, 0.326708882342, 0.640391139427, 0.415730925932, 0.139988046379, 0.0407824723367, 9.04232402118e-12, 9.83890411847e-10, 3.30224771547e-07, 0.000146748335124, 1.84301424
0.338235859005, 0.000309751145543, 0.996531787558, 0.0368721861657, 0.377474252101, 0.884930526295, 0.976658787242, 0.724478812906, 0.0965765428647, 0.495227802027, 0.519752575116, 0.966575811798, 0.0281507775287, 0.851459861637, 0.0101647415184, 0.000589387755539, 1.86893982423, 0.000909357379619, 1.09832537191
0.0214006991235, 0.99808830974, 0.996531787558, 0.182590991462, 0.448139761104, 0.952022782135, 0.602204283319, 0.135271778034, 0.605987905917, 0.326708882342, 0.00719025082337, 0.128733262408, 0.00421225705782, 0.578264509436, 3.17463382074e-05, 9.36344120917e-06, 0.00607543141488, 2.02322814289, 0.0680390572818
0.999949309601, 4.41799391326e-05, 0.998103144458, 0.994149388867, 0.738634584119, 0.937430335933, 0.276274573895, 0.823774478383, 0.110841314565, 0.326708882342, 0.640391139427, 0.415730925932, 0.139988046379, 0.0407824723367, 4.25581379679e-09, 4.63072809541e-07, 0.000155421895466, 1.07859678112e-08, 1.95194932373
0.0835942684366, 0.00735004047215, 0.0908939661, 0.0330175174816, 0.810884019256, 0.661671981044, 0.25636650686, 0.487163123861, 0.498070453873, 0.992794110468, 0.812218681498, 0.437551974141, 0.870583818945, 0.800045588821, 1.71867829287, 0.0892171870238, 0.247399616328, 0.0200747207184, 0.229642405273
0.00775995075477, 0.025106119835, 0.124076292816, 0.998270747987, 0.231588545702, 0.0119678370784, 0.961734558847, 0.566682960175, 0.698263136943, 0.711218839803, 0.708269514737, 0.0388029594543, 0.388177720748, 0.0837866324993, 0.00546793127387, 2.01300017347, 0.397376631845, 0.080960150774, 0.0250313783177
0.0214006991235, 0.000104841070967, 0.25113331663, 0.656862238897, 0.721312858377, 0.659027097684, 0.602204283319, 0.421633573305, 0.935369405093, 0.580715367031, 0.875706599952, 0.128733262408, 0.00420250771492, 0.851459861637, 0.91651277211, 1.53244941567, 0.743350057648, 0.000318524777275, 0.0650434200908
0.00923920492244, 0.323306510441, 0.00510550540335, 0.859515380212, 0.886831867662, 0.138375259729, 0.0266479178982, 0.426957093336, 0.581889693846, 0.167456199923, 0.137527197144, 0.954723267625, 0.870887433446, 0.367641644318, 0.40548199644, 1.80755770817, 0.0148566657499, 1.03100782191, 0.030771165164
0.116420779762, 0.997023506395, 0.568996328952, 0.994149388867, 0.632687643318, 0.186057339588, 0.96742480784, 0.868102582507, 0.486642091069, 0.288665494641, 0.163571124932, 0.954723267625, 0.458360989363, 0.50160184857, 4.86152182461e-05, 0.00528979574169, 0.00658173116451, 1.80604010783, 0.334011927642
0.192111558436, 0.148875607415, 0.996531787558, 0.0368721861657, 0.407350097126, 0.8549769599, 0.658037378564, 0.266168997362, 0.929444763889, 0.171279619101, 0.568933967146, 0.886714189307, 0.160474781379, 0.367641644318, 0.00906163896928, 0.000525425958342, 1.66611791474, 0.396894433526, 0.533139618379
0.00321609957369, 0.0422341774712, 0.379368209872, 0.304179369721, 0.00588960346265, 0.155320230181, 0.68833920538, 0.0839505866043, 0.61491270407, 0.950278346855, 0.158265933236, 0.485267843062, 0.173612727717, 0.0536206055158, 1.62082971399, 0.839302298291, 1.23778863177, 0.146521828118, 0.0111658061292
0.780026774832, 0.531123538825, 0.510142680467, 0.589978758066, 0.699330136458, 0.610646637201, 0.487888841979, 0.38542862231, 0.650506308624, 0.204569641782, 0.482251532549, 0.0889040918121, 0.107216903349, 0.537139670394, 0.142579393731, 0.189884727158, 0.245144936215, 0.376408860752, 1.41148598765
0.00775995075477, 0.025106119835, 0.124076292816, 0.579742004146, 0.231588545702, 0.0119678370784, 0.961734558847, 0.566682960175, 0.698263136943, 0.528238717575, 0.398533527538, 0.0388029594543, 0.0383046540902, 0.0837866324993, 1.30882477268, 1.68591549888, 0.421324769389, 0.085839262103, 0.0265399091241
0.299245707684, 0.0422341774712, 0.00316621219824, 0.59774971422, 0.00588960346265, 0.138375259729, 0.161982224991, 0.522863131933, 0.146481682121, 0.167456199923, 0.398533527538, 0.542225392434, 0.198815182731, 0.0417913994674, 1.07080264192, 1.46293095861, 0.00901673161019, 0.120451647699, 0.923081696402
0.14740983043, 0.919639227754, 0.996531787558, 0.0368721861657, 0.407350097126, 0.8549769599, 0.658037378564, 0.398167218425, 0.929444763889, 0.405035979836, 0.568933967146, 0.886714189307, 0.160474781379, 0.367641644318, 0.00109993122005, 6.37779122923e-05, 0.202238813191, 1.59364527677, 0.378762984522
0.101471059091, 0.0253012395949, 0.661376918636, 0.467319943386, 0.377474252101, 0.798521829423, 0.425647346447, 0.630761496398, 0.804306504403, 0.290151470127, 0.398533527538, 0.277724644492, 0.630817461059, 0.0377015864507, 0.577271847838, 0.520851530254, 1.32121917232, 0.060959042422, 0.24663381236
0.103736757552, 0.347852697185, 0.110814732467, 0.994149388867, 0.342104111053, 0.937019495825, 0.68833920538, 0.487163123861, 0.698263136943, 0.262695999294, 0.568933967146, 0.686230399922, 0.105593913549, 0.800045588821, 0.0124549483205, 1.35521622581, 0.238320764981, 0.8368842331, 0.26478916749
0.318730850665, 0.410332204423, 0.661376918636, 0.177474373888, 0.377474252101, 0.783104206533, 0.425647346447, 0.42096672533, 0.804306504403, 0.672274284269, 0.433594206266, 0.277724644492, 0.630817461059, 0.537139670394, 0.445034527406, 0.127382092243, 0.786609221126, 0.686025649915, 0.624739286423
0.318730850665, 0.302797540843, 0.125394892906, 0.887316079878, 0.458072524021, 0.661671981044, 0.487888841979, 0.857747544062, 0.650506308624, 0.405464855795, 0.646568657181, 0.545739404858, 0.158955264748, 0.537139670394, 0.178958333015, 1.00046323594, 0.202818619178, 0.533812640321, 0.637870069525
0.00321609957369, 0.341811833545, 0.379368209872, 0.304179369721, 0.00588960346265, 0.155320230181, 0.68833920538, 0.0839505866043, 0.61491270407, 0.950278346855, 0.158265933236, 0.485267843062, 0.173612727717, 0.0536206055158, 1.39583296162, 0.722793889208, 1.06596402869, 1.13050726633, 0.0111658061292
0.348397544504, 0.0897322837624, 0.873422484499, 0.582421920114, 0.374756793691, 0.8185179511, 0.407252670201, 0.440741327684, 0.782296485242, 0.836687103461, 0.449123537922, 0.572357794537, 0.394571890755, 0.41363504892, 0.13736888013, 0.178492922108, 1.11783941209, 0.161800182735, 0.701797396093
0.0104828072335, 0.134703162205, 0.479611844714, 0.0130646194332, 0.550746190834, 0.579408551717, 0.68833920538, 0.277337417313, 0.929444763889, 0.495227802027, 0.398533527538, 0.43994108855, 0.870583818945, 0.576485242844, 1.02330079025, 0.021002980211, 0.959972097378, 0.301428911145, 0.0236357528271
0.0120071473226, 0.207380095735, 0.0201681024497, 0.474382499335, 0.886831867662, 0.138375259729, 0.0846736561948, 0.426957093336, 0.581889693846, 0.167456199923, 0.607321068371, 0.377997075008, 0.870887433446, 0.367641644318, 1.22262610002, 1.12798664758, 0.0527166784018, 0.562181332138, 0.0331366691581
0.438057968797, 0.630121998326, 0.577605084069, 0.945566270875, 0.342104111053, 0.610646637201, 0.487888841979, 0.522863131933, 0.486642091069, 0.690203033258, 0.646568657181, 0.465625781532, 0.198815182731, 0.424616555436, 0.0266085989291, 0.310437273054, 0.398575599407, 0.770491431044, 0.757802846567
0.318730850665, 0.630121998326, 0.577605084069, 0.660343498927, 0.342104111053, 0.610646637201, 0.487888841979, 0.522863131933, 0.486642091069, 0.482572942864, 0.646568657181, 0.635106059795, 0.198815182731, 0.185152493821, 0.19121849841, 0.323731356893, 0.480972904176, 0.929774682101, 0.608600516232
0.466305847356, 0.255130049193, 0.577605084069, 0.660343498927, 0.342104111053, 0.820356737849, 0.487888841979, 0.812782938125, 0.650506308624, 0.866432787575, 0.486978298326, 0.501795870834, 0.198815182731, 0.537139670394, 0.316231936123, 0.53537808646, 0.795419867719, 0.427760526593, 0.986164985562
0.116420779762, 0.645768732123, 0.568996328952, 0.994149388867, 0.632687643318, 0.186057339588, 0.96742480784, 0.426957093336, 0.486642091069, 0.473449922532, 0.163571124932, 0.954723267625, 0.458360989363, 0.50160184857, 0.00497110738187, 0.540903519695, 0.673009266599, 1.38822350607, 0.3023469129
0.0104828072335, 0.0493567448317, 0.999431867182, 0.0317149177977, 0.283801670139, 0.378411121387, 0.662194683698, 0.871228203107, 0.872118167668, 0.982781563241, 0.568933967146, 0.90365091262, 0.308599129022, 0.424616555436, 0.00160572208483, 8.00595847905e-05, 1.80152233308, 0.139951509043, 0.0297565853995
0.0158007752483, 0.0121643557467, 0.661376918636, 0.177474373888, 0.377474252101, 0.783104206533, 0.425647346447, 0.683889427577, 0.8131369798, 0.672274284269, 0.433594206266, 0.130603664583, 0.630817461059, 0.935771317285, 0.784701475036, 0.224604855401, 1.38697871307, 0.0307542042752, 0.0399585202044
0.00321609957369, 0.645768732123, 0.379368209872, 0.346512053067, 0.00588960346265, 0.155320230181, 0.68833920538, 0.0839505866043, 0.61491270407, 0.473449922532, 0.398533527538, 0.485267843062, 0.122623475645, 0.218204422149, 0.679747267137, 0.411443972762, 0.538837685467, 1.54353043415, 0.00918299951991
0.318730850665, 0.271496899504, 0.661376918636, 0.177474373888, 0.377474252101, 0.354679347612, 0.425647346447, 0.398167218425, 0.8131369798, 0.672274284269, 0.433594206266, 0.277724644492, 0.630817461059, 0.390785676952, 0.491714737739, 0.140743354106, 0.869117614589, 0.458187145348, 0.606064418457
0.348397544504, 0.00941032121742, 0.340365629258, 0.385238639178, 0.407350097126, 0.8185179511, 0.487888841979, 0.828594369405, 0.636531352272, 0.331679260884, 0.349857162367, 0.954723267625, 0.227975048104, 0.576485242844, 0.951251597467, 0.657977484894, 0.684931381377, 0.0198713979556, 0.819185512135
0.0104828072335, 0.134703162205, 0.0522088447792, 0.0130646194332, 0.550746190834, 0.579408551717, 0.68833920538, 0.301739677413, 0.929444763889, 0.951147281071, 0.398533527538, 0.686230399922, 0.630817461059, 0.634379356447, 1.51153477253, 0.0310238545875, 0.124264968655, 0.325851074836, 0.0255507523615
0.0835942684366, 0.147597332739, 0.110814732467, 0.266727441005, 0.231588545702, 0.108242951549, 0.474298621512, 0.398167218425, 0.593149616689, 0.173667286024, 0.812218681498, 0.437551974141, 0.571431818021, 0.661641323168, 1.28853399957, 0.573839697469, 0.248038520716, 0.338124032612, 0.194347026989
0.318730850665, 0.630121998326, 0.577605084069, 0.945566270875, 0.342104111053, 0.610646637201, 0.487888841979, 0.522863131933, 0.486642091069, 0.690203033258, 0.646568657181, 0.465625781532, 0.198815182731, 0.424616555436, 0.0302190132385, 0.352559264361, 0.452656727515, 0.875036330056, 0.572770556616
0.180351202502, 0.255130049193, 0.0201681024497, 0.945566270875, 0.00368470684976, 0.661671981044, 0.403985099438, 0.266168997362, 0.439260320535, 0.505305444421, 0.482251532549, 0.377997075008, 0.523644253022, 0.576512159651, 0.102755105721, 1.19882354187, 0.0381307195097, 0.510043336613, 0.380621507499
0.180351202502, 0.255130049193, 0.0201681024497, 0.474382499335, 0.0923191350546, 0.661671981044, 0.403985099438, 0.600444293163, 0.439260320535, 0.505305444421, 0.607321068371, 0.377997075008, 0.523644253022, 0.576512159651, 0.810624242704, 0.747876494667, 0.0349521554518, 0.467526294225, 0.34889302561
0.780026774832, 0.531123538825, 0.811088514182, 0.780441981334, 0.550746190834, 0.610646637201, 0.487888841979, 0.389566442681, 0.274426202734, 0.204569641782, 0.344988258903, 0.635106059795, 0.160474781379, 0.576512159651, 0.0298842548311, 0.0831878771577, 0.289083204682, 0.33339824045, 1.25020155945
0.584311936947, 0.200506333396, 0.538561735197, 0.656862238897, 0.666439978789, 0.354679347612, 0.485012259317, 0.266168997362, 0.486642091069, 0.261874287427, 0.412094872202, 0.197751209161, 0.292521145034, 0.329216426934, 0.261824590632, 0.437782159869, 0.575970161471, 0.250663709035, 1.05791272016
0.192111558436, 0.639709181257, 0.998428250923, 0.0368721861657, 0.407350097126, 0.856160187657, 0.658037378564, 0.266168997362, 0.128351280701, 0.495227802027, 0.388866982444, 0.886714189307, 0.160474781379, 0.367641644318, 0.00207953733252, 0.000120578948196, 0.843706883439, 1.32813191985, 0.48977854637
0.116420779762, 0.432598472933, 0.568996328952, 0.994149388867, 0.632687643318, 0.186057339588, 0.96742480784, 0.426957093336, 0.486642091069, 0.473449922532, 0.163571124932, 0.954723267625, 0.458360989363, 0.50160184857, 0.00732150941159, 0.7966495, 0.991216503885, 1.02737194693, 0.3023469129
0.0954058243608, 0.302797540843, 0.125394892906, 0.887316079878, 0.458072524021, 0.752247603862, 0.487888841979, 0.857747544062, 0.650506308624, 0.405464855795, 0.646568657181, 0.545739404858, 0.55587810546, 0.537139670394, 0.190219057899, 1.06341610919, 0.21558072214, 0.567402119955, 0.187103561236
0.484605429013, 0.000104841070967, 0.590346211294, 0.522494184917, 0.721312858377, 0.952022782135, 0.602204283319, 0.724478812906, 0.921903333252, 0.70150034696, 0.875706599952, 0.128733262408, 0.0103395986012, 0.851459861637, 0.644061512527, 0.691263232399, 1.25979094262, 0.000259330631359, 1.50034215595
0.338235859005, 0.99808830974, 0.00316621219824, 0.0368721861657, 0.00588960346265, 0.735225726661, 0.68833920538, 0.398167218425, 0.500415710902, 0.950278346855, 0.398533527538, 0.954723267625, 0.0383046540902, 0.0536206055158, 0.00562799944773, 0.000326331363829, 2.80379570501e-05, 1.87736860901, 1.10326721219
0.318730850665, 0.744981210986, 0.320774847031, 0.660343498927, 0.84796663775, 0.268725701505, 0.516504358443, 0.637636035236, 0.486642091069, 0.0516422278957, 0.646568657181, 0.635106059795, 0.198815182731, 0.496324568437, 0.23241541675, 0.393477403354, 0.251958108181, 1.23228219316, 0.732224556698
0.205042202031, 0.421587940471, 0.212429007237, 0.988550570646, 0.810884019256, 0.107451269071, 0.425647346447, 0.566682960175, 0.698263136943, 0.211418128477, 0.708269514737, 0.263754158777, 0.251757745962, 0.0837866324993, 0.0218294394209, 1.21364602189, 0.420772196165, 1.00166048629, 0.543610393175
0.00321609957369, 0.0422341774712, 0.379368209872, 0.346512053067, 0.00588960346265, 0.155320230181, 0.68833920538, 0.0839505866043, 0.61491270407, 0.950278346855, 0.398533527538, 0.485267843062, 0.173612727717, 0.0536206055158, 1.48624883335, 0.899611008485, 1.17815388175, 0.139462632091, 0.0106278547859
0.247101498038, 0.531123538825, 0.19969556583, 0.767766162958, 0.477796855406, 0.752247603862, 0.68833920538, 0.550269893741, 0.35531142656, 0.573458570579, 0.263464679423, 0.118150931661, 0.55587810546, 0.537139670394, 0.28160443932, 0.737408760497, 0.256057965847, 0.915224569666, 0.505152162176
0.175150926615, 0.116238175557, 0.275412484021, 0.875476218148, 0.0575409851436, 0.157436970118, 0.641518736885, 0.566682960175, 0.698263136943, 0.414332059437, 0.708269514737, 0.619792846595, 0.388177720748, 0.576485242844, 0.243861908991, 1.23078759876, 0.579417025169, 0.25518367833, 0.396723542484
0.484605429013, 0.000104841070967, 0.590346211294, 0.522494184917, 0.721312858377, 0.952022782135, 0.602204283319, 0.724478812906, 0.921903333252, 0.70150034696, 0.875706599952, 0.128733262408, 0.0103395986012, 0.851459861637, 0.644061512527, 0.691263232399, 1.25979094262, 0.000259330631359, 1.50034215595
0.023908454251, 0.00735004047215, 0.0492044659268, 0.229116312547, 0.565553630924, 0.291417021157, 0.918605041051, 0.398167218425, 0.892564575482, 0.992794110468, 0.420258655153, 0.582339691077, 0.234559641152, 0.370530571665, 1.61375398971, 0.607228274861, 0.133531154333, 0.0199673114063, 0.0649823258326
0.0835942684366, 0.255130049193, 0.0522088447792, 0.156416661576, 0.374756793691, 0.579408551717, 0.474298621512, 0.594011160827, 0.593149616689, 0.405035979836, 0.205295299371, 0.61510362669, 0.571431818021, 0.202278786823, 1.09690605005, 0.275065860195, 0.0929504110482, 0.480749256779, 0.162752484132
0.180351202502, 0.858670553566, 0.0201681024497, 0.660343498927, 0.00368470684976, 0.661671981044, 0.477381957504, 0.266168997362, 0.439260320535, 0.505305444421, 0.482251532549, 0.377997075008, 0.523644253022, 0.576512159651, 0.145393702143, 0.246150350881, 0.00905981212954, 1.26717505145, 0.37818763992
0.866736237699, 0.00941032121742, 0.340365629258, 0.385238639178, 0.407350097126, 0.8185179511, 0.487888841979, 0.828594369405, 0.636531352272, 0.974910047489, 0.349857162367, 0.197751209161, 0.227975048104, 0.576485242844, 0.24350806687, 0.168433699157, 0.175333546942, 0.00508682005376, 1.61993197746
0.0104828072335, 0.410332204423, 0.996531787558, 0.00186939154826, 0.407350097126, 0.8549769599, 0.881631152483, 0.277337417313, 0.929444763889, 0.0998949245617, 0.568933967146, 0.886714189307, 0.158667903235, 0.367641644318, 0.00854581103513, 2.50942768864e-05, 1.56864724981, 1.17907167791, 0.0323161750331
0.780026774832, 0.531123538825, 0.811088514182, 0.716219576088, 0.550746190834, 0.610646637201, 0.487888841979, 0.389566442681, 0.650506308624, 0.204569641782, 0.482251532549, 0.635106059795, 0.160474781379, 0.542961871594, 0.0365052869813, 0.0763968035312, 0.276909842504, 0.319358761626, 1.19755527585
0.466305847356, 0.00665768939248, 0.577605084069, 0.273115966326, 0.407350097126, 0.00146181088448, 0.447732479861, 0.576762664187, 0.540555509269, 0.473007768895, 0.349857162367, 0.183834260409, 0.226965957117, 0.576485242844, 0.612530929024, 0.2801856132, 0.86164989178, 0.0114379976252, 0.983686959218
0.00775995075477, 0.919639227754, 0.00655916333601, 0.996743790953, 0.144335190319, 0.729447881145, 0.25636650686, 0.398167218425, 0.698263136943, 0.237365624089, 0.344772932341, 0.298242323959, 0.633697668238, 0.800045588821, 0.000985001014355, 0.192575367265, 0.00198422129543, 1.51757503777, 0.0186474651236
0.0214006991235, 0.000104841070967, 0.177910628237, 0.522494184917, 0.407350097126, 0.952022782135, 0.425647346447, 0.42096672533, 0.921903333252, 0.70150034696, 0.349857162367, 0.128733262408, 0.630817461059, 0.851459861637, 1.14229279281, 1.22600868542, 0.480874247928, 0.000287097121456, 0.0586258275964
0.0835942684366, 0.200506333396, 0.538561735197, 0.514008343546, 0.666439978789, 0.354679347612, 0.485012259317, 0.266168997362, 0.486642091069, 0.261874287427, 0.412094872202, 0.61510362669, 0.295650238242, 0.329216426934, 0.54119138199, 0.565548294828, 0.883847863489, 0.38465288396, 0.163993835045
0.0626884941859, 0.255130049193, 0.0201681024497, 0.474382499335, 0.0923191350546, 0.661671981044, 0.403985099438, 0.266168997362, 0.439260320535, 0.435056873184, 0.607321068371, 0.377997075008, 0.523644253022, 0.576512159651, 0.873020918339, 0.805443249514, 0.0376425490912, 0.503513481623, 0.127506459532
0.392142911147, 0.347852697185, 0.110814732467, 0.994149388867, 0.342104111053, 0.937019495825, 0.68833920538, 0.487163123861, 0.540555509269, 0.262695999294, 0.568933967146, 0.686230399922, 0.105593913549, 0.576485242844, 0.00953326775554, 1.03730973545, 0.182415503124, 0.640568011142, 0.872614463568
0.584311936947, 0.102392829102, 0.538561735197, 0.522494184917, 0.666439978789, 0.354679347612, 0.485012259317, 0.178269366495, 0.486642091069, 0.14440449135, 0.412094872202, 0.197751209161, 0.292521145034, 0.329216426934, 0.393139061353, 0.421951278018, 0.651184108809, 0.141124465912, 1.15209780326
0.426465736605, 0.0253012395949, 0.212429007237, 0.656862238897, 0.666439978789, 0.354679347612, 0.476557084699, 0.266168997362, 0.61491270407, 0.171279619101, 0.486459284372, 0.149779668746, 0.160474781379, 0.329216426934, 0.566975555259, 0.94800791085, 0.382910044335, 0.0464882249872, 0.926750298621
0.0158007752483, 0.0121643557467, 0.25113331663, 0.177474373888, 0.377474252101, 0.783104206533, 0.425647346447, 0.683889427577, 0.8131369798, 0.672274284269, 0.875706599952, 0.463569185483, 0.630817461059, 0.935771317285, 1.42979713373, 0.409250382077, 0.619128335185, 0.0307851334572, 0.0399987060709
0.0104828072335, 0.410332204423, 0.996531787558, 0.0368721861657, 0.407350097126, 0.8549769599, 0.881631152483, 0.266168997362, 0.929444763889, 0.171279619101, 0.568933967146, 0.886714189307, 0.158667903235, 0.367641644318, 0.00832752165975, 0.00048285923369, 1.53113946271, 1.15087899822, 0.0315434658003
0.205042202031, 0.391802329034, 0.275412484021, 0.77287329156, 0.699330136458, 0.46454837144, 0.961734558847, 0.424560346306, 0.557423711711, 0.211418128477, 0.708269514737, 0.619792846595, 0.460697734224, 0.576485242844, 0.346660494751, 0.930084225783, 0.458369196583, 0.773026369735, 0.446820505355
0.491406683883, 0.997023506395, 0.0914202237259, 0.139863724145, 0.864414377738, 0.814893333757, 0.320105401053, 0.06982718986, 0.0965765428647, 0.315612715886, 0.688468774046, 0.277724644492, 0.203040293425, 0.642301688812, 0.005952872917, 0.00132928686037, 0.000881972339416, 1.31813073903, 1.28303142348
0.0478419320966, 0.467550225345, 0.396307278453, 0.020599029897, 0.810884019256, 0.783104206533, 0.25636650686, 0.42096672533, 0.498070453873, 0.992794110468, 0.419070897198, 0.437551974141, 0.870583818945, 0.531863158685, 0.982011163762, 0.0317859115887, 0.705175443857, 1.09198444156, 0.122682972754
0.0158007752483, 0.271496899504, 0.661376918636, 0.177474373888, 0.377474252101, 0.783104206533, 0.425647346447, 0.683889427577, 0.8131369798, 0.672274284269, 0.433594206266, 0.130603664583, 0.630817461059, 0.935771317285, 0.714548677911, 0.204525042433, 1.26298195842, 0.665827142887, 0.0399585202044
0.189451156554, 0.323306510441, 0.837536719924, 0.52169371207, 0.896249351975, 0.138375259729, 0.159139326182, 0.426957093336, 0.581889693846, 0.167456199923, 0.747727387996, 0.377997075008, 0.870887433446, 0.367641644318, 0.253051539559, 0.270913290624, 1.42098809904, 0.817302866066, 0.515453085997
0.338235859005, 0.99808830974, 0.00133058561237, 0.0368721861657, 0.00588960346265, 0.735225726661, 0.101672184385, 0.398167218425, 0.500415710902, 0.950278346855, 0.398533527538, 0.0905374869457, 0.0383046540902, 0.0536206055158, 0.00584536718776, 0.000338935116142, 1.22378175542e-05, 1.94985753206, 1.14586654599
0.318730850665, 0.741632772383, 0.661376918636, 0.177474373888, 0.377474252101, 0.783104206533, 0.425647346447, 0.42096672533, 0.8131369798, 0.672274284269, 0.433594206266, 0.277724644492, 0.630817461059, 0.390785676952, 0.222495369716, 0.0636847794127, 0.393265912415, 1.06193236544, 0.632419729897
0.588371888469, 0.147597332739, 0.538561735197, 0.780138336831, 0.666439978789, 0.500051895614, 0.425647346447, 0.266168997362, 0.486642091069, 0.171279619101, 0.486459284372, 0.197751209161, 0.292521145034, 0.329216426934, 0.178968324335, 0.497442776058, 0.596920450702, 0.188250783044, 1.08539563625
0.00923920492244, 0.323306510441, 0.00510550540335, 0.80167896337, 0.886831867662, 0.138375259729, 0.0266479178982, 0.426957093336, 0.581889693846, 0.167456199923, 0.137527197144, 0.954723267625, 0.870887433446, 0.367641644318, 0.567799234647, 1.76331634908, 0.0148566657499, 1.03100782191, 0.030771165164
0.466305847356, 0.255130049193, 0.487374376725, 0.660343498927, 0.342104111053, 0.440536668034, 0.487888841979, 0.0979534717729, 0.650506308624, 0.866432787575, 0.486978298326, 0.501795870834, 0.198815182731, 0.537139670394, 0.361347633033, 0.61175859305, 0.682869871177, 0.417525945134, 0.962570041079
0.0835942684366, 0.821642154832, 0.110814732467, 0.266727441005, 0.580044296402, 0.107451269071, 0.474298621512, 0.728507788747, 0.593149616689, 0.173667286024, 0.737258126146, 0.686719776735, 0.571431818021, 0.661641323168, 0.357855120519, 0.159368300848, 0.0688859236572, 1.38235859119, 0.189974485792
0.101471059091, 0.0422341774712, 0.661376918636, 0.467319943386, 0.377474252101, 0.656500860891, 0.425647346447, 0.522863131933, 0.804306504403, 0.672274284269, 0.398533527538, 0.277724644492, 0.630817461059, 0.0377015864507, 0.541008776791, 0.48813267151, 1.2382228078, 0.0954538295399, 0.231467421698
0.189451156554, 0.424540009705, 0.274997473034, 0.52169371207, 0.896249351975, 0.354679347612, 0.68833920538, 0.487163123861, 0.471988921771, 0.262695999294, 0.568933967146, 0.686230399922, 0.160474781379, 0.661641323168, 0.676042661774, 0.723761421972, 0.456569397561, 0.858450770194, 0.42566338537
0.023908454251, 0.000701183020235, 0.518804403483, 0.364703405176, 0.677151664941, 0.622134241546, 0.918605041051, 0.677030640178, 0.892564575482, 0.505305444421, 0.420258655153, 0.582339691077, 0.234559641152, 0.370530571665, 0.868240487212, 0.560042803776, 1.09610718036, 0.0016590634317, 0.0565962205603
0.0478419320966, 0.0454380758732, 0.212429007237, 0.630415432631, 0.475108266384, 0.354679347612, 0.329549741282, 0.652538373214, 0.61491270407, 0.505305444421, 0.603575874538, 0.686230399922, 0.105002375071, 0.837763753967, 0.723072881101, 1.10234020339, 0.456991565018, 0.0997567118084, 0.105321816236
0.37603933263, 0.531123538825, 0.125394892906, 0.177474373888, 0.420678468185, 0.894510291599, 0.266417886508, 0.724478812906, 0.593149616689, 0.371767088608, 0.412094872202, 0.619792846595, 0.6235653684, 0.576485242844, 0.70229250527, 0.201016962008, 0.145775550111, 0.821540310951, 0.743607825482
0.0478419320966, 0.0454380758732, 0.110814732467, 0.630415432631, 0.475108266384, 0.107451269071, 0.329549741282, 0.652538373214, 0.61491270407, 0.505305444421, 0.39638322004, 0.686230399922, 0.571431818021, 0.837763753967, 0.744082636243, 1.13437002827, 0.238559916423, 0.0984812643755, 0.103975215715
0.0835942684366, 0.00735004047215, 0.694351050159, 0.0330175174816, 0.810884019256, 0.661671981044, 0.25636650686, 0.487163123861, 0.498070453873, 0.992794110468, 0.812218681498, 0.437551974141, 0.388177720748, 0.800045588821, 0.744902794757, 0.0386681627562, 1.43235854386, 0.0186459663575, 0.213298337897
0.491406683883, 0.432598472933, 0.018806553492, 0.139863724145, 0.864414377738, 0.814893333757, 0.320105401053, 0.06982718986, 0.0965765428647, 0.315612715886, 0.688468774046, 0.277724644492, 0.203040293425, 0.642301688812, 1.00026557869, 0.223361040824, 0.0302856729036, 0.828352595404, 1.28303142348
0.023908454251, 0.00310276657585, 0.518804403483, 0.229116312547, 0.677151664941, 0.622134241546, 0.918605041051, 0.677030640178, 0.892564575482, 0.505305444421, 0.420258655153, 0.582339691077, 0.234559641152, 0.370530571665, 0.966990111735, 0.363861989561, 1.09609482673, 0.00734140313669, 0.0565962205603
0.426465736605, 0.0253012395949, 0.212429007237, 0.656862238897, 0.666439978789, 0.354679347612, 0.476557084699, 0.266168997362, 0.61491270407, 0.171279619101, 0.486459284372, 0.149779668746, 0.160474781379, 0.329216426934, 0.566975555259, 0.94800791085, 0.382910044335, 0.0464882249872, 0.926750298621
0.455547667594, 0.00310276657585, 0.421223978052, 0.599546963312, 0.301757027212, 0.540613092774, 0.620500376149, 0.677030640178, 0.486642091069, 0.505305444421, 0.420258655153, 0.373592904527, 0.111512563826, 0.370530571665, 0.447394385306, 0.614864921334, 0.5921781653, 0.00469738190001, 0.837800844766
0.0835942684366, 0.401178465355, 0.0342205115586, 0.514008343546, 0.666439978789, 0.354679347612, 0.762390348092, 0.266168997362, 0.486642091069, 0.261874287427, 0.412094872202, 0.61510362669, 0.295650238242, 0.329216426934, 0.730551210169, 0.763430470154, 0.0568539139375, 0.771816041889, 0.172978958568
0.0120071473226, 0.323306510441, 0.0201681024497, 0.80167896337, 0.886831867662, 0.138375259729, 0.159139326182, 0.426957093336, 0.581889693846, 0.167456199923, 0.482251532549, 0.377997075008, 0.870887433446, 0.367641644318, 0.452181443639, 1.40426207657, 0.0467521509796, 0.821455226791, 0.0318634008294
