0.152774615649, 0.992141853238, 0.018323495502, 0.999483368118, 0.703148277447, 0.994632119738, 0.0798390684783, 0.669820899594, 0.888569399739, 0.132524879564, 0.860586385288, 0.607028060926, 0.367645745892, 0.809254763875, 0.526339227086, 0.656909676763, 0.316935326357, 0.0591671793065, 1.54791411592e-111, 0.0772198753135, 7.74178768541e-17, 1.22710608627, 3.86540536881e-174, 1.06592037122, 6.50100794283e-82
0.985132483692, 0.0172406302177, 0.984896201413, 0.993330484142, 0.994254371955, 0.390171900751, 0.999803168522, 0.443487342606, 0.00843063881164, 0.333954963789, 0.612259620538, 0.44440717262, 0.692281535943, 0.697607298271, 0.810715310709, 0.569608436115, 0.745853951344, 0.018191532511, 0.593941828269, 1.2464255214e-41, 0.722944865992, 0.972158432535, 0.481732909912, 1.01769604486e-176, 0.524999406185
0.00106043445223, 0.058910139817, 0.226364415615, 0.103371145967, 0.00291115476669, 0.989398774945, 0.990983718851, 0.185260701938, 0.39955726949, 0.434787786816, 0.833106494338, 0.642523807947, 0.819686041612, 0.50668720363, 0.459100650627, 0.431442739357, 0.993044920599, 1.10162302469, 0.811672043816, 0.822229243438, 6.3942119938e-254, 6.90542889678e-99, 7.58705565031e-65, 2.61976852604e-123, 8.86421886259e-298
0.0186255019216, 0.130221662706, 0.997929021595, 0.00263414720534, 0.281154305389, 0.00920235270643, 0.249527868944, 0.232349771866, 0.718179810912, 0.585524743306, 0.511481547338, 0.565373347706, 0.993468845366, 0.736302297077, 0.355943009359, 0.578542176761, 0.628255569113, 0.427198474686, 3.45664937344e-61, 1.64678556968e-204, 5.26287925879e-56, 7.77595412953e-259, 1.41040226317, 6.80529136675e-89, 2.37313037773e-173
0.97459225559, 0.987433200115, 0.877807081361, 0.127998671379, 0.0248069916231, 0.640155642664, 0.994899242108, 0.495271348654, 0.457971336707, 0.621960322937, 0.70109388928, 0.781981197576, 0.457178436575, 0.310507440644, 0.428764116394, 0.0270340874396, 0.523646408837, 0.74043850367, 1.01800526744, 8.40688856621e-20, 5.66875250666e-161, 1.0390194273e-89, 4.32499389739e-06, 0.598009004431, 0.167743833526
0.989396131139, 0.991069417653, 0.823728613746, 0.0144631264258, 0.000571821595835, 0.013822505969, 0.115849738936, 0.51588323673, 0.86604279477, 0.01492445302, 0.0188111393068, 0.937949561024, 0.691072504691, 0.582498805372, 0.972897109976, 0.945761864801, 0.969393053628, 1.70376685561, 6.56199640696e-94, 3.06343491408e-186, 0.0, 2.84281299525e-184, 1.01378361951e-08, 1.26988588735, 1.27644698916
0.0303127534857, 0.058910139817, 0.993624653326, 0.999805808641, 0.992332735625, 0.715490459072, 0.191816307513, 0.744998418945, 0.0231397127707, 0.544883873895, 0.35945177498, 0.413046748274, 0.964229423334, 0.104422738934, 0.237864218556, 0.945761864801, 0.00951210871409, 0.0334954997038, 1.02248981263e-73, 1.5187665669e-16, 0.0298271255265, 1.48408143583, 1.6189943825, 3.60498308587e-123, 5.01691393338e-152
0.11550171114, 0.0632116673018, 0.284297568605, 0.99632904162, 0.986630556379, 0.999937667356, 0.285077933634, 0.444717154991, 0.506387534131, 0.434787786816, 0.474250480236, 0.640480402228, 0.394054788019, 0.566475057197, 0.537802015941, 0.431442739357, 0.739919797899, 0.00460835621953, 2.27000146576e-57, 0.472102351621, 0.204561358099, 0.980245811646, 4.14585351072e-55, 2.08941143641e-120, 3.15603078875e-94
0.000286385631347, 0.0125593978802, 0.27249460377, 0.992279605272, 0.999986768424, 0.936597751104, 0.191816307513, 0.744998418945, 0.0231397127707, 0.614371487191, 0.35945177498, 0.413046748274, 0.964229423334, 0.0243161140815, 0.0209570992486, 0.945761864801, 0.00951210871409, 0.00379538379545, 1.15858586979e-74, 8.52486227202e-06, 1.8272969473, 1.61449341231, 1.31525207036e-56, 3.02064902107e-190, 0.0
0.840368937906, 0.994374247589, 0.45354006844, 0.992279605272, 0.00941722589665, 0.999233217975, 0.99966125961, 0.232349771866, 0.520776934461, 0.0455447163397, 0.571986697803, 0.0105154085221, 0.0481337838211, 0.114184205071, 0.928273805681, 0.533591726885, 0.879613991182, 0.00626803145585, 0.119676873772, 1.02859273406, 4.01411662187e-203, 0.914950287405, 9.95739435829e-35, 1.7183759675, 9.69483807771e-08
0.996643173144, 0.994887700553, 0.18653619687, 0.0149922803247, 0.00387590952087, 0.121716554331, 0.999997430703, 0.00981749020749, 0.213666992484, 0.648148647279, 0.36319497099, 0.868843251318, 0.202348817285, 0.540587032805, 0.939536178415, 0.440688460395, 0.996842006077, 0.000209554882824, 0.519300549239, 2.79578414681e-92, 5.60921036794e-242, 3.14998218323e-183, 9.7241242526e-74, 0.712333104781, 1.83169389432
0.985132483692, 0.994374247589, 0.45354006844, 0.992279605272, 0.00941722589665, 0.265145396711, 0.257435720235, 0.340561796752, 0.432740836861, 0.994008561223, 0.985436278774, 0.463185201558, 0.1147718542, 0.998481041509, 0.928273805681, 0.533591726885, 0.236735819895, 0.953224213412, 1.74660873191e-59, 3.3398279866e-58, 3.69499423676e-203, 0.842211713649, 9.16578122485e-35, 1.58176502942, 0.743737411269
0.0303127534857, 0.51463063579, 0.342091939481, 0.985656841111, 0.98748941647, 0.530878843754, 0.999770569655, 0.282115443194, 0.36707840569, 0.500718652614, 0.313625385273, 0.718301199549, 0.457178436575, 0.293155246921, 0.447325194064, 0.456670490308, 0.0366458743685, 0.0422883862245, 1.18628695146, 5.89016204189e-28, 0.567605978019, 0.51097259057, 5.75552758622e-47, 3.12870501026e-29, 3.22358985914e-152
0.484037443852, 0.39471127955, 0.00594818674389, 0.794866475289, 0.990488258664, 0.999179691279, 0.847626843223, 0.114267986904, 0.505183066512, 0.544883873895, 0.98682898172, 0.282561347132, 0.365305015165, 0.997287391669, 0.96035196311, 0.999994692159, 0.449708158536, 0.219966104871, 2.28531368558e-08, 1.76828953104, 1.22962736792, 3.63911192966e-10, 9.33333508519e-223, 1.44388002446e-40, 1.04585929686e-31
0.98792060694, 0.980107772767, 0.358048897773, 0.166663546935, 0.416277627671, 0.989398774945, 0.999969899492, 0.520165813843, 0.466678117881, 0.359694491726, 0.762913542336, 0.631204704559, 0.0771251967798, 0.425887028674, 0.516854607897, 0.663968815828, 0.661538525215, 0.00475563466091, 1.00729921489, 0.605283313579, 1.60151290684e-38, 2.82023552346e-78, 4.57569919125e-45, 0.251244171635, 0.604305605424
0.994339211554, 0.00138764580596, 0.993624653326, 0.985656841111, 0.998796570351, 0.0984141545883, 0.000253986458342, 0.0224223586571, 0.774966195595, 0.212945546975, 0.0362608831999, 0.413046748274, 0.906665152978, 0.621863523393, 0.684383157978, 0.138278383779, 0.549960429766, 0.137451282877, 0.0, 4.36541245812e-102, 0.763133797475, 0.301128670866, 0.907037016889, 3.26693347857e-286, 1.52062870557
0.00690201189414, 4.72620921946e-05, 0.835763764063, 0.0575797325569, 0.00220366561254, 0.9965959083, 0.999925942436, 0.654884614062, 0.904840530035, 0.965658468345, 0.246880926144, 0.631204704559, 0.771357745841, 0.330773845708, 0.813684616314, 0.647172497904, 0.241992325346, 0.00901920999872, 0.77812769815, 1.59521913277, 5.75260409289e-266, 2.9666024587e-124, 4.50452271652e-08, 0.0, 2.2022435834e-216
0.985132483692, 0.00185506800539, 0.185566127315, 0.132067152156, 0.0672784402347, 0.989398774945, 0.000253986458342, 0.937428010356, 0.858026209252, 0.140686259401, 0.0210433207826, 0.544536988338, 0.906665152978, 0.0942752548475, 0.472832155857, 0.513908957413, 0.973527440114, 1.79892432188, 0.0, 1.08095660503, 2.02145624816e-117, 3.95871476356e-88, 2.33315366205e-73, 2.25972935351e-273, 0.769001779331
0.980006321523, 0.00342223228822, 0.995610991812, 0.00619674056654, 0.999271853393, 0.555493308347, 0.999969899492, 0.861582101574, 0.317302394825, 0.83530841866, 0.246880926144, 0.314474011988, 0.178219967745, 0.958632541247, 0.961645841333, 0.376572084595, 0.525024271955, 0.000517395414817, 0.109590419007, 5.05569039123e-27, 0.989085737925, 2.57237867131e-221, 1.59076241863, 7.9504297749e-247, 0.396903416182
0.267787506015, 0.980107772767, 0.00797520551995, 0.988099503312, 0.477202136295, 0.221141447449, 0.736136304609, 0.523325966891, 0.0948558507508, 0.533867872632, 0.929170894781, 0.889538616518, 0.559884199704, 0.582498805372, 0.0354623721576, 0.235674048466, 0.241392871967, 1.62207393412, 1.26477767899e-13, 7.46801721223e-66, 1.8898548249e-32, 0.833054075457, 4.27770452146e-210, 0.38984778082, 1.76099668579e-57
0.985132483692, 0.0172406302177, 0.984896201413, 0.0829541037607, 0.994254371955, 0.390171900751, 0.999803168522, 0.443487342606, 0.00843063881164, 0.333954963789, 0.612259620538, 0.0565510813267, 0.692281535943, 0.697607298271, 0.836249784977, 0.569608436115, 0.745853951344, 0.0298422551632, 0.974330424365, 2.04469570824e-41, 1.18595314313, 1.84526668173e-108, 0.548052592221, 1.15780122969e-176, 0.59727554326
0.00406995305424, 0.058910139817, 0.989077364283, 0.990327841311, 0.189226024407, 0.99995751343, 0.990983718851, 0.444908847319, 0.86604279477, 0.621960322937, 0.833106494338, 0.812855134628, 0.715378466758, 0.999573745528, 0.464327244298, 0.663968815828, 0.41278722577, 0.00651034572874, 0.0047968002712, 1.21423762958, 9.51743018898e-73, 0.820633153221, 0.8464913256, 2.77743519728e-123, 2.41868084366e-239
0.985132483692, 0.058910139817, 0.760683544358, 0.985656841111, 0.997164151222, 0.555493308347, 0.999969899492, 0.0146873894162, 0.627029607142, 0.269452319386, 0.966698017006, 0.247623892112, 0.0711875433432, 0.00744450836868, 0.82347748488, 0.914488128017, 0.912445560239, 0.00384811267916, 0.815075411992, 3.76015436923e-26, 1.99231487491, 0.835952972936, 4.78616199766e-12, 3.78957584747e-123, 0.846135054025
0.0303127534857, 0.991069417653, 0.823728613746, 0.0144631264258, 0.000571821595835, 0.013822505969, 0.115849738936, 0.51588323673, 0.86604279477, 0.544883873895, 0.0188111393068, 0.937949561024, 0.691072504691, 0.582498805372, 0.972897109976, 0.945761864801, 0.969393053628, 1.80048043021, 6.93448524073e-94, 3.23732944674e-186, 0.0, 3.00418402192e-184, 1.07133059984e-08, 1.34197040003, 5.12845468182e-152
0.985132483692, 0.0130927998933, 0.847986205931, 0.993330484142, 0.0672784402347, 0.989398774945, 5.78354788682e-05, 0.444717154991, 0.457971336707, 0.0268620934745, 0.0257705269336, 0.493757537525, 0.906665152978, 0.266218875547, 0.381566232083, 0.160084718446, 0.482449415193, 1.00664975507, 0.0, 0.604886313705, 1.13117512079e-117, 1.22001796468, 1.83553899058e-07, 1.34319130711e-188, 0.620496414098
0.990353781617, 0.058910139817, 0.302880633981, 0.985656841111, 0.000830241856214, 0.999233217975, 0.620124378473, 0.0146873894162, 0.520776934461, 0.12245897681, 0.571986697803, 0.0515821195354, 0.0711875433432, 0.00744450836868, 0.82347748488, 0.142092384813, 0.46248813513, 0.200481320029, 5.57281039245e-22, 1.7207282469, 2.26580448235e-308, 0.67275802768, 3.91212627425e-52, 3.04977391722e-123, 1.26019116448
0.883456639525, 0.991069417653, 0.993624653326, 0.996113786478, 0.0158078267117, 0.461946265813, 0.427131964909, 0.232349771866, 0.444253681959, 3.6640701282e-05, 0.728713469766, 0.478397813686, 0.737809988941, 0.759815124506, 0.191469632296, 0.712798355978, 0.646556953968, 0.437421460666, 7.82037034564e-38, 1.97772563708e-34, 5.29952089672e-181, 0.78825310885, 0.982990434727, 0.994114679463, 1.08558842151e-05
0.28284690824, 0.340424292756, 0.302880633981, 0.0304493756968, 0.415604496566, 0.907275796911, 0.987174816877, 0.140285776678, 0.715253462385, 0.0268620934745, 0.966698017006, 0.247623892112, 0.0711875433432, 0.00744450836868, 0.127188439013, 0.513908957413, 0.982395591025, 2.25163455846, 1.03821897109, 0.000231425264532, 2.87410074953e-38, 8.87804805598e-152, 5.21949861081e-52, 6.20201205693e-47, 5.56700752066e-55
0.050750646625, 0.0274754318323, 0.0184706169506, 0.985656841111, 0.000441425163756, 0.992083722511, 0.999969899492, 0.274495961894, 0.00452988221684, 0.12245897681, 0.994937788174, 0.7045402283, 0.0771251967798, 0.567782152901, 0.82347748488, 0.907703669672, 0.973527440114, 0.00802738303836, 1.7002939058, 1.45998946702, 0.0, 0.870331078046, 1.67968594019e-173, 2.96169680642e-156, 1.32204398952e-129
0.992955086236, 0.058910139817, 0.993624653326, 0.674541403704, 0.0106839804732, 0.43943361853, 0.999667485562, 0.232349771866, 0.541038953245, 0.333954963789, 0.728713469766, 0.768377220937, 0.371687925692, 0.697607298271, 0.46708218561, 0.440688460395, 0.686621624378, 0.0327521417896, 0.636878135627, 1.95019328652e-36, 7.48269933755e-198, 7.97280128673e-18, 0.695375252857, 1.54837845762e-123, 0.923371424272
0.152774615649, 0.311650797622, 0.993624653326, 0.993330484142, 0.386850859303, 0.43943361853, 0.999667485562, 0.232349771866, 0.541038953245, 0.333954963789, 0.728713469766, 0.413046748274, 0.367645745892, 0.500228721125, 0.352973049675, 0.440688460395, 0.686621624378, 0.0298089809373, 0.579647228149, 1.77494573867e-36, 5.17861645766e-42, 0.602955101451, 0.912584498577, 4.52636843966e-51, 4.94362599601e-82
0.674140853793, 0.992141853238, 0.018323495502, 0.913563050044, 0.703148277447, 0.994632119738, 0.0798390684783, 0.669820899594, 0.888569399739, 0.132524879564, 0.860586385288, 0.607028060926, 0.347269306014, 0.809254763875, 0.626611664602, 0.656909676763, 0.316935326357, 0.758398231323, 1.984098856e-110, 0.989795652711, 9.92333614128e-16, 0.000232176665201, 3.9156023746e-174, 1.07976264802, 1.94325112827e-17
0.992955086236, 0.0555723459074, 0.0645715776207, 0.992279605272, 0.990488258664, 0.720141166717, 0.847626843223, 0.114267986904, 0.00944438131372, 0.544883873895, 0.932903637473, 0.339038611419, 0.0362892151094, 0.999178074319, 0.478531655868, 0.533591726885, 0.449708158536, 0.913864250802, 9.49449225525e-08, 7.92073281742e-15, 0.630619524602, 0.981019425154, 2.34962966991e-119, 7.12414450346e-126, 1.44998780333
0.0112984588447, 0.000549045997172, 0.993624653326, 0.993742083608, 0.992332735625, 0.715490459072, 0.999969899492, 0.744998418945, 0.0231397127707, 0.01492445302, 0.35945177498, 0.732614657003, 0.97018152775, 0.345365553867, 0.842623958076, 0.698613358716, 0.00951210871409, 0.00356742828876, 0.755623165081, 3.42621546252e-15, 0.672876009446, 1.12533138876, 1.65012836451, 0.0, 7.04840857717e-195
0.987013625908, 0.0019370687538, 0.024612453307, 0.992974556612, 0.253863874752, 0.995654589664, 0.999944712614, 0.736195683292, 3.05790912292e-06, 0.0364723054185, 0.985302255439, 0.0937918971743, 0.978983716672, 0.433091856452, 0.682193469438, 0.678136644719, 0.401366254903, 0.00661104532437, 0.763310732167, 1.23236009749, 6.56847452074e-60, 1.42298253065, 4.16283910236e-161, 1.65349419461e-271, 0.91945270061
0.695741560856, 0.296951961849, 0.0130201006747, 0.166663546935, 0.0106839804732, 0.995546190044, 0.706349371245, 0.0024512600399, 0.309521735924, 0.589781963398, 0.350005088287, 0.631204704559, 0.915508784184, 0.50668720363, 0.972897109976, 0.565048815947, 0.221162168893, 0.969937965571, 1.21568239436e-15, 1.5280765905, 2.12366972366e-197, 4.34350614345e-78, 8.22645350454e-189, 5.27713615593e-53, 4.99543293173e-16
0.3822395987, 0.058910139817, 0.302880633981, 0.701838774832, 0.000830241856214, 0.265145396711, 0.620158372914, 0.0332182998685, 0.534133878296, 0.12245897681, 0.987124903753, 0.631204704559, 0.0711875433432, 0.00540327857901, 0.82347748488, 0.512412331435, 0.0588965109916, 2.34396292481, 6.55136467207e-21, 8.21258300584e-58, 3.06572395718e-308, 1.54812647372e-15, 4.9342503711e-52, 3.84659058218e-123, 6.30432016443e-42
0.0728644205632, 0.726298886481, 0.993624653326, 0.725364499181, 0.106485212401, 0.547924380865, 0.973922965747, 0.578763671004, 0.00839470180191, 3.6640701282e-05, 0.474250480236, 0.955244138668, 0.380218421831, 0.00695840053862, 0.537802015941, 0.160084718446, 0.879613991182, 1.49397616127, 0.167779982548, 1.75892650053e-26, 1.26507212193e-97, 2.68419946968e-14, 1.63928562814, 4.51694710328e-14, 6.23531983164e-114
0.121054358835, 0.0309873677646, 0.0471039756352, 0.794866475289, 0.0106839804732, 0.987721862304, 0.999999321284, 0.744998418945, 7.34533972829e-05, 0.577228751716, 0.966698017006, 0.138961776647, 0.538297803977, 0.917519589398, 0.0741582997521, 0.00481342627359, 0.909310066806, 0.000232892156621, 2.18454718296, 1.07324041429, 2.85587578228e-197, 4.09118187862e-10, 7.73013576574e-133, 5.02226241331e-151, 7.59405843782e-92
0.985132483692, 0.058910139817, 0.993624653326, 0.993742083608, 0.159793215376, 0.715490459072, 0.111949420648, 0.976183838224, 0.0231397127707, 0.01492445302, 0.35945177498, 0.732614657003, 0.964229423334, 0.0823368934529, 0.842623958076, 0.882523666547, 0.00951210871409, 1.12763965052, 1.414084151e-95, 5.11298955339e-15, 4.01905353374e-80, 1.25416788682, 1.83904761262, 4.09497130394e-123, 0.914323635402
0.985132483692, 0.032599389604, 0.847986205931, 0.998530525113, 0.0672784402347, 0.989398774945, 5.78354788682e-05, 0.418996658094, 0.457971336707, 0.383872347496, 0.0210433207826, 0.994000284762, 0.906665152978, 0.266218875547, 0.972897109976, 0.949715575598, 0.745853951344, 0.377708205531, 0.0, 0.22696128713, 4.24431757782e-118, 2.01968534893, 2.24068359021e-07, 6.79905567384e-149, 0.75745388139
0.57614514496, 0.000239677787337, 0.984896201413, 0.998016664189, 0.998901618934, 0.528374550561, 0.9573068568, 0.232349771866, 0.00843063881164, 0.64843589482, 0.977614754583, 0.44440717262, 0.944233027371, 0.582498805372, 0.618656738683, 0.209004090415, 0.745853951344, 0.0825401391988, 0.00165180965562, 2.55306083704e-29, 0.500487175346, 1.74529971529, 0.648857619165, 0.0, 3.42640050651e-24
0.990064559373, 0.779028992166, 0.911590247608, 0.898664597998, 0.0501201413259, 0.497050348949, 0.994183032382, 0.444717154991, 0.00843063881164, 0.473220263262, 0.874126832817, 0.142711592397, 0.538297803977, 0.115179828653, 0.848619158588, 0.523089117155, 0.0310350192199, 1.07375824454, 1.28968236264, 1.15078133066e-30, 2.643523633e-130, 6.03556384013e-05, 0.000251722214777, 3.76978487866e-11, 1.09642227239
0.366269831434, 0.152307213769, 0.993624653326, 0.0140948176895, 0.0413529117554, 0.999050659072, 0.346297211249, 0.0906335337785, 0.627029607142, 0.0418651098513, 0.345914404706, 0.939570887286, 0.365305015165, 0.997287391669, 0.285171496015, 0.999994692159, 0.104514042075, 0.223247037483, 3.08890817498e-47, 1.55794527504, 1.1058474338e-138, 1.99082016779e-185, 1.71614999937, 6.8431353248e-82, 8.77652599178e-44
0.98792060694, 0.0113647710991, 0.249551467956, 0.0304777355675, 0.996811057628, 0.997425882972, 0.0127895715695, 0.149007998536, 0.627029607142, 0.448050872166, 0.0655216817848, 0.618496900585, 0.821154463011, 0.582498805372, 0.618656738683, 0.766012285198, 0.953049149827, 0.226781745108, 1.72714032414e-190, 0.608218239928, 1.41730802338, 6.12637437608e-152, 1.27334695245e-60, 8.81055272427e-195, 0.783902544721
0.990353781617, 0.361527726624, 0.993624653326, 0.605832536108, 0.0354970984757, 0.999233217975, 0.0020974065642, 0.0146873894162, 0.0480231941148, 0.212945546975, 0.571986697803, 0.0260082007248, 0.964229423334, 0.872725716796, 0.432345961204, 0.533591726885, 0.0123976324824, 0.152132488715, 3.52049825986e-269, 1.30575093263, 2.15870647195e-145, 3.54950169007e-22, 1.43343350519, 1.99154954438e-44, 1.3188767901
0.484037443852, 0.39471127955, 0.156139059967, 0.794866475289, 0.990488258664, 0.469714630263, 0.000186441522076, 0.114267986904, 0.00944438131372, 0.544883873895, 0.0210433207826, 0.282561347132, 0.264895855172, 0.00744450836868, 0.000410344164691, 0.999994692159, 0.449708158536, 2.03141039878, 0.0, 4.86772786274e-33, 1.40179141358, 4.14863558598e-10, 8.70248517698e-81, 1.64604226722e-40, 1.19229338936e-31
0.992955086236, 0.992339580317, 0.156139059967, 0.992279605272, 0.996916735056, 0.720141166717, 0.605091327151, 0.218232185289, 0.31542730026, 0.544883873895, 0.98682898172, 0.0848470008747, 0.0362892151094, 0.90943622992, 0.235038699206, 0.533591726885, 0.449708158536, 0.321075404363, 7.67043039412e-23, 2.78285586724e-15, 0.724182710428, 0.699912037437, 3.72719044158e-81, 0.942257375154, 1.38582831363
0.26803348326, 0.980107772767, 0.302880633981, 0.985656841111, 0.994254371955, 0.987058403031, 0.999969899492, 0.0146873894162, 0.41496489624, 0.0650771763148, 0.966698017006, 0.438153336378, 0.488253401337, 0.00744450836868, 0.359013248378, 0.99999932114, 0.703750138151, 0.00549137328636, 1.16313728754, 0.529195819551, 1.55469901108, 0.781536501854, 4.54467930131e-52, 0.461556973324, 2.28540285424e-57
0.695741560856, 0.000549045997172, 0.182075307501, 0.000613959038427, 0.999978419662, 0.995546190044, 0.191816307513, 0.744998418945, 0.0231397127707, 0.0125213770781, 0.0215094488164, 0.413046748274, 0.962256866762, 0.104422738934, 0.519930649493, 0.945761864801, 0.0169702762343, 0.00465310048234, 1.42041405036e-74, 0.00733066873624, 2.56413610664, 2.62348857942e-321, 4.2674520547e-74, 0.0, 7.07714605171e-16
0.993052163075, 0.0119168184832, 0.0572391006996, 0.992279605272, 0.0106839804732, 0.897031608552, 0.999999625363, 0.215807778539, 5.03054058181e-05, 0.524883604575, 0.0743642872086, 0.44440717262, 0.324433482422, 0.93113416767, 0.976283593923, 0.004325029376, 0.880491433466, 7.35008601611e-05, 1.24902001274, 3.74510434583e-05, 1.46554053546e-197, 1.10355913415, 1.53906823392e-124, 1.08145914194e-192, 1.65612379155
0.989396131139, 0.475644780065, 0.999096785887, 0.000525410033786, 0.00226568563013, 0.528656628338, 0.0280077559713, 0.453530063841, 0.949568905458, 0.134910048052, 0.0210433207826, 0.977926059937, 0.691072504691, 0.582498805372, 0.972897109976, 0.26070086924, 0.792642565979, 0.255769736268, 2.14684363453e-156, 8.3432875594e-29, 1.33025240492e-265, 0.0, 1.87300347339, 1.58834164735e-32, 1.13554329062
0.00122132916247, 0.991069417653, 0.998605225688, 0.0561544813844, 0.680040851685, 0.999846710922, 0.661671083873, 0.187725469611, 0.86604279477, 0.0178359591858, 0.345914404706, 0.926176886366, 0.446853408549, 0.792136030708, 0.572022073627, 0.976137068206, 0.482711121695, 0.00774614469002, 1.41065576687e-20, 0.324088172073, 9.12866634274e-18, 4.41925579643e-126, 1.56204795805, 1.18906568222, 1.50724335535e-291
0.484037443852, 0.058910139817, 0.040913275678, 0.994763929114, 0.0106839804732, 0.987721862304, 0.999999552618, 0.114267986904, 0.634653574522, 0.614371487191, 0.966698017006, 0.138961776647, 0.728706621859, 0.93113416767, 0.82347748488, 0.533591726885, 0.312834164295, 7.19864177058e-05, 1.02438168753, 0.5032657714, 1.33918226471e-197, 1.52792022064, 4.60179392663e-139, 3.12973303372e-123, 9.21293116056e-32
0.938839320166, 0.392019068263, 0.917632884274, 0.184627470605, 8.94010910449e-05, 0.469714630263, 0.994558320218, 0.434474322164, 0.0441475210084, 0.544883873895, 0.94426993266, 0.631204704559, 0.211920342579, 0.999336763683, 0.124714729046, 0.999994692159, 0.0588965109916, 1.4397037996, 1.85282393397, 5.62257207457e-33, 0.0, 1.5709352292e-73, 0.000681432990578, 7.89306210082e-41, 0.0066935192147
0.78314512113, 0.0125593978802, 0.991840492582, 7.98636981791e-05, 0.992332735625, 0.998357445234, 0.000186441522076, 0.48598503961, 0.0909427447709, 0.318829027136, 0.0210433207826, 0.54375013087, 0.971542231329, 0.548085024007, 0.230834953777, 0.699938944399, 0.0934509886188, 0.262250905775, 0.0, 1.08046317764, 0.990068247453, 0.0, 1.23453244743, 2.39588269312e-190, 7.35882226894e-11
0.989396131139, 0.058910139817, 0.993624653326, 0.999805808641, 0.992332735625, 0.715490459072, 0.191816307513, 0.744998418945, 0.678858154616, 0.544883873895, 0.35945177498, 0.413046748274, 0.964229423334, 0.104422738934, 0.237864218556, 0.980473225971, 0.132503932208, 0.0252001655569, 7.692649098e-74, 1.14263615311e-16, 0.0224402832619, 1.11654097456, 1.21804203059, 2.71219033592e-123, 0.992768718532
0.00076032754356, 0.65108530149, 0.98848694796, 0.310870262884, 0.416277627671, 0.989398774945, 0.047988770335, 0.232349771866, 0.34560961484, 0.906528411964, 0.991022623614, 0.815631555468, 0.0456951502526, 0.169755875762, 0.516854607897, 0.974910840613, 0.236735819895, 1.66990898538, 3.41016073214e-132, 1.00343250997, 2.654971779e-38, 5.54205541975e-51, 1.04771105325, 8.02979012673e-19, 4.37509446311e-312
0.048841179155, 0.311411837276, 0.881417587133, 0.337164319244, 0.992332735625, 0.00274150378252, 0.011880804965, 0.232349771866, 0.718179810912, 0.333954963789, 0.313625385273, 0.493757537525, 0.457178436575, 0.634117265201, 0.211326720592, 0.468869654649, 0.616584359867, 0.9703403204, 4.65190259166e-193, 9.59243572034e-257, 0.864070182439, 1.24162320049e-47, 6.72976857867e-06, 4.39886491379e-51, 1.54327381479e-131
0.985132483692, 0.058910139817, 0.993624653326, 0.993742083608, 0.0344926644139, 0.715490459072, 0.99998532427, 0.506543648928, 0.0231397127707, 0.01492445302, 0.35945177498, 0.732614657003, 0.964229423334, 0.0823368934529, 0.842623958076, 0.882523666547, 0.00951210871409, 0.00237601625252, 1.03144123597, 4.67681519945e-15, 9.59930583954e-147, 1.14717845098, 1.68216377862, 3.74564114313e-123, 0.836325329949
0.994339211554, 0.00185506800539, 0.45354006844, 0.998530525113, 0.999278045748, 0.23482576436, 0.0020974065642, 0.355711747747, 0.725882646882, 0.965658468345, 0.00241660541215, 0.631204704559, 0.906665152978, 0.866225119688, 0.0533378605447, 0.949715575598, 0.895139652521, 0.0353141496931, 8.17204816623e-270, 6.58632405785e-65, 0.321374781889, 1.48185332343, 1.09292256391e-34, 1.63307744703e-273, 1.87399703229
0.989396131139, 0.998978886019, 0.823728613746, 0.0144631264258, 0.000571821595835, 0.013822505969, 0.115849738936, 0.51588323673, 0.86604279477, 0.645319343577, 0.0188111393068, 0.937949561024, 0.691072504691, 0.582498805372, 0.972897109976, 0.945761864801, 0.969393053628, 0.295011402933, 1.13622574573e-94, 5.30441256574e-187, 0.0, 4.92240031107e-185, 1.75539116093e-09, 1.91880625027, 1.16615834347
0.236284671159, 0.00191034591847, 0.0907393842446, 0.990327841311, 0.253863874752, 0.993384571365, 0.414887658571, 0.736195683292, 5.55577507962e-05, 0.512519172075, 0.983513663642, 0.880966910929, 0.964229423334, 0.0875480800269, 0.359448736889, 0.0727030987683, 0.846845491108, 1.36876311461, 1.33505697836e-38, 1.43447947216, 8.98411520009e-60, 1.33998744603, 2.26286712877e-104, 4.85598966715e-272, 8.29146102321e-63
0.675919876195, 0.876209432318, 0.156139059967, 0.992279605272, 0.98748941647, 0.720141166717, 0.426670410864, 0.111785253559, 0.0231397127707, 0.544883873895, 0.98682898172, 0.339038611419, 0.0362892151094, 0.999178074319, 0.235038699206, 0.533591726885, 0.449708158536, 1.47459909972, 2.36617273687e-37, 1.27807882533e-14, 0.705107615791, 1.44415395584, 7.69044755979e-81, 6.24579863784e-06, 3.34439321206e-17
0.26803348326, 0.058910139817, 0.302880633981, 0.985656841111, 0.994254371955, 0.555493308347, 0.049139113691, 0.0146873894162, 0.00843063881164, 0.0974212340707, 0.966698017006, 0.438153336378, 0.488253401337, 0.00744450836868, 0.66578812089, 0.999996046496, 0.703750138151, 1.43397082007, 3.12890290999e-131, 6.61520575176e-26, 1.74460844052, 0.87700266611, 5.09982048747e-52, 3.97566397782e-123, 2.50789502595e-57
0.494141582677, 0.000549045997172, 0.27249460377, 0.431870426517, 0.990488258664, 0.715490459072, 0.999969899492, 0.232349771866, 0.00944438131372, 0.544883873895, 0.984623188732, 0.44440717262, 0.0784004080936, 0.996828952266, 0.842623958076, 0.949715575598, 0.44719853326, 0.00893434105827, 1.89239825496, 8.58068474079e-15, 1.30587949658, 1.23894926232e-36, 1.24021675944e-56, 0.0, 8.76692218071e-31
0.00406995305424, 0.058910139817, 0.989077364283, 0.990327841311, 0.997164151222, 0.99995751343, 0.990983718851, 0.307153263838, 0.86604279477, 0.621960322937, 0.833106494338, 0.812855134628, 0.715378466758, 0.999573745528, 0.273299959468, 0.663968815828, 0.41278722577, 0.00258790233023, 0.00190675750824, 0.482666900035, 1.17981114246, 0.86149613905, 0.888641905194, 2.91573608686e-123, 2.53911775344e-239
0.494141582677, 0.0172406302177, 0.984896201413, 0.993330484142, 0.253863874752, 0.390171900751, 0.987174816877, 0.560736505065, 0.000597923776988, 0.333954963789, 0.612259620538, 0.44440717262, 0.532709272331, 0.697607298271, 0.810715310709, 0.993373532531, 0.745853951344, 1.0301822084, 0.475012567391, 2.37954153518e-41, 5.14025662634e-60, 1.17847987822, 0.583971214989, 1.23368195027e-176, 6.6226178085e-31
0.236284671159, 0.00191034591847, 0.993624653326, 0.990327841311, 0.0907372318014, 0.993384571365, 0.805916023578, 0.745548111598, 5.55577507962e-05, 0.00359882596289, 0.983513663642, 0.463185201558, 0.964229423334, 0.0875480800269, 0.359448736889, 0.440688460395, 0.490430071422, 0.850799179304, 5.68756022729e-10, 0.891647316188, 1.16261577069e-104, 0.832912727692, 1.62197641831, 4.46579269898e-272, 7.62521105673e-63
0.00025248706287, 0.995796680905, 0.900149825512, 0.0654743036919, 0.993352935907, 0.999971037455, 0.0555438516733, 0.929212526586, 0.111915562223, 0.190831158608, 0.011958472172, 0.00826049364114, 0.144766077772, 0.762114336221, 0.480017334422, 0.4339559027, 0.46248813513, 0.00341351900564, 1.55927046014e-128, 0.751389661092, 0.783429151307, 6.89997620657e-119, 4.60509834952e-05, 1.81106674163, 0.0
0.758117601216, 0.994374247589, 0.320281508395, 0.0921023044142, 0.177700643029, 0.440209758095, 0.994899242108, 0.945252250139, 0.39424845932, 0.0455555050059, 0.70109388928, 0.781981197576, 0.202348817285, 0.445900112297, 0.0318439624055, 0.158495079346, 0.246531529691, 0.747349848909, 1.02750745543, 4.63531212131e-36, 1.85785745038e-75, 5.33533997334e-104, 7.13343933634e-50, 1.57997808162, 2.99731415607e-12
0.985132483692, 0.994374247589, 0.45354006844, 0.0438385113621, 0.347503082885, 0.268979774531, 0.999985164212, 0.641545179797, 7.34533972829e-05, 0.0485249839328, 0.00824653610002, 0.359304418694, 0.964229423334, 0.322559263061, 0.248961105161, 0.571456209714, 0.947559767069, 0.00308416252683, 1.32441742003, 1.95033161012e-57, 2.59425175384e-46, 3.18952319213e-136, 9.54359640874e-35, 1.64696567417, 0.774394403828
0.987013625908, 0.991069417653, 0.0641267076937, 0.752283978847, 0.342585615724, 0.995654589664, 0.999809728443, 0.715264135792, 3.05790912292e-06, 0.0364723054185, 0.985302255439, 0.0937918971743, 0.638165175324, 0.627029773466, 0.682193469438, 0.207576166736, 0.5471401284, 0.0235462428065, 0.795032994805, 1.28409013799, 7.11449976323e-47, 1.03136703416e-12, 1.19984821708e-119, 1.12581391336, 0.852710713924
0.992955086236, 0.0309873677646, 0.0471039756352, 0.794866475289, 0.0106839804732, 0.99448520608, 0.999998956999, 0.0207718945565, 7.34533972829e-05, 0.115424200833, 0.966698017006, 0.138961776647, 0.538297803977, 0.93113416767, 0.971016160283, 0.949715575598, 0.909310066806, 0.000199587563876, 1.21829151148, 1.54648588612, 2.31000051601e-197, 3.30918883424e-10, 6.25258903712e-133, 4.06230160228e-151, 1.92667372851
0.0274046148289, 0.426086028448, 0.993624653326, 0.221603440369, 0.00193730316433, 0.24505312834, 0.999969899492, 0.0768471428324, 0.119998282289, 0.0455447163397, 0.486359802889, 0.32634356079, 0.136794321711, 0.985713894141, 0.921121947174, 0.182680033844, 0.858895304885, 0.00745095264036, 1.57819918475, 2.09079589673e-61, 1.30030524612e-271, 8.95233612901e-66, 1.72090155725, 3.26691579444e-37, 2.22217784667e-156
0.200072085828, 0.0309873677646, 0.271656126317, 0.985656841111, 0.000441425163756, 0.999233217975, 0.62324446188, 0.00439851563709, 7.34533972829e-05, 0.333954963789, 0.966698017006, 0.7045402283, 0.0711875433432, 0.00744450836868, 0.59543124946, 0.0851537736523, 0.955823599749, 0.280291257415, 1.28698129891e-21, 2.4057357759, 0.0, 0.940577373927, 1.02978910581e-56, 5.36125646493e-151, 5.36349549769e-70
0.319273336665, 0.998629219011, 0.0345807693055, 0.397519196273, 0.0481023029444, 0.221141447449, 0.973922965747, 0.641545179797, 0.191021618393, 0.100163533847, 0.0655216817848, 0.955244138668, 0.380218421831, 0.899578990681, 0.000256276707438, 0.349478345502, 0.21299983673, 0.437256440517, 0.0491057888744, 2.02578089358e-66, 1.13805852689e-132, 5.96194889034e-41, 5.28497267507e-147, 2.15572460219, 9.01242047377e-50
0.985132483692, 0.992339580317, 0.0209712785804, 0.0304777355675, 0.996916735056, 0.578134391287, 0.847626843223, 0.0432739805937, 0.564593471926, 0.212945546975, 0.356336823628, 0.521645013147, 0.0641731385253, 0.486539594976, 0.729116084681, 0.424876137965, 0.544458099458, 0.445030635984, 4.62359691059e-08, 1.11529633059e-24, 1.00376262962, 4.3150881048e-152, 2.50732678303e-168, 0.978732473069, 0.538956428596
0.890225074679, 0.000325368102499, 0.993624653326, 0.920555521145, 0.992332735625, 0.715490459072, 0.999969899492, 0.744998418945, 0.0231397127707, 0.01492445302, 0.35945177498, 0.906865314855, 0.97018152775, 0.345365553867, 0.842623958076, 0.698613358716, 0.00951210871409, 0.00560120988869, 1.18640196853, 5.37949199704e-15, 1.05648087443, 0.00063407451471, 1.73225210256, 0.0, 3.29037890919e-05
0.0728644205632, 0.000549045997172, 0.325955117755, 0.993330484142, 0.990488258664, 0.60018160494, 0.999969899492, 0.232349771866, 0.00944438131372, 0.544883873895, 0.984623188732, 0.44440717262, 0.0784004080936, 0.996828952266, 0.842623958076, 0.949715575598, 0.44719853326, 0.00619606684516, 1.31239965085, 1.3882218526e-22, 0.9056422404, 1.65648819345, 7.47286922975e-49, 0.0, 6.44552838601e-114
0.990353781617, 0.361527726624, 0.993624653326, 0.605832536108, 0.0092211567579, 0.00332373215277, 0.0020974065642, 0.744998418945, 0.0480231941148, 0.212945546975, 0.571986697803, 0.0823630108478, 0.974899047583, 0.872725716796, 0.0390587961244, 0.533591726885, 0.0123976324824, 1.3101967416, 3.03192657125e-268, 2.99266583932e-248, 6.1943664335e-204, 3.53765700707e-22, 1.42865013926, 1.98490374587e-44, 1.31447569979
0.994339211554, 0.000469064715295, 0.662814260665, 0.0245305971394, 0.99841476503, 0.858568503152, 0.999920672738, 0.434474322164, 0.510848825031, 0.0455447163397, 0.952094801994, 0.501104553313, 0.923381691022, 0.999852540527, 0.123447948878, 0.999931741969, 0.608849364763, 0.0040092877658, 0.323003224118, 1.21019515214e-07, 1.37687003275, 2.07711113245e-161, 3.0607798682e-18, 0.0, 1.74740407968
0.985132483692, 0.994374247589, 0.993624653326, 0.103371145967, 0.00874638556505, 0.268979774531, 0.990983718851, 0.641545179797, 7.34533972829e-05, 0.0299219900168, 0.125446708105, 0.359304418694, 0.964229423334, 0.322559263061, 0.513382159871, 0.571456209714, 0.459785963791, 0.609917587645, 0.449385174264, 1.11562465406e-57, 1.81308187595e-206, 3.27709226508e-99, 0.826085650284, 1.39385060413, 0.655381058962
0.997590178822, 0.0555723459074, 0.0453476863885, 0.970320278641, 0.667142304461, 0.720141166717, 0.847626843223, 0.0350193736778, 0.354183176981, 0.544883873895, 0.428316870229, 0.339038611419, 0.0275804772841, 0.999779565792, 0.235038699206, 0.533591726885, 0.449708158536, 0.598679860096, 6.21991864773e-08, 5.18893611478e-15, 2.48406297888e-18, 0.0463115516017, 4.26700849651e-135, 2.88724132509e-126, 1.7152871506
0.3822395987, 0.994374247589, 0.45354006844, 0.992279605272, 0.00941722589665, 0.102802206396, 0.999943125008, 0.232349771866, 0.623684775107, 0.0455447163397, 0.987124903753, 0.812855134628, 0.715378466758, 0.114184205071, 0.491081993681, 0.533591726885, 0.21299983673, 0.00798025380289, 0.895748548009, 2.23134542349e-99, 3.47233843161e-203, 0.791461072323, 8.61346252888e-35, 1.48644981548, 5.13028063595e-42
0.992955086236, 0.058910139817, 0.302880633981, 0.701838774832, 0.000451322591594, 0.265145396711, 0.259199592211, 0.466073799614, 0.216495066563, 0.12245897681, 0.868004705773, 0.139034925731, 0.0711875433432, 0.00540327857901, 0.82347748488, 0.970296651926, 0.998766453687, 1.78165255681, 6.46210910613e-59, 6.24240654811e-58, 0.0, 1.17673511853e-15, 3.75053704841e-52, 2.92380390202e-123, 1.7436027736
0.989236501397, 0.670356124635, 0.990429349778, 0.985656841111, 0.319787358164, 0.989398774945, 0.0364472480916, 0.274495961894, 0.112978004263, 0.906528411964, 0.488683481265, 0.0515821195354, 0.162914135686, 0.00744450836868, 0.571968659991, 0.512412331435, 0.476979303951, 1.09590070068, 2.52560471245e-144, 0.658516362502, 6.15120703769e-50, 0.496512415559, 0.939219507778, 1.11530091365e-17, 0.979059054926
0.26803348326, 0.992339580317, 0.302880633981, 0.985656841111, 0.994254371955, 0.987058403031, 0.999969899492, 0.0146873894162, 0.41496489624, 0.0650771763148, 0.966698017006, 0.438153336378, 0.0362892151094, 0.00744450836868, 0.359013248378, 0.729708076122, 0.703750138151, 0.00422538506997, 0.894986130573, 0.407194338905, 1.19627671388, 0.601360077774, 3.49694312628e-52, 1.48075088473, 2.3036805678e-57
0.993052163075, 0.0119168184832, 0.0572391006996, 0.000613959038427, 0.367758131511, 0.897031608552, 0.999999625363, 0.215807778539, 0.0231397127707, 0.524883604575, 0.0743642872086, 0.44440717262, 0.324433482422, 0.307377597803, 0.976283593923, 0.004325029376, 0.880491433466, 9.09283324662e-05, 1.54516976708, 4.63308990305e-05, 8.73623887674e-44, 1.58101006669e-321, 1.4268432378e-124, 1.00260185327e-192, 1.53536339771
0.0728644205632, 0.980107772767, 0.998379990978, 0.000525410033786, 0.024392303872, 0.221141447449, 0.849287105381, 0.641545179797, 0.00839470180191, 3.6640701282e-05, 0.984623188732, 0.999653935097, 0.380218421831, 0.00695840053862, 0.209215313005, 0.160084718446, 0.44719853326, 0.559582171859, 7.07028265284e-08, 2.57631246222e-66, 4.66945201424e-162, 0.0, 2.33614104371, 0.513577850474, 6.88636859298e-114
0.200072085828, 0.0309873677646, 0.271656126317, 0.997190645461, 0.000830241856214, 0.999233217975, 0.62324446188, 0.0146873894162, 7.34533972829e-05, 0.333954963789, 0.966698017006, 0.910232544676, 0.0711875433432, 0.792136030708, 0.82347748488, 0.0851537736523, 0.955823599749, 0.115354008091, 5.29657801448e-22, 0.990081769648, 1.30371063275e-308, 2.45847189855, 1.05143915268e-56, 5.4739702751e-151, 5.47625638077e-70
0.050750646625, 0.058910139817, 0.0184706169506, 0.985656841111, 0.000441425163756, 0.545441269246, 0.999999552618, 0.274495961894, 0.00452988221684, 0.12245897681, 0.994937788174, 0.7045402283, 0.0771251967798, 0.567782152901, 0.82347748488, 0.907703669672, 0.973527440114, 0.000157490542813, 2.24112316127, 1.66488810809e-26, 0.0, 0.870331078046, 1.67968594019e-173, 3.94542006482e-123, 1.32204398952e-129
