0.469881085863, 0.850741314964, 0.510764499215, 0.458506612134, 0.569973198552, 0.486408786359, 0.438484901161, 0.514013785639, 0.463150952501, 0.527618245715, 0.576800952308, 0.492602400848, 0.175115631115, 0.733169106576, 0.685640635966
0.512701561977, 0.618268950549, 0.515588177317, 0.460259059606, 0.55590466894, 0.486408786359, 0.534663950322, 0.514013785639, 0.567323201513, 0.527618245715, 0.533655073007, 0.457789668492, 0.396764663795, 0.580420308346, 0.731701558777
0.367051062545, 0.489695501908, 0.510764499215, 0.507321071252, 0.585359039002, 0.486408786359, 0.463262782366, 0.511625644592, 0.504879069411, 0.497680005177, 0.499465038537, 0.572475674485, 0.610991840335, 0.591525866725, 0.552999422912
0.434184139084, 0.422109730368, 0.450362108653, 0.462616734468, 0.552163938131, 0.486408786359, 0.532372342099, 0.514013785639, 0.543453903344, 0.521911254946, 0.456421108733, 0.487198828206, 0.619433345624, 0.48377812675, 0.638201936538
0.493130132289, 0.323355158803, 0.483931974479, 0.505326327607, 0.55590466894, 0.486408786359, 0.543314679397, 0.514013785639, 0.420672735986, 0.502710279376, 0.499465038537, 0.486335301667, 0.632060820705, 0.351828922487, 0.707937814707
0.206727025374, 0.281940298363, 0.483931974479, 0.460259059606, 0.481967451084, 0.486408786359, 0.463262782366, 0.514013785639, 0.504879069411, 0.502710279376, 0.446868883019, 0.574930162572, 0.866890938599, 0.411159725425, 0.322993260044
0.643459595423, 0.9999665739, 0.499682050426, 0.462616734468, 0.552163938131, 0.486408786359, 0.387461232451, 0.455182565841, 0.567323201513, 0.497680005177, 0.42693614369, 0.574930162572, 2.88539680947e-05, 0.549540818381, 0.876429220171
0.57659652815, 0.319376672795, 0.581247803186, 0.505326327607, 0.585359039002, 0.486408786359, 0.534663950322, 0.511625644592, 0.567323201513, 0.609754413727, 0.510316016166, 0.522779225499, 0.558740821167, 0.306458332109, 0.812551135745
1.87925255712e-06, 0.38692528062, 0.496464284418, 0.493735381906, 0.754516385171, 0.482196528033, 0.534663950322, 0.455261112582, 0.504879069411, 0.502710279376, 0.578550047299, 0.457789668492, 0.883580734699, 0.614637080055, 3.17725342586e-06
0.221532995861, 0.813813600059, 0.515588177317, 0.470793980069, 0.553530408635, 0.486408786359, 0.534663950322, 0.514013785639, 0.508350962188, 0.527618245715, 0.510316016166, 0.583875580025, 0.274692747426, 0.91231309754, 0.345612349014
0.206727025374, 0.154620884453, 0.510764499215, 0.458506612134, 0.481967451084, 0.486408786359, 0.543314679397, 0.514013785639, 0.567323201513, 0.502710279376, 0.549920937523, 0.492602400848, 0.930507095832, 0.230550929824, 0.322720338352
0.555107117207, 0.161001404176, 0.502629498528, 0.46977783194, 0.534340661291, 0.487570395045, 0.534663950322, 0.511625644592, 0.508350962188, 0.497680005177, 0.576800952308, 0.540468888552, 0.629840667717, 0.162772079062, 0.774167666345
0.654595545928, 0.516334292404, 0.483931974479, 0.462616734468, 0.518782318309, 0.484284427795, 0.543314679397, 0.420620659927, 0.504879069411, 0.552704127624, 0.456421108733, 0.572475674485, 0.36286322627, 0.381978454654, 0.873848069871
0.13881380234, 0.204508224482, 0.496464284418, 0.46977783194, 0.494039980755, 0.486408786359, 0.534663950322, 0.511625644592, 0.567323201513, 0.502710279376, 0.510316016166, 0.572475674485, 0.937847389372, 0.312084662207, 0.219002942578
0.253685532026, 0.651998282881, 0.483931974479, 0.491886665518, 0.521521167917, 0.486408786359, 0.534663950322, 0.455182565841, 0.522284977122, 0.541542152884, 0.510316016166, 0.53311699185, 0.482735799038, 0.793332118718, 0.390977477553
6.27018328525e-06, 0.773012077522, 0.483931974479, 0.470793980069, 0.461047305877, 0.508911393848, 0.543314679397, 0.514013785639, 0.420672735986, 0.52320720711, 0.46911217543, 0.583875580025, 0.355886613861, 0.955474190772, 1.00422347252e-05
0.293107578915, 0.281940298363, 0.483931974479, 0.507321071252, 0.514708654496, 0.527708764646, 0.463262782366, 0.514013785639, 0.513661801432, 0.497680005177, 0.510316016166, 0.572475674485, 0.816234218314, 0.387133631397, 0.448046711513
0.155631635984, 3.32558978305e-06, 0.50541693848, 0.507321071252, 0.437392507359, 0.486408786359, 0.549570179923, 0.514013785639, 0.444442027326, 0.436156400437, 0.614606334631, 0.486317350412, 0.996779804393, 5.20700247991e-06, 0.248651648856
0.000258787617163, 0.9999665739, 0.483931974479, 0.488005982868, 0.55590466894, 0.561454725309, 0.312832443421, 0.514013785639, 0.444442027326, 0.497680005177, 0.302316997511, 0.572475674485, 5.72287579847e-05, 1.0899554056, 0.000443069773195
0.081139959824, 0.577591393836, 0.483931974479, 0.445198211662, 0.553530408635, 0.486408786359, 0.438484901161, 0.514013785639, 0.567323201513, 0.456322471894, 0.584193780344, 0.486317350412, 0.625562913304, 0.800201010093, 0.130161213558
0.272516521096, 0.999999027724, 0.483931974479, 0.464634655271, 0.534340661291, 0.486408786359, 0.534663950322, 0.514013785639, 0.504879069411, 0.497680005177, 0.510316016166, 0.572475674485, 1.40286420258e-06, 0.91855711126, 0.419123525476
0.367051062545, 0.999994194168, 0.483931974479, 0.505326327607, 0.534340661291, 0.486408786359, 0.529714683254, 0.5491632685, 0.504879069411, 0.497680005177, 0.510316016166, 0.572475674485, 7.72453594265e-06, 0.847009065545, 0.550781520264
0.332457258014, 0.367059942695, 0.483931974479, 0.46977783194, 0.585359039002, 0.486408786359, 0.463262782366, 0.514013785639, 0.504879069411, 0.502710279376, 0.514502794929, 0.522779225499, 0.73455000644, 0.477667753655, 0.504269120626
0.000380971442487, 0.248332044867, 0.496464284418, 0.522043989703, 0.534340661291, 0.482196528033, 0.534663950322, 0.455261112582, 0.504879069411, 0.497680005177, 0.510316016166, 0.572475674485, 0.934669758737, 0.384286986188, 0.00060476357396
0.127631582769, 0.813813600059, 0.515588177317, 0.470793980069, 0.553530408635, 0.486408786359, 0.479362153375, 0.514013785639, 0.508350962188, 0.527618245715, 0.510316016166, 0.527998343971, 0.284368837537, 0.944449452884, 0.200435602772
0.0764932983134, 0.742087934989, 0.483931974479, 0.46977783194, 0.55590466894, 0.434720600386, 0.448145383718, 0.514013785639, 0.48326366189, 0.480486475019, 0.510316016166, 0.486335301667, 0.396145180982, 0.923737772382, 0.121352537914
0.193943161481, 0.734872962518, 0.483931974479, 0.522043989703, 0.457549828972, 0.486408786359, 0.503675766336, 0.514013785639, 0.420672735986, 0.480486475019, 0.490450433616, 0.568418858314, 0.391450866857, 0.884966818834, 0.304270090034
0.420580104067, 0.319376672795, 0.483931974479, 0.505326327607, 0.526424264686, 0.486408786359, 0.534663950322, 0.455182565841, 0.487886862482, 0.502710279376, 0.510316016166, 0.486317350412, 0.695642552439, 0.381546234476, 0.616589039452
0.0764932983134, 0.451894288757, 0.483931974479, 0.460259059606, 0.55590466894, 0.434720600386, 0.448145383718, 0.514013785639, 0.48326366189, 0.480486475019, 0.510316016166, 0.520399784556, 0.763011237069, 0.65560967933, 0.121459865177
1.80619410539e-08, 0.999982199311, 0.839904487863, 0.522043989703, 0.311498397652, 0.508911393848, 0.534663950322, 0.514013785639, 0.816731130143, 0.497680005177, 0.804296435929, 0.653726915567, 3.82952761973e-05, 1.36958351715, 3.88573177249e-08
0.99987436894, 0.109237635442, 0.508975858509, 0.522043989703, 0.492897642667, 0.0428925314032, 0.045474228261, 0.5491632685, 0.318532044177, 0.497680005177, 0.499465038537, 0.45093776086, 0.000282703881795, 4.89909431077e-05, 1.45391825154
6.27018328525e-06, 0.141186633383, 0.353243591345, 0.507321071252, 0.514708654496, 0.527708764646, 0.463262782366, 0.514013785639, 0.513661801432, 0.497680005177, 0.470197557087, 0.572475674485, 1.00521669583, 0.226660674789, 1.01491288833e-05
0.99987436894, 0.771947298762, 0.508975858509, 0.507321071252, 0.492897642667, 0.486408786359, 0.045474228261, 0.5491632685, 0.318532044177, 0.497680005177, 0.499465038537, 0.45093776086, 8.61224446623e-05, 0.000230042043797, 1.24472339946
0.27426067828, 2.20069078744e-06, 0.515588177317, 0.522043989703, 0.472264628602, 0.486408786359, 0.508346604517, 0.514013785639, 0.513661801432, 0.497680005177, 0.46911217543, 0.407638228136, 0.919192237553, 3.17749774178e-06, 0.422459769738
0.391543676067, 0.742087934989, 0.483931974479, 0.507321071252, 0.518511556729, 0.434720600386, 0.448145383718, 0.511625644592, 0.48326366189, 0.497680005177, 0.510316016166, 0.486335301667, 0.324589434048, 0.756882918537, 0.581787105809
0.471290739803, 0.103038473508, 0.483931974479, 0.507321071252, 0.516646610499, 0.486408786359, 0.499355219126, 0.508063456236, 0.529761078231, 0.497680005177, 0.491561977898, 0.572475674485, 0.733755977608, 0.119808212482, 0.679268771306
1.44218869269e-06, 0.38692528062, 0.496464284418, 0.493735381906, 0.555166613054, 0.482196528033, 0.534663950322, 0.455261112582, 0.504879069411, 0.502710279376, 0.943054121633, 0.457789668492, 0.988979628293, 0.68795473588, 2.72916567625e-06
6.27018328525e-06, 0.688692182665, 0.504630503693, 0.722292455562, 0.534340661291, 0.447294141693, 0.534663950322, 0.514013785639, 0.48326366189, 0.480486475019, 0.400673930915, 0.487198828206, 0.50050367084, 0.940609247328, 1.0494114713e-05
0.589561285792, 0.451894288757, 0.515588177317, 0.470793980069, 0.534340661291, 0.486408786359, 0.534663950322, 0.514013785639, 0.508350962188, 0.527618245715, 0.42845584677, 0.574930162572, 0.462849036538, 0.397698347915, 0.811598301697
0.810194123238, 0.350024444332, 0.54510186466, 0.538610430901, 0.534340661291, 0.434720600386, 0.487242888978, 0.520804245552, 0.486527450303, 0.418362324575, 0.534005033415, 0.53311699185, 0.255129818911, 0.156357229391, 0.973719862348
0.70351776782, 0.885005906707, 0.483931974479, 0.505326327607, 0.534340661291, 0.486408786359, 0.508346604517, 0.455182565841, 0.486527450303, 0.497680005177, 0.442771606444, 0.572475674485, 0.0816782599929, 0.447251064454, 0.904619831955
6.27018328525e-06, 0.911305677709, 0.483931974479, 0.470793980069, 0.461047305877, 0.508911393848, 0.543314679397, 0.514013785639, 0.420672735986, 0.502710279376, 0.46911217543, 0.583875580025, 0.141518672691, 1.0091955587, 1.00370025562e-05
0.653281129504, 0.651998282881, 0.483931974479, 0.512689932184, 0.4930309998, 0.486408786359, 0.463262782366, 0.514013785639, 0.463150952501, 0.5120535122, 0.510316016166, 0.486317350412, 0.270393076156, 0.444366281559, 0.85873903489
0.618665803483, 0.819358783938, 0.483931974479, 0.464634655271, 0.553530408635, 0.486408786359, 0.438484901161, 0.514013785639, 0.481465616291, 0.456322471894, 0.584193780344, 0.486317350412, 0.160696495392, 0.551048691676, 0.840822045194
0.293107578915, 0.773012077522, 0.483931974479, 0.470793980069, 0.461047305877, 0.508911393848, 0.543314679397, 0.514013785639, 0.420672735986, 0.52320720711, 0.46911217543, 0.583875580025, 0.318827919367, 0.8559800689, 0.453026589435
0.636739123171, 5.39577509501e-06, 0.483931974479, 0.522043989703, 0.478383982227, 0.486408786359, 0.499355219126, 0.514013785639, 0.567323201513, 0.527618245715, 0.514502794929, 0.560487169213, 0.545954931815, 4.62733039723e-06, 0.850625143846
0.305045672469, 0.0903956592329, 0.483931974479, 0.522043989703, 0.55590466894, 0.486408786359, 0.543314679397, 0.514013785639, 0.573240235913, 0.416954843249, 0.510316016166, 0.572475674485, 0.899309785178, 0.128561028736, 0.471986075056
0.206727025374, 0.0703521378644, 0.55411090754, 0.507321071252, 0.481967451084, 0.486408786359, 0.543314679397, 0.514013785639, 0.567323201513, 0.502710279376, 0.536541139227, 0.522779225499, 0.95322092502, 0.105770290607, 0.322864336795
0.090809947612, 0.109237635442, 0.539104883255, 0.46977783194, 0.536090123247, 0.486408786359, 0.508346604517, 0.511625644592, 0.567323201513, 0.502710279376, 0.510316016166, 0.486317350412, 0.984053813482, 0.170530818626, 0.143435585528
0.385542062309, 0.103038473508, 0.483931974479, 0.46977783194, 0.534340661291, 0.508911393848, 0.543314679397, 0.514013785639, 0.504879069411, 0.497680005177, 0.510316016166, 0.53311699185, 0.816064464082, 0.13324760233, 0.572526898812
0.310259879212, 0.888579525309, 0.515588177317, 0.46977783194, 0.55590466894, 0.50049056226, 0.508346604517, 0.514013785639, 0.48326366189, 0.497680005177, 0.499465038537, 0.486317350412, 0.154626436053, 0.87444503414, 0.470641822945
0.70351776782, 0.367059942695, 0.483931974479, 0.46977783194, 0.585359039002, 0.486408786359, 0.463262782366, 0.514013785639, 0.504879069411, 0.502710279376, 0.514502794929, 0.522779225499, 0.380584204388, 0.247488667066, 0.903284320634
0.416903702704, 3.32558978305e-06, 0.483931974479, 0.507321071252, 0.514708654496, 0.486408786359, 0.549570179923, 0.514013785639, 0.444442027326, 0.436156400437, 0.614606334631, 0.486317350412, 0.812043448817, 4.24197223213e-06, 0.623583365799
0.439242861144, 0.636219827345, 0.424546177747, 0.507321071252, 0.534340661291, 0.486408786359, 0.463262782366, 0.638109677837, 0.60412511787, 0.497680005177, 0.510316016166, 0.399115975568, 0.437427023223, 0.680311792752, 0.667483553522
0.740451803988, 0.651998282881, 0.483931974479, 0.512689932184, 0.4930309998, 0.486408786359, 0.463262782366, 0.514013785639, 0.463150952501, 0.5120535122, 0.510316016166, 0.486317350412, 0.206930109101, 0.340070701629, 0.92170406623
0.221532995861, 0.367059942695, 0.483931974479, 0.46977783194, 0.585359039002, 0.486408786359, 0.463262782366, 0.514013785639, 0.504879069411, 0.502710279376, 0.514502794929, 0.522779225499, 0.796714812061, 0.518092670675, 0.344736179846
0.846318347224, 9.6385865915e-05, 0.483931974479, 0.507321071252, 0.534340661291, 0.486408786359, 0.536808767184, 0.447584352042, 0.508350962188, 0.502710279376, 0.514502794929, 0.572475674485, 0.241770548646, 3.66046812769e-05, 0.981993642432
0.272516521096, 0.577591393836, 0.483931974479, 0.445198211662, 0.553530408635, 0.486408786359, 0.438484901161, 0.514013785639, 0.567323201513, 0.456322471894, 0.584193780344, 0.486317350412, 0.573772085632, 0.73395176204, 0.425079946973
0.339480873197, 0.651998282881, 0.483931974479, 0.46977783194, 0.4930309998, 0.486408786359, 0.534663950322, 0.514013785639, 0.48326366189, 0.5120535122, 0.668622993209, 0.486317350412, 0.461903391984, 0.759095963746, 0.524529535241
0.391543676067, 0.230780025167, 0.515588177317, 0.512906212081, 0.536090123247, 0.434720600386, 0.534663950322, 0.514013785639, 0.48326366189, 0.737881507727, 0.510316016166, 0.486335301667, 0.812953983953, 0.308328545409, 0.614221731497
0.000380971442487, 2.20069078744e-06, 0.515588177317, 0.522043989703, 0.222208538051, 0.486408786359, 0.150298189874, 0.100485255791, 0.513661801432, 0.497680005177, 0.46911217543, 0.407638228136, 1.36966166957, 4.73469714413e-06, 0.000819644734445
9.39316296966e-08, 0.773012077522, 0.375307032032, 0.66655145649, 0.786691357343, 0.508911393848, 0.534663950322, 0.43920701965, 0.816731130143, 0.299498518945, 0.478222475022, 0.487198828206, 0.443850495273, 1.19163710091, 1.87623418891e-07
0.090809947612, 0.281940298363, 0.483931974479, 0.505326327607, 0.55590466894, 0.486408786359, 0.480506940729, 0.514013785639, 0.567323201513, 0.502710279376, 0.536155687949, 0.572475674485, 0.908007692165, 0.430661086386, 0.144331863327
0.122988862342, 0.999999027724, 0.483931974479, 0.464634655271, 0.534340661291, 0.486408786359, 0.534663950322, 0.514013785639, 0.504879069411, 0.497680005177, 0.510316016166, 0.572475674485, 1.5133133586e-06, 0.990876197814, 0.193845445802
0.13881380234, 0.651998282881, 0.489353226636, 0.491886665518, 0.521521167917, 0.486408786359, 0.534663950322, 0.511625644592, 0.522284977122, 0.502710279376, 0.510316016166, 0.53311699185, 0.509475651047, 0.837276618982, 0.217161838952
0.000381181951445, 0.552398915462, 0.496464284418, 0.522043989703, 0.417357854029, 0.486408786359, 0.534663950322, 0.455261112582, 0.504879069411, 0.502710279376, 0.510316016166, 0.574930162572, 0.657225898487, 0.775410363422, 0.000608619624503
0.293107578915, 0.170479887634, 0.592906212773, 0.522043989703, 0.55590466894, 0.561454725309, 0.543314679397, 0.511625644592, 0.463150952501, 0.502710279376, 0.510316016166, 0.400044757288, 0.889419600124, 0.244038443733, 0.457421999128
0.391543676067, 0.888579525309, 0.483931974479, 0.512906212081, 0.536090123247, 0.434720600386, 0.534663950322, 0.514013785639, 0.48326366189, 0.502710279376, 0.510316016166, 0.486335301667, 0.14335161556, 0.810683551678, 0.581584394856
0.928528621154, 0.154620884453, 0.515588177317, 0.458506612134, 0.481967451084, 0.486408786359, 0.543314679397, 0.514013785639, 0.567323201513, 0.502710279376, 0.549920937523, 0.492602400848, 0.11000824836, 0.0272566475432, 1.00526515858
0.221532995861, 0.924211711476, 0.515588177317, 0.470793980069, 0.553530408635, 0.486408786359, 0.463262782366, 0.511625644592, 0.508350962188, 0.527618245715, 0.510316016166, 0.583875580025, 0.11316733119, 0.946107788805, 0.345641949107
0.13881380234, 0.516334292404, 0.267789074564, 0.462616734468, 0.518782318309, 0.484284427795, 0.543314679397, 0.420620659927, 0.504879069411, 0.552704127624, 0.456421108733, 0.572475674485, 0.722217979405, 0.760263613739, 0.232343243943
0.654595545928, 0.204508224482, 0.496464284418, 0.46977783194, 0.494039980755, 0.486408786359, 0.534663950322, 0.511625644592, 0.567323201513, 0.502710279376, 0.510316016166, 0.572475674485, 0.495982935047, 0.16504675334, 0.866993280452
0.221532995861, 0.475686732224, 0.483931974479, 0.505326327607, 0.534340661291, 0.486408786359, 0.534663950322, 0.551043387004, 0.504879069411, 0.497680005177, 0.510316016166, 0.572475674485, 0.697099751887, 0.645788307086, 0.344701080255
1.22379747058e-05, 0.489695501908, 0.539104883255, 0.444703312453, 0.526424264686, 0.766871576837, 0.534663950322, 0.455182565841, 0.487886862482, 0.502710279376, 0.514502794929, 0.520399784556, 0.776292402198, 0.751560013944, 2.07707763672e-05
0.90893978848, 0.9999665739, 0.483931974479, 0.488005982868, 0.55590466894, 0.561454725309, 0.312832443421, 0.514013785639, 0.444442027326, 0.497680005177, 0.302316997511, 0.572475674485, 8.15794855192e-06, 0.155372935494, 1.0788244698
0.13881380234, 0.898096924087, 0.483931974479, 0.46977783194, 0.534340661291, 0.486408786359, 0.534663950322, 0.56246740417, 0.508350962188, 0.502710279376, 0.510316016166, 0.486317350412, 0.156858740377, 0.971560927912, 0.218057231935
0.521528259896, 8.08737378982e-06, 0.483931974479, 0.460259059606, 0.55590466894, 0.508911393848, 0.503675766336, 0.577512509325, 0.48326366189, 0.52320720711, 0.400673930915, 0.574930162572, 0.701478403278, 8.91131299928e-06, 0.750601403315
0.0378467987323, 2.20069078744e-06, 0.515588177317, 0.522043989703, 0.200190680578, 0.486408786359, 0.150298189874, 0.514013785639, 0.513661801432, 0.497680005177, 0.46911217543, 0.407638228136, 1.22080330444, 4.220118039e-06, 0.0726619054132
0.512701561977, 0.489695501908, 0.515588177317, 0.507321071252, 0.534340661291, 0.486408786359, 0.534663950322, 0.514013785639, 0.567323201513, 0.527618245715, 0.499465038537, 0.457789668492, 0.502836386967, 0.48681620602, 0.728381613931
0.73346988632, 0.170479887634, 0.592906212773, 0.522043989703, 0.55590466894, 0.49150845601, 0.543314679397, 0.511625644592, 0.463150952501, 0.502710279376, 0.510316016166, 0.400044757288, 0.402161424194, 0.110344822709, 0.937194285879
6.27018328525e-06, 0.109237635442, 0.353243591345, 0.507321071252, 0.514708654496, 0.0428925314032, 0.463262782366, 0.514013785639, 0.513661801432, 0.497680005177, 0.470197557087, 0.572475674485, 1.22044362628, 0.211495802185, 1.21995260606e-05
0.439242861144, 0.998424498441, 0.483931974479, 0.507321071252, 0.534340661291, 0.486408786359, 0.463262782366, 0.514013785639, 0.60412511787, 0.497680005177, 0.510316016166, 0.486317350412, 0.00193614772937, 0.782346042848, 0.645649215309
0.0764932983134, 0.367059942695, 0.483931974479, 0.46977783194, 0.585359039002, 0.486408786359, 0.534663950322, 0.514013785639, 0.48326366189, 0.480486475019, 0.510316016166, 0.486335301667, 0.841440150081, 0.547176942075, 0.121184346402
0.305045672469, 0.444871133358, 0.510432226619, 0.522043989703, 0.424254733417, 0.486408786359, 0.543314679397, 0.514013785639, 0.573240235913, 0.502710279376, 0.510316016166, 0.586550420887, 0.694036818874, 0.583159179363, 0.470977214482
0.757916351342, 3.67949170449e-06, 0.504630503693, 0.46977783194, 0.474017953014, 0.486408786359, 0.534663950322, 0.511625644592, 0.48326366189, 0.497680005177, 0.400673930915, 0.0220557170405, 0.460881394375, 2.66377096814e-06, 1.15301349858
0.856278356461, 5.01770705371e-05, 0.483931974479, 0.507321071252, 0.534340661291, 0.0208455648307, 0.536808767184, 0.447584352042, 0.508350962188, 0.502710279376, 0.514502794929, 0.572475674485, 0.277729066147, 2.1890037941e-05, 1.20923892663
0.046042627538, 6.16190004299e-07, 0.476913674745, 0.460259059606, 0.55590466894, 0.508911393848, 0.503675766336, 0.577512509325, 0.48326366189, 0.52320720711, 0.400673930915, 0.486317350412, 1.01953805492, 9.86820054466e-07, 0.0738654868656
9.39316296966e-08, 0.281940298363, 0.375307032032, 0.66655145649, 0.786691357343, 0.508911393848, 0.534663950322, 0.43920701965, 0.567323201513, 0.299498518945, 0.478222475022, 0.749304454451, 1.11839850544, 0.530447835984, 1.82636705142e-07
0.512701561977, 0.999999027724, 0.483931974479, 0.264869876034, 0.534340661291, 0.486408786359, 0.534663950322, 0.514013785639, 0.504879069411, 0.497680005177, 0.510316016166, 0.572475674485, 1.12556705754e-06, 0.736990524816, 0.767001504619
0.471290739803, 0.742087934989, 0.483931974479, 0.507321071252, 0.516646610499, 0.486408786359, 0.499355219126, 0.508063456236, 0.529761078231, 0.497680005177, 0.491561977898, 0.572475674485, 0.293029243003, 0.683290352046, 0.679268771306
0.800156640846, 0.854351729556, 0.496464284418, 0.488005982868, 0.534340661291, 0.506291531567, 0.510165306788, 0.514013785639, 0.444442027326, 0.497680005177, 0.510316016166, 0.486317350412, 0.0703842607941, 0.302258926738, 0.95594586788
0.462386378889, 0.231915820653, 0.510432226619, 0.53215575754, 0.534340661291, 0.486408786359, 0.463262782366, 0.511625644592, 0.497918029185, 0.497680005177, 0.510316016166, 0.53311699185, 0.702200312554, 0.267757049043, 0.667575407651
