0.999999997014, 0.000124829139086, 0.877722881132, 9.70575661028e-05, 0.0670720696761, 0.39645718112, 0.499138429724, 0.70619536346, 0.4574330539, 0.0799554574516, 0.434448559202, 0.541321287016, 0.913195960513, 0.0374502398215, 8.48760418883e-07, 0.0, 2.88833123638e-12, 0.0, 1.80960196361
0.999999997014, 0.999674169018, 0.999908327443, 0.000392137702739, 0.0670720696761, 0.439477395006, 0.499138429724, 0.126895670893, 0.4574330539, 0.0799554574516, 0.427381818367, 0.553793461445, 0.82459661619, 0.111824309349, 6.00023743596e-10, 0.0, 4.18551377324e-08, 8.30424623358e-07, 1.77275699075
0.000395171602774, 0.740084729779, 0.999908327443, 0.274172915154, 0.0667058816158, 0.39645718112, 0.666883008847, 0.126895670893, 0.4574330539, 0.0799554574516, 0.0755922916296, 0.541321287016, 0.514692879588, 0.111824309349, 0.0268981760717, 2.68100535493e-58, 1.87630385672, 2.49811264431e-13, 0.0
0.418161799877, 0.000124829139086, 0.243861433059, 0.998489251151, 0.48253648659, 0.28697139013, 0.864349499859, 0.308861999972, 0.587905188821, 0.144296038721, 0.441153480358, 0.470373573408, 0.220159298716, 0.661113969685, 0.318719952355, 1.42256545431, 1.18614994539e-61, 0.0, 3.1207794138e-38
0.000473798816852, 0.000124829139086, 0.000252282806404, 9.70575661028e-05, 0.457832176026, 0.397235815031, 0.507454298283, 0.70619536346, 0.619505792171, 0.80317505977, 0.566804452153, 0.541321287016, 0.82459661619, 0.413998110382, 1.28003702064, 0.0, 0.0, 0.0, 0.0
0.999999949267, 0.663208459968, 0.000252282806404, 8.11247039429e-05, 0.0670720696761, 0.473118146771, 0.719437801668, 0.000401959768018, 0.385375890246, 0.261996501429, 0.474437187183, 0.557856751022, 0.835135197421, 0.282165755963, 1.3702433455e-05, 0.0, 0.0, 3.14719264583e-23, 1.71945294877
0.00141507887059, 0.999618495496, 0.00699219375938, 0.274172915154, 0.0667058816158, 0.615300809165, 0.816151565492, 0.458785133779, 0.226519288682, 0.0321911193963, 0.210231773257, 0.682263843941, 0.800698256207, 0.111824309349, 0.114882232353, 1.14505860659e-57, 5.22057317777e-217, 1.95123191597, 3.67489412484e-285
0.714032605673, 0.998986210464, 0.999948446416, 0.998456950321, 0.474170150625, 0.801592742262, 0.471367920321, 0.643247985812, 0.465440067496, 0.251497424041, 0.569911998978, 0.470373573408, 0.540899624667, 0.706891582396, 0.000333171860892, 0.0014572482342, 0.185061976279, 1.21210843295, 4.53387744569e-15
0.993779935644, 0.776134326736, 0.999804854168, 0.998181787425, 0.48253648659, 0.596565484854, 0.818619079918, 0.940430579177, 0.4574330539, 0.652523703404, 0.441153480358, 0.396189527338, 0.220159298716, 0.661113969685, 0.00757018886691, 0.0283019460783, 0.964711874728, 1.49419352142e-11, 1.08038649686
0.286938436488, 0.997285535494, 0.999948446416, 0.995328850064, 0.428622677823, 0.242095888233, 0.757621494741, 0.940430579177, 0.587905188821, 0.144296038721, 0.468940094159, 0.697729645997, 0.505205920862, 0.661113969685, 0.0025045537049, 0.003762673546, 0.559576095056, 1.42641638559, 1.44651873068e-54
0.98748224576, 0.997285535494, 0.999804854168, 0.0031359392993, 0.0670720696761, 0.0812369466102, 0.463846715711, 0.651232818449, 0.422736124996, 0.438452380961, 0.210231773257, 0.674357500088, 0.902235570957, 0.111824309349, 0.0182406732835, 1.24143935921e-252, 0.600643706765, 1.53175780003, 0.786131610642
0.983451791305, 0.126730949449, 0.0315607177077, 0.992832558624, 0.457832176026, 0.541413607569, 0.507454298283, 0.522513271128, 0.465440067496, 0.504580707262, 0.399999017548, 0.470373573408, 0.540899624667, 0.549527273772, 0.703909079396, 0.675904263769, 1.25951030427e-150, 2.97703201987e-90, 0.297700848528
0.97104774593, 0.937637999519, 0.0045150633403, 0.00366799815886, 0.483237821728, 0.334828752391, 0.588771190296, 0.472665168772, 0.465440067496, 0.615798328205, 0.447420941306, 0.528615245264, 0.513553552524, 0.413998110382, 1.05827937988, 4.60925899272e-244, 4.8652474929e-235, 0.00265607959282, 0.0882640801939
0.000579676560247, 0.989834143107, 0.999908327443, 0.991234229101, 0.416620305267, 0.119845802881, 0.816151565492, 0.671400661004, 0.4574330539, 0.415495682014, 0.42286751935, 0.396189527338, 0.619459502191, 0.706891582396, 0.0131257623186, 0.0100042133492, 1.15122420361, 0.730539093394, 0.0
0.996073337236, 0.98486801262, 0.0052190769794, 0.991234229101, 0.416620305267, 0.119845802881, 0.454380673957, 0.671400661004, 0.4574330539, 0.415495682014, 0.42286751935, 0.396189527338, 0.540899624667, 0.706891582396, 0.459120406633, 0.349933084986, 5.21040843544e-229, 0.205450118785, 1.093053729
0.98748224576, 0.943463911743, 0.807003146978, 0.991234229101, 0.516265086903, 0.514551352891, 0.463129964045, 0.54604624725, 0.465440067496, 0.504580707262, 0.441153480358, 0.741809152544, 0.513553552524, 0.706891582396, 0.796624724493, 0.607172635741, 7.66216543184e-10, 0.00467047565864, 0.478556903863
0.98748224576, 0.126730949449, 0.999804854168, 0.0031359392993, 0.0670720696761, 0.0812369466102, 0.463846715711, 0.651232818449, 0.422736124996, 0.438452380961, 0.210231773257, 0.674357500088, 0.902235570957, 0.111824309349, 0.0499458001656, 3.39925402911e-252, 1.64465587879, 5.01954029645e-90, 0.786131610642
0.22104485971, 0.998874191528, 0.946186219105, 0.991234229101, 0.535771929882, 0.509235726553, 0.463846715711, 0.472665168772, 0.500045733214, 0.452308533634, 0.434448559202, 0.396189527338, 0.415135276774, 0.413998110382, 0.137151222268, 0.104534125742, 0.00107261048192, 1.02090301199, 4.56305411422e-66
0.983451791305, 0.996135558945, 0.170442093072, 0.995328850064, 0.909843446541, 0.634592195333, 0.499138429724, 0.515642290174, 0.479999053315, 0.473123367378, 0.399999017548, 0.470373573408, 0.513553552524, 0.497719136633, 0.306921337532, 0.461098037218, 1.25095591416e-77, 1.00366520053, 0.349710562866
0.000579676560247, 0.999618495496, 0.999908327443, 0.000392137702739, 0.48253648659, 0.28697139013, 0.816151565492, 0.669080633865, 0.352658286889, 0.0799554574516, 0.0755922916296, 0.541321287016, 0.82459661619, 0.0744382183056, 0.00155075479202, 0.0, 0.108174144943, 1.83748633506, 0.0
0.00141507887059, 0.740084729779, 0.999908327443, 0.303248060969, 0.0670720696761, 0.473118146771, 0.666883008847, 0.126895670893, 0.4574330539, 0.0799554574516, 0.0755922916296, 0.541321287016, 0.445406206403, 0.111824309349, 0.0267899369888, 6.36641327012e-54, 1.86875355263, 2.48806016265e-13, 3.51383334683e-285
0.990051015233, 0.976157532018, 0.132791749999, 0.201334713086, 0.457832176026, 0.473118146771, 0.588771190296, 0.522513271128, 0.439044853232, 0.473123367378, 0.456533300885, 0.470373573408, 0.540899624667, 0.479882887227, 0.846051522882, 3.27629276722e-70, 2.75820231516e-88, 0.119780014097, 0.557312438906
0.990800462363, 0.209455051654, 0.0045150633403, 0.000224019970939, 0.0249809386503, 0.334828752391, 0.588771190296, 0.515642290174, 0.439044853232, 0.772252213136, 0.447420941306, 0.528615245264, 0.513553552524, 0.205389260903, 1.16059932263, 0.0, 5.3356448704e-235, 2.34361412637e-68, 0.834466139449
0.98748224576, 0.997069570229, 0.132791749999, 0.00337226715678, 0.457832176026, 0.473118146771, 0.588771190296, 0.515642290174, 0.465440067496, 0.504580707262, 0.456533300885, 0.50849729418, 0.540899624667, 0.44204006071, 0.357570789475, 3.48080101791e-248, 1.16571219682e-88, 0.846910401393, 0.439215562428
0.00141507887059, 0.999618495496, 0.999804854168, 0.0675178426111, 0.0667058816158, 0.615300809165, 0.816151565492, 0.458785133779, 0.4574330539, 0.438452380961, 0.210231773257, 0.682263843941, 0.800698256207, 0.111824309349, 0.00297331514542, 4.08522996231e-120, 0.0979077363303, 1.66369306387, 3.1333517128e-285
0.98748224576, 0.990244941708, 0.807003146978, 0.991234229101, 0.516265086903, 0.514551352891, 0.463129964045, 0.308003313246, 0.465440067496, 0.504580707262, 0.441153480358, 0.741809152544, 0.513553552524, 0.706891582396, 0.68296307052, 0.520541824641, 6.56893499445e-10, 0.574170294437, 0.493534242135
0.434349797983, 0.000124829139086, 0.0052190769794, 0.995328850064, 0.997126416282, 0.541413607569, 0.463846715711, 0.143226913095, 0.65761850953, 0.504580707262, 0.456533300885, 0.470373573408, 0.0697474903053, 0.661436880188, 0.89557221157, 1.345447639, 1.45881395566e-228, 0.0, 1.54380355642e-36
0.996244275867, 0.997285535494, 0.000748592350937, 0.0363720748584, 0.457832176026, 0.407678098896, 0.471367920321, 0.512061036789, 0.465440067496, 0.365871527475, 0.672695641998, 0.470373573408, 0.540899624667, 0.571764253997, 0.184449555637, 3.45784176302e-145, 7.70080296307e-314, 0.470165341071, 0.941007735288
0.22104485971, 0.121151929797, 0.999804854168, 0.194425521606, 0.389602691159, 0.509235726553, 0.463846715711, 0.472665168772, 0.500045733214, 0.498412424279, 0.434448559202, 0.396189527338, 0.445406206403, 0.413998110382, 0.0315620529244, 3.72059498537e-73, 1.03930091653, 3.51637341208e-92, 4.58250939629e-66
0.996244275867, 0.997285535494, 0.000748592350937, 0.998136173807, 0.457832176026, 0.407678098896, 0.354431869027, 0.676296056122, 0.465440067496, 0.365871527475, 0.672695641998, 0.682263843941, 0.554052053363, 0.571764253997, 0.052597097601, 0.192039363334, 8.31296095773e-314, 0.507540076394, 1.01581102675
0.999999949267, 0.999674169018, 0.00102789580306, 8.11247039429e-05, 0.678924559065, 0.473118146771, 0.760510772694, 0.321546203722, 0.4574330539, 0.0799554574516, 0.434448559202, 0.541321287016, 0.835135197421, 0.111824309349, 6.33758228106e-07, 0.0, 1.55938290898e-305, 1.25727543895e-05, 1.57969802205
0.993011058698, 0.997069570229, 0.0052190769794, 0.995328850064, 0.516265086903, 0.407678098896, 0.331596293362, 0.56598307068, 0.479999053315, 0.504580707262, 0.399999017548, 0.470373573408, 0.513553552524, 0.750053364321, 0.171088939828, 0.257032551007, 2.78689903343e-229, 0.731318455174, 0.783709432588
0.22104485971, 0.00288541672016, 0.946186219105, 0.991234229101, 0.389602691159, 0.509235726553, 0.463846715711, 0.472665168772, 0.141495756331, 0.498412424279, 0.652230001595, 0.61049652751, 0.415135276774, 0.413998110382, 0.9486752424, 0.723062729138, 0.00741924856457, 1.96587223631e-254, 5.25705943413e-66
0.983451791305, 0.650756580905, 0.0988194413767, 0.995328850064, 0.909843446541, 0.634592195333, 0.499138429724, 0.515642290174, 0.479999053315, 0.473123367378, 0.399999017548, 0.470373573408, 0.513553552524, 0.497719136633, 0.635205554181, 0.954290231556, 5.49139620511e-101, 3.9564000422e-19, 0.349710562866
0.0164237996796, 0.999880206402, 0.999804854168, 0.99261614979, 0.0670720696761, 0.0812369466102, 0.816151565492, 0.458785133779, 0.4574330539, 0.68405304406, 0.434448559202, 0.674357500088, 0.804794052162, 0.111824309349, 0.000739774022254, 0.000687247739302, 0.0332495420549, 1.77809320829, 9.85177125772e-179
0.990051015233, 0.18018904518, 0.0184794056491, 0.201334713086, 0.457832176026, 0.473118146771, 0.588771190296, 0.522513271128, 0.659701911153, 0.473123367378, 0.456533300885, 0.470373573408, 0.876672952884, 0.661436880188, 1.01166797089, 3.91763428849e-70, 7.41238165202e-174, 5.94287060188e-75, 0.659827730993
0.714032605673, 0.998874191528, 0.570405777842, 0.998606154945, 0.474170150625, 0.801592742262, 0.471367920321, 0.453009971377, 0.465440067496, 0.251497424041, 0.569911998978, 0.470373573408, 0.540899624667, 0.706891582396, 0.0408554301091, 0.19698562756, 1.31247642501e-25, 1.19097158685, 4.46616660394e-15
0.995762470056, 0.997285535494, 0.00102789580306, 0.00366799815886, 0.678924559065, 0.514551352891, 0.471367920321, 0.54604624725, 0.465440067496, 0.386261472294, 0.441153480358, 0.889965970529, 0.513553552524, 0.360432798652, 0.23126171463, 1.00724360513e-244, 5.69027034763e-300, 0.589490403272, 1.04805000932
0.996073337236, 0.776134326736, 0.113068413227, 0.999622281172, 0.416620305267, 0.858231130083, 0.582969967479, 0.522513271128, 0.0299343623473, 0.636531437426, 0.42286751935, 0.396189527338, 0.540899624667, 0.63251998839, 0.0403639680128, 0.692324563219, 2.35123599417e-95, 1.07363251224e-11, 1.23711329957
0.999999949267, 0.791460934465, 0.00102789580306, 8.11247039429e-05, 0.405220935039, 0.473118146771, 0.35089859769, 0.321546203722, 0.4574330539, 0.0799554574516, 0.434448559202, 0.541321287016, 0.835135197421, 0.111824309349, 1.2041516901e-05, 0.0, 2.96285473245e-304, 1.3174963642e-15, 1.51103246086
0.000213500776493, 0.997285535494, 0.000172283991036, 0.995328850064, 0.425712859308, 0.473118146771, 0.438942491912, 0.436386763366, 0.40158366593, 0.28052255192, 0.569911998978, 0.500855245388, 0.86501136869, 0.497719136633, 0.244859922747, 0.367861129109, 0.0, 1.12641874964, 0.0
0.993905617316, 0.989205822996, 0.0624270423067, 0.000392137702739, 0.678924559065, 0.547318543286, 0.471367920321, 0.515642290174, 0.517867488582, 0.473123367378, 0.76430293352, 0.580603847457, 0.513553552524, 0.0304705966599, 0.756924659487, 0.0, 4.09683483227e-121, 0.444128997867, 1.00381601079
0.993905617316, 0.997069570229, 0.00120214891362, 0.0128862995284, 0.516265086903, 0.547318543286, 0.452242661077, 0.300159317012, 0.617116066237, 0.504580707262, 0.399999017548, 0.470373573408, 0.513553552524, 0.549527273772, 0.274435480766, 4.43999335888e-190, 4.26959779839e-293, 0.650003495848, 0.807034955974
0.98748224576, 8.57296438161e-05, 0.314691497244, 0.995328850064, 0.678924559065, 0.28697139013, 0.588771190296, 0.522513271128, 0.772306324089, 0.473123367378, 0.441153480358, 0.470373573408, 0.564826721155, 0.661113969685, 0.597543367588, 0.897709087817, 1.04087683733e-50, 0.0, 0.515227033081
0.418161799877, 0.000124829139086, 0.999908327443, 0.998673736762, 0.48253648659, 0.28697139013, 0.864349499859, 0.308861999972, 0.587905188821, 0.498412424279, 0.441153480358, 0.470373573408, 0.540899624667, 0.706891582396, 0.00353568150937, 0.0178800283182, 1.27138720624, 0.0, 2.72193642185e-38
0.83119186847, 0.997069570229, 0.00102789580306, 0.992832558624, 0.516265086903, 0.779828841286, 0.331596293362, 0.56598307068, 0.479999053315, 0.504580707262, 0.399999017548, 0.470373573408, 0.513553552524, 0.750053364321, 0.332545727403, 0.319315493477, 1.13438046332e-299, 1.0919556821, 1.73809569449e-08
0.434349797983, 0.000124829139086, 0.00102789580306, 0.992832558624, 0.997126416282, 0.541413607569, 0.463846715711, 0.84585083704, 0.465440067496, 0.504580707262, 0.456533300885, 0.470373573408, 0.0697474903053, 0.661436880188, 1.14322627483, 1.09774335383, 3.89977511198e-299, 0.0, 1.51388423707e-36
0.999999987299, 0.98486801262, 0.00699219375938, 0.00384418058201, 0.474170150625, 0.0475130481866, 0.471367920321, 0.70619536346, 0.503812031223, 0.26276672484, 0.434448559202, 0.557856751022, 0.6940379552, 0.379267601702, 2.56538193293e-06, 1.21800752985e-247, 1.16578202177e-221, 9.13012651113e-07, 1.36491354009
0.996073337236, 0.776134326736, 0.132791749999, 0.998181787425, 0.416620305267, 0.858231130083, 0.582969967479, 0.522513271128, 0.4574330539, 0.415495682014, 0.42286751935, 0.396189527338, 0.540899624667, 0.63251998839, 0.150054295718, 0.56099374281, 1.89318294319e-88, 8.99026160215e-12, 1.03591983922
0.0127096887068, 0.126730949449, 0.00819046461084, 0.998136173807, 0.634194212195, 0.514551352891, 0.507454298283, 0.70619536346, 0.587905188821, 0.477511033267, 0.434448559202, 0.61049652751, 0.540899624667, 0.689974477221, 0.296727700043, 1.08339435442, 3.77978717815e-209, 3.42674971455e-90, 4.57198607758e-190
0.993011058698, 0.404609806801, 0.0052190769794, 0.995328850064, 0.113360773947, 0.227625638253, 0.574820663242, 0.56598307068, 0.4574330539, 0.504580707262, 0.399999017548, 0.470373573408, 0.513553552524, 0.750053364321, 0.516178969245, 0.775472671551, 8.40813364041e-229, 7.39553902097e-40, 0.919682250802
0.990007627829, 0.209455051654, 0.807003146978, 0.995328850064, 0.678924559065, 0.514551352891, 0.463129964045, 0.522513271128, 0.589904318095, 0.415495682014, 0.441153480358, 0.741809152544, 0.513553552524, 0.706891582396, 0.536578910164, 0.806120174892, 7.40773555252e-10, 1.95544929021e-68, 0.62810752362
0.418161799877, 0.000124829139086, 0.999908327443, 0.991234229101, 0.48253648659, 0.28697139013, 0.864349499859, 0.308861999972, 0.587905188821, 0.498412424279, 0.652230001595, 0.24615602408, 0.415135276774, 0.706891582396, 0.0155081569057, 0.011820030454, 1.36017742436, 0.0, 2.91202904462e-38
0.9924598599, 0.562185166367, 0.0052190769794, 0.999200903062, 0.571085867259, 0.869392859904, 0.507454298283, 0.515642290174, 0.479999053315, 0.504580707262, 0.456533300885, 0.816629486323, 0.833805268971, 0.56467002035, 0.121249400777, 0.999803169595, 9.09023303144e-229, 1.53866114084e-25, 0.913909451222
0.993905617316, 0.989205822996, 0.000247030816779, 0.000392137702739, 0.678924559065, 0.547318543286, 0.471367920321, 0.515642290174, 0.517867488582, 0.473123367378, 0.76430293352, 0.916176911461, 0.513553552524, 0.0304705966599, 0.851561262643, 0.0, 0.0, 0.499657456604, 1.12932088933
0.699729208908, 0.98486801262, 0.0441001673264, 0.999410435859, 0.487921176722, 0.634592195333, 0.499138429724, 0.515642290174, 0.901354341503, 0.473123367378, 0.393727413307, 0.470373573408, 0.513553552524, 0.613373803749, 0.102030145931, 1.13114657282, 4.95931946155e-136, 0.404206453183, 5.89244679944e-16
0.999174162401, 0.999303343024, 0.132791749999, 0.652052803176, 0.599222645826, 0.397235815031, 0.588771190296, 0.453009971377, 0.545187779471, 0.498412424279, 0.42286751935, 0.717815665631, 0.334672832938, 0.728190074661, 0.0152805838239, 6.43482074081e-21, 4.98160461155e-90, 0.143969990684, 1.1563068597
0.22104485971, 0.00288541672016, 0.946186219105, 0.998673736762, 0.300773289385, 0.509235726553, 0.180719235677, 0.68619260695, 0.141495756331, 0.498412424279, 0.441153480358, 0.61049652751, 0.540899624667, 0.413998110382, 0.257932349208, 1.30437023125, 0.00827022817157, 2.19135560818e-254, 5.86003833858e-66
0.286938436488, 0.999674169018, 0.999804854168, 0.999771486993, 0.48253648659, 0.596565484854, 0.765414033525, 0.940430579177, 0.89554874797, 0.652523703404, 0.441153480358, 0.396189527338, 0.220159298716, 0.661113969685, 8.52575600998e-05, 0.00240117203193, 0.0791175686506, 1.570290216, 1.48430654616e-54
0.994538231075, 0.98486801262, 0.000707116046429, 0.273215026631, 0.128375247852, 0.514551352891, 0.416473005165, 0.54604624725, 0.465440067496, 0.386261472294, 0.441153480358, 0.470373573408, 0.540899624667, 0.111824309349, 0.763815205753, 5.36495807186e-57, 1.06703201408e-315, 0.271839813407, 1.03944300844
0.996073337236, 6.26880019516e-06, 0.132791749999, 0.995328850064, 0.416620305267, 0.509235726553, 0.538343286639, 0.522513271128, 0.540994347705, 0.415495682014, 0.42286751935, 0.396189527338, 0.540899624667, 0.49582182488, 0.280772523232, 0.421813811995, 1.65193546384e-88, 0.0, 0.903913024496
0.993011058698, 0.999574681174, 0.0052190769794, 0.0128862995284, 0.457832176026, 0.547318543286, 0.588771190296, 0.515642290174, 0.493452543418, 0.0630114374915, 0.399999017548, 0.470373573408, 0.513553552524, 0.750053364321, 0.0593970597621, 9.60963757838e-191, 5.36111449579e-230, 0.906614739142, 0.896976703843
0.999999949267, 0.998986210464, 0.999948446416, 0.998456950321, 0.474170150625, 0.801592742262, 0.471367920321, 0.643247985812, 0.465440067496, 0.251497424041, 0.569911998978, 0.470373573408, 0.835135197421, 0.282165755963, 2.90471382849e-09, 1.2704821728e-08, 1.61343782211e-06, 1.05676035107e-05, 1.34144583506
0.9924598599, 0.999880206402, 0.999804854168, 0.99261614979, 0.0670720696761, 0.0812369466102, 0.816151565492, 0.458785133779, 0.465440067496, 0.68405304406, 0.647253375142, 0.674357500088, 0.804794052162, 0.111824309349, 0.000553003880256, 0.000513738864975, 0.0248550573823, 1.32917947111, 1.20636269669
0.98748224576, 0.998874191528, 0.132791749999, 0.187193142689, 0.535771929882, 0.473118146771, 0.442922948539, 0.522513271128, 0.465440067496, 0.504580707262, 0.456533300885, 0.470373573408, 0.540899624667, 0.715359921077, 0.158974573634, 4.23098120151e-74, 5.1827108065e-89, 0.941128735878, 0.456014164087
0.993011058698, 0.404609806801, 0.170442093072, 0.995328850064, 0.113360773947, 0.227625638253, 0.574820663242, 0.56598307068, 0.4574330539, 0.504580707262, 0.399999017548, 0.470373573408, 0.513553552524, 0.497719136633, 0.491525782277, 0.738435376545, 2.00337027476e-77, 7.0423212088e-40, 0.875757372358
0.990800462363, 0.943056756466, 0.0045150633403, 0.000224019970939, 0.483237821728, 0.334828752391, 0.588771190296, 0.515642290174, 0.439044853232, 0.772252213136, 0.447420941306, 0.528615245264, 0.513553552524, 0.205389260903, 0.977613378567, 0.0, 4.49440018347e-235, 0.00436589201176, 0.702907007558
0.00230788978443, 0.997285535494, 0.0045150633403, 0.00366799815886, 0.483237821728, 0.547318543286, 0.471367920321, 0.515642290174, 0.439044853232, 0.345926937185, 0.447420941306, 0.528615245264, 0.513553552524, 0.360432798652, 0.385034603407, 1.67699025607e-244, 1.77012674962e-235, 0.981460351097, 3.47203608936e-264
0.439240077894, 0.997285535494, 0.000748592350937, 0.992832558624, 0.457832176026, 0.407678098896, 0.354431869027, 0.676296056122, 0.695944105314, 0.365871527475, 0.672695641998, 0.682263843941, 0.554052053363, 0.571764253997, 0.313499549774, 0.301027062421, 1.81456916427e-313, 1.10786827573, 3.4824838005e-36
0.000646573483613, 0.998277903995, 0.000892239694901, 0.158778099332, 0.752598096283, 0.632962649677, 0.438942491912, 0.453009971377, 0.54451087872, 0.28052255192, 0.569911998978, 0.673312863988, 0.86501136869, 0.681871007766, 0.32952937549, 6.20974691127e-81, 5.78319825917e-306, 1.29761975244, 2.4245777504e-319
0.714032605673, 0.999812398645, 0.999948446416, 0.998456950321, 0.824891757843, 0.801592742262, 0.471367920321, 0.643247985812, 0.465440067496, 0.251497424041, 0.569911998978, 0.470373573408, 0.540899624667, 0.706891582396, 6.99513582103e-05, 0.000305957690901, 0.0388548317351, 1.33047558721, 4.9217132418e-15
0.000646573483613, 0.562185166367, 0.0441001673264, 0.999410435859, 0.487921176722, 0.869392859904, 0.185733583076, 0.515642290174, 0.901354341503, 0.473123367378, 0.393727413307, 0.470373573408, 0.513553552524, 0.56467002035, 0.12702351999, 1.40823300792, 6.17415773555e-136, 2.16019133185e-25, 2.56064342927e-319
0.418161799877, 1.00760842282e-05, 0.796906195404, 0.99914307785, 0.48253648659, 0.338806696319, 0.588771190296, 0.459038801489, 0.400829952598, 0.144296038721, 0.441153480358, 0.470373573408, 0.220159298716, 0.661113969685, 0.164833322755, 1.27016475633, 2.78180571321e-10, 0.0, 2.74184005987e-38
0.993779935644, 0.999618495496, 0.918058547118, 0.64669391906, 0.33425610937, 0.430116480997, 0.471367920321, 0.526221342066, 0.40158366593, 0.26276672484, 0.661309622759, 0.500855245388, 0.469611531244, 0.706891582396, 0.0457970354148, 8.44957698177e-21, 1.39314101994e-05, 0.777845620359, 0.872220312081
0.9924598599, 0.999303343024, 0.00102789580306, 0.652052803176, 0.599222645826, 0.473118146771, 0.588771190296, 0.436386763366, 0.465440067496, 0.498412424279, 0.647253375142, 0.717815665631, 0.334672832938, 0.549527273772, 0.087743631496, 3.69498015477e-20, 2.15896083489e-300, 0.826699421612, 0.754394364622
0.721637715778, 0.98486801262, 0.999804854168, 0.00384418058201, 0.474170150625, 0.0475130481866, 0.471367920321, 0.70619536346, 0.503812031223, 0.26276672484, 0.434448559202, 0.557856751022, 0.6940379552, 0.379267601702, 0.0390329973122, 1.85323222357e-243, 1.28531024197, 0.457649406127, 1.45595292995e-14
0.990051015233, 0.18018904518, 0.132791749999, 0.201334713086, 0.457832176026, 0.473118146771, 0.588771190296, 0.522513271128, 0.659701911153, 0.473123367378, 0.456533300885, 0.470373573408, 0.540899624667, 0.661436880188, 0.894229163372, 3.46285830231e-70, 2.91526565699e-88, 5.25299639727e-75, 0.583232065096
0.0127096887068, 0.126730949449, 0.00249334260313, 0.99261614979, 0.551735576932, 0.514551352891, 0.507454298283, 0.842568863943, 0.902737206118, 0.174274589565, 0.447420941306, 0.61049652751, 0.513553552524, 0.689974477221, 1.05488132208, 0.979981429498, 1.07802735772e-260, 4.39240987833e-90, 5.86037454837e-190
0.00141507887059, 0.997285535494, 0.999908327443, 0.718237990422, 0.416620305267, 0.407678098896, 0.816151565492, 0.461848425521, 0.4574330539, 0.220671549066, 0.904784005795, 0.541321287016, 0.823031722022, 0.111824309349, 0.00846660472364, 5.63204939466e-17, 0.590594806649, 1.50559181028, 3.04072302776e-285
0.000646573483613, 0.98486801262, 0.0441001673264, 0.999410435859, 0.487921176722, 0.634592195333, 0.185733583076, 0.515642290174, 0.901354341503, 0.473123367378, 0.393727413307, 0.470373573408, 0.513553552524, 0.613373803749, 0.110388980112, 1.22381591628, 5.36561241206e-136, 0.437321124209, 2.3620784462e-319
0.999481660976, 0.000124829139086, 0.00102789580306, 0.992832558624, 0.457832176026, 0.541413607569, 0.463846715711, 0.84585083704, 0.465440067496, 0.504580707262, 0.456533300885, 0.470373573408, 0.513553552524, 0.661436880188, 0.0660312116903, 0.0634041793602, 2.25245764232e-300, 0.0, 1.15100644443
0.983451791305, 0.98486801262, 0.170442093072, 0.995328850064, 0.678924559065, 0.634592195333, 0.499138429724, 0.515642290174, 0.465440067496, 0.473123367378, 0.399999017548, 0.470373573408, 0.513553552524, 0.497719136633, 0.53094682973, 0.7976589149, 2.16404334119e-77, 0.341024012638, 0.310271937556
0.98748224576, 0.151072018769, 0.0118665770965, 0.999624520364, 0.49537254094, 0.309908970361, 0.165901284225, 0.70619536346, 0.587905188821, 0.498412424279, 0.425960603562, 0.528615245264, 0.501791659191, 0.750053364321, 0.0661449161615, 1.14117555023, 4.86124106351e-193, 1.48800336029e-82, 0.546136007139
0.286938436488, 0.776134326736, 0.999804854168, 0.999771486993, 0.48253648659, 0.596565484854, 0.765414033525, 0.940430579177, 0.4574330539, 0.652523703404, 0.441153480358, 0.396189527338, 0.220159298716, 0.661113969685, 0.00152695012471, 0.0430046312527, 1.41698379799, 2.19469467141e-11, 1.33831296682e-54
0.9924598599, 0.98486801262, 0.0052190769794, 0.999200903062, 0.571085867259, 0.634592195333, 0.47196080669, 0.515642290174, 0.479999053315, 0.504580707262, 0.456533300885, 0.816629486323, 0.833805268971, 0.613373803749, 0.105080779266, 0.86647930217, 7.87804941331e-229, 0.310637104137, 0.840705434659
0.993905617316, 0.997069570229, 0.0052190769794, 0.0128862995284, 0.516265086903, 0.547318543286, 0.452242661077, 0.515642290174, 0.617116066237, 0.504580707262, 0.399999017548, 0.470373573408, 0.513553552524, 0.549527273772, 0.264274036105, 4.27559498486e-190, 2.38530892185e-229, 0.625936000879, 0.777153101697
0.286938436488, 0.000124829139086, 0.999976347173, 0.995328850064, 0.428622677823, 0.242095888233, 0.818619079918, 0.940430579177, 0.587905188821, 0.144296038721, 0.399999017548, 0.634049061037, 0.220159298716, 0.497719136633, 0.00330578344318, 0.00496638737917, 1.60763339411, 0.0, 1.51768848595e-54
0.983451791305, 0.98486801262, 0.00533963439499, 0.995328850064, 0.678924559065, 0.634592195333, 0.499138429724, 0.515642290174, 0.465440067496, 0.473123367378, 0.399999017548, 0.470373573408, 0.513553552524, 0.750053364321, 0.562164520849, 0.844558280768, 8.98554995842e-228, 0.361074951253, 0.32851476898
0.98748224576, 0.151072018769, 0.00872972226231, 0.999624520364, 0.49537254094, 0.68477994831, 0.165901284225, 0.70619536346, 0.587905188821, 0.498412424279, 0.425960603562, 0.528615245264, 0.501791659191, 0.852055236808, 0.0692476212701, 1.19470545721, 2.36674630203e-206, 1.55780215808e-82, 0.57175398472
0.98748224576, 0.209455051654, 0.807003146978, 0.995328850064, 0.678924559065, 0.514551352891, 0.463129964045, 0.54604624725, 0.589904318095, 0.415495682014, 0.441153480358, 0.741809152544, 0.513553552524, 0.706891582396, 0.577892145684, 0.868186409721, 7.97808507196e-10, 2.10600671158e-68, 0.498282922734
0.286938436488, 0.98486801262, 0.999948446416, 0.995328850064, 0.428622677823, 0.242095888233, 0.818619079918, 0.940430579177, 0.587905188821, 0.143187978791, 0.468940094159, 0.491170115509, 0.220159298716, 0.661113969685, 0.00677797794821, 0.0101827795791, 1.51435939474, 0.538974089381, 1.51751417435e-54
0.286938436488, 0.4614951815, 0.999978105332, 0.128690461932, 0.618116774798, 0.242095888233, 0.818619079918, 0.940430579177, 0.587905188821, 0.701363359381, 0.773651233756, 0.634049061037, 0.505205920862, 0.661113969685, 0.00530120159696, 7.50119014716e-92, 1.54306769648, 6.3273886115e-34, 1.45673371723e-54
