0.000473798816852, 5.608522728e-05, 0.000252282806404, 9.70575661028e-05, 0.457832176026, 0.397235815031, 0.236163174453, 0.70619536346, 0.619505792171, 0.397051437618, 0.566804452153, 0.541321287016, 0.39425228376, 0.413998110382, 1.17409423047, 0.0, 0.0, 0.0, 0.0
0.999999998738, 0.998276070025, 0.725098231209, 0.999740776768, 0.0667058816158, 0.38738232421, 0.0380688563165, 0.360830561573, 0.465440067496, 0.461058760222, 0.629242740991, 0.541321287016, 0.513553552524, 0.111824309349, 3.15101543569e-09, 7.83400642442e-08, 1.34939593032e-21, 3.08422697356e-07, 1.60516105757
0.999999998738, 0.000124829139086, 0.000252282806404, 9.70575661028e-05, 0.457832176026, 0.547318543286, 0.453538677455, 0.971796406835, 0.289933972321, 0.397051437618, 0.519513613488, 0.541321287016, 0.453133415295, 0.413998110382, 2.56775592692e-07, 0.0, 0.0, 0.0, 1.29517484805
0.000579676560247, 5.608522728e-05, 0.999908327443, 0.000149365490526, 0.48253648659, 0.28697139013, 0.499138429724, 0.669080633865, 0.352658286889, 0.0799554574516, 0.249210995968, 0.470373573408, 0.700384866712, 0.237122866846, 0.0207194948353, 0.0, 1.4453049889, 0.0, 0.0
0.79975006268, 0.999674169018, 0.771715527054, 0.991234229101, 0.457832176026, 0.193180021577, 0.381040422273, 0.70619536346, 0.4574330539, 0.106377382679, 0.434448559202, 0.557856751022, 0.988019458681, 0.413998110382, 0.0625630550459, 0.0476844037905, 6.88044778934e-13, 1.56055760838, 4.84595090463e-10
0.999999999558, 0.998276070025, 0.000252282806404, 9.70575661028e-05, 0.457832176026, 0.218544934861, 0.673958890326, 0.70619536346, 0.289933972321, 0.397051437618, 0.566804452153, 0.541321287016, 0.82459661619, 0.413998110382, 2.27032954448e-08, 0.0, 0.0, 8.93100401778e-08, 1.32742901684
0.00141507887059, 0.042538552134, 0.771715527054, 0.999799758889, 0.457832176026, 0.615300809165, 0.471367920321, 0.251789531664, 0.465440067496, 0.438452380961, 0.210231773257, 0.719623824369, 0.934498608483, 0.111824309349, 0.0483948058858, 1.55339912361, 1.35936921818e-11, 1.84452260602e-137, 2.92198659443e-285
0.999999998738, 0.999674169018, 0.999915995386, 0.000392137702739, 0.457832176026, 0.439477395006, 0.499138429724, 0.70619536346, 0.4574330539, 0.106377382679, 0.427381818367, 0.557141465349, 0.82459661619, 0.413998110382, 1.73907810452e-10, 0.0, 1.32335317784e-08, 2.62554872898e-07, 1.3260069267
0.388358883622, 0.943463911743, 0.999804854168, 0.00169706988012, 0.379120387745, 0.473118146771, 0.588771190296, 0.147269562381, 0.465440067496, 0.504580707262, 0.456533300885, 0.839455240251, 0.540899624667, 0.44204006071, 0.0385802200897, 5.65531939507e-279, 1.2704008258, 0.00592643101777, 1.67336213043e-41
0.046579973852, 0.998874191528, 0.987680821303, 0.448428142788, 0.535771929882, 0.714862710645, 0.86635750575, 0.308003313246, 0.500045733214, 0.533116851848, 0.434448559202, 0.470373573408, 0.415135276774, 0.592484491073, 0.185625789719, 4.30570475701e-36, 0.0907596793453, 1.22322423224, 1.28723916516e-133
0.593592756458, 0.999557294125, 0.000225305610292, 0.273215026631, 0.128375247852, 0.222415153137, 0.416473005165, 0.354017906958, 0.465440067496, 0.696978622452, 0.342366752987, 0.470373573408, 0.504787549298, 0.728190074661, 0.092545971037, 6.50033215617e-58, 0.0, 1.35811086147, 4.77441705512e-23
0.999999998738, 0.999674169018, 0.771715527054, 0.000392137702739, 0.457832176026, 0.193180021577, 0.499138429724, 0.70619536346, 0.4574330539, 0.106377382679, 0.427381818367, 0.557856751022, 0.82459661619, 0.413998110382, 1.41385178253e-08, 0.0, 1.2366522807e-19, 2.80485687074e-07, 1.41656469672
0.22104485971, 0.691951968158, 0.990425019408, 0.0194472043902, 0.535771929882, 0.509235726553, 0.381040422273, 0.368818619247, 0.500045733214, 0.452308533634, 0.42286751935, 0.470373573408, 0.540899624667, 0.413998110382, 0.867235867078, 1.04706821006e-171, 0.593534748085, 1.67986485058e-16, 4.63149770377e-66
0.995468491724, 0.990244941708, 0.00102789580306, 0.991234229101, 0.516265086903, 0.486176739437, 0.463129964045, 0.308003313246, 0.465440067496, 0.473123367378, 0.441153480358, 0.574715961116, 0.513553552524, 0.592484491073, 0.379600783137, 0.289324698243, 1.1743871637e-299, 0.319132179806, 0.889106817392
0.983451791305, 0.628948771489, 0.0899588097003, 0.999622281172, 0.793028767204, 0.722290151331, 0.866064940881, 0.515642290174, 0.926184716946, 0.504580707262, 0.401884408722, 0.464867221819, 0.540899624667, 0.661113969685, 0.0829307962676, 1.42243268266, 5.67882517513e-105, 1.62710573744e-20, 0.43466420972
0.97104774593, 0.0259021731644, 0.999908327443, 0.595254695994, 0.457832176026, 0.473118146771, 0.588771190296, 0.436992023582, 0.220010402945, 0.38147739291, 0.374071947202, 0.61049652751, 0.330060816366, 0.448301271362, 0.0166617981983, 7.72902609032e-25, 1.16225710383, 3.93628878872e-159, 0.0969458290768
0.994538231075, 0.990244941708, 0.999804854168, 0.998181787425, 0.48253648659, 0.563116222093, 0.43622540261, 0.940430579177, 0.4574330539, 0.251497424041, 0.401884408722, 0.396189527338, 0.220159298716, 0.661113969685, 0.00557633484735, 0.0208477134374, 0.710623808637, 0.475366297012, 1.09647893105
0.993011058698, 6.26880019516e-06, 0.548580368335, 0.995328850064, 0.525947009623, 0.467771211932, 0.416473005165, 0.331923937469, 0.479999053315, 0.504580707262, 0.424176897737, 0.470373573408, 0.513553552524, 0.750053364321, 0.43638754968, 0.655599393127, 1.03855037853e-26, 0.0, 0.777516923052
0.22104485971, 0.998874191528, 0.997938274882, 0.991234229101, 0.535771929882, 0.509235726553, 0.381040422273, 0.472665168772, 0.500045733214, 0.533116851848, 0.434448559202, 0.470373573408, 0.415135276774, 0.413998110382, 0.0396710412004, 0.0302365341015, 0.165386171675, 1.02264600196, 4.57084462659e-66
0.957331198325, 0.998268226722, 0.00533963439499, 0.995328850064, 0.653264473887, 0.474955100466, 0.416473005165, 0.515642290174, 0.465440067496, 0.473123367378, 0.246542777728, 0.470373573408, 0.370097443593, 0.750053364321, 0.161408564396, 0.242489404066, 2.5799293006e-228, 1.14093915145, 0.0236251371431
0.97104774593, 0.989834143107, 0.999908327443, 0.580191484263, 0.457832176026, 0.473118146771, 0.588771190296, 0.671400661004, 0.4574330539, 0.253406232806, 0.456533300885, 0.61049652751, 0.330060816366, 0.448301271362, 0.0138470016349, 4.95006199228e-26, 0.965908710774, 0.612942354456, 0.0954180431887
0.98748224576, 0.997069570229, 0.0294276717129, 0.998796991558, 0.457832176026, 0.979803562711, 0.160214717991, 0.458785133779, 0.465440067496, 0.504580707262, 0.456533300885, 0.50849729418, 0.513553552524, 0.44204006071, 0.0843233111528, 0.468323301738, 5.61285672067e-154, 1.12706576914, 0.584506725709
0.983451791305, 0.998986210464, 0.0315607177077, 0.992832558624, 0.457832176026, 0.541413607569, 0.507454298283, 0.515642290174, 0.493533151805, 0.504580707262, 0.399999017548, 0.470373573408, 0.540899624667, 0.549527273772, 0.106096193188, 0.101875187357, 1.89838790941e-151, 0.963358907884, 0.297288050079
0.983451791305, 0.691951968158, 0.0315607177077, 0.992832558624, 0.457832176026, 0.509235726553, 0.507454298283, 0.515642290174, 0.671010774775, 0.498412424279, 0.836608683127, 0.470373573408, 0.540899624667, 0.549527273772, 0.793215986113, 0.761658121477, 1.41930788687e-150, 1.75786062166e-16, 0.335470984881
0.22104485971, 0.00100302281797, 0.984926955321, 0.998673736762, 0.300773289385, 0.596565484854, 0.444953534782, 0.68619260695, 0.4574330539, 0.498412424279, 0.42286751935, 0.61049652751, 0.540899624667, 0.413998110382, 0.203765091169, 1.03044507564, 0.376264777667, 2.37012134044e-300, 4.91735188491e-66
0.999999998738, 0.0232267838736, 0.725098231209, 0.999740776768, 0.0667058816158, 0.38738232421, 0.160214717991, 0.3468055515, 0.465440067496, 0.761353792341, 0.629242740991, 0.581637741078, 0.513553552524, 0.111824309349, 1.26137515245e-08, 3.13601162851e-07, 5.40173328904e-21, 1.95774645986e-170, 1.58308177702
0.983451791305, 0.996135558945, 0.999995019191, 0.995328850064, 0.678924559065, 0.0918681727311, 0.499138429724, 0.458785133779, 0.465440067496, 0.473123367378, 0.252342981772, 0.813297154872, 0.513553552524, 0.497719136633, 0.000272792699014, 0.000409825459169, 0.629403422747, 1.14046471395, 0.397376093975
0.977606010392, 0.995686874611, 0.0045150633403, 0.995328850064, 0.70663547148, 0.514551352891, 0.43622540261, 0.630780946458, 0.495656773264, 0.438452380961, 0.434448559202, 0.528615245264, 0.376637313299, 0.413998110382, 0.313752533838, 0.47136076849, 2.60316088454e-235, 0.920923658892, 0.177925332288
0.388358883622, 0.99375652851, 0.999804854168, 0.000392137702739, 0.457832176026, 0.473118146771, 0.588771190296, 0.350769157877, 0.465440067496, 0.504580707262, 0.456533300885, 0.839455240251, 0.540899624667, 0.538723855542, 0.0233919188696, 0.0, 0.770268105776, 0.859197392925, 1.51953069918e-41
0.99665921992, 0.569922465454, 0.999554483579, 0.991234229101, 0.678924559065, 0.509235726553, 0.381040422273, 0.515642290174, 0.837295941482, 0.473123367378, 0.399999017548, 0.470373573408, 0.513553552524, 0.497719136633, 0.027548813571, 0.0209971963374, 0.505171499019, 3.03497346961e-25, 1.05702903285
0.22104485971, 0.998874191528, 0.999804854168, 0.408188868479, 0.535771929882, 0.714862710645, 0.931181157217, 0.472665168772, 0.500045733214, 0.533116851848, 0.434448559202, 0.470373573408, 0.707153938154, 0.413998110382, 0.00652552212151, 1.24982973821e-41, 0.214877693094, 1.27266139215, 5.68831978479e-66
0.994538231075, 0.43094699424, 0.999804854168, 0.998181787425, 0.48253648659, 0.563116222093, 0.43622540261, 0.940430579177, 0.4574330539, 0.251497424041, 0.401884408722, 0.197920934883, 0.505205920862, 0.313436019811, 0.00676126730717, 0.0252777078766, 0.861626436819, 3.74994293757e-37, 1.10518394473
0.983451791305, 0.464529808624, 0.0899588097003, 0.999622281172, 0.793028767204, 0.193180021577, 0.866064940881, 0.515642290174, 0.926184716946, 0.504580707262, 0.401884408722, 0.464867221819, 0.540899624667, 0.661113969685, 0.0854206910013, 1.46513946718, 5.84932488734e-105, 1.15902945086e-33, 0.447714465782
0.744641609623, 0.1292169301, 0.807003146978, 0.999740776768, 0.107515125543, 0.38738232421, 0.588771190296, 0.354340410081, 0.465440067496, 0.438452380961, 0.456533300885, 0.50849729418, 0.513553552524, 0.23204671104, 0.0512319520001, 1.27372096169, 9.75142368274e-10, 2.7132330256e-89, 3.13527208009e-13
0.983451791305, 0.628948771489, 0.0899588097003, 0.995328850064, 0.457832176026, 0.514551352891, 0.43622540261, 0.515642290174, 0.926184716946, 0.504580707262, 0.401884408722, 0.464867221819, 0.540899624667, 0.661113969685, 0.650006225616, 0.976525767876, 4.67537657646e-105, 1.33959609913e-20, 0.357859029302
0.957331198325, 0.686748083138, 0.00533963439499, 0.995328850064, 0.653264473887, 0.288330069222, 0.499138429724, 0.515642290174, 0.465440067496, 0.473123367378, 0.246542777728, 0.846681995998, 0.430238902228, 0.251017147952, 0.732235722415, 1.10006185005, 1.17039414995e-227, 9.92945798413e-17, 0.0265130350755
0.993905617316, 0.997069570229, 0.0052190769794, 0.562465411924, 0.457832176026, 0.873757343747, 0.507454298283, 0.515642290174, 0.479999053315, 0.5735405245, 0.588046468018, 0.529837934099, 0.540899624667, 0.44204006071, 0.297292910302, 4.77404548867e-26, 2.68333371601e-229, 0.704141572539, 0.874252010371
0.97104774593, 0.980224074613, 0.0238454130733, 0.999410435859, 0.483237821728, 0.509235726553, 0.588771190296, 0.472665168772, 0.465440067496, 0.504580707262, 0.530082193789, 0.508001986252, 0.513553552524, 0.413998110382, 0.0891406800348, 0.988248853316, 8.57493430912e-163, 0.214747977593, 0.0846736206162
0.994538231075, 0.990244941708, 0.740836049651, 0.998181787425, 0.48253648659, 0.563116222093, 0.43622540261, 0.515642290174, 0.493533151805, 0.504580707262, 0.401884408722, 0.396189527338, 0.220159298716, 0.661113969685, 0.149723470465, 0.55975691786, 8.53759077466e-14, 0.387429949817, 0.893645131982
0.983451791305, 0.98225321462, 0.999995019191, 0.995328850064, 0.678924559065, 0.334828752391, 0.771367355074, 0.515642290174, 0.465440067496, 0.473123367378, 0.651335167466, 0.524022606086, 0.505205920862, 0.497719136633, 0.000463902722721, 0.000696936344103, 1.07034375391, 0.287141844629, 0.338064716724
0.996259795983, 0.126730949449, 0.987680821303, 0.454519115247, 0.535771929882, 0.514551352891, 0.354431869027, 0.147269562381, 0.195128614083, 0.504580707262, 0.474437187183, 0.741809152544, 0.597884298896, 0.356006487939, 0.56306165249, 5.03374359243e-35, 0.275302775056, 1.91201404831e-90, 1.17250262832
0.22104485971, 0.998874191528, 0.987680821303, 0.448428142788, 0.535771929882, 0.714862710645, 0.499138429724, 0.472665168772, 0.500045733214, 0.533116851848, 0.434448559202, 0.470373573408, 0.415135276774, 0.413998110382, 0.159965535614, 3.71049932607e-36, 0.07821338156, 1.05413003109, 4.71156644538e-66
0.992505488386, 0.990244941708, 0.000145043216963, 0.991234229101, 0.516265086903, 0.514551352891, 0.463129964045, 0.308003313246, 0.461518993276, 0.175499956465, 0.441153480358, 0.741809152544, 0.513553552524, 0.592484491073, 0.593605546186, 0.452435171778, 0.0, 0.499046999677, 0.820311267844
0.00352876839669, 0.9865965165, 0.336614481105, 0.991234229101, 0.535771929882, 0.509235726553, 0.0953523845048, 0.482756360664, 0.465440067496, 0.233180318987, 0.434448559202, 0.774461543724, 0.314064108388, 0.413998110382, 0.992642003031, 0.756573381163, 1.01308782136e-47, 0.53868602875, 1.23531429297e-245
0.495618393502, 0.98486801262, 0.00533963439499, 0.995328850064, 0.479577120002, 0.36391387045, 0.391355249841, 0.515642290174, 0.465440067496, 0.473123367378, 0.401884408722, 0.536983334377, 0.513553552524, 0.661113969685, 0.558589570792, 0.839187515517, 8.92840851469e-228, 0.358778781947, 5.49870512718e-31
0.990051015233, 0.18018904518, 0.0140963347714, 0.0230359370095, 0.457832176026, 0.473118146771, 0.588771190296, 0.522513271128, 0.493533151805, 0.473123367378, 0.456533300885, 0.470373573408, 0.876672952884, 0.661436880188, 0.990340419587, 2.70702715464e-164, 1.26626586342e-185, 5.81758554658e-75, 0.645917525085
0.997538408621, 0.989834143107, 0.999908327443, 0.580191484263, 0.457832176026, 0.670306455473, 0.588771190296, 0.795553193542, 0.850735121415, 0.253406232806, 0.456533300885, 0.61049652751, 0.540899624667, 0.448301271362, 0.00540870474995, 1.93351777634e-26, 0.377288540127, 0.239418201239, 1.25085458813
0.996259795983, 0.0920772481672, 0.987680821303, 0.454519115247, 0.535771929882, 0.514551352891, 0.497040173912, 0.894521375067, 0.195128614083, 0.504580707262, 0.28834145665, 0.741809152544, 0.501164248242, 0.333676204525, 0.584890438628, 5.22889187125e-35, 0.285975718904, 2.66056539851e-104, 1.21795823519
0.00900726979695, 0.9865965165, 0.336614481105, 0.991234229101, 0.535771929882, 0.509235726553, 0.43622540261, 0.482756360664, 0.465440067496, 0.452308533634, 0.434448559202, 0.470373573408, 0.314064108388, 0.413998110382, 0.771356145041, 0.587913391689, 7.87244055847e-48, 0.418598827428, 4.77794757118e-205
0.98748224576, 0.997069570229, 0.0294276717129, 0.75681347786, 0.457832176026, 0.305321315883, 0.160214717991, 0.458785133779, 0.465440067496, 0.504580707262, 0.456533300885, 0.581637741078, 0.513553552524, 0.44204006071, 0.410674023825, 5.11096466656e-13, 4.84403601287e-154, 0.972686003992, 0.504443952521
0.977606010392, 0.695932914795, 0.094724246295, 0.999622281172, 0.416620305267, 0.473118146771, 0.592332360707, 0.630780946458, 0.370474661952, 0.438452380961, 0.434448559202, 0.528615245264, 0.415135276774, 0.413998110382, 0.0616565392073, 1.05753568536, 7.36660874333e-103, 3.00531156909e-16, 0.174346834108
0.99163510663, 0.997069570229, 0.132791749999, 0.000392137702739, 0.457832176026, 0.160519907256, 0.588771190296, 0.515642290174, 0.465440067496, 0.504580707262, 0.474437187183, 0.50849729418, 0.501791659191, 0.44204006071, 0.342417206718, 0.0, 1.11631018535e-88, 0.811018971687, 0.709171145741
0.561846629856, 0.99375652851, 0.00209883608364, 0.998736664456, 0.479577120002, 0.514551352891, 0.43622540261, 0.515642290174, 0.296695143955, 0.473123367378, 0.401884408722, 0.536983334377, 0.415135276774, 0.661113969685, 0.135111358732, 0.715915470743, 1.80481822193e-268, 0.812292131468, 1.569576152e-25
0.601989022413, 0.99375652851, 0.0184794056491, 0.736660415751, 0.479577120002, 0.514551352891, 0.43622540261, 0.522513271128, 0.465440067496, 0.473123367378, 0.401884408722, 0.470373573408, 0.513553552524, 0.661113969685, 0.696914969468, 5.83489504549e-14, 5.10622050052e-174, 0.777017243499, 1.49135130848e-22
0.983451791305, 0.990244941708, 0.999995019191, 0.995328850064, 0.678924559065, 0.334828752391, 0.771367355074, 0.515642290174, 0.465440067496, 0.613413639848, 0.651335167466, 0.396189527338, 0.220159298716, 0.497719136633, 0.000433952421305, 0.000651941019541, 1.00124065001, 0.669463753986, 0.367425158899
0.983451791305, 0.724981953854, 0.987680821303, 0.995328850064, 0.678924559065, 0.634592195333, 0.499138429724, 0.515642290174, 0.500045733214, 0.473123367378, 0.399999017548, 0.470373573408, 0.513553552524, 0.497719136633, 0.505723989002, 0.759765810282, 0.446249104994, 1.72071372963e-14, 0.30992343338
0.993905617316, 0.472374062099, 0.00172570605094, 0.448428142788, 0.558584956527, 0.869392859904, 0.507454298283, 0.472665168772, 0.479999053315, 0.365871527475, 0.0140662126364, 0.682263843941, 0.92041566967, 0.791436500577, 1.11241799151, 2.5803221875e-35, 8.69100642596e-277, 4.68804902314e-33, 1.27240231807
0.996244275867, 0.997285535494, 0.000239829564123, 0.998136173807, 0.457832176026, 0.407678098896, 0.354431869027, 0.676296056122, 0.465440067496, 0.365871527475, 0.672695641998, 0.682263843941, 0.554052053363, 0.571764253997, 0.052597097601, 0.192039363334, 0.0, 0.507540076394, 1.01581102675
0.22104485971, 0.265231955589, 0.987680821303, 0.448428142788, 0.535771929882, 0.714862710645, 0.499138429724, 0.472665168772, 0.500045733214, 0.533116851848, 0.434448559202, 0.470373573408, 0.540899624667, 0.413998110382, 0.9554435273, 2.21621022961e-35, 0.467153558251, 3.84995840142e-58, 4.68719801946e-66
0.993011058698, 0.706561856889, 0.999908327443, 0.991234229101, 0.525947009623, 0.509235726553, 0.416473005165, 0.804361301984, 0.479999053315, 0.504580707262, 0.458128061769, 0.470373573408, 0.513553552524, 0.750053364321, 0.00946065570229, 0.00721073685261, 0.82976786888, 1.07186474302e-15, 0.819274749539
0.99895021895, 0.999557294125, 0.000225305610292, 0.273215026631, 0.413938339161, 0.514551352891, 0.416473005165, 0.354017906958, 0.465440067496, 0.56016431261, 0.417928320249, 0.470373573408, 0.504787549298, 0.884651572253, 0.0126859473563, 8.91047666446e-59, 0.0, 0.186166104256, 1.18167112558
0.22104485971, 0.999765058123, 0.990425019408, 0.0194472043902, 0.535771929882, 0.509235726553, 0.381040422273, 0.72879737779, 0.500045733214, 0.452308533634, 0.42286751935, 0.470373573408, 0.540899624667, 0.413998110382, 0.0326861896855, 3.94640851781e-173, 0.0223703724642, 1.08531276798, 4.78636501269e-66
0.99213947348, 0.99375652851, 0.132791749999, 0.000392137702739, 0.457832176026, 0.493726876497, 0.43622540261, 0.323768395719, 0.465440067496, 0.473123367378, 0.401884408722, 0.50849729418, 0.501791659191, 0.44204006071, 0.531038332342, 0.0, 1.73123163081e-88, 0.592075015269, 0.688463556038
0.983451791305, 0.628948771489, 0.0899588097003, 0.99726365706, 0.265863932899, 0.514551352891, 0.43622540261, 0.413485993021, 0.926184716946, 0.528804319149, 0.401884408722, 0.464867221819, 0.797722087824, 0.661113969685, 0.483345855048, 1.22261524669, 5.23978489848e-105, 1.50131124103e-20, 0.401059531111
0.993779935644, 0.997285535494, 0.000748592350937, 0.992832558624, 0.685290815167, 0.88534057463, 0.354431869027, 0.515642290174, 0.442959241642, 0.365871527475, 0.672695641998, 0.682263843941, 0.554052053363, 0.383132859929, 0.229050412529, 0.219937709256, 1.32576846105e-313, 0.809435566231, 0.973304536564
0.97104774593, 0.0259021731644, 0.999908327443, 0.999200903062, 0.457832176026, 0.473118146771, 0.588771190296, 0.671400661004, 0.304266371035, 0.38147739291, 0.0333989393061, 0.61049652751, 0.330060816366, 0.448301271362, 0.00232784341958, 0.0191950245882, 1.3487746171, 4.56797931054e-159, 0.112503570047
0.999385712828, 0.997069570229, 0.0052190769794, 0.99726365706, 0.535771929882, 0.509235726553, 0.538343286639, 0.773083709374, 0.465440067496, 0.415495682014, 0.399999017548, 0.57497561167, 0.540899624667, 0.49582182488, 0.0147452494347, 0.0372978615351, 3.61999360361e-230, 0.0949933276438, 1.09822695553
0.22104485971, 0.00288541672016, 0.984926955321, 0.999573145493, 0.300773289385, 0.615300809165, 0.338869753188, 0.68619260695, 0.4574330539, 0.498412424279, 0.210231773257, 0.61049652751, 0.540899624667, 0.413998110382, 0.0753923261441, 1.14669547836, 0.411646254313, 2.01175130625e-254, 5.37974746697e-66
0.983451791305, 0.98225321462, 0.999995019191, 0.995328850064, 0.678924559065, 0.334828752391, 0.771367355074, 0.515642290174, 0.465440067496, 0.473123367378, 0.651335167466, 0.524022606086, 0.505205920862, 0.497719136633, 0.000463902722721, 0.000696936344103, 1.07034375391, 0.287141844629, 0.338064716724
0.99684043405, 0.776134326736, 0.999966696937, 0.998181787425, 0.48253648659, 0.596565484854, 0.43622540261, 0.940430579177, 0.4574330539, 0.652523703404, 0.401884408722, 0.396189527338, 0.220159298716, 0.661113969685, 0.000757165488593, 0.00283074269444, 0.561065278892, 8.68617089846e-12, 1.23604023051
0.99665921992, 0.724981953854, 0.987680821303, 0.995328850064, 0.678924559065, 0.634592195333, 0.499138429724, 0.498785399207, 0.500045733214, 0.473123367378, 0.399999017548, 0.470373573408, 0.513553552524, 0.497719136633, 0.228373922352, 0.343093667567, 0.201516362027, 7.77036787314e-15, 0.957704699017
0.996982784183, 6.26880019516e-06, 0.548580368335, 0.995328850064, 0.525947009623, 0.467771211932, 0.499138429724, 0.331923937469, 0.479999053315, 0.504580707262, 0.424176897737, 0.846681995998, 0.72201228947, 0.661113969685, 0.271800297069, 0.408334541031, 6.46852325674e-27, 0.0, 1.12966685481
0.22104485971, 0.706561856889, 0.997938274882, 0.991234229101, 0.535771929882, 0.509235726553, 0.381040422273, 0.472665168772, 0.479999053315, 0.452308533634, 0.434448559202, 0.384621359215, 0.540899624667, 0.413998110382, 0.240127557037, 0.183020784112, 1.00107726367, 1.35055138715e-15, 4.60823104691e-66
0.999385712828, 0.999674169018, 0.336614481105, 0.994886605796, 0.177297072405, 0.509235726553, 0.538343286639, 0.773083709374, 0.465440067496, 0.415495682014, 0.399999017548, 0.57497561167, 0.540899624667, 0.49582182488, 0.00334363149413, 0.00458551661596, 4.60652495758e-50, 0.112585079699, 1.20063411401
0.177256119333, 0.996135558945, 0.000131389704595, 0.999371679655, 0.48253648659, 0.407678098896, 0.381040422273, 0.515642290174, 0.4574330539, 0.624403732167, 0.672695641998, 0.682263843941, 0.848099456671, 0.613722586974, 0.0571364101867, 0.595283345763, 0.0, 1.08359668263, 1.40878862291e-75
0.979136715363, 0.859905383644, 0.0045150633403, 0.999910163423, 0.70663547148, 0.473118146771, 0.866064940881, 0.630780946458, 0.495656773264, 0.438452380961, 0.441153480358, 0.528615245264, 0.348244533061, 0.413998110382, 0.0170081880672, 1.21055993363, 5.56587898368e-235, 5.29926733729e-07, 0.23377328678
0.98748224576, 0.990244941708, 0.00102789580306, 0.995037347002, 0.516265086903, 0.509235726553, 0.599453020836, 0.308003313246, 0.461518993276, 0.342585610494, 0.441153480358, 0.470373573408, 0.513553552524, 0.592484491073, 0.470625164993, 0.665287253653, 2.00513825086e-299, 0.544883459719, 0.468360428865
0.993905617316, 0.562185166367, 0.0052190769794, 0.999200903062, 0.457832176026, 0.869392859904, 0.507454298283, 0.515642290174, 0.479999053315, 0.504580707262, 0.588046468018, 0.816629486323, 0.833805268971, 0.251017147952, 0.112551201126, 0.928079206214, 8.43811713413e-229, 1.42828053926e-25, 1.0693302732
0.99163510663, 0.943463911743, 0.132791749999, 0.00169706988012, 0.379120387745, 0.160519907256, 0.43622540261, 0.323768395719, 0.465440067496, 0.473123367378, 0.401884408722, 0.50849729418, 0.501791659191, 0.44204006071, 0.918886083589, 1.34695817657e-277, 2.99564938373e-88, 0.00428463636194, 0.740229233597
0.601989022413, 0.99375652851, 0.00533963439499, 0.995328850064, 0.479577120002, 0.514551352891, 0.43622540261, 0.515642290174, 0.465440067496, 0.473123367378, 0.401884408722, 0.536983334377, 0.513553552524, 0.661113969685, 0.386247279563, 0.580272013407, 6.17371623092e-228, 0.777186882548, 1.49167690153e-22
0.98748224576, 0.996611024966, 0.00102789580306, 0.995037347002, 0.516265086903, 0.509235726553, 0.599453020836, 0.308003313246, 0.461518993276, 0.342585610494, 0.441153480358, 0.470373573408, 0.513553552524, 0.592484491073, 0.247350241026, 0.349660355593, 1.05385658595e-299, 0.881787193411, 0.468360428865
0.978979788595, 0.990244941708, 0.00102789580306, 0.991234229101, 0.516265086903, 0.514551352891, 0.463129964045, 0.228679306261, 0.461518993276, 0.342585610494, 0.441153480358, 0.574715961116, 0.513553552524, 0.592484491073, 0.727151142423, 0.554221156026, 2.24961856158e-299, 0.611319416183, 0.208910579752
0.601989022413, 0.686748083138, 0.00533963439499, 0.560044379294, 0.479577120002, 0.514551352891, 0.43622540261, 0.522513271128, 0.63105271355, 0.473123367378, 0.401884408722, 0.470373573408, 0.513553552524, 0.661113969685, 1.05974585408, 1.10551819952e-25, 9.38585394052e-228, 7.96282537398e-17, 1.51418443435e-22
0.321507365242, 0.724981953854, 0.987680821303, 0.996062207452, 0.678924559065, 0.634592195333, 0.499138429724, 0.498785399207, 0.500045733214, 0.473123367378, 0.399999017548, 0.470373573408, 0.513553552524, 0.497719136633, 0.467476239844, 0.831607052569, 0.466444769633, 1.79858717977e-14, 8.73583659872e-50
0.99665921992, 0.724981953854, 0.859573677283, 0.998080188446, 0.879578459706, 0.634592195333, 0.499138429724, 0.515642290174, 0.500045733214, 0.473123367378, 0.813016642923, 0.470373573408, 0.513553552524, 0.497719136633, 0.14787816324, 0.524873336572, 2.29652877979e-07, 9.23593272024e-15, 1.13833686003
0.22104485971, 0.997069570229, 0.917447177233, 0.763453361171, 0.535771929882, 0.509235726553, 0.381040422273, 0.472665168772, 0.500045733214, 0.361766880298, 0.434448559202, 0.581637741078, 0.415135276774, 0.413998110382, 0.412659525989, 1.23016367229e-12, 0.000117440703021, 0.977388727585, 4.67572989174e-66
0.983451791305, 0.995686874611, 0.0045150633403, 0.995328850064, 0.70663547148, 0.437816949453, 0.43622540261, 0.630780946458, 0.495656773264, 0.438452380961, 0.434448559202, 0.528615245264, 0.376637313299, 0.413998110382, 0.305151127604, 0.458438592522, 2.53179622021e-235, 0.895676887483, 0.320751464378
0.00352876839669, 0.99375652851, 0.00209883608364, 0.998736664456, 0.479577120002, 0.514551352891, 0.43622540261, 0.402103436485, 0.296695143955, 0.473123367378, 0.401884408722, 0.536983334377, 0.314064108388, 0.661113969685, 0.139656864052, 0.740000770544, 1.86553710528e-268, 0.839619798367, 1.02492085037e-245
0.977606010392, 0.859905383644, 0.0045150633403, 0.999622281172, 0.70663547148, 0.473118146771, 0.866064940881, 0.630780946458, 0.495656773264, 0.438452380961, 0.434448559202, 0.528615245264, 0.376637313299, 0.413998110382, 0.0704137170722, 1.20773918712, 5.56179045109e-235, 5.29537464985e-07, 0.1991095966
0.99163510663, 0.943463911743, 0.132791749999, 0.00169706988012, 0.379120387745, 0.160519907256, 0.43622540261, 0.323768395719, 0.465440067496, 0.473123367378, 0.401884408722, 0.50849729418, 0.501791659191, 0.44204006071, 0.918886083589, 1.34695817657e-277, 2.99564938373e-88, 0.00428463636194, 0.740229233597
0.993011058698, 0.1292169301, 0.999908327443, 0.991234229101, 0.525947009623, 0.509235726553, 0.588771190296, 0.804361301984, 0.479999053315, 0.504580707262, 0.458128061769, 0.6752418549, 0.513553552524, 0.750053364321, 0.00971000831731, 0.00740078880535, 0.851637895069, 1.81284792891e-89, 0.840868210674
0.177256119333, 0.98486801262, 0.000131389704595, 0.995037347002, 0.48253648659, 0.407678098896, 0.381040422273, 0.515642290174, 0.4574330539, 0.52471215102, 0.672695641998, 0.682263843941, 0.848099456671, 0.613722586974, 0.66529970388, 0.940483947254, 0.0, 0.409998351528, 1.39186762495e-75
