0.00611788183204, 0.00615355458203, 0.38795707172, 0.00742816723692, 0.296458234007, 0.409589586593, 0.402830084957, 0.00173284765607, 0.279868238833, 45.7475793095
0.00611788183204, 0.00615355458203, 0.38795707172, 0.00742816723692, 0.296458234007, 0.409589586593, 0.402830084957, 0.00173284765607, 0.279868238833, 45.7475793095
0.461060851831, 0.994633815687, 0.488919328805, 0.411240476789, 0.296458234007, 0.605033430192, 0.402830084957, 14.7174101683, 0.0794024236176, 17.2961585054
0.000367402932257, 0.539461685531, 0.81024399258, 0.597152685699, 0.492881703175, 0.592806892751, 0.594944733555, 0.00592823363645, 0.00506093166565, 29.8994016816
0.904659673316, 0.669650532823, 0.705195042241, 0.789012486829, 0.607234594654, 0.592806892751, 0.297431113383, 21.0068910046, 10.3630399892, 3.30601612653
0.904659673316, 0.669650532823, 0.705195042241, 0.789012486829, 0.607234594654, 0.592806892751, 0.297431113383, 21.0068910046, 10.3630399892, 3.30601612653
0.904659673316, 0.669650532823, 0.705195042241, 0.789012486829, 0.607234594654, 0.592806892751, 0.297431113383, 21.0068910046, 10.3630399892, 3.30601612653
0.904659673316, 0.669650532823, 0.705195042241, 0.789012486829, 0.607234594654, 0.592806892751, 0.297431113383, 21.0068910046, 10.3630399892, 3.30601612653
0.346957547614, 0.825945585098, 0.705195042241, 0.411240476789, 0.296458234007, 0.605033430192, 0.594944733555, 7.70498912448, 1.62369942776, 17.5584295301
0.346957547614, 0.825945585098, 0.705195042241, 0.411240476789, 0.296458234007, 0.605033430192, 0.594944733555, 7.70498912448, 1.62369942776, 17.5584295301
0.346957547614, 0.825945585098, 0.705195042241, 0.411240476789, 0.296458234007, 0.605033430192, 0.594944733555, 7.70498912448, 1.62369942776, 17.5584295301
0.0114250204523, 0.000147026016658, 0.723301486257, 0.890156955754, 0.296458234007, 0.409589586593, 0.594944733555, 0.000134397898285, 0.913975236166, 79.0953431174
0.723765611775, 0.825945585098, 0.705195042241, 0.78924867749, 0.607234594654, 0.605033430192, 0.594944733555, 19.1562981157, 4.03687400281, 8.851970316
0.677196418292, 0.708336946982, 0.488919328805, 0.594066978245, 0.597257741955, 0.592806892751, 0.297558119076, 12.1454853775, 5.00099473942, 8.17332319829
0.56132383411, 0.0885255301037, 0.489007291808, 0.594066978245, 0.597257741955, 0.705808215376, 0.297558119076, 1.24739277958, 12.843376043, 11.0119757365
0.346957547614, 0.909011581076, 0.488919328805, 0.411240476789, 0.296458234007, 0.605033430192, 0.594944733555, 10.6551763165, 1.06654047824, 22.0625800894
0.346957547614, 0.909011581076, 0.488919328805, 0.411240476789, 0.296458234007, 0.605033430192, 0.594944733555, 10.6551763165, 1.06654047824, 22.0625800894
0.904659673316, 0.825945585098, 0.705195042241, 0.78924867749, 0.607234594654, 0.605033430192, 0.594944733555, 23.944119634, 5.04582845218, 3.05519434834
0.904659673316, 0.825945585098, 0.705195042241, 0.78924867749, 0.607234594654, 0.605033430192, 0.594944733555, 23.944119634, 5.04582845218, 3.05519434834
0.904659673316, 0.825945585098, 0.705195042241, 0.78924867749, 0.607234594654, 0.605033430192, 0.594944733555, 23.944119634, 5.04582845218, 3.05519434834
0.904659673316, 0.825945585098, 0.705195042241, 0.78924867749, 0.607234594654, 0.605033430192, 0.594944733555, 23.944119634, 5.04582845218, 3.05519434834
0.904659673316, 0.825945585098, 0.705195042241, 0.78924867749, 0.607234594654, 0.605033430192, 0.594944733555, 23.944119634, 5.04582845218, 3.05519434834
0.904659673316, 0.825945585098, 0.705195042241, 0.78924867749, 0.607234594654, 0.605033430192, 0.594944733555, 23.944119634, 5.04582845218, 3.05519434834
0.904659673316, 0.825945585098, 0.705195042241, 0.78924867749, 0.607234594654, 0.605033430192, 0.594944733555, 23.944119634, 5.04582845218, 3.05519434834
0.904659673316, 0.825945585098, 0.705195042241, 0.78924867749, 0.607234594654, 0.605033430192, 0.594944733555, 23.944119634, 5.04582845218, 3.05519434834
0.904659673316, 0.825945585098, 0.705195042241, 0.78924867749, 0.607234594654, 0.605033430192, 0.594944733555, 23.944119634, 5.04582845218, 3.05519434834
0.904659673316, 0.825945585098, 0.705195042241, 0.78924867749, 0.607234594654, 0.605033430192, 0.594944733555, 23.944119634, 5.04582845218, 3.05519434834
0.0579897374168, 0.0730719714491, 0.489007291808, 0.594066978245, 0.597257741955, 0.806156594312, 0.297558119076, 0.118958286405, 1.50900225778, 26.4452920123
0.0579897374168, 0.0730719714491, 0.489007291808, 0.594066978245, 0.597257741955, 0.806156594312, 0.297558119076, 0.118958286405, 1.50900225778, 26.4452920123
0.558933621152, 0.00980128438253, 0.60410784214, 0.594066978245, 0.296458234007, 0.812921397567, 0.306513585394, 0.199240376649, 20.1287461273, 16.0412454311
0.558933621152, 0.00980128438253, 0.60410784214, 0.594066978245, 0.296458234007, 0.812921397567, 0.306513585394, 0.199240376649, 20.1287461273, 16.0412454311
0.558933621152, 0.00980128438253, 0.60410784214, 0.594066978245, 0.296458234007, 0.812921397567, 0.306513585394, 0.199240376649, 20.1287461273, 16.0412454311
0.558933621152, 0.00980128438253, 0.60410784214, 0.594066978245, 0.296458234007, 0.812921397567, 0.306513585394, 0.199240376649, 20.1287461273, 16.0412454311
0.993760873052, 0.00980128438253, 0.199622990623, 0.890156955754, 0.296458234007, 0.680029377268, 0.402830084957, 0.609192887728, 61.5452007562, 0.390223808201
0.0579897374168, 0.0885255301037, 0.489007291808, 0.594066978245, 0.597257741955, 0.705808215376, 0.297558119076, 0.128866752751, 1.32683481267, 23.6470429936
0.0579897374168, 0.0885255301037, 0.489007291808, 0.594066978245, 0.597257741955, 0.705808215376, 0.297558119076, 0.128866752751, 1.32683481267, 23.6470429936
0.000445242707328, 0.909011581076, 0.488919328805, 0.411240476789, 0.296458234007, 0.605033430192, 0.594944733555, 0.0136735447402, 0.00136866706971, 33.7692546724
0.910430470596, 0.00980128438253, 0.38795707172, 0.5948202468, 0.296458234007, 0.680029377268, 0.306513585394, 0.564256040622, 57.0053459217, 5.66378468462
0.216483021761, 0.964231290017, 0.705195042241, 0.787099132884, 0.698845163192, 0.592806892751, 0.298722235758, 7.23472557708, 0.268376274088, 27.1559757529
0.216483021761, 0.0730719714491, 0.694545123601, 0.594066978245, 0.597257741955, 0.705808215376, 0.297558119076, 0.291659634135, 3.69974265529, 14.4460818927
0.982532861421, 0.964231290017, 0.507626018767, 0.594066978245, 0.785729010411, 0.680029377268, 0.21528070181, 89.3819452714, 3.31567426948, 1.6479470866
0.982532861421, 0.964231290017, 0.507626018767, 0.594066978245, 0.785729010411, 0.680029377268, 0.21528070181, 89.3819452714, 3.31567426948, 1.6479470866
0.0114250204523, 0.00615355458203, 0.38795707172, 0.789012486829, 0.296458234007, 0.409589586593, 0.402830084957, 0.00310576462354, 0.501604900106, 43.6711984144
0.0114250204523, 0.00615355458203, 0.38795707172, 0.789012486829, 0.296458234007, 0.409589586593, 0.402830084957, 0.00310576462354, 0.501604900106, 43.6711984144
0.0114250204523, 0.00615355458203, 0.38795707172, 0.789012486829, 0.296458234007, 0.409589586593, 0.402830084957, 0.00310576462354, 0.501604900106, 43.6711984144
0.0114250204523, 0.00615355458203, 0.38795707172, 0.789012486829, 0.296458234007, 0.409589586593, 0.402830084957, 0.00310576462354, 0.501604900106, 43.6711984144
0.0114250204523, 0.00615355458203, 0.38795707172, 0.789012486829, 0.296458234007, 0.409589586593, 0.402830084957, 0.00310576462354, 0.501604900106, 43.6711984144
0.0114250204523, 0.00615355458203, 0.38795707172, 0.789012486829, 0.296458234007, 0.409589586593, 0.402830084957, 0.00310576462354, 0.501604900106, 43.6711984144
0.0114250204523, 0.00615355458203, 0.38795707172, 0.789012486829, 0.296458234007, 0.409589586593, 0.402830084957, 0.00310576462354, 0.501604900106, 43.6711984144
0.0114250204523, 0.00615355458203, 0.38795707172, 0.789012486829, 0.296458234007, 0.409589586593, 0.402830084957, 0.00310576462354, 0.501604900106, 43.6711984144
0.677196418292, 0.964231290017, 0.515571291122, 0.594066978245, 0.597257741955, 0.592806892751, 0.297558119076, 23.3573760176, 0.866455193262, 11.5469297627
0.677196418292, 0.964231290017, 0.515571291122, 0.594066978245, 0.597257741955, 0.592806892751, 0.297558119076, 23.3573760176, 0.866455193262, 11.5469297627
0.677196418292, 0.964231290017, 0.515571291122, 0.594066978245, 0.597257741955, 0.592806892751, 0.297558119076, 23.3573760176, 0.866455193262, 11.5469297627
0.999826956317, 0.219714383931, 0.488919328805, 0.411240476789, 0.296458234007, 0.605033430192, 0.693399994904, 8.11497310948, 28.8192182907, 0.0063923346769
0.216483021761, 0.0885255301037, 0.694545123601, 0.5948202468, 0.597257741955, 0.705808215376, 0.297558119076, 0.337965419217, 3.47975155826, 13.8174626612
0.000445242707328, 0.00615355458203, 0.377818931104, 0.594066978245, 0.492881703175, 0.788787322036, 0.783134826836, 0.000265373365637, 0.0428598418413, 96.8146435861
0.982532861421, 0.0156385583758, 0.709853719607, 0.594066978245, 0.615009192489, 0.40476297278, 0.402830084957, 0.631380447257, 39.7419347961, 0.717743212407
0.738239345357, 0.949839369283, 0.0969492568162, 0.707005252632, 0.597257741955, 0.806156594312, 0.308234303033, 24.1381541691, 1.27472610278, 9.01075270258
0.738239345357, 0.949839369283, 0.0969492568162, 0.707005252632, 0.597257741955, 0.806156594312, 0.308234303033, 24.1381541691, 1.27472610278, 9.01075270258
0.738239345357, 0.949839369283, 0.0969492568162, 0.707005252632, 0.597257741955, 0.806156594312, 0.308234303033, 24.1381541691, 1.27472610278, 9.01075270258
0.738239345357, 0.949839369283, 0.0969492568162, 0.707005252632, 0.597257741955, 0.806156594312, 0.308234303033, 24.1381541691, 1.27472610278, 9.01075270258
0.904659673316, 0.943350334318, 0.705195042241, 0.789012486829, 0.607234594654, 0.592806892751, 0.297431113383, 29.5928348906, 1.77709610325, 3.30601612653
0.993760873052, 0.247356196563, 0.199622990623, 0.594066978245, 0.296458234007, 0.605033430192, 0.402830084957, 4.05546195963, 12.3397689502, 0.102934146194
0.993760873052, 0.247356196563, 0.199622990623, 0.594066978245, 0.296458234007, 0.605033430192, 0.402830084957, 4.05546195963, 12.3397689502, 0.102934146194
0.0114250204523, 0.000147026016658, 0.38795707172, 0.890156955754, 0.496893969509, 0.409589586593, 0.823486095815, 0.000155027341806, 1.0542661243, 91.2361052457
0.00420702215249, 0.987700037436, 0.507626018767, 0.781859467786, 0.30614152373, 0.788787322036, 0.515734289155, 0.346411169911, 0.00431390529532, 83.0158611927
0.982532861421, 0.964231290017, 0.38795707172, 0.594066978245, 0.785729010411, 0.680029377268, 0.214808840895, 96.4397580886, 3.57748786378, 1.77807294182
0.999826956317, 0.219714383931, 0.515571291122, 0.411240476789, 0.296458234007, 0.605033430192, 0.693399994904, 10.4108014855, 36.9725391008, 0.00820080688529
0.000445242707328, 0.00615355458203, 0.377818931104, 0.919432061979, 0.492881703175, 0.788787322036, 0.783134826836, 0.000368889578957, 0.0595785073344, 134.579870228
0.95549944113, 0.00615355458203, 0.377818931104, 0.594066978245, 0.492881703175, 0.780188787361, 0.230096372284, 0.932090004587, 150.539712538, 7.05450948071
0.995684768592, 0.0135959311262, 0.515319146839, 0.919432061979, 0.60456776797, 0.618032629885, 0.196259007092, 1.37644437074, 99.8629895428, 0.438764957232
0.885536029802, 0.949839369283, 0.0969492568162, 0.707005252632, 0.296458234007, 0.788787322036, 0.308234303033, 37.1834133953, 1.96364093597, 5.06012980784
0.982532861421, 0.964231290017, 0.38795707172, 0.594066978245, 0.785729010411, 0.680029377268, 0.214808840895, 96.4397580886, 3.57748786378, 1.77807294182
0.910430470596, 0.00980128438253, 0.38795707172, 0.594066978245, 0.296458234007, 0.680029377268, 0.0323272488853, 1.25984970587, 127.279396448, 12.6458858308
0.00135792285401, 0.964231290017, 0.38795707172, 0.594066978245, 0.711963875735, 0.329091459529, 0.21528070181, 0.162259710006, 0.00601911654311, 123.755422768
0.209773936032, 0.000147026016658, 0.38795707172, 0.594066978245, 0.626755422282, 0.409589586593, 0.402830084957, 0.00263482946867, 17.9182034586, 67.5084511035
0.904659673316, 0.825945585098, 0.38795707172, 0.78924867749, 0.607234594654, 0.605033430192, 0.594944733555, 31.062215342, 6.54584976839, 3.9634409705
0.000367402932257, 0.539461685531, 0.81024399258, 0.597152685699, 0.492881703175, 0.680029377268, 0.594944733555, 0.0119992916553, 0.0102437924731, 60.5191466966
0.999826956317, 0.357645163293, 0.515571291122, 0.411240476789, 0.296458234007, 0.605033430192, 0.208510927409, 18.7774463945, 33.7255602772, 0.00908688609295
0.000445242707328, 0.320198622094, 0.705195042241, 0.789012486829, 0.798937949828, 0.788787322036, 0.297431113383, 0.00630509182803, 0.0133860979304, 44.2060522852
0.78033719783, 0.949839369283, 0.0969492568162, 0.707005252632, 0.296458234007, 0.788787322036, 0.308234303033, 32.7661434861, 1.73036670893, 9.71067394402
0.216483021761, 0.964231290017, 0.705195042241, 0.513463914294, 0.698845163192, 0.592806892751, 0.308234303033, 7.94171985289, 0.294602630226, 29.8097211101
0.677196418292, 0.565907887396, 0.515571291122, 0.594066978245, 0.597257741955, 0.592806892751, 0.297558119076, 13.7084571452, 10.5153740657, 11.5469297627
0.182742624903, 0.00615355458203, 0.38795707172, 0.789012486829, 0.296458234007, 0.409589586593, 0.402830084957, 0.0496765482396, 8.02314503437, 36.1030874966
0.558933621152, 0.00980128438253, 0.38795707172, 0.594066978245, 0.296458234007, 0.812921397567, 0.306513585394, 0.265382631234, 26.8109290925, 21.3664920352
0.558933621152, 0.00980128438253, 0.38795707172, 0.594066978245, 0.296458234007, 0.812921397567, 0.306513585394, 0.265382631234, 26.8109290925, 21.3664920352
0.677196418292, 0.708336946982, 0.515571291122, 0.594066978245, 0.597257741955, 0.592806892751, 0.297558119076, 17.1586346441, 7.06519656676, 11.5469297627
0.0579897374168, 0.0885255301037, 0.489007291808, 0.594066978245, 0.597257741955, 0.705808215376, 0.197362777795, 0.142356934404, 1.46573210202, 26.1224906844
0.00611788183204, 0.00615355458203, 0.75517242984, 0.00742816723692, 0.296458234007, 0.409589586593, 0.402830084957, 0.00498426642022, 0.804997404138, 131.585787453
0.998417119077, 0.357645163293, 0.515571291122, 0.411240476789, 0.296458234007, 0.605033430192, 0.208510927409, 18.7509686695, 33.6780044971, 0.0831203911123
0.000367402932257, 0.87618655093, 0.488919328805, 0.594066978245, 0.492881703175, 0.680029377268, 0.230096372284, 0.0406906976267, 0.0057499805411, 126.356138317
0.885536029802, 0.949839369283, 0.0969492568162, 0.707005252632, 0.296458234007, 0.788787322036, 0.308234303033, 37.1834133953, 1.96364093597, 5.06012980784
