0.150242443682, 0.829395904636, 2.56224126046, 0.639374215908, 95.7935501208, 5.63128675909, 0.793535627079, 2.44083745645, 10.6655205993, 66.3240424555, 0.0547697250566, 0.0
0.150242443682, 0.829395904636, 2.56224126046, 0.639374215908, 95.7935501208, 5.63128675909, 0.793535627079, 2.44083745645, 10.6655205993, 66.3240424555, 0.0547697250566, 0.0
0.150242443682, 0.829395904636, 2.56224126046, 0.639374215908, 95.7935501208, 5.63128675909, 0.793535627079, 2.44083745645, 10.6655205993, 66.3240424555, 0.0547697250566, 0.0
0.150242443682, 0.829395904636, 2.56224126046, 0.639374215908, 95.7935501208, 5.63128675909, 0.793535627079, 2.44083745645, 10.6655205993, 66.3240424555, 0.0547697250566, 0.0
0.150242443682, 0.829395904636, 2.56224126046, 0.639374215908, 95.7935501208, 5.63128675909, 0.793535627079, 2.44083745645, 10.6655205993, 66.3240424555, 0.0547697250566, 0.0
0.150242443682, 0.829395904636, 2.56224126046, 0.639374215908, 95.7935501208, 5.63128675909, 0.793535627079, 2.44083745645, 10.6655205993, 66.3240424555, 0.0547697250566, 0.0
0.150242443682, 0.829395904636, 2.56224126046, 0.639374215908, 95.7935501208, 5.63128675909, 0.793535627079, 2.44083745645, 10.6655205993, 66.3240424555, 0.0547697250566, 0.0
0.150242443682, 0.829395904636, 2.56224126046, 0.639374215908, 95.7935501208, 5.63128675909, 0.793535627079, 2.44083745645, 10.6655205993, 66.3240424555, 0.0547697250566, 0.0
0.150242443682, 0.829395904636, 2.56224126046, 0.639374215908, 95.7935501208, 5.63128675909, 0.793535627079, 2.44083745645, 10.6655205993, 66.3240424555, 0.0547697250566, 0.0
0.150242443682, 0.829395904636, 2.56224126046, 0.639374215908, 95.7935501208, 5.63128675909, 0.793535627079, 2.44083745645, 10.6655205993, 66.3240424555, 0.0547697250566, 0.0
0.150242443682, 0.829395904636, 2.56224126046, 0.639374215908, 95.7935501208, 5.63128675909, 0.793535627079, 2.44083745645, 10.6655205993, 66.3240424555, 0.0547697250566, 0.0
0.150242443682, 0.829395904636, 2.56224126046, 0.639374215908, 95.7935501208, 5.63128675909, 0.793535627079, 2.44083745645, 10.6655205993, 66.3240424555, 0.0547697250566, 0.0
0.150242443682, 0.829395904636, 2.56224126046, 0.639374215908, 95.7935501208, 5.63128675909, 0.793535627079, 2.44083745645, 10.6655205993, 66.3240424555, 0.0547697250566, 0.0
0.150242443682, 0.829395904636, 2.56224126046, 0.639374215908, 95.7935501208, 5.63128675909, 0.793535627079, 2.44083745645, 10.6655205993, 66.3240424555, 0.0547697250566, 0.0
0.150242443682, 0.829395904636, 2.56224126046, 0.639374215908, 95.7935501208, 5.63128675909, 0.793535627079, 2.44083745645, 10.6655205993, 66.3240424555, 0.0547697250566, 0.0
0.150242443682, 0.829395904636, 2.56224126046, 0.639374215908, 95.7935501208, 5.63128675909, 0.793535627079, 2.44083745645, 10.6655205993, 66.3240424555, 0.0547697250566, 0.0
0.150242443682, 0.829395904636, 2.56224126046, 0.639374215908, 95.7935501208, 5.63128675909, 0.793535627079, 2.44083745645, 10.6655205993, 66.3240424555, 0.0547697250566, 0.0
0.150242443682, 0.829395904636, 2.56224126046, 0.639374215908, 95.7935501208, 5.63128675909, 0.793535627079, 2.44083745645, 10.6655205993, 66.3240424555, 0.0547697250566, 0.0
0.150242443682, 0.829395904636, 2.56224126046, 0.639374215908, 95.7935501208, 5.63128675909, 0.793535627079, 2.44083745645, 10.6655205993, 66.3240424555, 0.0547697250566, 0.0
0.150242443682, 0.829395904636, 2.56224126046, 0.639374215908, 95.7935501208, 5.63128675909, 0.793535627079, 2.44083745645, 10.6655205993, 66.3240424555, 0.0547697250566, 0.0
0.153965372241, 0.829395904636, 2.56224126046, 0.645560965428, 94.1516158404, 5.63128675909, 0.7603337673, 2.44083745645, 10.6655205993, 99.0766560137, 0.104204263324, 0.666666666667
0.153965372241, 0.829395904636, 2.56224126046, 0.645560965428, 94.1516158404, 5.63128675909, 0.7603337673, 2.44083745645, 10.6655205993, 99.0766560137, 0.104204263324, 0.666666666667
0.153965372241, 0.829395904636, 2.56224126046, 0.645560965428, 94.1516158404, 5.63128675909, 0.7603337673, 2.44083745645, 10.6655205993, 99.0766560137, 0.104204263324, 0.666666666667
0.153965372241, 0.829395904636, 2.56224126046, 0.645560965428, 94.1516158404, 5.63128675909, 0.7603337673, 2.44083745645, 10.6655205993, 99.0766560137, 0.104204263324, 0.666666666667
0.153965372241, 0.829395904636, 2.56224126046, 0.645560965428, 94.1516158404, 5.63128675909, 0.7603337673, 2.44083745645, 10.6655205993, 99.0766560137, 0.104204263324, 0.666666666667
0.153965372241, 0.829395904636, 2.07005028251, 0.645560965428, 95.8034741834, 5.63128675909, 0.7603337673, 2.44083745645, 10.6655205993, 106.461429733, 0.0404631920842, 0.0
0.153965372241, 0.829395904636, 2.07005028251, 0.645560965428, 95.8034741834, 5.63128675909, 0.7603337673, 2.44083745645, 10.6655205993, 106.461429733, 0.0404631920842, 0.0
0.153965372241, 0.829395904636, 2.07005028251, 0.645560965428, 95.8034741834, 5.63128675909, 0.7603337673, 2.44083745645, 10.6655205993, 106.461429733, 0.0404631920842, 0.0
0.153965372241, 0.829395904636, 2.07005028251, 0.645560965428, 95.8034741834, 5.63128675909, 0.7603337673, 2.44083745645, 10.6655205993, 106.461429733, 0.0404631920842, 0.0
0.153965372241, 0.829395904636, 2.07005028251, 0.645560965428, 95.8034741834, 5.63128675909, 0.7603337673, 2.44083745645, 10.6655205993, 106.461429733, 0.0404631920842, 0.0
0.153965372241, 0.829395904636, 2.07005028251, 0.645560965428, 95.8034741834, 5.63128675909, 0.7603337673, 2.44083745645, 10.6655205993, 106.461429733, 0.0404631920842, 0.0
0.153965372241, 0.829395904636, 2.07005028251, 0.645560965428, 95.8034741834, 5.63128675909, 0.7603337673, 2.44083745645, 10.6655205993, 106.461429733, 0.0404631920842, 0.0
0.154112102692, 0.829395904636, 2.06362421954, 0.645560965428, 95.8159033168, 5.68298688456, 0.7603337673, 2.45231093078, 10.6655205993, 97.9199485483, 0.0736610075011, 0.444444444444
0.154112102692, 0.829395904636, 2.06362421954, 0.645560965428, 95.8159033168, 5.68298688456, 0.7603337673, 2.45231093078, 10.6655205993, 97.9199485483, 0.0736610075011, 0.444444444444
0.150037782303, 0.829395904636, 2.06362421954, 0.645560965428, 95.8375593006, 5.68450098612, 0.7603337673, 2.44083745645, 10.6655205993, 87.7584444536, 0.0535277963133, 0.272727272727
0.150037782303, 0.829395904636, 2.06362421954, 0.645560965428, 95.8375593006, 5.68450098612, 0.7603337673, 2.44083745645, 10.6655205993, 87.7584444536, 0.0535277963133, 0.272727272727
0.150037782303, 0.829395904636, 2.06362421954, 0.645560965428, 95.8375593006, 5.68450098612, 0.7603337673, 2.44083745645, 10.6655205993, 87.7584444536, 0.0535277963133, 0.272727272727
0.150037782303, 0.829395904636, 2.06362421954, 0.645560965428, 95.8375593006, 5.68450098612, 0.7603337673, 2.44083745645, 10.6655205993, 87.7584444536, 0.0535277963133, 0.272727272727
0.150242443682, 0.829395904636, 2.56224126046, 0.651109194915, 94.193383385, 5.74050618939, 0.793535627079, 2.44083745645, 10.6655205993, 141.151167277, 0.0436581254774, 0.235294117647
0.150229634285, 0.829395904636, 2.56224126046, 0.639374215908, 95.7935501208, 5.63155632832, 0.793543565325, 2.44083745645, 10.6655205993, 119.819977934, 0.0625317779858, 0.0
0.154112102692, 0.829395904636, 2.06362421954, 0.651012852764, 95.8159033168, 5.68298688456, 0.7603337673, 2.45231093078, 10.6655205993, 85.8082567991, 0.0903423922487, 0.0909090909091
0.154112102692, 0.829395904636, 2.06362421954, 0.651012852764, 95.8159033168, 5.68298688456, 0.7603337673, 2.45231093078, 10.6655205993, 85.8082567991, 0.0903423922487, 0.0909090909091
0.154112102692, 0.829395904636, 2.06362421954, 0.651012852764, 95.8159033168, 5.68298688456, 0.7603337673, 2.45231093078, 10.6655205993, 85.8082567991, 0.0903423922487, 0.0909090909091
0.154112102692, 0.829395904636, 2.06362421954, 0.651012852764, 95.8159033168, 5.68298688456, 0.7603337673, 2.45231093078, 10.6655205993, 85.8082567991, 0.0903423922487, 0.0909090909091
0.154112102692, 0.829395904636, 2.06362421954, 0.651012852764, 95.8159033168, 5.68298688456, 0.7603337673, 2.45231093078, 10.6655205993, 85.8082567991, 0.0903423922487, 0.0909090909091
0.154112102692, 0.829395904636, 2.06362421954, 0.651012852764, 95.8159033168, 5.68298688456, 0.7603337673, 2.45231093078, 10.6655205993, 85.8082567991, 0.0903423922487, 0.0909090909091
0.154112102692, 0.829395904636, 2.06362421954, 0.651012852764, 95.8159033168, 5.68298688456, 0.7603337673, 2.45231093078, 10.6655205993, 85.8082567991, 0.0903423922487, 0.0909090909091
0.154112102692, 0.829395904636, 2.06362421954, 0.651012852764, 95.8159033168, 5.68298688456, 0.7603337673, 2.45231093078, 10.6655205993, 85.8082567991, 0.0903423922487, 0.0909090909091
0.154112102692, 0.829395904636, 2.06362421954, 0.651012852764, 95.8159033168, 5.68298688456, 0.7603337673, 2.45231093078, 10.6655205993, 85.8082567991, 0.0903423922487, 0.0909090909091
0.150037782303, 0.829395904636, 2.06362421954, 0.645560965428, 95.8365884306, 5.68450098612, 0.7603337673, 2.44083745645, 10.6655205993, 97.765986365, 0.02484615496, 0.0
0.150037782303, 0.829395904636, 2.06362421954, 0.645560965428, 95.8365884306, 5.68450098612, 0.7603337673, 2.44083745645, 10.6655205993, 97.765986365, 0.02484615496, 0.0
0.150037782303, 0.829395904636, 2.06362421954, 0.645560965428, 95.8365884306, 5.68450098612, 0.7603337673, 2.44083745645, 10.6655205993, 97.765986365, 0.02484615496, 0.0
0.150037782303, 0.829395904636, 2.06362421954, 0.645560965428, 95.8365884306, 5.68450098612, 0.7603337673, 2.44083745645, 10.6655205993, 97.765986365, 0.02484615496, 0.0
0.150037782303, 0.829395904636, 2.06362421954, 0.645560965428, 95.8365884306, 5.68450098612, 0.7603337673, 2.44083745645, 10.6655205993, 97.765986365, 0.02484615496, 0.0
0.150037782303, 0.829395904636, 2.06362421954, 0.645560965428, 95.8365884306, 5.68450098612, 0.7603337673, 2.44083745645, 10.6655205993, 97.765986365, 0.02484615496, 0.0
0.154112102692, 0.829395904636, 2.04070150348, 0.651146424557, 95.7937560026, 5.68298688456, 0.794691726959, 2.44097763158, 10.6655205993, 98.3898428044, 0.0884390822644, 0.529411764706
0.154112102692, 0.829395904636, 2.04070150348, 0.651146424557, 95.7937560026, 5.68298688456, 0.794691726959, 2.44097763158, 10.6655205993, 98.3898428044, 0.0884390822644, 0.529411764706
0.154112102692, 0.829395904636, 2.08333112379, 0.651012852764, 95.8400125646, 5.68298688456, 0.760836587409, 2.45231093078, 10.6655205993, 87.0735829235, 0.093029455199, 0.4
0.154112102692, 0.829395904636, 2.08333112379, 0.651012852764, 95.8400125646, 5.68298688456, 0.760836587409, 2.45231093078, 10.6655205993, 87.0735829235, 0.093029455199, 0.4
0.154112102692, 0.829395904636, 2.02841818749, 0.651012852764, 95.8400125646, 6.25979272325, 0.760836587409, 2.45231093078, 10.6655205993, 74.8783638571, 0.0459850119995, 0.142857142857
0.154112102692, 0.829395904636, 2.02841818749, 0.651012852764, 95.8400125646, 6.25979272325, 0.760836587409, 2.45231093078, 10.6655205993, 74.8783638571, 0.0459850119995, 0.142857142857
0.154112102692, 0.829395904636, 2.02841818749, 0.651012852764, 95.8400125646, 6.25979272325, 0.760836587409, 2.45231093078, 10.6655205993, 74.8783638571, 0.0459850119995, 0.142857142857
0.154112102692, 0.829395904636, 2.02841818749, 0.651012852764, 95.8400125646, 6.25979272325, 0.760836587409, 2.45231093078, 10.6655205993, 74.8783638571, 0.0459850119995, 0.142857142857
0.154112102692, 0.829395904636, 2.02841818749, 0.651012852764, 95.8400125646, 6.25979272325, 0.760836587409, 2.45231093078, 10.6655205993, 74.8783638571, 0.0459850119995, 0.142857142857
0.154112102692, 0.829395904636, 2.02841818749, 0.651012852764, 95.8400125646, 6.25979272325, 0.760836587409, 2.45231093078, 10.6655205993, 74.8783638571, 0.0459850119995, 0.142857142857
0.154112102692, 0.829395904636, 2.02841818749, 0.651012852764, 95.8400125646, 6.25979272325, 0.760836587409, 2.45231093078, 10.6655205993, 74.8783638571, 0.0459850119995, 0.142857142857
0.154112102692, 0.829395904636, 2.02841818749, 0.651012852764, 95.8400125646, 6.25979272325, 0.760836587409, 2.45231093078, 10.6655205993, 74.8783638571, 0.0459850119995, 0.142857142857
0.154112102692, 0.829395904636, 2.02841818749, 0.651012852764, 95.8400125646, 6.25979272325, 0.760836587409, 2.45231093078, 10.6655205993, 74.8783638571, 0.0459850119995, 0.142857142857
0.154112102692, 0.829395904636, 2.02841818749, 0.651012852764, 95.8400125646, 6.25979272325, 0.760836587409, 2.45231093078, 10.6655205993, 74.8783638571, 0.0459850119995, 0.142857142857
0.154112102692, 0.829395904636, 2.02841818749, 0.651012852764, 95.8400125646, 6.25979272325, 0.760836587409, 2.45231093078, 10.6655205993, 74.8783638571, 0.0459850119995, 0.142857142857
0.154112102692, 0.829395904636, 2.02841818749, 0.651012852764, 95.8400125646, 6.25979272325, 0.760836587409, 2.45231093078, 10.6655205993, 74.8783638571, 0.0459850119995, 0.142857142857
0.154112102692, 0.829395904636, 2.02841818749, 0.651012852764, 95.8400125646, 6.25979272325, 0.760836587409, 2.45231093078, 10.6655205993, 74.8783638571, 0.0459850119995, 0.142857142857
0.154112102692, 0.829395904636, 2.02841818749, 0.651012852764, 95.8400125646, 6.25979272325, 0.760836587409, 2.45231093078, 10.6655205993, 74.8783638571, 0.0459850119995, 0.142857142857
0.154112102692, 0.829395904636, 2.02841818749, 0.651012852764, 95.8400125646, 6.25979272325, 0.760836587409, 2.45231093078, 10.6655205993, 74.8783638571, 0.0459850119995, 0.142857142857
0.154112102692, 0.829395904636, 2.02841818749, 0.651012852764, 95.8400125646, 6.25979272325, 0.760836587409, 2.45231093078, 10.6655205993, 74.8783638571, 0.0459850119995, 0.142857142857
0.154112102692, 0.829395904636, 2.02841818749, 0.651012852764, 95.8400125646, 6.25979272325, 0.760836587409, 2.45231093078, 10.6655205993, 74.8783638571, 0.0459850119995, 0.142857142857
0.154112102692, 0.829395904636, 2.02841818749, 0.651012852764, 95.8400125646, 6.25979272325, 0.760836587409, 2.45231093078, 10.6655205993, 74.8783638571, 0.0459850119995, 0.142857142857
0.154112102692, 0.829395904636, 2.02841818749, 0.651012852764, 95.8400125646, 6.25979272325, 0.760836587409, 2.45231093078, 10.6655205993, 74.8783638571, 0.0459850119995, 0.142857142857
0.154112102692, 0.829395904636, 2.02841818749, 0.651012852764, 95.8400125646, 6.25979272325, 0.760836587409, 2.45231093078, 10.6655205993, 74.8783638571, 0.0459850119995, 0.142857142857
0.150242443682, 0.826320057125, 2.56224126046, 0.639374215908, 95.7935501208, 5.63128675909, 0.793535627079, 2.44083745645, 10.6655205993, 96.7492188499, 0.140426905933, 0.333333333333
0.150242443682, 0.826320057125, 2.56224126046, 0.639374215908, 95.7935501208, 5.63128675909, 0.793535627079, 2.44083745645, 10.6655205993, 96.7492188499, 0.140426905933, 0.333333333333
0.150242443682, 0.826320057125, 2.56224126046, 0.639374215908, 95.7935501208, 5.63128675909, 0.793535627079, 2.44083745645, 10.6655205993, 96.7492188499, 0.140426905933, 0.333333333333
0.150242443682, 0.826320057125, 2.56224126046, 0.639374215908, 95.7935501208, 5.63128675909, 0.793535627079, 2.44083745645, 10.6655205993, 96.7492188499, 0.140426905933, 0.333333333333
0.150242443682, 0.826320057125, 2.56224126046, 0.639374215908, 95.7935501208, 5.63128675909, 0.793535627079, 2.44083745645, 10.6655205993, 96.7492188499, 0.140426905933, 0.333333333333
0.150242443682, 0.826320057125, 2.56224126046, 0.639374215908, 95.7935501208, 5.63128675909, 0.793535627079, 2.44083745645, 10.6655205993, 96.7492188499, 0.140426905933, 0.333333333333
0.150242443682, 0.826320057125, 2.56224126046, 0.639374215908, 95.7935501208, 5.63128675909, 0.793535627079, 2.44083745645, 10.6655205993, 96.7492188499, 0.140426905933, 0.333333333333
0.150242443682, 0.826320057125, 2.56224126046, 0.639374215908, 95.7935501208, 5.63128675909, 0.793535627079, 2.44083745645, 10.6655205993, 96.7492188499, 0.140426905933, 0.333333333333
0.150242443682, 0.826320057125, 2.56224126046, 0.639374215908, 95.7935501208, 5.63128675909, 0.793535627079, 2.44083745645, 10.6655205993, 96.7492188499, 0.140426905933, 0.333333333333
0.150242443682, 0.826320057125, 2.56224126046, 0.639374215908, 95.7935501208, 5.63128675909, 0.793535627079, 2.44083745645, 10.6655205993, 96.7492188499, 0.140426905933, 0.333333333333
0.150242443682, 0.826320057125, 2.56224126046, 0.639374215908, 95.7935501208, 5.63128675909, 0.793535627079, 2.44083745645, 10.6655205993, 96.7492188499, 0.140426905933, 0.333333333333
0.150242443682, 0.826320057125, 2.56224126046, 0.639374215908, 95.7935501208, 5.63128675909, 0.793535627079, 2.44083745645, 10.6655205993, 96.7492188499, 0.140426905933, 0.333333333333
0.150242443682, 0.826320057125, 2.56224126046, 0.639374215908, 95.7935501208, 5.63128675909, 0.793535627079, 2.44083745645, 10.6655205993, 96.7492188499, 0.140426905933, 0.333333333333
