4.45333824361, 1.08939548596, 1.47747016433, 0.869010553878, 2.83000071371, 0.947528843712, 4.50940502468, 1.26000020618, 1.14000069543, 1.81959626302, 2.62139435741, 0.927390381307, 3.04000057275, 1.08608597938, 0.853942214059, 1.00000039268, 1.00000068827, 1.06319990795, 6.54536597402, 0.959093432387, 1.0000004988, 90.8748300972, 0.931942154449, 4.2853337452, 1.01728296878, 3.29000062911, 1.00000035159, 43.8917225997, 8.20695124093, 179.925353117
3.50952072118, 1.08861918525, 1.52491582391, 0.886911056558, 2.83000031683, 0.920078066053, 4.88712221228, 1.26000023814, 1.1400006884, 1.97259771041, 2.327974523, 0.90822116883, 3.0400002911, 1.03644805401, 0.987258114494, 1.00000053432, 1.00000079984, 1.07791118913, 6.49681421275, 0.97222392856, 1.00000000582, 92.7143821271, 1.01957932405, 3.31683726331, 0.995900692595, 3.29000031741, 1.0000004217, 24.3361570908, 6.92483533243, 180.883438953
4.82238794568, 1.07766203851, 1.62929093481, 0.883997964228, 2.83000059156, 0.869308794137, 4.33590954272, 1.26000043463, 1.14000073162, 3.19153824323, 2.72720189731, 0.932988821618, 3.04000039133, 1.02862025537, 0.834563507144, 1.0000005016, 1.00000022275, 1.04655505583, 8.50246078685, 0.973744236866, 1.00000023066, 110.460584795, 1.02813060045, 4.77490157919, 1.00149515067, 3.2900004103, 1.00000066942, 19.1512070666, 9.44289423576, 142.208994571
3.69745154823, 1.08152723056, 1.5306475748, 0.87578054656, 2.83000033945, 0.975902152059, 4.9320891429, 1.26000022523, 1.14000059142, 2.73824973935, 2.01150594291, 0.993298979614, 3.04000028411, 1.02883954157, 0.961933627228, 1.00000023784, 1.00000039404, 1.03213070166, 7.72341283664, 0.957910538644, 1.00000031365, 105.374123728, 1.03579641279, 4.65679786759, 1.00059683282, 3.29000097093, 1.00000043245, 28.4923722095, 10.1662916204, 59.6159493796
4.54788927146, 1.06083322853, 1.5459365625, 0.861604230729, 2.83000048623, 1.02998866636, 4.44951255268, 1.2600006682, 1.14000069819, 2.60729925222, 2.49100657108, 1.01329256235, 3.04000044924, 1.03151394949, 0.899651765903, 1.00000077215, 1.00000048166, 1.04130518692, 6.40702839592, 0.972857482339, 1.00000051204, 106.446040872, 0.936034464527, 3.88134353261, 1.004083107, 3.2900007459, 1.00000073547, 60.3070700788, 12.8584762732, 62.0522531759
4.43491535101, 1.03014673037, 1.58395663948, 0.855886794489, 2.83000026052, 0.978875615052, 4.61797513907, 1.26000051542, 1.14000076958, 2.42333836029, 2.64061181436, 0.944434571177, 3.0400004666, 1.08135415658, 0.88446211813, 1.00000028571, 1.00000068933, 1.05515270818, 5.86872642822, 0.973527083469, 1.00000079403, 95.2677468808, 0.906456348217, 3.81728475869, 1.00221612297, 3.29000057218, 1.00000038675, 50.2824413675, 16.29274308, 169.785735464
3.36529150252, 1.04488382416, 1.4490185896, 0.861964756587, 2.83000073274, 0.993049274683, 3.46833197462, 1.26000045073, 1.14000055501, 3.15740705192, 2.51409786448, 1.04389986582, 3.04000025009, 1.00065676795, 0.877724819419, 1.00000052324, 1.00000066029, 1.0531362327, 7.26332859952, 0.961192053089, 1.00000072579, 116.167002259, 0.921163566002, 3.75052057424, 1.00809620269, 3.29000032296, 1.00000078509, 54.1034131848, 10.3801138029, 114.049636391
4.51147200497, 1.04121726525, 1.4387989936, 0.872393446145, 2.83000062878, 1.10338422247, 3.74248958414, 1.26000032129, 1.14000064242, 2.28178081305, 2.55493491983, 0.941135815955, 3.04000051914, 1.09089549712, 0.882375354678, 1.00000028992, 1.0000002188, 1.02704000557, 4.59842868198, 0.933566431346, 1.0000003108, 90.630443037, 0.96164383873, 4.28144939548, 0.991029065586, 3.29000072703, 1.00000051039, 55.2544533202, 16.7121901556, 151.248379708
3.19529875538, 1.05747323159, 1.45773999705, 0.917717353562, 2.83000043773, 1.04687419323, 3.45018347033, 1.26000068014, 1.14000059234, 2.44943200397, 2.04770563348, 0.962998155791, 3.04000026682, 1.05606506183, 0.858038498188, 1.00000041587, 1.00000046678, 1.03765139366, 8.54306265684, 0.976643250392, 1.00000055203, 112.261936488, 0.998142205296, 4.43803274027, 1.03603780301, 3.29000067734, 1.00000065707, 78.9273931353, 13.955573391, 445.852546094
4.51147200497, 1.04121726525, 1.4387989936, 0.872393446145, 2.83000062878, 1.10338422247, 3.74248958414, 1.26000032129, 1.14000064242, 2.28178081305, 2.55493491983, 0.941135815955, 3.04000051914, 1.09089549712, 0.882375354678, 1.00000028992, 1.0000002188, 1.02704000557, 4.59842868198, 0.933566431346, 1.0000003108, 90.630443037, 0.96164383873, 4.28144939548, 0.991029065586, 3.29000072703, 1.00000051039, 120.294621506, 11.3927688061, 256.129342505
4.95373502732, 1.106793257, 1.44482999765, 0.86519842269, 2.83000022361, 0.927342382126, 3.87951128884, 1.26000069312, 1.14000028573, 2.87968291943, 2.58237161616, 0.928926801929, 3.04000079206, 1.07557356524, 0.855120828134, 1.00000022047, 1.00000064937, 1.02894637994, 8.33809412389, 0.969578015632, 1.00000037294, 88.786331423, 0.950367807292, 4.73171416002, 0.990995000075, 3.29000070192, 1.00000056537, 110.652296293, 10.4836928351, 812.377313321
2.6896265085, 1.08082100343, 1.4824225821, 0.867459850663, 2.83000070224, 1.00090924608, 4.39382286363, 1.26000016771, 1.14000058641, 2.94678275364, 2.18030473398, 0.945985799405, 3.0400006474, 1.01642251546, 0.855686114273, 1.00000057847, 1.00000022808, 1.03518265525, 6.00316192571, 0.960766353153, 1.00000056362, 100.553595688, 0.974024004686, 4.71014640518, 1.02108835365, 3.29000045145, 1.00000033694, 64.3629725414, 17.7655976478, 431.586634945
4.72199160794, 1.07404486415, 1.51047611766, 0.840723221141, 2.83000068131, 0.979135503148, 3.26953108541, 1.26000078245, 1.14000026683, 2.66657433948, 2.82299569537, 1.0046325098, 3.04000026806, 1.07756073229, 0.973362643705, 1.00000055864, 1.00000013481, 1.0018141548, 5.05294927137, 0.959946642091, 1.00000041281, 100.805639098, 0.928085919511, 4.60869158475, 0.976328009497, 3.29000024328, 1.00000027217, 237.509858072, 13.6079522196, 265.836179951
3.83796020218, 1.04956505968, 1.46230841704, 0.871488833383, 2.83000037661, 0.920640139501, 3.75117014909, 1.26000072751, 1.14000067932, 1.86387490795, 2.05899559029, 0.955920636568, 3.04000050171, 1.07776048825, 0.926428573511, 1.00000037161, 1.00000061699, 1.05018873816, 7.9630667311, 0.976407828949, 1.00000063479, 108.589891744, 0.944755622857, 3.20399282337, 1.02298135953, 3.29000043396, 1.00000022484, 129.974682221, 11.4731241334, 617.936852457
3.64007109971, 1.04454402004, 1.55382349956, 0.884292041745, 2.83000025899, 0.919629473306, 4.73591469271, 1.26000035791, 1.14000063475, 2.94298266693, 2.64796909333, 0.947232576755, 3.04000035631, 1.07036563613, 0.915569918428, 1.00000034076, 1.00000027036, 1.0360940722, 6.95301007871, 0.943015487075, 1.00000076284, 95.7362489287, 0.955955168433, 3.73840639925, 0.98558299849, 3.29000020824, 1.00000057962, 184.504257037, 24.276872084, 353.660755406
3.55480698115, 1.06359468825, 1.546346416, 0.845752991111, 2.83000033398, 0.999517314856, 4.29237871269, 1.26000068018, 1.14000049996, 3.07054844778, 2.67274491274, 0.993093388674, 3.04000034506, 1.03939897754, 0.845718052435, 1.00000057088, 1.00000045841, 1.08159932104, 8.30083513724, 0.972057594468, 1.00000039539, 99.1424431305, 0.921348245191, 5.84242926449, 1.04547552608, 3.29000028117, 1.0000006799, 143.494782179, 13.9742174074, 437.640488218
2.69028463276, 1.12224890735, 1.62567088407, 0.852222415314, 2.83000021485, 1.14242353655, 3.29219440101, 1.26000023044, 1.14000062783, 3.04412584594, 2.10718308359, 0.967163607427, 3.04000071507, 1.02064874289, 0.913588492882, 1.00000039222, 1.00000036248, 1.0363085165, 7.38128388949, 0.941084082729, 1.00000078447, 88.840766559, 0.960180847235, 2.68423383959, 1.01898873366, 3.29000054769, 1.0000004, 142.643600304, 21.9170772529, 599.803641434
4.82238794568, 1.07766203851, 1.62929093481, 0.883997964228, 2.83000058758, 0.869308794137, 4.33590954272, 1.26000043463, 1.14000073162, 3.19153824323, 2.72720189731, 0.932988821618, 3.04000075651, 1.02862025537, 0.834563507144, 1.0000005016, 1.00000022275, 1.04655505583, 8.50246078685, 0.990516285315, 1.00000023066, 110.460584795, 1.02813060045, 4.77490157919, 1.00149515067, 3.2900004103, 1.00000066942, 96.3884390528, 19.8510604475, 615.087322181
4.32854652483, 1.07313499684, 1.48671756498, 0.912411467137, 2.83000049372, 1.03717547894, 3.62164702191, 1.26000022, 1.14000056356, 2.17682799719, 2.34507257061, 0.959745831153, 3.04000059845, 1.05513517035, 0.856366558482, 1.00000035353, 1.0000002166, 1.06493066151, 6.60164921911, 0.978017750466, 1.00000040681, 112.134109613, 0.929481774625, 4.25747945363, 0.992046689453, 3.29000063187, 1.00000037276, 244.684949367, 16.6224333682, 316.931081183
2.69028463276, 1.12224890735, 1.62567088407, 0.912411467137, 2.83000021485, 1.03717547894, 3.29219440101, 1.26000023044, 1.14000062783, 3.04412584594, 2.10718308359, 0.967163607427, 3.04000071507, 1.02064874289, 1.04754455913, 1.00000039222, 1.00000036248, 1.00686714784, 7.38128388949, 0.941084082729, 1.00000055195, 88.840766559, 0.960180847235, 2.68423383959, 1.01898873366, 3.29000054769, 1.0000004, 161.951884491, 11.8466810757, 764.531344352
4.27312397394, 1.10558010272, 1.48306155905, 0.862047571349, 2.83000052481, 0.966198517748, 4.68596436269, 1.26000020389, 1.14000031372, 2.57352547556, 2.25142197166, 0.997368910034, 3.04000063195, 1.07301767322, 0.925442809125, 1.00000068743, 1.00000044102, 1.03706532597, 8.04526607115, 0.970996613667, 1.00000079586, 97.704715922, 0.932185568769, 3.48527876571, 0.995854318286, 3.29000069271, 1.00000034874, 130.87449821, 16.2632462954, 669.373974191
4.56254512824, 1.04617689529, 1.62747286459, 0.883099868485, 2.83000049349, 0.924627454202, 3.74733858136, 1.2600002446, 1.14000065027, 3.14430396921, 3.02696609772, 0.912428535362, 3.04000031677, 1.07921649137, 0.895022820137, 1.00000051796, 1.00000043759, 1.03343745629, 6.15984149359, 0.937995079154, 1.00000077812, 92.0287246259, 0.908444048338, 4.89812042094, 1.01366225061, 3.29000059733, 1.00000045059, 234.246423256, 27.416336397, 433.367634752
3.69745154823, 1.10781192216, 1.5306475748, 0.87578054656, 2.83000033945, 0.975902152059, 4.9320891429, 1.26000022523, 1.14000059142, 2.73824973935, 2.01150594291, 0.993298979614, 3.04000028411, 1.02883954157, 0.918628501565, 1.00000023784, 1.00000039404, 1.03213070166, 7.72341283664, 0.979642893211, 1.00000031365, 105.374123728, 1.03579641279, 5.87840187459, 1.00059683282, 3.29000079899, 1.00000043245, 199.056944061, 18.9335709807, 461.599433572
3.24020734202, 1.07320604771, 1.45267459196, 0.853307997775, 2.8300007999, 1.0976840539, 4.18783179835, 1.26000024941, 1.14000055344, 1.61200865402, 1.80663893515, 0.979435614762, 3.04000075586, 1.03003511748, 0.849785787842, 1.00000023102, 1.00000072029, 1.03458021004, 5.66309365958, 0.947186928584, 1.00000062561, 105.486357526, 0.90804493774, 2.52861882522, 0.998385483014, 3.29000034064, 1.00000058866, 166.092048315, 17.1503927391, 469.350322967
3.69745154823, 1.01562051051, 1.54794482451, 0.87578054656, 2.8300004062, 0.957674828866, 4.9320891429, 1.26000022523, 1.14000059142, 2.73824973935, 2.79555246663, 0.993298979614, 3.04000028411, 1.02539308522, 0.961933627228, 1.00000023784, 1.00000039404, 1.03213070166, 7.72341283664, 0.990963065996, 1.00000031365, 124.979713948, 1.03579641279, 4.65679786759, 1.00059683282, 3.29000079899, 1.00000043245, 254.415496684, 26.5437460183, 407.699507125
1.0293473824, 1.10233463137, 1.53972621343, 0.915140271764, 2.83000060283, 1.11456532763, 4.76919999021, 1.26000048364, 1.14000028311, 2.98293574269, 2.50270443502, 0.96794148944, 3.04000024629, 1.02865953532, 0.858569506557, 1.00000038659, 1.00000032555, 1.02362312265, 7.85794116494, 0.944562152542, 1.00000079882, 98.6641618687, 0.947173366388, 4.84055371791, 0.999835944818, 3.29000047901, 1.00000033143, 223.367518204, 13.1307536836, 1199.15219287
3.69745154823, 1.10781192216, 1.5306475748, 0.871541529471, 2.83000030933, 0.975902152059, 4.9320891429, 1.26000022523, 1.14000059142, 2.73824973935, 2.01150594291, 0.993298979614, 3.0400002776, 1.02883954157, 0.961933627228, 1.00000023784, 1.00000039404, 1.01689264735, 7.72341283664, 0.957910538644, 1.00000031365, 105.374123728, 1.03579641279, 4.65679786759, 1.00059683282, 3.29000079899, 1.00000043245, 199.716383885, 14.8823626898, 773.67497095
4.54788927146, 1.06083322853, 1.62321555698, 0.861604230729, 2.83000073274, 1.02998866636, 4.44951255268, 1.2600006682, 1.14000069819, 2.60729925222, 2.49100657108, 1.01329256235, 3.04000044924, 1.03151394949, 0.899651765903, 1.00000077215, 1.00000048166, 1.02737242808, 6.40702839592, 0.972857482339, 1.00000060234, 106.446040872, 0.936034464527, 3.88134353261, 1.00809620269, 3.2900007459, 1.00000078509, 225.564340434, 13.7212635288, 920.780977863
4.32854652483, 1.07313499684, 1.48671756498, 0.912411467137, 2.83000049372, 1.03717547894, 3.62164702191, 1.26000022, 1.14000056356, 2.17682799719, 2.34507257061, 0.959745831153, 3.04000059845, 1.05513517035, 0.856366558482, 1.00000035353, 1.0000002166, 1.06493066151, 6.60164921911, 0.978017750466, 1.00000040681, 112.134109613, 0.929481774625, 4.25747945363, 0.992046689453, 3.29000063187, 1.00000037276, 131.142983099, 23.7239334894, 1010.83213436
4.68317082641, 1.06049609747, 1.50784133381, 0.863937449617, 2.83000040217, 1.06775932786, 4.23808231011, 1.26000023933, 1.14000021257, 2.13071784532, 2.32569796905, 1.01085294648, 3.04000040606, 1.05555544114, 0.861701104744, 1.00000069831, 1.00000084341, 1.07372838593, 7.247308477, 0.977003621776, 1.00000025245, 108.320758723, 0.969959651531, 3.80449340833, 1.0077860049, 3.29000051261, 1.00000075339, 155.478616444, 17.1826205364, 733.037608738
4.96929112683, 1.09709326236, 1.63115310221, 0.913751862863, 2.83000075467, 0.989178116394, 4.67344906852, 1.26000049307, 1.14000057703, 2.36254114578, 2.012871122, 0.945307377088, 3.04000025571, 1.03995995584, 0.806570249742, 1.00000037339, 1.00000063478, 1.01275188358, 5.96314181144, 0.949078946614, 1.00000033055, 94.4715567873, 0.963663749472, 4.15464907066, 0.983112911508, 3.29000067747, 1.00000033701, 152.180506387, 22.588791167, 744.799402004
3.88993780301, 1.09678064656, 1.60550633975, 0.85147751298, 2.83000025685, 0.977917768181, 3.89481080694, 1.26000033172, 1.14000089626, 2.62670626075, 2.37440004269, 0.997282635448, 3.04000031004, 1.03475347246, 0.956213826676, 1.00000062397, 1.00000057827, 1.06465834738, 6.92739011188, 0.969615084066, 1.00000031745, 87.0981246594, 0.939538331802, 4.40202170392, 0.998369051086, 3.29000046957, 1.00000054924, 402.568873729, 21.9970378983, 463.482828427
4.63387676354, 1.07176475805, 1.53942149012, 0.874429238262, 2.83000067849, 1.01731831656, 4.4490574416, 1.26000051091, 1.14000035606, 2.61052547962, 2.39865465331, 1.00990008582, 3.04000068107, 1.06986722232, 0.909567907322, 1.00000052449, 1.0000005304, 1.07677131174, 7.88679922989, 0.980576161824, 1.0000002157, 91.642335389, 0.927352323451, 3.76350578566, 1.01710751913, 3.29000063287, 1.00000047679, 351.449027093, 29.1908830304, 730.620418269
3.75418492746, 1.03967233687, 1.51765233636, 0.932229158497, 2.83000062601, 0.953216960147, 4.89990902871, 1.26000070636, 1.14000020581, 1.87225938356, 1.88125760157, 0.995468959224, 3.04000068279, 1.04017241085, 0.91837550176, 1.00000062288, 1.00000031139, 1.04107205859, 8.50373204966, 0.979211656691, 1.00000060952, 105.070562875, 1.01875178698, 3.83147955146, 0.992219552246, 3.29000053141, 1.00000070064, 379.272223865, 30.0010898089, 614.678911411
4.08329867069, 1.03934902399, 1.72413985553, 0.85048084308, 2.83000038961, 0.939873824954, 4.66322766299, 1.260000783, 1.14000068131, 2.16316334304, 2.77994535876, 0.963812426981, 3.0400005334, 1.09072477544, 0.851933705666, 1.00000062693, 1.00000076954, 1.02708416852, 5.16093147247, 0.99117515856, 1.00000058719, 106.618491178, 0.867015024298, 3.64809008693, 0.981497737196, 3.29000028974, 1.00000077969, 374.877939041, 15.6157460387, 1518.13735151
3.88993780301, 1.09678064656, 1.60550633975, 0.85147751298, 2.83000025685, 0.977917768181, 3.89481080694, 1.26000033172, 1.14000089626, 2.62670626075, 2.37440004269, 0.997282635448, 3.04000031004, 1.03475347246, 0.956213826676, 1.00000062397, 1.00000057827, 1.06465834738, 6.92739011188, 0.936272718174, 1.00000031745, 87.0981246594, 0.939538331802, 4.40202170392, 0.998369051086, 3.29000046957, 1.00000054924, 267.56868356, 16.934730751, 1309.65284266
4.08329867069, 1.03934902399, 1.58691183253, 0.85048084308, 2.83000038961, 0.939873824954, 4.66322766299, 1.260000783, 1.14000068131, 2.16316334304, 2.77994535876, 0.963812426981, 3.0400005334, 1.09072477544, 0.851933705666, 1.00000062693, 1.00000076954, 1.02708416852, 5.16093147247, 0.9462027901, 1.00000058719, 106.618491178, 0.920487086279, 3.64809008693, 0.981497737196, 3.29000028974, 1.00000077969, 229.679817209, 14.1855439997, 1555.87877479
2.89263888363, 1.08315481609, 1.50779167703, 0.887118085262, 2.83000054435, 1.12109594995, 4.80834216702, 1.26000056901, 1.14000056427, 2.29538258335, 2.4541071109, 0.946113082435, 3.04000057572, 1.0469362206, 0.904718057038, 1.00000030997, 1.0000004997, 1.06927833517, 4.47994237736, 0.940573914254, 1.00000068849, 91.7175203674, 1.00810378635, 4.27273639249, 0.986139236381, 3.29000042198, 1.00000033648, 574.363602123, 21.4576628342, 1049.67557448
2.86145438802, 1.10102090373, 1.6076781383, 0.842692674965, 2.83000042287, 1.04674205713, 3.89836023831, 1.26000029543, 1.14000066813, 1.68799381005, 2.79555246663, 0.982408301025, 3.04000053323, 1.0361985925, 1.07521613128, 1.00000033101, 1.0000006247, 1.02965138572, 8.57079801111, 0.960587255453, 1.00000042555, 78.9039001787, 0.969709215878, 4.78800489811, 1.05371917919, 3.29000044339, 1.00000037276, 207.455842085, 26.1998755378, 1441.54467578
4.24393796456, 1.07977020049, 1.58437189716, 0.873383591119, 2.83000043397, 1.07011770877, 3.53313386319, 1.26000050087, 1.14000029603, 3.1962563031, 2.72187412178, 1.0087924591, 3.04000027604, 1.02508357621, 0.868064631071, 1.00000068652, 1.00000023994, 1.06199458574, 4.90997449346, 0.932224201119, 1.00000059442, 103.805763922, 0.998973897462, 4.35498254957, 1.01220054687, 3.29000020455, 1.00000033396, 221.567744734, 26.0681580831, 2115.64387027
4.22238495926, 1.05305436591, 1.4216299194, 0.902902896643, 2.83000054716, 0.979671201346, 4.33795668134, 1.26000044027, 1.14000046104, 1.99206727321, 2.08042530405, 1.02313367238, 3.04000074076, 1.082939451, 0.878812690779, 1.00000037429, 1.00000028903, 1.07096814956, 8.22701621066, 0.967920521547, 1.00000050123, 91.4066584602, 0.908072953357, 4.663409526, 0.977238719624, 3.29000031322, 1.00000040998, 485.306807797, 23.6750582925, 838.447487935
3.57934124506, 1.07287764593, 1.44818982967, 0.857119470766, 2.83000079404, 1.0571180688, 3.82547391338, 1.26000065716, 1.14000074978, 3.10516693477, 2.36913579051, 1.02518776577, 3.04000022339, 1.09402937404, 0.863031018934, 1.00000061937, 1.00000060282, 1.0632688231, 7.19138615783, 0.940970711734, 1.00000070761, 94.3180341133, 0.903805930317, 3.92573119586, 0.991383829824, 3.2900006935, 1.00000045224, 1123.57052926, 29.5161321195, 791.310657991
4.50630253212, 1.00045595146, 1.58395663948, 0.881726120197, 2.83000045151, 0.96687746231, 5.52624414393, 1.26000070535, 1.14000025752, 2.51270836021, 2.73271627761, 1.01322500092, 3.04000062839, 1.04725140913, 1.0242064947, 1.00000065657, 1.0000009369, 1.02787408311, 6.30286767384, 0.958808923301, 1.00000077581, 108.469799022, 0.942049215833, 4.96407852009, 1.00870569894, 3.29000071082, 1.00000046607, 395.506428081, 31.045567854, 1150.48624757
4.84325379169, 1.10395424754, 1.44166821619, 0.959531312238, 2.83000067957, 1.11456532763, 3.84514833805, 1.26000048729, 1.14000040318, 3.09689123787, 2.07192379838, 0.955802118531, 3.04000068626, 1.05263301741, 0.878319109956, 1.00000062067, 1.00000032555, 1.04329626116, 7.92407005436, 0.935408440199, 1.00000048392, 92.15221515, 1.00844203748, 4.869272445, 1.00787853639, 3.29000069122, 1.00000052431, 443.185328918, 19.502978698, 1319.14312713
3.90364845236, 1.10233463137, 1.53972621343, 0.915140271764, 2.83000060283, 1.08501539057, 4.76919999021, 1.26000048364, 1.14000028311, 2.98293574269, 2.50270443502, 0.96794148944, 3.04000024629, 1.02865953532, 0.858569506557, 1.00000038659, 1.00000043408, 1.02362312265, 7.85794116494, 0.944562152542, 1.00000079882, 118.21509938, 0.947173366388, 4.84055371791, 0.999835944818, 3.29000047901, 1.00000033143, 497.540558479, 17.2298163874, 1478.44773336
4.28448648616, 1.10299401821, 1.4853545263, 0.871541529471, 2.83000053668, 1.04783431252, 4.56992959748, 1.26000053489, 1.14000038397, 2.02458295613, 2.71490712428, 1.00528927618, 3.04000035394, 1.09568655307, 0.896011731541, 1.00000029143, 1.00000032725, 1.05318698932, 7.92405415208, 0.967017491504, 1.00000035341, 105.982536748, 0.999127115856, 4.71003069416, 0.976466434011, 3.29000050724, 1.00000066009, 530.040329746, 16.6049051734, 2202.08360823
4.32854652483, 1.07313499684, 1.48671756498, 0.912411467137, 2.8300004158, 1.03717547894, 3.62164702191, 1.26000022, 1.14000056356, 2.17682799719, 2.34507257061, 0.959745831153, 3.040000682, 1.05027169695, 0.856366558482, 1.00000035353, 1.00000050391, 1.06493066151, 5.40005660771, 0.978017750466, 1.00000099821, 107.947913823, 0.929481774625, 4.25747945363, 0.992046689453, 3.29000063187, 1.00000041212, 343.06497698, 17.1835916643, 1801.70330581
4.21699152324, 1.10568986383, 1.46978365574, 0.886075668244, 2.83000025001, 1.05613348465, 3.91146902057, 1.26000053516, 1.14000078329, 2.39936076638, 2.127353566, 1.00491848689, 3.0400004305, 1.05778324745, 0.862569056854, 1.00000034866, 1.00000030657, 1.02509220024, 7.59277098905, 0.934894923718, 1.00000078359, 113.672965532, 1.02772689357, 4.59422801471, 1.0206835818, 3.29000065547, 1.00000025769, 323.425523111, 14.6309748104, 3542.94295093
4.86481210757, 1.04908481609, 1.62567088407, 0.864315461626, 2.83000078113, 1.06843130274, 3.29219440101, 1.26000034179, 1.14000072122, 2.2731445122, 2.29975900739, 0.933975051955, 3.04000025019, 1.02552382687, 0.882902836049, 1.00000050622, 1.00000053606, 1.0325664634, 8.35623874129, 0.980213054025, 1.00000042436, 88.840766559, 0.937707089304, 3.49450987034, 0.994533517314, 3.29000038763, 1.00000041511, 674.886933692, 21.4983412482, 1120.47021
4.09938558011, 1.08901882628, 1.58791146803, 0.882547481676, 2.83000074888, 1.0334146086, 3.15725910109, 1.2600003598, 1.14000051716, 2.21734767091, 2.44230002374, 0.979216477709, 3.04000040172, 1.06513897989, 0.994181906641, 1.00000051037, 1.00000074209, 1.02518192797, 7.68656597111, 0.969144279644, 1.000000501, 99.9117116021, 0.919732414165, 4.71796169157, 0.976836504098, 3.29000025264, 1.00000024119, 383.482916314, 31.1787946557, 1510.36367343
2.69028463276, 1.12224890735, 1.62567088407, 0.852222415314, 2.83000021485, 1.14242353655, 1.80362506186, 1.26000023044, 1.14000062783, 3.04412584594, 2.10718308359, 0.967163607427, 3.04000071507, 1.02064874289, 0.913588492882, 1.00000039222, 1.00000036248, 1.0363085165, 7.3883750572, 0.941084082729, 1.00000078447, 88.840766559, 0.960180847235, 2.68423383959, 1.01898873366, 3.29000054769, 1.00000030944, 264.280970988, 27.7737009276, 2127.13378052
3.90364845236, 1.10233463137, 1.53972621343, 0.915140271764, 2.83000060283, 1.08501539057, 4.76919999021, 1.26000048364, 1.14000028311, 2.98293574269, 2.50270443502, 0.96794148944, 3.04000024629, 1.02865953532, 0.858569506557, 1.00000045765, 1.00000067462, 1.02362312265, 7.85794116494, 0.944562152542, 1.00000079882, 109.93464555, 0.947173366388, 4.84055371791, 0.999835944818, 3.29000047901, 1.00000033143, 797.068293191, 37.9725064403, 941.134058373
4.24393796456, 1.07526211179, 1.58437189716, 0.873383591119, 2.83000043397, 1.07011770877, 3.53313386319, 1.26000050087, 1.14000029603, 3.1962563031, 2.72187412178, 1.0087924591, 3.04000027604, 1.02508357621, 0.868064631071, 1.00000068652, 1.00000023994, 1.06199458574, 4.90997449346, 0.932224201119, 1.00000042436, 103.805763922, 0.998973897462, 4.35498254957, 1.01220054687, 3.29000018404, 1.00000033396, 500.938755554, 34.3883212992, 1162.83376518
3.22345282362, 1.0439469523, 1.43779165635, 0.870479186899, 2.83000060465, 1.06355850023, 3.67814580493, 1.26000073753, 1.14000070314, 3.05980271861, 2.47669548875, 0.980927444735, 3.04000046549, 1.06555868844, 0.894239510107, 1.00000079734, 1.00000033967, 1.02476788621, 7.0009909323, 0.970176877066, 1.00000064655, 114.886219298, 0.922564138633, 3.53917137068, 1.02889948131, 3.29000064279, 1.00000061804, 497.814903303, 20.3788249793, 2015.20211622
3.53858044212, 1.03934902399, 1.58691183253, 0.85048084308, 2.83000038961, 1.00783930538, 4.66322766299, 1.260000783, 1.14000068131, 2.16316334304, 2.77994535876, 0.963812426981, 3.0400005334, 1.08958077396, 0.851933705666, 1.00000098814, 1.00000076954, 1.02708416852, 5.16093147247, 0.969976822284, 1.00000058719, 109.178311649, 0.924115328797, 3.64809008693, 0.981497737196, 3.29000012407, 1.00000077969, 730.354506223, 18.5629226984, 2597.49338079
4.45333824361, 1.08939548596, 1.47747016433, 0.869010553878, 2.83000071371, 0.947528843712, 4.44951255268, 1.26000020618, 1.14000069543, 1.81959626302, 2.62139435741, 1.01329256235, 3.04000057275, 1.08608597938, 0.853942214059, 1.00000039268, 1.00000068827, 1.06319990795, 6.54536597402, 0.959093432387, 1.0000004988, 90.8748300972, 0.931942154449, 3.88134353261, 1.01728296878, 3.29000062911, 1.00000035159, 711.258579428, 19.0094233015, 3113.37195792
5.87794270702, 1.06426000729, 1.39135293574, 0.845006463305, 2.83000075787, 0.994301257751, 4.41978626502, 1.26000069495, 1.14000077593, 2.83249412849, 2.67236896052, 0.984847571959, 3.04000003696, 1.08327357131, 0.937314997751, 1.00000020996, 1.00000055591, 1.04296171773, 7.26208371885, 0.950707509935, 1.00000029056, 80.7076588503, 0.96875416998, 4.84624164062, 1.02698292512, 3.29000013794, 1.00000075393, 665.867197136, 26.8131014115, 1943.08202914
2.1868586196, 1.06187004794, 1.44641192905, 0.853361732639, 2.83000066499, 1.06867072578, 5.1572362988, 1.2600002464, 1.14000073244, 2.09103830098, 2.67401595063, 0.976954446801, 3.04000022443, 1.08438565269, 0.850724091207, 1.00000054222, 1.00000043633, 1.02331916732, 4.66322898995, 0.951350290662, 1.00000043449, 111.31753526, 0.983447609141, 4.46454092346, 1.00542853429, 3.29000069265, 1.00000007227, 390.875931079, 15.8941013697, 4688.45413136
4.488847394, 1.06528103096, 1.60633849533, 0.849832873451, 2.83000077365, 0.995142689299, 4.68726794402, 1.26000066973, 1.14000027092, 1.90835626585, 2.5877665367, 0.947731522391, 3.04000028011, 1.06935838578, 0.858863714158, 1.00000022663, 1.00000030671, 1.08098718705, 7.38096328097, 0.965308378536, 1.00000039731, 90.6796248287, 0.900067135015, 4.97112343185, 1.01913829002, 3.2900006882, 1.00000063469, 440.00077582, 16.3498057898, 4610.17737486
4.54788927146, 1.06083322853, 1.5459365625, 0.861604230729, 2.83000073274, 1.02998866636, 4.44951255268, 1.2600006682, 1.14000069819, 2.60729925222, 2.49100657108, 1.01329256235, 3.04000044924, 1.03151394949, 0.899651765903, 1.00000077215, 1.00000048166, 1.01019200929, 6.40702839592, 0.972857482339, 1.00000051204, 106.446040872, 0.936034464527, 3.88134353261, 1.00809620269, 3.2900007459, 1.00000078509, 356.672098264, 21.9268285848, 5620.68374439
4.94077721904, 1.01562051051, 1.55032226174, 0.902291943396, 2.83000043369, 1.02879211793, 3.53722690911, 1.2600002154, 1.14000075182, 3.13972487895, 2.19162593814, 0.944638232311, 3.04000046411, 1.06369478492, 0.871774806242, 1.00000063955, 1.00000067102, 1.06144281577, 5.7549763288, 0.938244084728, 1.00000069825, 102.857746138, 0.961636044371, 4.95671302099, 1.01591311734, 3.29000037993, 1.00000049162, 394.571953077, 18.5825304231, 3847.07416596
4.12776391672, 1.09378035218, 1.43663564927, 0.842194075292, 2.83000077163, 0.958876032268, 4.93983224334, 1.26000092026, 1.14000042222, 2.69185638448, 1.89008953312, 0.972022490324, 3.04000021082, 1.02883954157, 0.806178899119, 1.00000023784, 1.00000047712, 1.03745081401, 8.15554622256, 0.938604442806, 1.00000040262, 98.1813024021, 1.06276955585, 2.55409757342, 0.99626478282, 3.29000027675, 1.00000043245, 685.104419921, 27.1421649097, 1922.78908814
4.12776391672, 1.09378035218, 1.43663564927, 0.842194075292, 2.83000077163, 0.958876032268, 4.93983224334, 1.26000049447, 1.14000042222, 2.69185638448, 1.89008953312, 0.972022490324, 3.04000024384, 1.06140751672, 0.906967367185, 1.00000058363, 1.00000051683, 1.03745081401, 8.15554622256, 0.938604442806, 1.00000040262, 98.1813024021, 0.910264884464, 2.55409757342, 0.99626478282, 3.29000027675, 1.00000021394, 826.113188945, 22.6339668935, 1978.25360901
4.54963642126, 1.10233463137, 1.62929093481, 0.915140271764, 2.83000060283, 1.08501539057, 4.33590954272, 1.26000048364, 1.14000028311, 2.98293574269, 2.50270443502, 0.96794148944, 3.04000017193, 1.06659521716, 0.856531294036, 1.00000038659, 1.00000043408, 1.02362312265, 7.85794116494, 0.944562152542, 1.00000023066, 118.21509938, 0.947173366388, 3.7653528053, 0.999835944818, 3.29000047901, 1.00000033143, 832.496741375, 24.6206242547, 1800.81913487
3.63597181898, 1.11767273961, 1.41640012989, 0.927129845747, 2.83000069802, 1.05654670341, 4.47718287166, 1.26000059861, 1.14000083382, 2.52948285372, 2.44049401195, 0.93569915728, 3.0400003295, 1.09018508926, 0.871774806242, 1.00000071577, 1.00000035818, 1.03566050503, 6.77054324499, 0.930354689204, 1.00000023719, 90.3585911146, 1.03615800163, 4.42636685771, 0.993742857364, 3.29000046957, 1.00000050959, 312.515733103, 28.5655766137, 2157.19960078
3.24004387201, 1.05805488791, 1.422463967, 0.866090377609, 2.83000079749, 1.11409549821, 3.81786897498, 1.26000033648, 1.14000076664, 2.73216141349, 2.4994344606, 0.960050933627, 3.04000055025, 1.08590129883, 0.887417612189, 1.00000066891, 1.00000044866, 1.02419824846, 6.54130597413, 0.962265558117, 1.00000065836, 108.524086295, 0.901037577955, 4.44965969181, 1.02991111133, 3.29000042238, 1.00000054214, 303.1812794, 28.4237233513, 2553.01827604
4.89140746229, 1.07397980047, 1.65297512336, 0.852622785738, 2.83000050951, 1.01032686244, 4.48494804721, 1.26000069152, 1.14000046411, 2.89101385267, 2.72624317236, 0.967385991216, 3.04000037029, 1.04695580518, 0.930353866021, 1.00000031248, 1.00000044941, 1.03799810827, 6.24633975521, 0.959546315569, 1.00000016734, 110.123586489, 0.938181325708, 4.80970934645, 1.01135770674, 3.29000045384, 1.00000033457, 581.15050084, 34.4668831766, 1901.53361317
3.0792933087, 1.06187004794, 1.44641192905, 0.853361732639, 2.83000066499, 1.06867072578, 3.53082668938, 1.2600002464, 1.14000073244, 2.09103830098, 2.67401595063, 0.976954446801, 3.04000022443, 1.08438565269, 0.850724091207, 1.00000054222, 1.00000043633, 1.02331916732, 4.66322898995, 0.951350290662, 1.00000043449, 111.31753526, 0.983447609141, 4.46454092346, 1.00542853429, 3.29000069265, 1.00000026365, 640.991922006, 36.3594318902, 1701.60350565
4.3236935069, 1.11629728807, 1.52097904316, 0.88391933615, 2.83000075537, 1.11287236855, 3.99137341445, 1.26000071386, 1.14000075432, 3.05361833718, 1.901725403, 1.01234320861, 3.0400003328, 1.02963336649, 0.869829161947, 1.00000030535, 1.00000048616, 1.05528991518, 5.33364076589, 0.911771063131, 1.00000035242, 99.0363840009, 0.913896828761, 3.59888554293, 1.02187982616, 3.29000071665, 1.00000019561, 691.682907219, 34.8953709322, 1166.42780651
3.50952072118, 1.08861918525, 1.52491582391, 0.886911056558, 2.83000031683, 0.920078066053, 4.88712221228, 1.26000023814, 1.1400006884, 1.97259771041, 2.327974523, 0.90822116883, 3.04000070094, 1.03644805401, 0.987258114494, 1.00000053432, 1.00000079984, 1.07791118913, 6.49681421275, 0.97222392856, 1.00000000582, 96.4088185423, 1.01957932405, 3.31683726331, 0.995900692595, 3.29000024328, 1.0000004217, 591.583928857, 26.4178635094, 3182.68957911
4.54963642126, 1.10233463137, 1.53972621343, 0.915140271764, 2.83000060283, 1.08501539057, 4.76919999021, 1.26000048364, 1.14000028311, 2.98293574269, 2.50270443502, 0.96794148944, 3.04000024629, 1.02865953532, 0.856531294036, 1.00000038659, 1.00000043408, 1.02362312265, 7.85794116494, 0.944562152542, 1.00000079882, 118.21509938, 0.947173366388, 3.7653528053, 0.999835944818, 3.29000047901, 1.00000033143, 529.474693858, 20.3936800272, 3201.93502643
4.51230815034, 1.04851710568, 1.63564556884, 0.871652798317, 2.83000065601, 1.02168003316, 4.72200437454, 1.26000058681, 1.14000030418, 2.43852551468, 2.39963823339, 0.984096553359, 3.04000062525, 1.03506461912, 0.905316367358, 1.00000065609, 1.00000029082, 1.06509381899, 5.66309365958, 0.947746124096, 1.00000028223, 85.1288366783, 0.901112545104, 4.50688393481, 0.994553838483, 3.29000061097, 1.00000043422, 629.541241198, 25.6703080249, 2041.46584908
3.63939708068, 1.0617963545, 1.46394296915, 0.874516384938, 2.83000040298, 0.935786475656, 4.97579953279, 1.260000606, 1.14000028573, 1.95561068517, 2.13047964443, 0.987690942063, 3.0400001694, 1.04657150534, 0.852508058589, 1.00000022047, 1.00000025982, 1.03343745629, 5.21197558525, 0.974985201571, 1.00000040202, 106.130405451, 0.986910063118, 4.12909773186, 1.00616776378, 3.29000064808, 1.00000037368, 441.667430654, 17.7463442398, 4623.34898598
4.09938558011, 1.06009906541, 1.58791146803, 0.882547481676, 2.83000074888, 1.0334146086, 3.15725910109, 1.2600003598, 1.14000051716, 2.21734767091, 2.44230002374, 0.979216477709, 3.04000040172, 1.05478175602, 0.973260802771, 1.00000051037, 1.00000074209, 1.02518192797, 7.68656597111, 0.969144279644, 1.000000501, 99.9117116021, 0.919732414165, 4.71796169157, 0.976836504098, 3.29000025264, 1.00000024119, 435.642631338, 19.7088572544, 4907.59470869
3.24020734202, 1.07320604771, 1.45267459196, 0.853307997775, 2.8300007999, 1.0976840539, 4.07005714988, 1.26000024941, 1.14000055344, 3.05564498725, 2.13484892179, 0.979435614762, 3.04000075586, 1.03003511748, 0.849785787842, 1.00000023102, 1.00000072029, 1.03458021004, 5.89057025648, 0.947186928584, 1.00000076188, 105.486357526, 0.965827162168, 2.52861882522, 0.998385483014, 3.29000034064, 1.00000058866, 525.740372853, 20.7527054533, 4384.99940637
3.46921366827, 1.10356585148, 1.49384169384, 0.872343147767, 2.83000046215, 0.942902125712, 4.94273868262, 1.2600003907, 1.14000038732, 2.66190708693, 2.02710571482, 0.956264024229, 3.0400009005, 1.04783859143, 0.850099590162, 1.00000085306, 1.00000077143, 1.02770458438, 6.72931876292, 0.937119238452, 1.00000066765, 101.402064294, 0.92537901581, 4.26666827854, 0.980258379001, 3.2900006679, 1.00000020346, 748.869709275, 27.9723313303, 1958.79972291
3.63597181898, 1.11767273961, 1.41640012989, 0.927129845747, 2.83000069802, 1.05654670341, 4.47718287166, 1.26000059861, 1.14000083382, 3.18867050576, 2.44049401195, 0.93569915728, 3.0400003295, 1.09018508926, 0.871774806242, 1.00000071577, 1.00000035818, 1.09210304147, 6.77054324499, 0.930354689204, 1.00000023719, 90.3585911146, 1.03615800163, 4.42636685771, 0.993742857364, 3.29000070591, 1.00000050959, 826.281658082, 22.717142094, 2309.4877022
4.82238794568, 1.07766203851, 1.62929093481, 0.852662180701, 2.83000059156, 1.00841414753, 4.33590954272, 1.26000043463, 1.14000073162, 3.19153824323, 2.72720189731, 0.932988821618, 3.04000039133, 1.02862025537, 0.883936859103, 1.0000005016, 1.00000022275, 1.04655505583, 8.50246078685, 0.973744236866, 1.00000023066, 110.460584795, 1.02813060045, 4.77490157919, 1.00149515067, 3.2900004103, 1.00000066942, 591.084593569, 33.3355918812, 3102.39612566
3.50952072118, 1.08861918525, 1.52491582391, 0.886911056558, 2.83000051096, 0.924896902288, 3.81786897498, 1.26000023814, 1.1400006884, 2.58057115444, 2.327974523, 0.90822116883, 3.0400002911, 1.03644805401, 0.987258114494, 1.00000036799, 1.00000035753, 1.07791118913, 6.49681421275, 0.973744236866, 1.00000000582, 92.7143821271, 1.01957932405, 4.44965969181, 0.995900692595, 3.29000031741, 1.0000004217, 446.631641324, 33.6658938487, 3574.98021936
4.70156481424, 1.00667297509, 1.50856624031, 0.924059886037, 2.83000082209, 0.998085016721, 3.24814318981, 1.26000071157, 1.14000075812, 2.6743696817, 2.25790846128, 0.945579604139, 3.04000076222, 1.05088167233, 0.873191048048, 1.00000048691, 1.00000077462, 1.04929298897, 7.66964875886, 0.951255453165, 1.00000077728, 108.207556726, 0.903443880406, 4.62593819253, 1.02972731891, 3.29000085699, 1.00000067718, 349.771018296, 31.0243436447, 5148.63989649
3.89036647252, 1.04851710568, 1.63758595228, 0.885917428388, 2.83000022425, 1.13110289613, 3.82547776722, 1.26000077479, 1.14000051566, 2.50274639337, 2.61443874016, 0.945579604139, 3.04000041074, 1.04442236749, 0.855355622063, 1.00000044365, 1.00000029082, 1.05887430163, 9.3337693483, 0.951255453165, 1.00000057474, 105.241425269, 0.900918909439, 4.39304252336, 1.03573110832, 3.29000086736, 1.00000076575, 386.110384482, 30.6343767178, 6608.50650039
4.54194440845, 1.07717915227, 1.47708575499, 0.843533789088, 2.83000029886, 1.04797097542, 3.79726321922, 1.2600002154, 1.14000042454, 1.83738809706, 2.42334435842, 0.994624515363, 3.04000037941, 1.07584579814, 0.844092986853, 1.00000024566, 1.00000044334, 1.05425132629, 3.0080527292, 0.948393776739, 1.00000078802, 95.6973728256, 0.918950401784, 3.15923419571, 0.974899154931, 3.29000041766, 1.0000006328, 1037.86829425, 39.5733554939, 1577.20468615
3.69745154823, 1.10781192216, 1.5306475748, 0.983263041266, 2.83000033945, 0.975902152059, 4.9320891429, 1.26000022523, 1.14000059142, 2.73824973935, 2.01150594291, 0.993298979614, 3.04000028411, 1.02883954157, 0.896031215404, 1.00000023784, 1.00000043759, 1.03213070166, 7.72341283664, 0.979642893211, 1.00000031365, 105.374123728, 1.03579641279, 5.87840187459, 1.01366225061, 3.29000079899, 1.00000043245, 634.612667969, 18.40345841, 6246.81401968
4.38052289384, 1.08175154163, 1.47708575499, 0.827669007742, 2.83000021373, 0.950635598722, 4.95600787192, 1.26000045847, 1.14000075028, 2.94749324088, 2.02235624323, 1.00088108975, 3.04000093635, 1.06703828287, 1.0356941857, 1.00000064836, 1.00000042783, 1.08761895321, 5.96221718919, 0.963128506839, 1.00000023247, 94.7199281083, 1.00141069947, 3.35361527571, 0.97981982238, 3.29000043877, 1.00000026385, 2797.88852321, 27.7532800163, 2653.46189754
4.38052289384, 1.08175154163, 1.56518038519, 0.827669007742, 2.83000021373, 0.950635598722, 4.95600787192, 1.26000045847, 1.14000075028, 2.94749324088, 2.02235624323, 1.00088108975, 3.04000093635, 1.06703828287, 0.851509301489, 1.00000064836, 1.00000042783, 1.08761895321, 5.96221718919, 0.963128506839, 1.00000023247, 94.7199281083, 1.00141069947, 3.35361527571, 1.0402425493, 3.29000043877, 1.00000026385, 377.543901707, 32.4725842382, 11559.9296655
4.84325379169, 1.10395424754, 1.44166821619, 0.959531312238, 2.83000067957, 1.08501539057, 3.88799884317, 1.26000048729, 1.14000040318, 1.89644864247, 2.07192379838, 0.955802118531, 3.04000068626, 1.05263301741, 0.878319109956, 1.00000062067, 1.00000043408, 1.04329626116, 7.92407005436, 0.935408440199, 1.00000061733, 92.15221515, 1.00844203748, 4.869272445, 1.00787853639, 3.29000069122, 1.00000052431, 1445.1717046, 28.200581028, 2521.91066787
4.28448648616, 1.10299401821, 1.4853545263, 0.871541529471, 2.83000053668, 1.04783431252, 4.56992959748, 1.26000053489, 1.14000038397, 2.02458295613, 2.71490712428, 1.00528927618, 3.04000035394, 1.09568655307, 0.896011731541, 1.00000029143, 1.00000032725, 1.05318698932, 7.92405415208, 0.967017491504, 1.00000035341, 105.982536748, 0.999127115856, 4.71003069416, 0.976466434011, 3.29000050724, 1.00000066009, 543.948765131, 20.092650034, 7503.8785245
4.08329867069, 1.03934902399, 1.58691183253, 0.85048084308, 2.83000038961, 1.00783930538, 4.66322766299, 1.260000783, 1.14000068131, 2.16316334304, 2.77994535876, 0.963812426981, 3.0400005334, 1.09072477544, 0.851933705666, 1.00000098814, 1.00000076954, 1.02708416852, 5.16093147247, 0.969976822284, 1.00000058719, 109.178311649, 0.924115328797, 3.64809008693, 0.981497737196, 3.29000028974, 1.00000077969, 923.781051085, 24.6089259126, 2885.02676465
4.56254512824, 1.04617689529, 1.62747286459, 0.883099868485, 2.83000049349, 0.924627454202, 3.74733858136, 1.2600002446, 1.14000065027, 3.14430396921, 3.02696609772, 0.912428535362, 3.04000031677, 1.07921649137, 0.895022820137, 1.00000051796, 1.00000039404, 1.03343745629, 6.15984149359, 0.937995079154, 1.00000077812, 92.0287246259, 0.849309237371, 4.89812042094, 1.00813800941, 3.29000059733, 1.00000045059, 1236.39147987, 32.0974395205, 2037.00123039
3.64007109971, 1.04454402004, 1.55382349956, 0.840723221141, 2.83000025899, 0.919629473306, 4.73591469271, 1.26000035791, 1.14000063475, 2.94298266693, 2.64796909333, 0.947232576755, 3.04000035631, 1.05169879499, 0.915569918428, 1.00000034076, 1.00000014064, 1.0360940722, 7.35231597618, 0.943015487075, 1.00000076284, 95.7362489287, 0.978422533869, 3.73840639925, 0.98558299849, 3.29000020824, 1.00000057962, 691.880635368, 37.7084632739, 3221.82271628
4.72199160794, 1.07404486415, 1.51047611766, 0.840723221141, 2.83000068131, 0.979135503148, 3.26953108541, 1.26000078245, 1.14000026683, 2.66657433948, 2.31911976014, 1.0046325098, 3.04000026806, 1.07756073229, 0.867631423807, 1.00000055864, 1.00000026413, 1.03132485898, 5.05294927137, 0.959946642091, 1.00000041281, 94.098660631, 0.928085919511, 4.60869158475, 0.976328009497, 3.29000031741, 1.00000058481, 421.317545047, 32.4497765031, 5393.30610734
4.70156481424, 1.03584238915, 1.52590102606, 0.924059886037, 2.83000077088, 0.998085016721, 3.24814318981, 1.26000071157, 1.14000075812, 2.6743696817, 2.25790846128, 0.994231615557, 3.04000076222, 1.05088167233, 0.873191048048, 1.00000048691, 1.00000077462, 1.04929298897, 7.66964875886, 0.98156466657, 1.00000077728, 108.207556726, 0.903443880406, 4.62593819253, 1.02972731891, 3.29000069375, 1.00000058314, 572.063962749, 20.7645105216, 3404.27844535
