0.118799715959, 1.06119887638, 7.26264876868, 0.88917727214, 88.7949317652, 5.94532404352, 0.546244392508, 3.17948633076, 15.0916912211, 331.970901561, 0.00425538051701, 0.111111111111
0.118155469375, 0.877953689045, 2.04669810076, 0.692384629892, 94.873429724, 8.87620836968, 0.689039052669, 1.66780159988, 18.975197471, 98.9950713812, 0.0589779107235, 0.588235294118
0.121200569749, 0.969578515547, 6.98185365036, 0.87838155463, 81.5797040211, 1.14192512946, 0.910801431334, 2.39280357475, 10.8820078454, 343.656952612, 0.00478877587979, 0.0
0.192634218692, 0.991499495965, 4.88326943427, 0.922189999267, 82.3963938272, 7.34852184507, 0.222472809952, 1.29934394122, 17.3762105371, 327.929651008, 0.0132180919928, 0.0
0.118734172985, 0.889385816592, 2.35223676457, 0.753768935412, 94.2562263529, 5.89595570429, 0.130181279887, 1.74688951475, 14.7746090064, 110.542006397, 0.0148664350732, 0.0
0.124106623617, 1.08013363732, 6.94538808883, 0.942528192524, 84.2772089385, 1.55582920194, 0.547529010879, 2.77556613768, 17.2666786394, 505.20264399, 0.00847570963562, 0.0
0.100873009525, 1.01210200205, 5.93256769918, 0.84498263351, 82.4088914751, 2.04092738751, 0.268471152586, 2.07144168778, 19.6541105861, 380.354060961, 0.00620255613018, 0.047619047619
0.16981551381, 0.854537116695, 6.74320440342, 0.629769567008, 87.947884148, 2.77215128646, 0.727399739384, 3.87789218838, 18.6959945729, 415.160574306, 0.0108665904429, 0.0
0.121738681248, 1.17764668664, 6.85764452014, 0.943198064184, 87.9787239105, 2.95936532481, 0.326478822073, 3.4287444115, 11.0613286158, 582.54498655, 0.00947508638155, 0.0
0.100413101643, 0.992958857594, 5.45948000241, 0.913990460718, 89.1393697179, 3.923251439, 1.15330473131, 3.90406971719, 12.5320306562, 496.333420733, 0.0112805685956, 0.0
0.118734172985, 0.889385816592, 2.35223676457, 0.809846999311, 94.2562263529, 5.89595570429, 0.610345565714, 1.74688951475, 14.7746090064, 134.094990715, 0.0255531302284, 0.448275862069
0.165413579435, 0.891481848052, 2.90080260207, 0.826782527501, 88.7897050139, 7.51896870542, 0.977314890035, 4.50928443573, 16.1288270782, 114.807274188, 0.0973295333229, 0.4
0.142638076247, 1.10614051456, 2.48804608772, 0.670768016847, 90.7935047845, 1.5060582688, 1.39985091371, 3.03163678135, 11.6112032983, 273.174611138, 0.0149885121706, 0.153846153846
0.124075562166, 0.980126434693, 2.33964409128, 0.887599849174, 83.1284063453, 8.9885341593, 0.0509051568816, 0.623124141291, 16.4025832806, 126.659965627, 0.040071251536, 0.3
0.188451084073, 1.10728762268, 2.66575781023, 0.855361230633, 81.3961226646, 2.78017004653, 0.220569247188, 0.800264604762, 11.8730357554, 140.933953489, 0.0189146818269, 0.0
0.125203612113, 1.21211122826, 3.54815506316, 0.61447608739, 95.7893037931, 1.09491689532, 1.52240590281, 1.27316929684, 10.7430827935, 472.659334915, 0.0101469704445, 0.260869565217
0.100873009525, 1.01210200205, 5.93256769918, 0.837260143171, 82.4088914751, 2.04092738751, 0.268471152586, 2.07144168778, 19.6541105861, 380.727323043, 0.0117774914492, 0.3
0.165413579435, 0.832827341647, 2.90080260207, 0.826782527501, 88.7897050139, 3.21947436775, 0.977314890035, 4.50928443573, 16.1288270782, 139.458727605, 0.0608873606262, 0.56
0.118155469375, 1.01557080747, 2.04669810076, 0.692384629892, 94.873429724, 8.87620836968, 0.189898571138, 1.66780159988, 18.975197471, 138.571756295, 0.108176872775, 0.485714285714
0.183276416354, 1.16471993824, 5.0439233956, 0.942651965801, 92.1368838327, 2.87192940996, 1.36076508668, 1.9844189246, 11.664127568, 646.609620631, 0.0130428091745, 0.0
0.116974990148, 0.979371459291, 3.42688995973, 0.8056075278, 87.6476462226, 7.03097065836, 0.435592351237, 2.27939078818, 14.9608704232, 170.811804557, 0.0595812599312, 0.142857142857
0.18704398786, 0.869929104118, 3.72762577489, 0.87178493213, 87.4316147344, 4.90964273989, 0.746010539449, 4.4829696229, 15.0469991379, 163.454886715, 0.0800592356924, 0.210526315789
0.178198573997, 0.998197748317, 2.37627698682, 0.786861730098, 91.255421126, 7.91072040877, 1.69144262925, 4.89978344646, 13.3698981293, 171.995396285, 0.0490567616998, 0.0
0.180505371194, 1.01729426838, 2.70227398437, 0.638341594474, 97.6363546616, 2.73817618421, 0.764752615134, 4.20070403624, 16.2613411443, 145.498056396, 0.0380367252939, 0.4
0.17397885194, 0.862892132507, 3.94211105294, 0.693616610468, 93.1672219389, 3.09965810662, 0.471506216427, 1.82850875627, 10.1340866221, 174.277727883, 0.0202122082567, 0.0
0.107968750875, 1.17929773375, 6.35660930662, 0.884680844843, 96.7001365998, 1.58734621076, 1.21485127767, 4.48186794382, 16.098369494, 829.09348365, 0.0100131020386, 0.145833333333
0.125203612113, 1.06378754832, 5.5763172157, 0.682354352043, 95.1964982801, 1.09491689532, 1.52240590281, 1.27316929684, 10.7430827935, 574.582092265, 0.0127036044929, 0.220588235294
0.116046453797, 0.877748103544, 5.87151227106, 0.831280867248, 87.2594213737, 1.54802193041, 1.49880661053, 3.61242123134, 17.7170174587, 435.740384179, 0.014230804398, 0.181818181818
0.124106623617, 1.14177102575, 3.57659004566, 0.707268938137, 91.4605470651, 1.55582920194, 0.891532053952, 1.61815960324, 16.2559361578, 300.315903374, 0.0193575338682, 0.433333333333
0.150729475532, 1.06378754832, 4.48035053828, 0.682354352043, 95.4541187738, 1.93268005927, 1.55000648602, 2.04959121916, 19.9238704027, 540.896097417, 0.0147818009295, 0.102564102564
0.116899356147, 0.996954987083, 2.46918856981, 0.628202517151, 80.7954622413, 4.69742494083, 0.749544337441, 3.25031551589, 10.998312445, 149.154232398, 0.0788064301427, 0.428571428571
0.180505371194, 1.01729426838, 2.70227398437, 0.660975479719, 97.6363546616, 2.73817618421, 0.174090239684, 4.20070403624, 16.2613411443, 172.523023719, 0.0403250791937, 0.470588235294
0.109252383928, 1.21775851328, 3.89108557866, 0.933071180305, 82.0111698222, 6.80467658886, 0.418638091327, 4.40563015904, 10.0627996507, 234.031946221, 0.026884102359, 0.0
0.115234892036, 1.04013859246, 2.3133329614, 0.830540714839, 98.603063371, 2.32527037085, 1.60296085476, 3.82760990453, 11.978752508, 262.228539054, 0.0229144790928, 0.304347826087
0.155795007068, 0.847671987224, 4.54041979651, 0.707663215169, 90.6706034278, 8.52178014573, 0.239221147447, 0.84732497052, 18.1500364348, 190.023865314, 0.0378136188335, 0.0
0.142638076247, 1.2574581116, 2.48804608772, 0.670768016847, 90.7935047845, 1.5060582688, 1.39985091371, 3.03163678135, 11.6112032983, 273.341603411, 0.0230520375286, 0.240740740741
0.18704398786, 0.869929104118, 3.72762577489, 0.87178493213, 90.5099807438, 4.90964273989, 0.746010539449, 4.45911009374, 10.1081737844, 183.116065344, 0.0502855145753, 0.0833333333333
0.134426743969, 1.00430118493, 3.33521838295, 0.840770126076, 82.0371043425, 5.87752513157, 0.375025843432, 1.14527850031, 11.4286269085, 187.658722888, 0.0573644502968, 0.0
0.128319112857, 0.965682034203, 3.39015957844, 0.729422755427, 95.3807839855, 6.00190891186, 0.337971107038, 4.11738357428, 15.1380330814, 173.918343024, 0.0904748670029, 0.375
0.156433704135, 0.885812572034, 6.89464443802, 0.933324189296, 89.1667032593, 2.0876871034, 0.846784934482, 3.40170562907, 11.6934144503, 332.968447463, 0.020150532712, 0.428571428571
0.19375831449, 1.00198705075, 4.27044539821, 0.949843877967, 90.3256048311, 9.37487882538, 0.292717155741, 4.68523701594, 16.4043644526, 208.132705738, 0.0450819086813, 0.0
0.158861654965, 1.0998902521, 3.44711841804, 0.884335079668, 96.1392429128, 1.82838541745, 0.444783614089, 3.79213175346, 17.7043068132, 242.782349633, 0.0309239831554, 0.0909090909091
0.158861654965, 1.0998902521, 3.44711841804, 0.884335079668, 96.1392429128, 1.82838541745, 0.444783614089, 3.79213175346, 17.7043068132, 279.822652628, 0.0229722869544, 0.548387096774
0.151348491872, 0.824577488513, 4.23599344783, 0.888836576843, 81.268036974, 2.12442370889, 1.33324794307, 3.00576465724, 15.7775434536, 285.89429013, 0.0262490066075, 0.25
0.171929945979, 1.14255179409, 2.46381940236, 0.869683055216, 81.3362502448, 7.73712760843, 0.299310842818, 4.32077740916, 17.7979036157, 178.735413335, 0.118179141674, 0.173913043478
0.121200569749, 0.969578515547, 6.98185365036, 0.87838155463, 81.5797040211, 1.14192512946, 0.910801431334, 2.49386757072, 17.1687729224, 392.966046614, 0.0177429671647, 0.470588235294
0.151348491872, 0.824577488513, 4.23599344783, 0.888836576843, 81.268036974, 2.12442370889, 1.33324794307, 3.00576465724, 13.3272476124, 309.073433102, 0.0304780160447, 0.232142857143
0.147038746828, 0.838064345374, 3.33873104775, 0.735203169021, 94.2059313127, 8.84699480773, 1.48385067196, 3.26918956394, 19.3921862057, 306.821162917, 0.042731263973, 0.0
0.167686968865, 1.01228632094, 7.71740256172, 0.772005589831, 92.7990211106, 1.48476449806, 1.79652828164, 1.32394787713, 18.5768561667, 765.28393921, 0.019098179302, 0.0185185185185
0.179008344721, 0.982995855603, 4.24351001119, 0.819340073363, 99.6983960676, 8.53420147792, 0.0135073397476, 3.95897731627, 12.1808145187, 201.812499701, 0.111711243351, 0.0
0.134426743969, 1.00430118493, 3.79173103719, 0.840770126076, 87.015771552, 5.87752513157, 0.375025843432, 3.57779682445, 11.4286269085, 216.347151094, 0.05626127601, 0.0
0.19375831449, 0.92599622412, 6.65413094268, 0.891092602645, 92.770248764, 4.11366612654, 0.832080406875, 0.00131193967788, 14.3002425753, 258.478007251, 0.0437190274808, 0.272727272727
0.190304369201, 0.892676886487, 4.14630877656, 0.740789460807, 90.7765459824, 6.75679722119, 1.23834126619, 0.565773708062, 15.7577928002, 283.196602942, 0.0481951033667, 0.0
0.134697383922, 1.21029456472, 4.43740103217, 0.708013025494, 92.8566234695, 9.21397560676, 0.88324235783, 2.64563394865, 17.7997050355, 332.077088671, 0.0424635260161, 0.0
0.188451084073, 1.10728762268, 2.66575781023, 0.855361230633, 81.3961226646, 2.78017004653, 0.220569247188, 0.865556393107, 11.8730357554, 185.286421885, 0.0594644628089, 0.5
0.144402217547, 1.17281760845, 5.91563723039, 0.683699880892, 97.7796228118, 5.12393032729, 0.160214225754, 2.04110783793, 14.2617972391, 477.763832347, 0.0295800712808, 0.0
0.13397811694, 1.05122721535, 5.47949635875, 0.8692811687, 99.2628999754, 3.65703432465, 0.799252870135, 0.805030379961, 13.7528541964, 261.20498693, 0.0424448595512, 0.333333333333
0.116046453797, 0.877748103544, 5.87151227106, 0.924937560521, 87.2594213737, 1.54802193041, 1.40009800993, 3.61242123134, 17.7170174587, 506.701482391, 0.0187712240004, 0.375
0.177368429015, 0.982995855603, 4.24351001119, 0.819340073363, 99.6983960676, 8.62379229865, 0.0135073397476, 3.95897731627, 12.1808145187, 205.067540019, 0.120963490656, 0.111111111111
0.168859139511, 0.877828511933, 5.28847030253, 0.658825484442, 99.3942815794, 5.29198871602, 0.208285603099, 2.09879214669, 13.8350643147, 191.353176506, 0.0751333253859, 0.210526315789
0.106655962568, 0.840272038098, 7.4160792991, 0.66073129839, 81.9694050069, 2.16587916023, 0.764467276785, 3.39983312012, 17.899250614, 302.309755488, 0.0289586851222, 0.45
0.106655962568, 0.840272038098, 7.4160792991, 0.66073129839, 81.9694050069, 2.16587916023, 0.764467276785, 3.39983312012, 17.899250614, 306.075551751, 0.0374195045897, 0.32
0.139041332941, 0.82540832101, 4.92850280678, 0.669653099728, 86.3794232411, 3.5893960306, 1.08944129769, 1.35522163602, 19.0036672961, 288.127741431, 0.0371634986729, 0.4
0.124075562166, 0.980126434693, 4.17662932411, 0.887599849174, 81.3420659634, 8.9885341593, 0.0509051568816, 0.693563478142, 16.4025832806, 224.037673757, 0.0964979140455, 0.0
0.189724429947, 1.19910844638, 2.49339724965, 0.916296864062, 90.959013887, 2.62704995197, 1.91711532066, 3.57498854452, 18.6325440551, 246.837877459, 0.0477503785847, 0.384615384615
0.103940178339, 0.905598109659, 5.88591065065, 0.772644687151, 83.3862850084, 8.36524180384, 1.0148426723, 1.03984910026, 17.4638408159, 411.832899089, 0.0411971247349, 0.0612244897959
0.17397885194, 0.862892132507, 3.94211105294, 0.753768935412, 93.1672219389, 3.09965810662, 0.471506216427, 1.82850875627, 11.6272688326, 231.895466368, 0.0526332450659, 0.4375
0.179799828713, 1.10298044426, 4.5260456131, 0.779895211736, 92.5410237283, 3.48585752251, 1.06438064823, 0.281426124097, 16.976087839, 557.264948221, 0.0303308991492, 0.0
0.138231042281, 0.959117385259, 5.83411387756, 0.7309529672, 83.6189130368, 8.45408673949, 0.124999873599, 4.72068127196, 10.2498013436, 238.132280549, 0.0547793740642, 0.222222222222
0.150068588256, 1.09525242538, 6.89518878246, 0.630118728811, 81.4982516436, 1.23597259297, 0.212623130685, 0.913566400653, 15.4688527247, 387.004707636, 0.0205213635912, 0.647058823529
0.114922095046, 1.00826616275, 5.7079033757, 0.659084292338, 92.2086788655, 4.15060068952, 0.159851854033, 4.50656392348, 13.4256449218, 323.924092069, 0.036545352271, 0.333333333333
0.179799828713, 1.10298044426, 4.5260456131, 0.7309529672, 83.6189130368, 3.48585752251, 1.06438064823, 0.91014282599, 16.976087839, 324.528931625, 0.0406039246957, 0.241379310345
0.156433704135, 0.885812572034, 6.89464443802, 0.933324189296, 89.1667032593, 2.0876871034, 0.846784934482, 3.40170562907, 11.6934144503, 351.583218936, 0.0250816845299, 0.6
0.154220830536, 0.859557363137, 6.19794931196, 0.691151023551, 89.4556687545, 4.04981292115, 0.821314436889, 2.34696258464, 19.9959861861, 392.671862122, 0.0437422658035, 0.0
0.156048768503, 1.2216769059, 6.21792935885, 0.893819588883, 96.7760869474, 3.56835807152, 1.72879039923, 4.59049397846, 17.764000071, 894.556421972, 0.0345258318874, 0.0
0.124714370569, 1.14729664687, 6.72424265831, 0.760020050011, 99.9826097515, 8.28306024174, 1.13150043397, 0.693563478142, 10.3059461315, 785.448488908, 0.0346656117595, 0.0
0.146263273793, 1.21924121057, 3.86100657657, 0.698520151638, 99.887397518, 8.22180914929, 0.393061059024, 1.55343274584, 16.9547135484, 236.698407493, 0.081324508687, 0.0
0.147038746828, 0.838064345374, 3.33873104775, 0.605238782976, 94.2059313127, 8.84699480773, 1.48385067196, 3.26918956394, 19.3921862057, 240.6803668, 0.0576819522542, 0.0
0.168859139511, 0.877828511933, 5.28847030253, 0.658825484442, 99.3942815794, 5.29198871602, 0.208285603099, 2.09879214669, 13.8350643147, 266.205052805, 0.0555085397998, 0.130434782609
0.151665822381, 0.94138063981, 3.84187993651, 0.781379132847, 94.4691726292, 2.32527037085, 1.60296085476, 3.82760990453, 19.0230188113, 349.201906924, 0.0292059758249, 0.263157894737
0.105895242117, 0.841284819759, 7.70642189711, 0.63722531919, 96.6453620203, 3.47678357639, 1.47313046776, 1.76587922982, 15.3299394513, 511.06488721, 0.0262553354224, 0.195652173913
0.196888307769, 1.17281760845, 2.46918856981, 0.683699880892, 80.7954622413, 5.12393032729, 0.160214225754, 2.04110783793, 14.2617972391, 240.304687772, 0.0865706950639, 0.0
0.178198573997, 0.998197748317, 2.37627698682, 0.786861730098, 91.255421126, 7.91072040877, 1.69144262925, 4.89978344646, 13.3698981293, 206.509774117, 0.136576033413, 0.347222222222
0.155754889383, 1.18640939726, 6.88332234606, 0.799522674008, 93.8349297162, 1.97931136501, 1.23482312881, 4.67220173804, 10.0825412195, 997.648797565, 0.0219124833636, 0.162162162162
0.121738681248, 1.19910844638, 6.85764452014, 0.926652063576, 87.9787239105, 2.95936532481, 0.326478822073, 3.4287444115, 11.0613286158, 592.511604393, 0.0258826029864, 0.230769230769
0.116563201891, 0.850049937204, 4.81835269765, 0.789624572095, 92.990004884, 9.72957225168, 1.45411135142, 2.14545107577, 10.9918891598, 277.747249262, 0.0827302293333, 0.027027027027
0.1017862331, 1.12430890044, 6.21792935885, 0.883273885112, 84.8991991211, 2.40486912769, 1.6355370367, 0.959231964797, 17.764000071, 723.008770412, 0.0257104974065, 0.191489361702
0.115234892036, 1.15289072534, 2.3133329614, 0.830540714839, 98.603063371, 7.39731148439, 1.20892095155, 2.50601319411, 11.978752508, 208.17166034, 0.0885677711814, 0.415584415584
0.116974990148, 0.979371459291, 3.42688995973, 0.8056075278, 87.6476462226, 7.03097065836, 0.294042056711, 2.63851724085, 14.9608704232, 228.617206839, 0.0850396578467, 0.32
0.183276416354, 0.854537116695, 6.74320440342, 0.629769567008, 92.1368838327, 2.87192940996, 0.727399739384, 3.87789218838, 18.6959945729, 397.253020186, 0.0383331477383, 0.214285714286
0.150729475532, 1.21211122826, 4.48035053828, 0.61447608739, 95.4541187738, 1.93268005927, 1.55000648602, 2.04959121916, 18.8590323572, 623.925481487, 0.0209529907266, 0.371428571429
0.108911442991, 0.983307910456, 3.6582511016, 0.618474155419, 95.7374066342, 4.32276292485, 0.416175293387, 1.54608703586, 10.0595364314, 191.626062365, 0.099411122353, 0.631578947368
0.13397811694, 1.05122721535, 3.89380198175, 0.8692811687, 96.3847502799, 3.65703432465, 0.799252870135, 0.805030379961, 13.7528541964, 297.64017388, 0.0507424552944, 0.222222222222
0.128319112857, 0.965682034203, 3.39015957844, 0.729422755427, 95.3807839855, 6.00190891186, 0.337971107038, 4.11738357428, 15.1380330814, 208.395547588, 0.0990684710809, 0.423076923077
0.108770229343, 1.00579336019, 5.58238027358, 0.891912417298, 82.1809569291, 3.40852971193, 1.04047305236, 2.94499843166, 17.4058508719, 477.741139607, 0.0428429876324, 0.0909090909091
0.1017862331, 1.12430890044, 7.8941481798, 0.883273885112, 84.8991991211, 2.40486912769, 1.6355370367, 0.959231964797, 17.452606216, 962.020488903, 0.024280578398, 0.279069767442
0.167235664513, 1.00993556405, 3.03437082101, 0.776572624808, 90.0270744122, 5.45761639884, 1.98922862352, 1.73986045257, 15.4855269065, 275.198718923, 0.0576540966707, 0.238095238095
0.167235664513, 1.13108370461, 4.39162773039, 0.776572624808, 91.2370022121, 5.45761639884, 0.564947841253, 1.73986045257, 15.4855269065, 215.395908219, 0.153420767663, 0.625
0.171929945979, 1.14255179409, 2.46381940236, 0.869683055216, 82.9423800821, 7.73712760843, 0.299310842818, 4.32077740916, 17.7979036157, 209.000325307, 0.149462945145, 0.647058823529
0.124714370569, 1.14729664687, 5.05849194438, 0.760020050011, 99.8126393662, 8.28306024174, 1.13150043397, 0.623124141291, 10.3059461315, 747.741786441, 0.0485649654534, 0.0
