0.999975360747, 0.999999973547, 0.99999877999, 0.00809071366004, 0.00473006759654, 0.0243090133114, 0.500129714693, 0.000250082286279, 0.703688219437, 0.286070030816, 0.980132498956, 0.996815578484, 0.135624209657, 0.244421596945, 0.984006418991, 0.119524845383, 0.250504995767, 5.34184034831e-18, 5.34401764923e-18, 2.88664093138e-19, 5.61831798578e-20, 9.61065922419e-20, 3.94616283842e-12, 9.4966901431e-05, 2.45371918719
0.309805737412, 0.0282849106002, 0.00831954469756, 0.769035851581, 0.182445976952, 0.178396452593, 0.996185510356, 0.220967784006, 0.00644457577272, 0.278781791538, 0.992499431164, 0.0295736075934, 0.00022967788781, 0.952524729203, 0.994423191359, 0.251922001799, 0.958658688028, 0.00485494942287, 0.810257753243, 0.233194257959, 0.248477879579, 2.3156254556, 0.0323700799892, 0.110127881308, 1.31186326638
0.999941060328, 1.14575220731e-05, 0.000462719480794, 0.489737536233, 0.799676469413, 0.0389847600174, 0.649001779857, 0.595964957059, 0.526533342572, 0.274512384389, 0.313635023269, 0.681185588214, 0.244444894966, 0.514255753485, 0.548794190243, 0.0151960055889, 0.0563938830867, 1.75228723116e-05, 2.84943430512e-05, 2.05101568563e-06, 0.000102967272371, 0.000104848052525, 1.09553971078e-07, 2.71269571431e-09, 1.62803188217
3.35734093126e-06, 0.00545270739729, 0.999999992229, 0.0100132427731, 0.0355290411956, 0.0374859830889, 0.999242327041, 0.978016592978, 0.703688219437, 0.278781791538, 0.49471865345, 0.177224369885, 5.00676393758e-05, 0.96921343464, 0.984754085004, 0.0760396007861, 0.195175245708, 3.47600739911e-11, 2.92064533662e-08, 1.72175060976e-09, 1.63450795189e-09, 4.60934887048e-10, 2.40080844029, 0.0205636498257, 1.2661605027e-05
0.0367039339881, 0.00109415405323, 0.000462719480794, 0.0780041410009, 0.900811338813, 0.0199972130674, 0.594760314444, 0.57902574869, 0.000242607265524, 0.947350710356, 0.99446066216, 0.339860836928, 0.124593142767, 0.0372908191872, 0.0726721601637, 0.0151960055889, 0.601694073887, 0.22922536212, 0.310101965132, 0.0121170988495, 2.45620476832, 0.306179362836, 0.00182080466428, 0.00430550911145, 0.144590727993
0.999969504012, 0.999999949951, 0.999999974362, 0.999874449325, 0.933363781828, 0.00976757431405, 0.705106400403, 0.966883893551, 0.703688219437, 0.633532403433, 0.49471865345, 0.64399688817, 0.614216481552, 0.273356954478, 0.519068453444, 0.0311333945799, 0.521297507739, 2.21036019889e-24, 4.42547483619e-24, 7.59035831524e-26, 4.70925661101e-23, 2.40102614489e-19, 5.96200007984e-12, 7.5836603361e-05, 1.58312891634
0.999969504012, 0.999999949951, 0.999999974362, 0.999874449325, 0.933363781828, 0.00976757431405, 0.594760314444, 0.966883893551, 0.703688219437, 0.633532403433, 0.49471865345, 0.64399688817, 0.614216481552, 0.273356954478, 0.519068453444, 0.0311333945799, 0.521297507739, 2.94047732436e-24, 3.97795334808e-24, 7.59035831524e-26, 4.70925661101e-23, 2.40102614489e-19, 5.96200007984e-12, 7.5836603361e-05, 1.58312891634
0.159098079712, 0.999999949951, 0.596324185902, 0.00809071366004, 0.900811338813, 0.907968415499, 0.0323701935523, 0.000250082286279, 0.00491626715256, 0.947350710356, 0.99446066216, 0.149168033568, 0.999414526262, 0.995712241357, 0.165766335059, 0.289687825912, 0.210829678404, 2.81812218863e-09, 1.43416624242e-10, 1.93831565917e-08, 1.24698802777e-07, 1.60429838257e-09, 1.71658594558e-07, 2.71036494225, 0.69181192124
0.0367039339881, 0.0404283828898, 0.00117800809957, 0.0100132427731, 0.027172752721, 0.998085155436, 0.117546940667, 0.977332817756, 0.00118145864177, 0.21790791715, 0.528052845627, 0.339860836928, 0.18298734699, 0.0918759900554, 0.272197437479, 0.346472455026, 0.153918395618, 0.00601791578167, 0.00112396397147, 2.03534014138, 0.0869273268673, 0.0320453578836, 0.00377013637201, 0.129562633379, 0.117836418648
0.999941060328, 0.00109415405323, 0.202584723062, 0.0780041410009, 0.900811338813, 0.0199972130674, 0.594760314444, 0.0167000553012, 0.000242607265524, 0.947350710356, 0.99446066216, 0.804673458136, 0.614216481552, 0.0372908191872, 0.0726721601637, 0.0311333945799, 0.601694073887, 2.14087184222e-05, 2.89622648746e-05, 1.13168785061e-06, 0.000229399555904, 2.85959097415e-05, 7.70719142682e-05, 4.23372803288e-07, 2.66070804902
0.026774056082, 0.00262192414837, 0.0400395582807, 0.016743976739, 0.124015311963, 0.0551752987149, 0.0100956865008, 0.943221352055, 0.000242607265524, 0.253507646429, 0.298285248138, 0.197399084858, 0.244444894966, 0.325880085766, 0.990470278829, 0.0311333945799, 0.0563938830867, 2.33017024498, 0.0369555605047, 0.202486536055, 0.461544234626, 0.0627259216741, 0.150210730571, 0.00984284434679, 0.100570833578
0.999993665125, 0.999999949951, 0.00117800809957, 0.999942331154, 0.027172752721, 0.00976757431405, 0.594760314444, 0.966883893551, 0.703688219437, 0.633532403433, 0.49471865345, 0.64399688817, 0.614216481552, 0.273356954478, 0.394256151718, 0.119524845383, 0.521297507739, 6.39149010237e-17, 8.6465721879e-17, 1.64985798882e-18, 4.59276648102e-18, 1.18820557789e-12, 2.19867094734e-15, 1.51139933836e-05, 1.51887252322
2.5272958859e-07, 0.365419268769, 0.0791957358236, 0.748315670333, 0.00473006759654, 0.57017913613, 0.897515415258, 0.702041127631, 0.703688219437, 0.690239392866, 0.89633359698, 0.834638888208, 0.168520128414, 0.96921343464, 0.657408844943, 0.189206295882, 0.887771271861, 0.063954523369, 0.393838675591, 0.498317708128, 0.00474317860345, 1.52975028013, 0.207277910852, 1.08020161745, 7.89741946641e-07
0.309805737412, 0.0282849106002, 0.00831954469756, 0.00287736260921, 0.182445976952, 0.0551752987149, 0.996185510356, 0.220967784006, 0.00644457577272, 0.278781791538, 0.992499431164, 0.0295736075934, 0.00022967788781, 0.952524729203, 0.994423191359, 0.0760396007861, 0.958658688028, 0.0147793778454, 2.4665767744, 0.214316851747, 0.729646871959, 0.0116664091691, 0.0337340411552, 0.114768282365, 1.36714056415
0.111104185852, 0.0540535741869, 0.365848491852, 0.166750492611, 0.182488268993, 0.0143119845843, 0.213232683852, 0.38923459018, 0.953714771547, 0.873634162041, 0.00371395592609, 0.165263635801, 0.232344708157, 0.996236073616, 0.165766335059, 0.736930283519, 0.0594590222913, 1.72623676387, 0.600833245342, 0.0410983376225, 0.538920405869, 0.510992974512, 1.27790937953, 0.200097504667, 0.416016418063
0.309805737412, 0.00270132333966, 0.0400395582807, 0.748315670333, 0.182445976952, 0.114255623254, 0.0841441986213, 0.460898553415, 0.000242607265524, 0.513936991143, 0.999254345954, 0.804673458136, 0.124593142767, 0.0372908191872, 0.844373415945, 0.0311333945799, 0.601694073887, 0.730223069406, 0.0970820589324, 0.133645984147, 0.220632535256, 1.87029837313, 0.127630831732, 0.00861651913383, 1.07438464745
0.0114445996271, 0.118883080417, 0.343918233573, 0.216637989663, 0.131522916607, 0.329759095468, 0.151513258006, 0.621527505679, 0.00118145864177, 0.172341646513, 0.913062668576, 0.177224369885, 0.0518637537876, 0.00222844921493, 0.558841809765, 0.539323497203, 0.697744693988, 1.40354726538, 0.340492462045, 0.823065819513, 0.348399720894, 0.601363185578, 1.08058039633, 0.396958793947, 0.0384414576894
0.999975360747, 0.00654544347039, 0.99999877999, 0.000283286479394, 0.124015311963, 0.696614260542, 0.0708941396327, 0.38923459018, 0.148068540672, 0.584474061053, 0.63064007951, 0.0898043024692, 0.244444894966, 0.0984331164485, 0.0146716054125, 0.455141445339, 0.0563938830867, 6.5994712914e-11, 7.37971880999e-12, 1.28633366574e-10, 2.85624376207e-11, 6.56592767781e-14, 7.69958338135e-05, 7.91665070224e-07, 1.98949463538
0.00391072397549, 0.00654544347039, 0.632289245533, 0.51679937758, 0.0743810029041, 0.046382957991, 0.906216523372, 0.0654978388468, 0.00118145864177, 0.163542772618, 0.994757334123, 0.177224369885, 0.582951586836, 0.999081766101, 0.0219936501803, 0.251922001799, 0.306803695157, 0.135654409356, 0.914176536175, 0.0674539510105, 0.108762148547, 0.98359368952, 2.08013759365, 0.0255292642406, 0.0152534997918
0.292449310819, 0.180515862199, 0.192542554988, 0.00115754994508, 0.116061682863, 0.644419218842, 0.97316183779, 0.00082937026527, 0.445027907529, 0.172341646513, 0.79918604334, 0.177224369885, 0.0643339468427, 0.991909891628, 0.276148142466, 0.00179693040583, 0.960491525104, 0.0450254507758, 1.0674020459, 1.70956867355, 0.371650506309, 0.00372730132655, 0.639608066403, 0.625758595823, 1.10643701396
0.150587096479, 0.319372914205, 0.0693525484812, 0.00511941553393, 0.196535688472, 0.777241240119, 0.309609807589, 0.00082937026527, 0.171686163987, 0.402260920838, 0.129787234861, 0.177224369885, 0.788298114865, 0.943500014998, 0.504575435723, 0.617169114652, 0.165570888507, 0.492502622235, 0.260380355395, 1.52660622502, 0.51826064628, 0.0137169361323, 0.186563478702, 0.941149528699, 0.471767047791
3.35734093126e-06, 0.00654544347039, 0.293393112933, 0.103139467487, 0.0355290411956, 0.134763166669, 0.999242327041, 0.978016592978, 0.00118145864177, 0.662462072445, 0.913062668576, 0.177224369885, 5.00676393758e-05, 0.96921343464, 0.441339022269, 0.0760396007861, 0.195175245708, 0.00259260501415, 2.17838424228, 0.468146297037, 0.124478245468, 0.364740086253, 1.12273742, 0.0259577168542, 1.33146731945e-05
0.17467771733, 0.740413736535, 0.202584723062, 0.378892878006, 0.00527895342642, 0.523376987516, 0.993424396315, 0.980813578425, 0.00118145864177, 0.979845103437, 0.944622355448, 0.177224369885, 5.00676393758e-05, 0.84381219324, 0.337989984791, 0.251922001799, 0.198802515776, 0.00540053135273, 0.522836067655, 0.562746011813, 0.00636985216459, 0.520108323487, 0.305596943906, 2.26113350526, 0.693313029481
0.25087812748, 0.763619880945, 0.343918233573, 0.00809071366004, 0.267567857357, 0.24290851334, 0.251178247614, 0.000143771251095, 0.000889030251304, 0.402895271924, 0.236095188996, 0.0371185967018, 0.162506739448, 0.980957147132, 0.00234946171806, 0.365537878276, 0.727876252618, 0.551731736605, 0.229732024814, 0.239790347254, 0.287802312267, 0.00896464037932, 0.423056244296, 2.11251380659, 0.942687469147
0.17467771733, 0.0522542763236, 0.202584723062, 0.378892878006, 0.504159822154, 0.523376987516, 0.993424396315, 0.978016592978, 0.599551302493, 0.979845103437, 0.996587901564, 0.177224369885, 0.00022967788781, 0.96921343464, 0.337989984791, 0.251922001799, 0.887771271861, 0.00941841341142, 0.911815136317, 0.981417241881, 1.35727757486, 1.29119410287, 0.758659213877, 0.199477234272, 0.684843220912
0.00391072397549, 0.00654544347039, 0.00133481831157, 8.891152049e-06, 0.124015311963, 0.046382957991, 0.0778387376321, 0.936042152194, 8.32150857285e-05, 0.584474061053, 0.298285248138, 0.0898043024692, 0.244444894966, 0.0207014343986, 0.401197768341, 0.251922001799, 0.0563938830867, 2.15513876721, 0.264827247294, 0.158481059714, 0.429557448715, 3.09923309928e-05, 0.00465284940852, 0.0228166320558, 0.0136327270943
0.081928977107, 0.0522542763236, 0.202584723062, 0.350979846081, 0.504159822154, 0.134763166669, 0.993424396315, 0.801559585746, 0.00118145864177, 0.947350710356, 0.992499431164, 0.740262836741, 0.00022967788781, 0.94871029987, 0.187941014077, 0.251922001799, 0.650886098581, 0.0140282667033, 1.35810410498, 0.291879119346, 1.40745991816, 1.21604674866, 0.764748756858, 0.201078381625, 0.317377226329
0.0605952877244, 0.418900609514, 0.00433679040064, 0.676156817424, 0.513470767377, 0.448356047021, 0.594760314444, 0.00596135309184, 0.209761395913, 0.201402406944, 0.988506117023, 0.105248372283, 0.653359574267, 0.925001911646, 0.908721211503, 0.0826288050759, 0.427737635438, 0.284086663691, 0.384319744829, 0.406051987262, 0.654242028636, 1.62517409657, 0.0126762401397, 1.43826363925, 0.22453576986
0.150587096479, 0.00654544347039, 0.00133481831157, 8.891152049e-06, 0.124015311963, 0.368821626718, 0.0778387376321, 0.936042152194, 8.32150857285e-05, 0.584474061053, 0.298285248138, 0.0898043024692, 0.244444894966, 0.0207014343986, 0.401197768341, 0.0311333945799, 0.0563938830867, 1.88333475878, 0.231427492043, 1.24140328439, 0.447390395694, 3.22789681981e-05, 0.00484601103811, 0.0237638576036, 0.557160849318
0.309805737412, 0.00270132333966, 0.0400395582807, 0.748315670333, 0.182445976952, 0.0199972130674, 0.594760314444, 0.0167000553012, 0.000242607265524, 0.513936991143, 0.99446066216, 0.804673458136, 0.124593142767, 0.0372908191872, 0.844373415945, 0.0311333945799, 0.601694073887, 0.48881646778, 0.661283489077, 0.025839363518, 0.24246051099, 2.05533376448, 0.14025781213, 0.0094689825765, 1.18067741151
0.999975360747, 0.999999949951, 0.99999877999, 0.00809071366004, 0.00473006759654, 0.0243090133114, 0.500129714693, 0.000250082286279, 0.703688219437, 0.286070030816, 0.980132498956, 0.550162227099, 0.135624209657, 0.244421596945, 0.984006418991, 0.119524845383, 0.195680977561, 9.2252943418e-18, 9.22905451442e-18, 4.98519433654e-19, 9.70276791238e-20, 1.65974934444e-19, 6.81497598793e-12, 8.66864515249e-05, 2.23977202763
0.150587096479, 0.410824429704, 0.0851117363973, 0.0780041410009, 0.900811338813, 0.0199972130674, 0.503312233755, 0.551461335774, 0.000242607265524, 0.513936991143, 0.99446066216, 0.08668689772, 0.124593142767, 0.0372908191872, 0.844373415945, 0.0311333945799, 0.601694073887, 0.197676947175, 0.199744688852, 0.00883028271416, 1.78994846683, 0.223126869613, 0.245532654521, 1.38676192347, 0.555793532388
0.25087812748, 0.00654544347039, 0.523416536754, 0.350979846081, 0.458385241933, 0.644419218842, 0.520590015456, 0.220967784006, 0.00181800629187, 0.749453364928, 0.741612134479, 0.0371185967018, 0.162506739448, 0.936363256173, 0.00234946171806, 0.365537878276, 0.958658688028, 0.356072716177, 0.379883857176, 0.833176211114, 0.86176033856, 0.803621280944, 1.65141125236, 0.023176278217, 0.937365018137
0.0605952877244, 0.418900609514, 0.0050618938099, 0.676156817424, 0.513470767377, 0.448356047021, 0.594760314444, 0.283653222848, 0.209761395913, 0.201402406944, 0.988506117023, 0.105248372283, 0.653359574267, 0.925001911646, 0.908721211503, 0.0826288050759, 0.427737635438, 0.260363895948, 0.35222697452, 0.372144457565, 0.599609292655, 1.48946329926, 0.0135602408846, 1.31817195557, 0.205787552974
0.34060738508, 0.0704278900677, 0.327018371265, 0.350979846081, 0.504159822154, 0.134763166669, 0.993424396315, 0.801559585746, 0.00118145864177, 0.947350710356, 0.992499431164, 0.740262836741, 0.00022967788781, 0.978005734843, 0.669050687611, 0.251922001799, 0.953756870396, 0.0117641454192, 1.13891006802, 0.244770681755, 1.18029999708, 1.01978035422, 1.09841141627, 0.248304445386, 1.33300397917
0.00761541426709, 0.22397901088, 0.242606768994, 0.0140957332533, 0.299524622088, 0.308453988396, 0.906216523372, 0.715447686347, 0.61366456658, 0.172341646513, 0.45748613051, 0.177224369885, 0.0160448658365, 0.0055050916506, 0.993910910366, 0.58520865943, 0.119991109316, 0.216538485153, 1.45925520037, 0.776515051752, 0.847872779774, 0.0414189908527, 0.749577912889, 0.7398434149, 0.0256828713482
0.150587096479, 0.00109415405323, 0.000462719480794, 0.0780041410009, 0.900811338813, 0.907968415499, 0.594760314444, 0.57902574869, 0.000242607265524, 0.947350710356, 0.963002851299, 0.900520623407, 0.124593142767, 0.0372908191872, 0.0726721601637, 0.289687825912, 0.601694073887, 0.0310673871051, 0.042028760272, 0.359014110295, 2.30966661814, 0.287912580672, 0.0017121747362, 0.00404864073105, 0.567840096089
0.0759232652805, 0.29131378113, 0.0400395582807, 0.139525760629, 0.182488268993, 0.0199972130674, 0.594760314444, 0.551461335774, 0.000242607265524, 0.0586191348084, 0.939792734228, 0.237760143292, 0.0518637537876, 0.0372908191872, 0.844373415945, 0.296140057651, 0.358840785889, 1.13953803315, 1.54159635807, 0.0602372043945, 0.565366933605, 0.445396167109, 0.129014024245, 1.01083901973, 0.274173365781
3.35734093126e-06, 0.00545270739729, 0.293393112933, 0.0100132427731, 0.0355290411956, 0.0374859830889, 0.999242327041, 0.978016592978, 0.703688219437, 0.278781791538, 0.992499431164, 0.177224369885, 5.00676393758e-05, 0.96921343464, 0.984754085004, 0.0760396007861, 0.195175245708, 0.00280812739375, 2.35947258895, 0.139093347549, 0.132045362049, 0.0372370865317, 1.17553864785, 0.0226408975039, 1.394062358e-05
0.150587096479, 0.0522542763236, 0.202584723062, 0.350979846081, 0.504159822154, 0.134763166669, 0.99637432159, 0.801559585746, 0.00118145864177, 0.947350710356, 0.996644349436, 0.740262836741, 0.00022967788781, 0.94871029987, 0.513600177028, 0.251922001799, 0.592882722588, 0.00725356862304, 1.27361413712, 0.273710660409, 1.31985043864, 1.1403520725, 0.717145809388, 0.188561952468, 0.554389597955
0.36500322302, 0.0404283828898, 0.00117800809957, 0.00193683153991, 0.027172752721, 0.998085155436, 0.753127393406, 0.801559585746, 0.703688219437, 0.678493886884, 0.528052845627, 0.339860836928, 0.151530857161, 0.0918759900554, 0.669050687611, 0.87594128543, 0.153918395618, 0.0016847556226, 0.00412455314794, 1.48125307152, 0.0632628263472, 0.00451065923519, 0.00274345355583, 0.0942801618225, 0.959259544681
0.17467771733, 0.556218345215, 0.202584723062, 0.378892878006, 0.8451695171, 0.523376987516, 0.993424396315, 0.978016592978, 0.00118145864177, 0.979845103437, 0.944622355448, 0.177224369885, 0.00022967788781, 0.96921343464, 0.337989984791, 0.251922001799, 0.198802515776, 0.00218709541593, 0.211737011076, 0.227899653272, 1.25378654078, 0.874628528211, 0.51390026501, 1.96160589372, 0.720162600934
3.35734093126e-06, 0.310203029472, 0.293393112933, 0.238754756733, 0.0355290411956, 0.134763166669, 0.999242327041, 0.978016592978, 0.00118145864177, 0.278781791538, 0.992499431164, 0.177224369885, 5.00676393758e-05, 0.96921343464, 0.441339022269, 0.0760396007861, 0.195175245708, 0.00224087078691, 1.88284662899, 0.404633700585, 0.107590497725, 0.759320545246, 1.02924796874, 1.22634457774, 1.38129243062e-05
0.150587096479, 0.310203029472, 0.0851117363973, 0.0780041410009, 0.900811338813, 0.0199972130674, 0.435427981611, 0.06212758718, 0.0230777955026, 0.860903806151, 0.99446066216, 0.858920855111, 0.124593142767, 0.0372908191872, 0.657408844943, 0.0311333945799, 0.601694073887, 0.257263928297, 0.209733508183, 0.0104296457874, 2.11414844701, 0.263540170915, 0.29000414809, 1.1528368979, 0.593527184102
0.0202610695693, 0.0031131462807, 0.639532977236, 0.286512259059, 0.968660345168, 0.0113257600894, 0.286915923161, 0.315022121622, 0.964527058535, 0.57815116285, 0.912436422693, 0.670734184569, 0.124593142767, 0.0128690168511, 0.844373415945, 0.983882546486, 0.97514772807, 0.0515734086739, 0.0249564760751, 0.00101940046941, 1.16309554871, 0.562595936585, 2.03459224952, 0.0117893931589, 0.0767542952018
3.35734093126e-06, 0.418900609514, 0.293393112933, 0.348999605407, 0.00231005257294, 0.134763166669, 0.594760314444, 0.978016592978, 0.000240832864959, 0.278781791538, 0.999747341656, 0.177224369885, 0.0518637537876, 0.96921343464, 0.441339022269, 0.0746446969239, 0.678132746077, 0.885128657331, 1.19742481152, 0.320005145912, 0.00552659822406, 0.930043604232, 0.886077643455, 1.53999322281, 1.32803072126e-05
0.309805737412, 0.0282849106002, 0.523416536754, 0.131448125489, 0.182445976952, 0.683272058968, 0.996185510356, 0.000139439558903, 0.00644457577272, 0.418986713172, 0.992499431164, 0.177224369885, 0.000209456950062, 0.980957147132, 0.586719480435, 0.0760396007861, 0.958658688028, 0.00439762318001, 0.733933140613, 1.35145074257, 0.453212154976, 0.335827928246, 1.76323686295, 0.107000410144, 1.27460826348
0.150587096479, 0.00654544347039, 0.0908833007296, 0.103139467487, 0.196535688472, 0.275084560535, 0.906216523372, 0.200334263848, 0.00118145864177, 0.662462072445, 0.913062668576, 0.177224369885, 0.582951586836, 0.999162373727, 0.0219936501803, 0.0311333945799, 0.306803695157, 0.28718976546, 1.93537494476, 0.902304845377, 0.687132686708, 0.369630505995, 0.329376785174, 0.0238034246607, 0.558088527623
0.0202610695693, 0.00654544347039, 0.159049476666, 0.359149226385, 0.0355290411956, 0.357566239498, 0.00406031165019, 0.403273720086, 0.904418103435, 0.316164469546, 0.540186649712, 0.149168033568, 0.00022967788781, 0.666045441764, 0.56003205667, 0.455141445339, 0.97514772807, 1.27251056484, 0.00811608397171, 0.800768564839, 0.0839971315107, 0.952831604359, 0.454704771926, 0.0189094541264, 0.0585540044117
0.150587096479, 0.407704190439, 0.0851117363973, 0.332938130244, 0.900811338813, 0.361590384224, 0.435427981611, 0.0167000553012, 0.652807486037, 0.771792564531, 0.99446066216, 0.804673458136, 0.124593142767, 0.96921343464, 0.829674805089, 0.187402171609, 0.601694073887, 0.152407089292, 0.124249340826, 0.12547933196, 1.48500095686, 0.866634616721, 0.233367842302, 1.30466028375, 0.526321229294
0.111104185852, 0.0540535741869, 0.0050618938099, 0.166750492611, 0.0178211898972, 0.0143119845843, 0.350309103366, 0.38923459018, 0.840578284604, 0.873634162041, 0.00371395592609, 0.165263635801, 0.232344708157, 0.206837174452, 0.0733570284085, 0.736930283519, 0.0594590222913, 1.78909156997, 1.09755196072, 0.0471942384761, 0.0587862648965, 0.563063214943, 0.0172897862142, 0.185076375934, 0.384786462542
0.0367039339881, 0.634888584575, 0.278813983726, 0.51679937758, 0.027172752721, 0.998085155436, 0.117546940667, 0.200334263848, 0.00118145864177, 0.21790791715, 0.528052845627, 0.339860836928, 0.18298734699, 0.0918759900554, 0.00234946171806, 0.346472455026, 0.153918395618, 0.00209699275315, 0.00039165458416, 0.709231182606, 0.0302905492706, 0.748370798001, 0.483041358856, 1.76332061485, 0.121162098607
0.34060738508, 0.0704278900677, 0.327018371265, 0.802822841769, 0.504159822154, 0.134763166669, 0.993424396315, 0.957609365416, 0.00118145864177, 0.947350710356, 0.992499431164, 0.740262836741, 0.00022967788781, 0.978005734843, 0.272197437479, 0.251922001799, 0.953756870396, 0.00443763205881, 0.429615892176, 0.0923315876934, 0.445228864435, 1.95477052678, 1.1579795321, 0.261770281363, 1.40529431982
0.25087812748, 0.730307541149, 0.00133481831157, 0.306834899952, 0.340911299037, 0.776403898758, 0.0312162766963, 0.538976308064, 0.111038819585, 0.685951886703, 0.0584901015237, 0.191251408007, 0.972260051763, 0.206837174452, 0.888261729857, 0.00621055727709, 0.558866065201, 0.217141854665, 0.0106559650078, 0.593323113437, 0.374926018207, 0.384368276539, 0.00173864999741, 1.83888964268, 0.83881610739
0.25087812748, 0.763619880945, 0.343918233573, 0.00809071366004, 0.182445976952, 0.57017913613, 0.251178247614, 0.000143771251095, 0.000889030251304, 0.278781791538, 0.236095188996, 0.0371185967018, 0.162506739448, 0.980957147132, 0.994423191359, 0.365537878276, 0.727876252618, 0.396160632431, 0.16495477458, 0.535951906948, 0.202334945418, 0.00909720615563, 0.429312243095, 2.14375287708, 0.956627581731
0.309805737412, 0.0282849106002, 0.630746133562, 0.080865855985, 0.496031872303, 0.683272058968, 0.996185510356, 0.000139439558903, 0.00644457577272, 0.418986713172, 0.992499431164, 0.177224369885, 0.000209456950062, 0.980957147132, 0.586719480435, 0.0760396007861, 0.958658688028, 0.00266192025124, 0.444256228896, 0.8180451014, 0.919363551396, 0.167092100679, 2.01309826209, 0.107000410144, 1.27460826348
0.141486516773, 0.145357499694, 0.172884195093, 0.00458602530241, 0.182488268993, 0.576474551131, 0.823413917592, 0.225398584493, 0.000242607265524, 0.0721894047756, 0.939792734228, 0.384708071488, 0.279111081562, 0.736470385202, 0.824655287442, 0.296140057651, 0.510812062293, 0.291843593384, 1.02501732125, 1.35836301231, 0.508936144419, 0.0129669038868, 0.501213342702, 0.43420643, 0.433498884677
0.102845410914, 0.22397901088, 0.295262794441, 0.0502526059902, 0.0178211898972, 0.308453988396, 0.632785627595, 0.0903341196012, 0.61366456658, 0.172341646513, 0.465821213149, 0.0794016468714, 0.124593142767, 0.00472328852894, 0.653922002109, 0.736930283519, 0.631349886821, 0.77685745831, 1.19400540787, 0.749802352683, 0.0450748108644, 0.127384289138, 0.808018807497, 0.66306902664, 0.31356995515
0.102845410914, 0.22397901088, 0.295262794441, 0.0502526059902, 0.0178211898972, 0.495781893448, 0.632785627595, 0.0903341196012, 0.61366456658, 0.172341646513, 0.465821213149, 0.0794016468714, 0.0160448658365, 0.0372908191872, 0.653922002109, 0.736930283519, 0.282968985318, 0.6543392477, 1.00569878293, 1.18403391191, 0.0472004208068, 0.133391398348, 0.846122856696, 0.694337624077, 0.328357092389
0.150587096479, 0.0522542763236, 0.00831954469756, 0.463829690556, 0.120231486869, 0.262832033018, 0.594760314444, 0.0389701693874, 0.726963479994, 0.603912125801, 0.99446066216, 0.443145431037, 0.035919757121, 0.952524729203, 0.917401883121, 0.0311333945799, 0.887771271861, 0.961468769253, 1.30069967826, 0.708505545971, 0.337519180023, 1.60431150054, 0.0314906083693, 0.198240573446, 0.58284563971
3.35734093126e-06, 0.310203029472, 0.293393112933, 0.238754756733, 0.0355290411956, 0.134763166669, 0.592373809983, 0.978016592978, 0.638228070705, 0.278781791538, 0.992499431164, 0.177224369885, 5.00676393758e-05, 0.96921343464, 0.441339022269, 0.0760396007861, 0.0997026548649, 1.055134477, 1.41627517507, 0.379546088594, 0.1009198011, 0.712242066146, 0.965433774212, 1.15031023634, 1.29565119882e-05
3.35734093126e-06, 0.0111143741017, 0.0112160416989, 0.66699239256, 0.110943118301, 0.341575137913, 0.97316183779, 0.06212758718, 0.00118145864177, 0.278781791538, 0.214009234282, 0.998988580127, 0.391213485357, 0.409559987181, 0.657408844943, 0.0124509586328, 0.95089935597, 0.0410843350247, 0.973971442908, 0.579777663533, 0.199684640917, 1.99709544236, 0.0406204194812, 0.0402583891896, 1.21615489064e-05
3.35734093126e-06, 0.118883080417, 0.930841934624, 0.216637989663, 0.717053384463, 0.00819854749947, 0.594760314444, 0.637133122274, 0.000242607265524, 0.513936991143, 0.913062668576, 0.237760143292, 0.0518637537876, 0.351852490609, 0.558841809765, 0.0760396007861, 0.650886098581, 0.049709736896, 0.0672486105163, 0.00107702561147, 0.175616131062, 0.0688710891615, 1.89199992386, 0.359598978399, 1.02145896003e-05
0.411430410434, 0.177353314857, 0.639532977236, 0.053537778191, 0.968660345168, 0.0199972130674, 0.594760314444, 0.687951970464, 0.964527058535, 0.513936991143, 0.993948877091, 0.999492751888, 0.124593142767, 0.0372908191872, 0.684830652172, 0.0311333945799, 0.578029579596, 0.028308174165, 0.0382960260448, 0.00149640049179, 0.967085345215, 0.0816200745257, 1.52866227483, 0.518089937349, 1.42116900405
0.0361014300919, 0.00654544347039, 0.00133481831157, 0.016743976739, 0.124015311963, 0.657306900308, 0.0778387376321, 0.38923459018, 0.000242607265524, 0.481938591907, 0.432312132526, 0.0898043024692, 0.244444894966, 0.325880085766, 0.990470278829, 0.0311333945799, 0.0563938830867, 1.09011598598, 0.133955372243, 1.83934677188, 0.42268835865, 0.0574452346885, 0.00458002934827, 0.0224595372145, 0.124010845443
0.0605952877244, 0.418900609514, 0.422416739906, 0.302001255605, 0.513470767377, 0.448356047021, 0.594760314444, 0.283653222848, 0.209761395913, 0.201402406944, 0.988506117023, 0.105248372283, 0.653359574267, 0.925001911646, 0.908721211503, 0.0826288050759, 0.0594590222913, 0.407344949339, 0.551066723631, 0.582228056858, 0.938101713568, 0.667268083442, 1.14200464272, 1.43314156956, 0.223736133529
0.150587096479, 0.310203029472, 0.179889400296, 0.00511941553393, 0.747117166766, 0.634704003712, 0.846301037944, 0.442200504984, 0.171686163987, 0.117837361867, 0.770243885715, 0.177224369885, 0.0176999426584, 0.991909891628, 0.844373415945, 0.0311333945799, 0.678132746077, 0.0943993435631, 0.383374642312, 0.610853603207, 1.73371657182, 0.0151193181267, 0.545885068261, 1.03740682543, 0.534099101951
0.25087812748, 0.00654544347039, 0.248113870317, 0.350979846081, 0.458385241933, 0.644419218842, 0.520590015456, 0.220967784006, 0.000889030251304, 0.749453364928, 0.992499431164, 0.0371185967018, 0.162506739448, 0.936363256173, 0.00234946171806, 0.365537878276, 0.727876252618, 0.489209285323, 0.521923477514, 1.14470309088, 1.1839749023, 1.10409749093, 0.86578000627, 0.023429422496, 0.947603443369
0.0759232652805, 0.145296910242, 0.0400395582807, 0.274919315697, 0.995310023959, 0.0199972130674, 0.67319022997, 0.613568086429, 0.000242607265524, 0.513936991143, 0.503213234268, 0.0153305106118, 0.0518637537876, 0.0372908191872, 0.844373415945, 0.193273534491, 0.819779909669, 0.0070615044729, 0.0125255673541, 0.000451814223498, 1.95273635025, 0.899948141855, 0.135412272378, 0.500432227005, 0.265037034391
0.111104185852, 0.0522542763236, 0.363883182516, 0.00809071366004, 0.0876710820665, 0.00703010008414, 0.435427981611, 0.06212758718, 0.248280190344, 0.464776059657, 0.63064007951, 0.177224369885, 0.415202565794, 0.88234951663, 0.0146716054125, 0.295480424518, 0.887771271861, 1.24115070239, 1.01184372298, 0.0176840607103, 0.22194397489, 0.0205480591379, 1.03998688614, 0.158152373191, 0.340104917764
0.081928977107, 0.0212077997331, 0.202584723062, 0.350979846081, 0.613044875157, 0.134763166669, 0.598632715137, 0.801559585746, 0.00118145864177, 0.975939987575, 0.992499431164, 0.740262836741, 0.13900461159, 0.999081766101, 0.187941014077, 0.251922001799, 0.936721225372, 0.685130556587, 0.938754787131, 0.249758644979, 1.708684442, 1.27995639972, 0.804940325358, 0.0857369252264, 0.333117208932
0.00391072397549, 0.00654544347039, 0.0908833007296, 0.103139467487, 0.196535688472, 0.046382957991, 0.906216523372, 0.200334263848, 0.00118145864177, 0.662462072445, 0.913062668576, 0.177224369885, 0.582951586836, 0.999081766101, 0.0219936501803, 0.251922001799, 0.306803695157, 0.302871141328, 2.04105190684, 0.150602219468, 0.659797970073, 0.354926293349, 0.316273899424, 0.0228565043924, 0.0136565504475
0.292449310819, 0.0965327666272, 0.192542554988, 0.00598332256218, 0.124015311963, 0.134763166669, 0.0778387376321, 0.00082937026527, 0.00491626715256, 0.432077827822, 0.770243885715, 0.879966384948, 0.279111081562, 0.991909891628, 0.276148142466, 0.0424331588017, 0.960491525104, 1.99579792015, 0.245247163379, 0.432133327901, 0.405800853311, 0.0197034878376, 0.654132933898, 0.33558449565, 1.09898686306
0.17467771733, 0.29131378113, 0.179889400296, 0.00458602530241, 0.717053384463, 0.719033699458, 0.799515906358, 0.589242358182, 0.00118145864177, 0.278781791538, 0.939792734228, 0.149168033568, 0.0629660417251, 0.736470385202, 0.165766335059, 0.296140057651, 0.153918395618, 0.101058788618, 0.31022410321, 0.6906353014, 1.60389955628, 0.0127975554526, 0.515797271925, 0.910995725768, 0.580431236215
0.25087812748, 0.00654544347039, 0.248113870317, 0.350979846081, 0.394099401459, 0.000416471684663, 0.520590015456, 0.220967784006, 0.000889030251304, 0.749453364928, 0.925307291554, 0.0371185967018, 0.162506739448, 0.936363256173, 0.00234946171806, 0.365537878276, 0.727876252618, 0.975050313514, 1.04025345726, 0.000932734681219, 1.0158341653, 1.07650864247, 0.844146161802, 0.0228439752939, 0.923925020025
0.42338578507, 0.00270132333966, 0.0400395582807, 0.0780041410009, 0.900811338813, 0.0199972130674, 0.594760314444, 0.0167000553012, 0.209761395913, 0.513936991143, 0.99446066216, 0.804673458136, 0.124593142767, 0.256131134993, 0.908721211503, 0.0311333945799, 0.601694073887, 0.161896790805, 0.21901814229, 0.00855803825313, 1.73476296808, 0.216247695262, 0.111425223974, 0.00752245802476, 1.39030427873
0.111104185852, 0.0540535741869, 0.0400395582807, 0.166750492611, 0.182488268993, 0.0143119845843, 0.276660107708, 0.38923459018, 0.953714771547, 0.873634162041, 0.00371395592609, 0.165263635801, 0.232344708157, 0.0372908191872, 0.165766335059, 0.736930283519, 0.0332981664496, 1.96435798949, 0.911800021264, 0.048694858617, 0.638533198366, 0.60544372565, 0.147247020017, 0.199394608761, 0.41455504933
0.00761541426709, 0.22397901088, 0.242606768994, 0.0140957332533, 0.62127068911, 0.308453988396, 0.906216523372, 0.715447686347, 0.61366456658, 0.286070030816, 0.45748613051, 0.177224369885, 0.0160448658365, 0.0055050916506, 0.993910910366, 0.58520865943, 0.119991109316, 0.132242309759, 0.891182359983, 0.474225835348, 1.50458069189, 0.0402307700516, 0.728074152179, 0.718618915774, 0.0249460856047
0.0605952877244, 0.418900609514, 0.422416739906, 0.302001255605, 0.513470767377, 0.448356047021, 0.722761494219, 0.283653222848, 0.0785326863931, 0.184704646511, 0.988506117023, 0.105248372283, 0.653359574267, 0.925001911646, 0.908721211503, 0.0826288050759, 0.0594590222913, 0.301811957829, 0.648671859571, 0.607862035854, 0.979403879168, 0.696646152455, 1.19228412115, 1.49623904564, 0.233586650487
0.309805737412, 0.0282849106002, 0.248113870317, 0.748315670333, 0.182445976952, 0.57017913613, 0.996185510356, 0.220967784006, 0.00644457577272, 0.278781791538, 0.992499431164, 0.177224369885, 0.00022967788781, 0.936363256173, 0.994423191359, 0.0760396007861, 0.958658688028, 0.003154934336, 0.526536897516, 0.657616414655, 0.248266270985, 2.10454909648, 0.936689357064, 0.109606408338, 1.30565138592
0.00761541426709, 0.22397901088, 0.242606768994, 0.0251071800316, 0.299524622088, 0.0199972130674, 0.906216523372, 0.715447686347, 0.0359178915104, 0.172341646513, 0.637729060464, 0.177224369885, 0.00219368394347, 0.0055050916506, 0.844373415945, 0.58520865943, 0.119991109316, 0.256733358863, 1.73012889033, 0.0549591836327, 0.889991956347, 0.077467480797, 0.787233449017, 0.777009932163, 0.0269730671681
0.25087812748, 0.22398624033, 0.0693525484812, 0.00511941553393, 0.597059280702, 0.160336002503, 0.309609807589, 0.00082937026527, 0.0468667382374, 0.402260920838, 0.0250821985666, 0.397212055716, 0.456945605034, 0.943500014998, 0.504575435723, 0.617169114652, 0.165570888507, 0.883313350411, 0.466997400058, 0.257103948283, 1.40632386951, 0.0140262622131, 0.190770609881, 0.644149070421, 0.777246787057
0.150587096479, 0.0031131462807, 0.639532977236, 0.286512259059, 0.179386137015, 0.495781893448, 0.286915923161, 0.422494105945, 0.964527058535, 0.513936991143, 0.912436422693, 0.670734184569, 0.0160448658365, 0.0128690168511, 0.994693215013, 0.689193510963, 0.427737635438, 0.629566219747, 0.304648358618, 0.690195463426, 0.284449134097, 0.494211696443, 1.78728501544, 0.0103563776668, 0.510511062905
0.207351545827, 0.310203029472, 0.293393112933, 0.0953596712715, 0.87754136611, 0.134763166669, 0.592373809983, 0.978016592978, 0.638228070705, 0.278781791538, 0.992499431164, 0.177224369885, 0.00022967788781, 0.96921343464, 0.441339022269, 0.0760396007861, 0.0997026548649, 0.203385855411, 0.272998697567, 0.0731606326766, 1.78781348944, 0.274888689407, 0.914608976093, 1.08975270552, 0.786071697044
0.0724444064167, 0.29131378113, 0.365848491852, 0.274919315697, 0.801728242958, 0.0199972130674, 0.594760314444, 0.551461335774, 6.53132495285e-05, 0.513936991143, 0.939792734228, 0.237760143292, 0.0518637537876, 0.996236073616, 0.844373415945, 0.296140057651, 0.678132746077, 0.266448823365, 0.360458820824, 0.0140847709922, 1.3931007647, 0.674461223174, 1.04354197942, 0.945430737756, 0.244578019109
0.150587096479, 0.0522542763236, 0.202584723062, 0.350979846081, 0.203412999328, 0.134763166669, 0.99637432159, 0.801559585746, 0.00118145864177, 0.947350710356, 0.996644349436, 0.740262836741, 0.00022967788781, 0.770835845395, 0.513600177028, 0.251922001799, 0.592882722588, 0.00927279555399, 1.62815906513, 0.349905422671, 0.550996148026, 1.07865760303, 0.678347326612, 0.178360515649, 0.524396429222
3.35734093126e-06, 0.00545270739729, 0.293393112933, 0.402048328373, 0.0355290411956, 0.0374859830889, 0.999242327041, 0.978016592978, 0.703688219437, 0.278781791538, 0.992499431164, 0.177224369885, 5.00676393758e-05, 0.96921343464, 0.828773611226, 0.0760396007861, 0.195175245708, 0.002157966576, 1.81318803245, 0.106889308378, 0.101473130618, 1.33066786101, 1.11910831506, 0.0215540481832, 1.32714205475e-05
0.0361014300919, 0.999999998659, 0.838213297491, 0.00809071366004, 0.00348238944828, 0.0243090133114, 0.482988769611, 0.000250082286279, 0.00118145864177, 0.172341646513, 0.980132498956, 0.550162227099, 0.135624209657, 0.244421596945, 0.984006418991, 0.119524845383, 0.195680977561, 9.61880401749e-10, 9.11801494194e-10, 5.06330728099e-11, 7.25527980325e-12, 1.68573462507e-11, 5.10667811432e-09, 2.50466439187, 0.142186940199
0.141486516773, 0.174265241949, 0.172884195093, 0.00458602530241, 0.182488268993, 0.576474551131, 0.823413917592, 0.225398584493, 0.00118145864177, 0.0721894047756, 0.939792734228, 0.384708071488, 0.279111081562, 0.736470385202, 0.824655287442, 0.296140057651, 0.510812062293, 0.288326805189, 1.01266560651, 1.34199439873, 0.502803336761, 0.0128106494562, 0.495173596733, 0.518328771303, 0.433292236419
0.540132768464, 0.319372914205, 0.0693525484812, 0.00511941553393, 0.196535688472, 0.855222346512, 0.309609807589, 0.00082937026527, 0.171686163987, 0.402260920838, 0.129787234861, 0.177224369885, 0.788298114865, 0.943500014998, 0.504575435723, 0.617169114652, 0.165570888507, 0.220288787614, 0.116464096268, 1.07674878563, 0.352465508419, 0.00932879411647, 0.126880541374, 0.640069334827, 1.51036840724
0.293151507942, 0.22397901088, 0.295262794441, 0.0502526059902, 0.0178211898972, 0.495781893448, 0.632785627595, 0.0903341196012, 0.834852910567, 0.172341646513, 0.465821213149, 0.0794016468714, 0.0160448658365, 0.0372908191872, 0.653922002109, 0.736930283519, 0.506257148573, 0.609085893401, 0.93614580487, 1.1021474802, 0.0439360936655, 0.124166201738, 0.787605967255, 0.646318027796, 0.930336233077
0.150587096479, 0.310203029472, 0.0851117363973, 0.0780041410009, 0.900811338813, 0.0199972130674, 0.594760314444, 0.0167000553012, 0.000242607265524, 0.513936991143, 0.99446066216, 0.804673458136, 0.124593142767, 0.0372908191872, 0.844373415945, 0.0311333945799, 0.601694073887, 0.196672665056, 0.266063839349, 0.0103963283183, 2.10739480676, 0.262698292707, 0.289077730794, 1.14915416423, 0.591631163467
