0.828960769089, 0.00324154897389, 0.997094163942, 0.999999997093, 0.347511284525, 0.104799862444, 0.812290546423, 0.628045500637, 0.978187595835, 0.464902792811, 0.921121915513, 0.136388095099, 0.595522178325, 0.579979727448, 3.26013506834e-07, 0.713997202484, 1.7048561275, 3.45269563219e-249, 2.07155917652e-08
0.999869470438, 0.999996918514, 0.999972116945, 4.71696066421e-05, 0.676212589746, 0.388156719554, 0.441097640486, 0.305459635962, 0.699213490225, 0.481761052914, 0.236792616068, 0.206011146776, 0.572808297932, 0.017753019953, 6.54747230801e-08, 0.0, 1.49695916759e-05, 0.0309314439442, 1.51814960927
0.999493290478, 0.999077148812, 0.115228347957, 0.999999875544, 0.223060199511, 0.0476033555121, 0.130618117723, 0.902209120707, 0.621121387322, 0.464902792811, 0.079326140592, 0.503923998462, 0.441101899639, 0.961696320268, 4.164344496e-07, 0.0213017516084, 4.79146955588e-96, 0.152780158791, 1.98309957025
0.999869470438, 0.000486575407717, 5.4695856011e-07, 4.71696066421e-05, 0.368768628552, 0.388156719554, 0.388091150336, 0.420028851043, 0.377491099865, 0.349055552142, 0.424016102483, 0.688060015245, 0.427213577325, 0.434549838828, 0.0231642704619, 0.0, 0.0, 0.0, 1.13692797839
0.999899775648, 0.999999734021, 0.99985908331, 0.999999997093, 0.290647050873, 0.388156719554, 0.72781543603, 0.463276536376, 0.978187595835, 0.464902792811, 0.773285930919, 0.687035426569, 0.595522178325, 0.718353328309, 9.89133786214e-15, 2.16628679928e-08, 9.85348080973e-07, 0.0235902989746, 1.5057665875
0.000192832224885, 0.999995736154, 4.42261712919e-07, 1.61521472377e-05, 0.49038426001, 0.388156719554, 0.595000416743, 0.425070950344, 0.461033182325, 0.500761414486, 0.448920984813, 0.65063043149, 0.572808297932, 0.177037003735, 0.000779215331481, 0.0, 0.0, 1.16366429313, 0.0
0.990117040207, 0.99901782712, 0.115228347957, 0.999999610221, 0.779760640095, 0.0476033555121, 0.663455608529, 0.958159329707, 0.621121387322, 0.538715441034, 0.734631016377, 0.503923998462, 0.85874232875, 0.961696320268, 1.44813715298e-05, 0.236526352274, 5.32026116363e-95, 1.59726527299, 1.06204716173
0.000192832224885, 0.000486575407717, 5.4695856011e-07, 0.999999995803, 0.290647050873, 0.388156719554, 0.595000416743, 0.420028851043, 0.564703918699, 0.367042964351, 0.337526164909, 0.690631184065, 0.161564262771, 0.718353328309, 8.6934369139e-07, 1.3185771306, 0.0, 0.0, 0.0
0.000192832224885, 0.000170223540051, 5.4695856011e-07, 1.61521472377e-05, 0.628310912831, 0.388156719554, 0.595000416743, 0.471560585621, 0.321727841851, 0.464902792811, 0.522259772898, 0.732643323575, 0.635260605864, 0.718353328309, 1.1924112865, 0.0, 0.0, 0.0, 0.0
0.999493290478, 0.997383180778, 0.115228347957, 0.999999610221, 0.779760640095, 0.0476033555121, 0.663455608529, 0.958159329707, 0.621121387322, 0.538715441034, 0.337526164909, 0.503923998462, 0.180539000712, 0.961696320268, 3.15751419759e-06, 0.0515721396882, 1.16002825592e-95, 0.136152941224, 1.87170365898
0.998783726096, 0.99699401137, 0.115228347957, 0.999999610221, 0.676212589746, 0.313663718495, 0.647388485345, 0.958159329707, 0.618178134097, 0.164553783272, 0.522259772898, 0.505125033916, 0.635260605864, 0.961696320268, 7.207036011e-06, 0.117713569801, 2.64776811474e-95, 0.272066450963, 1.62912548205
0.213765169928, 0.988984896857, 0.986603080122, 0.998420446983, 0.486249794836, 0.386525938793, 0.832598280841, 0.50719065716, 0.261133236919, 0.213128059849, 0.49441183978, 0.273961108852, 0.550505970344, 0.48379401898, 0.239028572313, 1.02233897244, 0.453485927888, 0.653151288728, 2.03896581636e-67
0.999899775648, 0.649335200701, 0.705734336639, 0.999999997583, 0.290647050873, 0.327589760015, 0.6463244606, 0.463276536376, 0.699213490225, 0.447290444876, 0.773285930919, 0.687035426569, 0.711211778138, 0.692139358145, 7.90946671774e-09, 0.0208336499074, 2.39337108729e-17, 5.77803165064e-21, 1.329809933
0.980465331283, 0.998619007162, 0.999754399717, 0.999998860104, 0.52757517028, 0.481642043271, 0.6463244606, 0.50719065716, 0.978187595835, 0.530614523867, 0.522259772898, 0.529797292234, 0.655787122607, 0.370549189707, 1.73613780512e-06, 0.00969668754462, 0.254292674529, 1.23792050178, 0.280550126599
0.990117040207, 0.995836834954, 0.980557129555, 0.994375822284, 0.63131349291, 0.463238441462, 0.342124077493, 0.581020377069, 0.39079238885, 0.384238517791, 0.734631016377, 0.391385482727, 0.550505970344, 0.348768709191, 0.304506174812, 0.378774242816, 0.10893412119, 0.838852628089, 0.641673942238
0.0241965740011, 0.990952561852, 0.994261509842, 0.798678888784, 0.656760489235, 0.00431416436354, 0.632294903045, 0.312073374126, 0.420215310325, 0.417076321545, 0.146393627338, 0.268015571701, 0.550505970344, 0.901574600242, 0.858908957417, 2.32963300793e-10, 1.04632396849, 0.99324829766, 6.25979241995e-162
0.63137313078, 0.990952561852, 0.986603080122, 0.984352567653, 0.429405318038, 0.388156719554, 0.814298586905, 0.477076428174, 0.376457501122, 0.55071903615, 0.573025624213, 0.505125033916, 0.550505970344, 0.348768709191, 0.817584508996, 0.275009794423, 0.372580329651, 0.689425236789, 1.9552892341e-20
0.969714380722, 0.970823694981, 0.994005183233, 0.629447549621, 0.603364132564, 0.399461087003, 0.852566599574, 0.50719065716, 0.479832986967, 0.469382906374, 0.411667151868, 0.714108863997, 0.550505970344, 0.531181084816, 0.779786098044, 9.63940188201e-21, 0.907532251692, 0.0975075886737, 0.0872220685575
0.987997870943, 0.995064141893, 0.998206252077, 0.997475318769, 0.49746076762, 0.631263706585, 0.448051755489, 0.47310684295, 0.484378645026, 0.442185428758, 0.485807167613, 0.964308945784, 0.550505970344, 0.660694765542, 0.057108637996, 0.156031124489, 0.629277086902, 0.925091944404, 0.573980915624
0.987883354151, 0.990952561852, 0.995856726838, 0.984352567653, 0.429405318038, 0.448878026349, 0.814298586905, 0.477076428174, 0.376457501122, 0.55071903615, 0.665465875617, 0.505125033916, 0.550505970344, 0.348768709191, 0.409369423459, 0.137699038754, 0.730882405639, 0.622903812127, 0.527185463732
0.0110398646286, 0.514834294906, 5.4695856011e-07, 0.996297389424, 0.875818845901, 0.389780407161, 0.897530068192, 0.50719065716, 0.31885827698, 0.477703495004, 0.406514992286, 0.533492672512, 0.486955972905, 0.348768709191, 0.644505979365, 1.21762843824, 0.0, 3.1769888095e-29, 4.28196967149e-196
0.993071124664, 0.985483363366, 0.97430753128, 0.994375822284, 0.225702839332, 0.452085935808, 0.77183953339, 0.437172820755, 0.484378645026, 0.442185428758, 0.588021392389, 0.391385482727, 0.550505970344, 0.217782265257, 0.519307723877, 0.645965192731, 0.0968622299138, 0.317870507618, 0.889948699142
0.994154812931, 0.999453699639, 0.999284409509, 0.999999350769, 0.484564043768, 0.303232162618, 0.42077277934, 0.50719065716, 0.561057861223, 0.379606766633, 0.522259772898, 0.568629180484, 0.553357271425, 0.508937654895, 6.33734005563e-07, 0.00621443474859, 0.0570432267525, 0.685324544891, 0.821856931877
0.987254739453, 0.983687582074, 0.992011553897, 0.999998860104, 0.52757517028, 0.0889614001057, 0.280740536144, 0.50719065716, 0.261133236919, 0.55071903615, 0.487845898921, 0.546294200563, 0.550505970344, 0.91425029451, 0.000171639488308, 0.958641925504, 0.814619562676, 0.39367026719, 0.613425774701
0.980465331283, 0.998619007162, 0.995856726838, 0.999998860104, 0.52757517028, 0.481642043271, 0.6463244606, 0.50719065716, 0.621121387322, 0.530614523867, 0.522259772898, 0.529797292234, 0.655787122607, 0.370549189707, 1.93483583064e-05, 0.108064569785, 0.182868874976, 1.03329187607, 0.234175107551
0.980465331283, 0.990952561852, 0.260795521365, 0.88455664221, 0.487963876406, 0.303232162618, 0.814298586905, 0.71530392897, 0.484378645026, 0.742846072781, 0.415188128697, 0.617019479287, 0.550505970344, 0.348768709191, 1.01497991632, 7.5013965747e-06, 6.80127327967e-59, 0.744716713965, 0.279457318524
0.000589336280604, 0.96574640192, 0.994005183233, 0.968751582052, 0.487963876406, 0.303232162618, 0.938598528922, 0.765927581133, 0.396436211491, 0.384238517791, 0.734631016377, 0.0490069064073, 0.739901757051, 0.417034223571, 1.07107879484, 0.0704382722228, 1.24923778771, 0.0793362194929, 2.47032822921e-323
0.702109769176, 0.96574640192, 0.97824860932, 0.12396145085, 0.63131349291, 0.684170671742, 0.409966618575, 0.581020377069, 0.396436211491, 0.384238517791, 0.303890781667, 0.391385482727, 0.550505970344, 0.588506875607, 1.13187310057, 3.78950666937e-91, 0.199189205259, 0.0553587124459, 7.89851390921e-16
0.175803016073, 0.999996918514, 0.999972116945, 4.71696066421e-05, 0.676212589746, 0.388156719554, 0.441097640486, 0.305459635962, 0.699213490225, 0.481761052914, 0.236792616068, 0.206011146776, 0.572808297932, 0.017753019953, 3.21423865949e-06, 0.0, 0.00073487657554, 1.5184645042, 7.58851377897e-76
0.987254739453, 4.78501448838e-05, 0.676632701166, 0.918741378626, 0.41333273881, 0.553598717918, 0.448051755489, 0.437172820755, 0.484378645026, 0.55071903615, 0.487845898921, 0.505125033916, 0.675041253602, 0.496796313328, 0.952575438097, 0.000312138217117, 1.62299652145e-17, 0.0, 0.4432916569
0.0145697590716, 0.988624038326, 5.4695856011e-07, 0.996297389424, 0.410310340276, 0.389780407161, 0.546358341392, 0.50719065716, 0.31885827698, 0.477703495004, 0.803802825699, 0.533492672512, 0.486955972905, 0.348768709191, 0.481150306015, 0.909009868693, 0.0, 0.562279976145, 4.07703531156e-184
0.994455922424, 0.983687582074, 0.999170469274, 0.999999610221, 0.486249794836, 0.194978334895, 0.280740536144, 0.172812619091, 0.261133236919, 0.335705125807, 0.49441183978, 0.546294200563, 0.550505970344, 0.48379401898, 6.05388241154e-06, 0.0988789439559, 0.786309458913, 0.247997640627, 1.04835767025
0.01469356883, 0.98661554701, 0.994005183233, 0.802481540406, 0.603289494859, 0.399461087003, 0.705469309805, 0.50719065716, 0.420215310325, 0.270271038035, 0.427148905072, 0.841078992093, 0.352964572987, 0.476730604602, 0.757252426498, 3.30267360992e-10, 0.881307067981, 0.502591013466, 1.02631193909e-183
0.0275760177937, 0.983687582074, 0.4938838389, 0.996297389424, 0.70072707143, 0.307742862929, 0.865038013622, 0.50719065716, 0.734730628273, 0.477703495004, 0.406514992286, 0.353183803017, 0.486955972905, 0.366764493431, 0.586826192828, 1.10865730276, 4.53975942036e-31, 0.392535154521, 2.33341909473e-156
0.987997870943, 0.99699401137, 0.105629795922, 0.999999610221, 0.191050622813, 0.194978334895, 0.280740536144, 0.958159329707, 0.618178134097, 0.477703495004, 0.49441183978, 0.505125033916, 0.635260605864, 0.961696320268, 3.66928087804e-05, 0.599308994847, 2.25120345475e-98, 1.38515781599, 0.765872795051
0.980465331283, 0.999453699639, 0.695697039471, 0.999999350769, 0.429405318038, 0.388156719554, 0.199421758202, 0.802253034943, 0.351551083636, 0.756113922726, 0.415188128697, 0.617019479287, 0.814791799244, 0.348768709191, 1.18754887053e-05, 0.116451774749, 3.19360731001e-17, 1.39083714945, 0.309829850415
0.94273965845, 0.439965901674, 0.998827679474, 0.0508116389287, 0.52757517028, 0.303232162618, 0.614883353883, 0.0974333787843, 0.479832986967, 0.55071903615, 0.415188128697, 0.391385482727, 0.550505970344, 0.348768709191, 0.218326908195, 1.35377806039e-130, 1.24308827473, 4.35633048122e-36, 0.00545003536476
0.478762456559, 0.995836834954, 0.980557129555, 0.994375822284, 0.63131349291, 0.43371938438, 0.342124077493, 0.581020377069, 0.351551083636, 0.55071903615, 0.734631016377, 0.505125033916, 0.550505970344, 0.348768709191, 0.361522067585, 0.449696126837, 0.129331002065, 0.995919825579, 1.87035962629e-32
0.763681242427, 0.797692349382, 0.999953975022, 0.999999997093, 0.704291390472, 0.388156719554, 0.812290546423, 0.47310684295, 0.621121387322, 0.464902792811, 0.921121915513, 0.136388095099, 0.595522178325, 0.718353328309, 5.05473836728e-09, 0.0110703053029, 1.53471474494, 3.67876053499e-10, 4.71380049996e-12
0.987254739453, 0.990952561852, 0.992011553897, 0.9896665757, 0.429405318038, 0.388156719554, 0.814298586905, 0.477076428174, 0.376457501122, 0.55071903615, 0.415188128697, 0.355533562775, 0.550505970344, 0.348768709191, 0.56215729231, 0.349255129365, 0.562387227011, 0.637235209409, 0.501284524728
0.0145697590716, 0.990952561852, 0.994261509842, 0.999990311183, 0.603364132564, 0.259270126077, 0.632294903045, 0.50719065716, 0.420215310325, 0.270271038035, 0.19622771722, 0.268015571701, 0.267922971245, 0.901574600242, 0.00117235597366, 0.770684811845, 0.938850290027, 0.891226312698, 5.24009644848e-184
0.996427108318, 0.700112558154, 0.995856726838, 0.994375822284, 0.52757517028, 0.571506314917, 0.614883353883, 0.41315013787, 0.479832986967, 0.442185428758, 0.415188128697, 0.391385482727, 0.550505970344, 0.348768709191, 0.155956195485, 0.193993405532, 0.421208725123, 2.52606107002e-16, 0.956958942261
0.478762456559, 0.00324154897389, 0.980557129555, 0.994375822284, 0.63131349291, 0.43371938438, 0.342124077493, 0.581020377069, 0.6490889813, 0.55071903615, 0.734631016377, 0.505125033916, 0.550505970344, 0.348768709191, 0.708247746187, 0.880987073428, 0.25336873994, 2.16394685519e-249, 1.87066716152e-32
0.987883354151, 0.990952561852, 0.986603080122, 0.984352567653, 0.429405318038, 0.388156719554, 0.595000416743, 0.477076428174, 0.376457501122, 0.55071903615, 0.631533921208, 0.505125033916, 0.550505970344, 0.348768709191, 0.682276672797, 0.229496480744, 0.310919378813, 0.575327383925, 0.4869198547
0.980465331283, 0.975649865248, 0.994005183233, 0.999999204206, 0.723778533942, 0.685830195281, 0.42077277934, 0.50719065716, 0.594205332156, 0.270271038035, 0.509192674815, 0.861675294641, 0.550505970344, 0.416587587294, 0.000101911559122, 0.815304633559, 0.948869513762, 0.168026435111, 0.28020756873
0.000300320303093, 0.983687582074, 0.990338030931, 0.870467404517, 0.656760489235, 0.399461087003, 0.705469309805, 0.506962162501, 0.479832986967, 0.247830695746, 0.427148905072, 0.524320210253, 0.627592833613, 0.536722627172, 0.920388835955, 1.3656598385e-06, 0.622844554198, 0.34776794811, 0.0
0.980465331283, 0.999453699639, 0.207495368271, 0.999999482826, 0.429405318038, 0.388156719554, 0.184679754902, 0.400319025001, 0.351551083636, 0.864569818418, 0.415188128697, 0.917816629365, 0.814791799244, 0.348768709191, 1.04912720878e-05, 0.129146476279, 1.01869252512e-69, 1.54245581035, 0.343605182809
0.994154812931, 0.975649865248, 0.992011553897, 0.999999249016, 0.484564043768, 0.452085935808, 0.547088355015, 0.50719065716, 0.621121387322, 0.379606766633, 0.522259772898, 0.861675294641, 0.550505970344, 0.416587587294, 6.71652560297e-05, 0.569390363853, 0.483847527055, 0.100357359043, 0.900957767143
0.990117040207, 0.995836834954, 0.995509543294, 0.12396145085, 0.63131349291, 0.553598717918, 0.595000416743, 0.581020377069, 0.484378645026, 0.442185428758, 0.427148905072, 0.432934365814, 0.550505970344, 0.348768709191, 0.247042029593, 8.27095739163e-92, 0.386040432644, 0.771925433807, 0.590478493645
0.317935883312, 0.996403386595, 0.994005183233, 0.629447549621, 0.603364132564, 0.399461087003, 0.852566599574, 0.50719065716, 0.479832986967, 0.469382906374, 0.411667151868, 0.714108863997, 0.550505970344, 0.531181084816, 0.358910731603, 4.43671000339e-21, 0.417708221813, 1.07028010064, 3.24024793507e-50
0.0159383660942, 0.98661554701, 0.994005183233, 0.997295891074, 0.674339865214, 0.399461087003, 0.705469309805, 0.50719065716, 0.420215310325, 0.270271038035, 0.320014105738, 0.617019479287, 0.352964572987, 0.476730604602, 0.263521877805, 0.67418684598, 0.842442926584, 0.480427605362, 3.33690047077e-180
0.977072870254, 0.983687582074, 0.995509543294, 0.000404637279397, 0.487963876406, 0.553598717918, 0.479054290958, 0.581020377069, 0.484378645026, 0.442185428758, 0.499057979258, 0.391385482727, 0.550505970344, 0.453540799107, 0.523600513781, 0.0, 0.818204777567, 0.303979917158, 0.158479326322
0.980465331283, 0.975649865248, 0.996549846063, 0.999999204206, 0.723778533942, 0.685830195281, 0.42077277934, 0.851284280593, 0.594205332156, 0.270271038035, 0.663278681633, 0.546294200563, 0.550505970344, 0.416587587294, 7.04229288841e-05, 0.563391834277, 1.13997876296, 0.170789015161, 0.28481455714
0.00221660423206, 0.985483363366, 0.994005183233, 0.994375822284, 0.225702839332, 0.452085935808, 0.448051755489, 0.437172820755, 0.484378645026, 0.442185428758, 0.588021392389, 0.582319053132, 0.716108269856, 0.366764493431, 0.445212773573, 0.553798724463, 0.82697516049, 0.415331659021, 6.79065908841e-266
0.980465331283, 0.931778413622, 0.999154694445, 0.0508116389287, 0.663107829403, 0.463238441462, 0.765878653964, 0.459659188575, 0.803574954569, 0.55071903615, 0.32110295199, 0.61355620751, 0.727982336433, 0.366764493431, 0.162409539491, 1.00705164186e-130, 1.26814994708, 0.00171430416016, 0.283813886755
0.987254739453, 0.882255727483, 0.995856726838, 0.918741378626, 0.52757517028, 0.481642043271, 0.6463244606, 0.942167660547, 0.621121387322, 0.55071903615, 0.53027089311, 0.529797292234, 0.550505970344, 0.692139358145, 0.588802670344, 0.000192937806712, 0.996382867921, 6.59226413288e-06, 0.538587458123
0.274860467602, 0.000486575407717, 5.4695856011e-07, 0.999999995803, 0.290647050873, 0.452085935808, 0.595000416743, 0.420028851043, 0.699213490225, 0.55071903615, 0.469804876443, 0.677391685838, 0.51378448169, 0.505295295926, 7.49234117087e-07, 1.1364009218, 0.0, 0.0, 1.45505548383e-56
0.991924195689, 0.997583942227, 0.998206252077, 0.997475318769, 0.41333273881, 0.631263706585, 0.663055985173, 0.47310684295, 0.484378645026, 0.442185428758, 0.485807167613, 0.417819279085, 0.550505970344, 0.660694765542, 0.0242817243243, 0.0663420610927, 0.267559046827, 0.788547132533, 0.701301729483
0.478762456559, 0.986472285452, 0.999939453985, 0.0508116389287, 0.893516861019, 0.104799862444, 0.371037532599, 0.50719065716, 0.561057861223, 0.55071903615, 0.13017975375, 0.353183803017, 0.659057358893, 0.366764493431, 0.0133959277422, 8.3064031025e-132, 1.41271743212, 0.601238894714, 2.47941204085e-32
0.987254739453, 0.983687582074, 0.992011553897, 0.999883007478, 0.594255563466, 0.386525938793, 0.280740536144, 0.754117614945, 0.261133236919, 0.55071903615, 0.487845898921, 0.546294200563, 0.550505970344, 0.91425029451, 0.0165094733436, 0.90348226984, 0.767875019024, 0.3710806587, 0.578226143835
0.987254739453, 0.99699401137, 0.0856347670704, 0.998789592141, 0.52757517028, 0.321803786506, 0.663455608529, 0.461721326199, 0.291458561162, 0.442185428758, 0.522259772898, 0.459893579308, 0.550505970344, 0.956278249173, 0.0847176636844, 0.46774687761, 1.37452231882e-107, 1.09867262225, 0.557083356521
0.999869470438, 0.999996207177, 0.999972116945, 4.71696066421e-05, 0.49038426001, 0.388156719554, 0.441097640486, 0.305459635962, 0.699213490225, 0.481761052914, 0.236792616068, 0.206011146776, 0.572808297932, 0.017753019953, 7.89432193291e-08, 0.0, 1.80489157242e-05, 0.0303008127264, 1.48719761863
0.995128615336, 0.558076894864, 0.995856726838, 0.994375822284, 0.52757517028, 0.571506314917, 0.585257938633, 0.249046297232, 0.479832986967, 0.442185428758, 0.415188128697, 0.391385482727, 0.550505970344, 0.348768709191, 0.204383885579, 0.254232452106, 0.55200292372, 4.70441185246e-26, 0.923522860131
0.0159383660942, 0.98661554701, 0.994005183233, 0.998789592141, 0.674339865214, 0.399461087003, 0.705469309805, 0.50719065716, 0.420215310325, 0.442185428758, 0.309166497415, 0.617019479287, 0.352964572987, 0.476730604602, 0.124164617541, 0.685543128064, 0.810830929132, 0.462399943479, 3.2116859478e-180
0.998225087343, 0.983687582074, 0.996549846063, 0.995485909725, 0.486249794836, 0.386525938793, 0.647388485345, 0.50719065716, 0.261133236919, 0.55071903615, 0.602709508725, 0.546294200563, 0.550505970344, 0.48379401898, 0.0642145560539, 0.099821982814, 0.240165110751, 0.0838320664573, 1.07389570693
0.999493290478, 0.99699401137, 0.0079061274043, 0.999999995803, 0.223060199511, 0.388156719554, 0.243990700238, 0.902209120707, 0.561057861223, 0.164553783272, 0.66526112133, 0.930526190663, 0.180539000712, 0.962802849079, 3.98287161765e-08, 0.0604102092323, 5.93760185524e-212, 0.139623589912, 1.95576761295
0.994154812931, 0.975649865248, 0.99675430645, 0.999999249016, 0.484564043768, 0.452085935808, 0.547088355015, 0.50719065716, 0.376457501122, 0.55071903615, 0.522259772898, 0.838959694779, 0.550505970344, 0.416587587294, 3.63569613927e-05, 0.308214465331, 0.661605266057, 0.0980299074481, 0.880063080274
0.980465331283, 0.799788952135, 0.999971097606, 0.88455664221, 0.487963876406, 0.303232162618, 0.814298586905, 0.41315013787, 0.484378645026, 0.822173404783, 0.833672693633, 0.617019479287, 0.550505970344, 0.348768709191, 0.00619462166272, 4.57824957667e-08, 1.3664045542, 4.25837313251e-10, 0.303328887242
0.240426192187, 0.000486575407717, 5.4695856011e-07, 0.999999995803, 0.290647050873, 0.388156719554, 0.595000416743, 0.836127642355, 0.699213490225, 0.55071903615, 0.427148905072, 0.687035426569, 0.51378448169, 0.505295295926, 8.31455668468e-07, 1.26111046806, 0.0, 0.0, 2.48342375524e-62
0.987254739453, 0.990952561852, 0.992011553897, 0.984352567653, 0.429405318038, 0.388156719554, 0.814298586905, 0.477076428174, 0.376457501122, 0.55071903615, 0.415188128697, 0.355533562775, 0.550505970344, 0.348768709191, 0.627279926526, 0.210997299657, 0.562387227011, 0.637235209409, 0.501284524728
0.987883354151, 0.998195927726, 0.986603080122, 0.984352567653, 0.429405318038, 0.388156719554, 0.632973472297, 0.477076428174, 0.376457501122, 0.55071903615, 0.415188128697, 0.505125033916, 0.550505970344, 0.348768709191, 0.216854607761, 0.0729430908291, 0.0988225196993, 0.938726583242, 0.486270143016
0.994455922424, 0.983687582074, 0.996549846063, 0.995485909725, 0.486249794836, 0.386525938793, 0.647388485345, 0.50719065716, 0.261133236919, 0.55071903615, 0.522259772898, 0.546294200563, 0.550505970344, 0.48379401898, 0.156233556506, 0.242866171643, 0.584320000125, 0.203962819285, 0.862209759347
0.991924195689, 0.244442113625, 0.999306951354, 0.566915107096, 0.41333273881, 0.886350143749, 0.864437308373, 0.803603456034, 0.484378645026, 0.604700903487, 0.648946219382, 0.417819279085, 0.486955972905, 0.646817872263, 0.116133923472, 4.100926575e-26, 1.09972962575, 1.14134520378e-61, 0.928007484084
0.00221660423206, 0.985483363366, 0.994005183233, 0.995951631718, 0.225702839332, 0.89511051966, 0.448051755489, 0.437172820755, 0.484378645026, 0.442185428758, 0.588021392389, 0.582319053132, 0.550505970344, 0.366764493431, 0.388814351732, 0.67313136513, 0.904704112971, 0.454369463697, 7.42892592254e-266
0.00221660423206, 0.990952561852, 0.994005183233, 0.994375822284, 0.225702839332, 0.452085935808, 0.448051755489, 0.437172820755, 0.484378645026, 0.413944270123, 0.588021392389, 0.505125033916, 0.716108269856, 0.366764493431, 0.383231249312, 0.476700107547, 0.711845532556, 0.688621377933, 6.77501972922e-266
0.995128615336, 0.995836834954, 0.999652302845, 0.994375822284, 0.52757517028, 0.388156719554, 0.436959814089, 0.41315013787, 0.479832986967, 0.442185428758, 0.250278255414, 0.391385482727, 0.550505970344, 0.348768709191, 0.0110433475035, 0.0137367841272, 0.327985411588, 0.553206782211, 0.926672195952
0.000109223723811, 0.983687582074, 0.996677928184, 0.000273469930091, 0.656760489235, 0.877373767346, 0.705469309805, 0.506962162501, 0.479832986967, 0.822173404783, 0.24163560456, 0.524320210253, 0.204130766365, 0.536722627172, 0.603292396431, 0.0, 1.26623831825, 0.43891937447, 0.0
0.000109223723811, 0.983687582074, 0.990338030931, 0.000273469930091, 0.656760489235, 0.877373767346, 0.705469309805, 0.506962162501, 0.479832986967, 0.742846072781, 0.427148905072, 0.524320210253, 0.627592833613, 0.536722627172, 1.02131220836, 0.0, 0.691141311432, 0.385901737618, 0.0
0.274860467602, 0.994798821283, 0.995509543294, 0.000404637279397, 0.663107829403, 0.775409352181, 0.280740536144, 0.748193057497, 0.484378645026, 0.510684336394, 0.487845898921, 0.192516202043, 0.675041253602, 0.3101289843, 0.441237959266, 0.0, 0.689500863375, 1.10336795135, 1.75911457701e-56
0.991924195689, 0.968941798487, 0.578384744678, 0.870467404517, 0.656760489235, 0.476062913484, 0.705469309805, 0.506962162501, 0.479832986967, 0.270271038035, 0.427148905072, 0.524320210253, 0.627592833613, 0.536722627172, 0.874447276057, 1.29749240663e-06, 2.2884238561e-24, 0.0586506166994, 0.735471189833
0.994455922424, 0.983687582074, 0.999170469274, 0.994375822284, 0.486249794836, 0.194978334895, 0.280740536144, 0.172812619091, 0.261133236919, 0.826632563344, 0.49441183978, 0.546294200563, 0.550505970344, 0.48379401898, 0.0656453042904, 0.0816559810073, 0.833166145989, 0.262775979754, 1.11082997901
0.990117040207, 0.996071441802, 0.794298075108, 0.997636044745, 0.52757517028, 0.452085935808, 0.614883353883, 0.254160178611, 0.760130298371, 0.55071903615, 0.427148905072, 0.505125033916, 0.627592833613, 0.162157091325, 0.170387685048, 0.49574864867, 8.20310388381e-11, 0.934684187361, 0.70487062578
0.994455922424, 0.983687582074, 0.995856726838, 0.995485909725, 0.486249794836, 0.470145645651, 0.280740536144, 0.50719065716, 0.261133236919, 0.55071903615, 0.49441183978, 0.546294200563, 0.550505970344, 0.48379401898, 0.181665333413, 0.282400049214, 0.568222910974, 0.206540719774, 0.873107289433
0.987254739453, 0.00324154897389, 0.995509543294, 0.999883007478, 0.487963876406, 0.630409251137, 0.342124077493, 0.581020377069, 0.484378645026, 0.442185428758, 0.547419739443, 0.391385482727, 0.412423801211, 0.348768709191, 0.00979285110337, 0.535914572134, 0.837587154703, 1.85756657986e-249, 0.462760123708
0.994455922424, 0.826361116225, 0.995856726838, 0.995485909725, 0.486249794836, 0.470145645651, 0.280740536144, 0.50719065716, 0.261133236919, 0.55071903615, 0.49441183978, 0.546294200563, 0.550505970344, 0.48379401898, 0.190352430496, 0.29590420324, 0.5953948953, 5.66176935849e-09, 0.873107289433
0.356101378263, 0.799788952135, 0.990338030931, 0.88455664221, 0.487963876406, 0.303232162618, 0.814298586905, 0.41315013787, 0.484378645026, 0.822173404783, 0.833672693633, 0.617019479287, 0.550505970344, 0.348768709191, 1.15919931513, 8.56727668405e-06, 0.784452127698, 4.3620351382e-10, 3.15874484016e-45
0.990117040207, 0.99421531375, 0.794298075108, 0.997636044745, 0.52757517028, 0.452085935808, 0.614883353883, 0.254160178611, 0.760130298371, 0.55071903615, 0.427148905072, 0.505125033916, 0.627592833613, 0.162157091325, 0.222108077951, 0.646230855661, 1.06931180874e-10, 0.825522197689, 0.70487062578
0.987883354151, 0.990952561852, 0.207495368271, 0.984352567653, 0.429405318038, 0.388156719554, 0.997316351055, 0.081741927819, 0.376457501122, 0.55071903615, 0.415188128697, 0.505125033916, 0.550505970344, 0.348768709191, 1.01830882177, 0.342527159764, 8.47453176371e-69, 0.788295063747, 0.667161912721
0.987254739453, 0.995836834954, 0.995509543294, 0.999883007478, 0.487963876406, 0.630409251137, 0.342124077493, 0.581020377069, 0.484378645026, 0.442185428758, 0.547419739443, 0.391385482727, 0.550505970344, 0.348768709191, 0.0049762089119, 0.272323436936, 0.425617485626, 0.85106360486, 0.460600460311
0.000300320303093, 0.983687582074, 0.904636855297, 0.991456973561, 0.656760489235, 0.399461087003, 0.705469309805, 0.506962162501, 0.479832986967, 0.247830695746, 0.427148905072, 0.529797292234, 0.627592833613, 0.188494416523, 0.945826933612, 0.743273811372, 8.39051348644e-05, 0.376433328467, 0.0
0.990117040207, 0.995836834954, 0.658154394096, 0.994375822284, 0.63131349291, 0.463238441462, 0.342124077493, 0.581020377069, 0.39079238885, 0.24445804128, 0.734631016377, 0.391385482727, 0.550505970344, 0.348768709191, 0.325932287645, 0.405426115048, 5.55986245142e-19, 0.876137856874, 0.670194994615
0.990117040207, 0.995836834954, 0.999972116945, 0.0302392291267, 0.63131349291, 0.553598717918, 0.342124077493, 0.581020377069, 0.484378645026, 0.442185428758, 0.53027089311, 0.111802939766, 0.550505970344, 0.348768709191, 0.00229881872829, 4.11809324311e-155, 0.525582638316, 0.885221506521, 0.677143463373
