0.882246477632, 2.02235090174e-07, 0.392470858284, 0.60328649856, 0.397900693363, 0.501015821894, 0.396181312059, 0.40067875269, 0.49696427013, 0.504312548888, 0.394390732074, 0.498079997915, 6.78994186536, 2.1569617612e-06, 36.2893802427
1.78568039244e-08, 2.18911257455e-08, 0.699108312316, 0.303059449722, 0.296346010992, 0.602672720541, 0.19037193274, 0.901463013751, 0.803210190307, 0.601103230595, 0.401656390637, 0.387650521782, 107.825006338, 3.70772457078e-06, 3.02442694981e-06
2.33995953114e-06, 0.999944468487, 0.402012890155, 0.697461187275, 0.404718446665, 0.395529020819, 0.403849799954, 0.500945339437, 0.594237838932, 0.601103230595, 0.401656390637, 0.498079997915, 0.00288639847322, 33.0900103913, 0.000121625637243
3.39401946325e-07, 0.999999912541, 0.402012890155, 0.2948057124, 0.704542455879, 0.395529020819, 0.518451885975, 0.592087274039, 0.594237838932, 0.601103230595, 0.401656390637, 0.491675257072, 1.67608713492e-05, 122.003653042, 6.5043969884e-05
5.34878119574e-09, 4.2742879966e-06, 0.402012890155, 0.2948057124, 0.404718446665, 0.501015821894, 0.396181312059, 0.901463013751, 0.594237838932, 0.601103230595, 0.396414522925, 0.803496118573, 62.0510395759, 0.000416612906403, 5.21343269677e-07
2.56020094014e-09, 0.999999912541, 0.435095957164, 0.0239354188113, 0.404718446665, 0.501015821894, 0.396181312059, 0.397678075036, 0.1982874704, 0.870430597851, 0.401656390637, 0.498079997915, 6.07423909073e-05, 442.14846775, 1.77812404193e-06
2.2763570473e-06, 0.999999912541, 0.402012890155, 0.2948057124, 0.704542455879, 0.395529020819, 0.518451885975, 0.592087274039, 0.49696427013, 0.601103230595, 0.401656390637, 0.498079997915, 1.42596664271e-05, 103.79719282, 0.000371146925721
0.999999999985, 2.18911257455e-08, 0.392470858284, 0.60328649856, 0.397900693363, 0.395529020819, 0.893234555187, 0.40067875269, 0.49696427013, 0.601103230595, 0.394390732074, 0.498079997915, 1.37864363909e-09, 4.74067293721e-17, 59.7590184584
0.999999999992, 5.79107317655e-11, 0.392470858284, 0.491060900484, 0.799159836532, 0.395529020819, 0.893234555187, 0.40067875269, 0.594237838932, 0.229840144251, 0.394390732074, 0.498079997915, 2.76377154069e-09, 2.51409144518e-19, 220.653789856
0.0358780284648, 0.999999808079, 0.402012890155, 0.697461187275, 0.704542455879, 0.395529020819, 0.396181312059, 0.294031107558, 0.594237838932, 0.601103230595, 0.401656390637, 0.498079997915, 1.41982477304e-05, 47.0969892042, 2.65706221341
0.0358780284648, 0.999999808079, 0.402012890155, 0.697461187275, 0.704542455879, 0.395529020819, 0.396181312059, 0.294031107558, 0.594237838932, 0.601103230595, 0.401656390637, 0.498079997915, 1.41982477304e-05, 47.0969892042, 2.65706221341
0.999999999985, 5.79107317655e-11, 0.392470858284, 0.491060900484, 0.799159836532, 0.395529020819, 0.893234555187, 0.40067875269, 0.49696427013, 0.229840144251, 0.394390732074, 0.498079997915, 4.9623125018e-09, 4.51401544064e-19, 215.097590112
4.30158242359e-10, 0.805279886262, 0.402012890155, 0.2948057124, 0.309681196923, 0.305891270896, 0.506773613678, 0.309759303864, 0.701000626294, 0.601103230595, 0.192699809447, 0.714281508428, 42.94351768, 135.994072545, 9.63624743969e-08
0.999999999065, 0.999162633361, 0.605175817165, 0.697992302478, 0.300164786035, 0.395529020819, 0.403849799954, 0.309759303864, 0.498019567738, 0.498969112803, 0.401656390637, 0.704431065348, 1.10600132431e-10, 8.40852587901e-08, 57.2676358921
0.999999999065, 0.999162633361, 0.605175817165, 0.697992302478, 0.300164786035, 0.395529020819, 0.403849799954, 0.309759303864, 0.498019567738, 0.498969112803, 0.401656390637, 0.704431065348, 1.10600132431e-10, 8.40852587901e-08, 57.2676358921
5.52410844956e-07, 7.72826802553e-11, 0.402012890155, 0.2948057124, 0.404718446665, 0.501015821894, 0.396181312059, 0.693165848253, 0.594237838932, 0.601103230595, 0.192699809447, 0.498079997915, 63.6144580924, 7.72249942236e-09, 5.51998509496e-05
5.52410844956e-07, 7.72826802553e-11, 0.402012890155, 0.2948057124, 0.404718446665, 0.501015821894, 0.396181312059, 0.693165848253, 0.594237838932, 0.601103230595, 0.192699809447, 0.498079997915, 63.6144580924, 7.72249942236e-09, 5.51998509496e-05
5.52410844956e-07, 7.72826802553e-11, 0.402012890155, 0.2948057124, 0.404718446665, 0.501015821894, 0.396181312059, 0.693165848253, 0.594237838932, 0.601103230595, 0.192699809447, 0.498079997915, 63.6144580924, 7.72249942236e-09, 5.51998509496e-05
5.52410844956e-07, 7.72826802553e-11, 0.402012890155, 0.2948057124, 0.404718446665, 0.501015821894, 0.396181312059, 0.693165848253, 0.594237838932, 0.601103230595, 0.192699809447, 0.498079997915, 63.6144580924, 7.72249942236e-09, 5.51998509496e-05
4.30158242359e-10, 2.18911257455e-08, 0.523123336433, 0.2948057124, 0.799159836532, 0.306998583262, 0.188897963518, 0.901463013751, 0.50953782641, 0.601103230595, 0.311846584778, 0.182494725245, 284.078211091, 9.76845538024e-06, 1.91949086849e-07
0.038807521716, 0.999999995745, 0.402012890155, 0.2948057124, 0.704542455879, 0.395529020819, 0.518451885975, 0.592087274039, 0.594237838932, 0.601103230595, 0.401656390637, 0.491675257072, 8.13919879686e-07, 121.777042598, 7.43258042011
0.999999996998, 0.999944468487, 0.392470858284, 0.697461187275, 0.404718446665, 0.395529020819, 0.19037193274, 0.294031107558, 0.594237838932, 0.601103230595, 0.401656390637, 0.498079997915, 3.20785401148e-11, 3.67752143573e-07, 77.9845526935
5.79510276433e-08, 2.02235090174e-07, 0.402012890155, 0.2948057124, 0.404718446665, 0.501015821894, 0.396181312059, 0.901463013751, 0.498019567738, 0.501801672222, 0.396414522925, 0.498079997915, 43.9451154263, 1.39600508289e-05, 4.00029139746e-06
1.72214376093e-09, 5.79107317655e-11, 0.884278106009, 0.697461187275, 0.799159836532, 0.395529020819, 0.473836054416, 0.592087274039, 0.50953782641, 0.601103230595, 0.401656390637, 0.485507550184, 259.214130868, 2.35796634885e-08, 7.01209760669e-07
1.72214376093e-09, 9.16650089167e-12, 0.884278106009, 0.736848650841, 0.799159836532, 0.395529020819, 0.473836054416, 0.592087274039, 0.50953782641, 0.601103230595, 0.401656390637, 0.485507550184, 427.413567883, 6.15420227453e-09, 1.15621229691e-06
0.463063795646, 0.999957434767, 0.699108312316, 0.2948057124, 0.407949607471, 0.400463379543, 0.403849799954, 0.592087274039, 0.594237838932, 0.601103230595, 0.401656390637, 0.498079997915, 0.00281496241454, 42.1015135849, 37.479116991
0.463063795646, 0.999957434767, 0.699108312316, 0.2948057124, 0.407949607471, 0.400463379543, 0.403849799954, 0.592087274039, 0.594237838932, 0.601103230595, 0.401656390637, 0.498079997915, 0.00281496241454, 42.1015135849, 37.479116991
0.463063795646, 0.999957434767, 0.699108312316, 0.2948057124, 0.407949607471, 0.400463379543, 0.403849799954, 0.592087274039, 0.594237838932, 0.601103230595, 0.401656390637, 0.498079997915, 0.00281496241454, 42.1015135849, 37.479116991
3.39401946325e-07, 0.999999988767, 0.402012890155, 0.2948057124, 0.704542455879, 0.395529020819, 0.518451885975, 0.592087274039, 0.594237838932, 0.601103230595, 0.401656390637, 0.491675257072, 2.15271151584e-06, 122.003653042, 6.5043969884e-05
1.02332273766e-07, 2.18911257455e-08, 0.699108312316, 0.303059449722, 0.296346010992, 0.602672720541, 0.19037193274, 0.901463013751, 0.803210190307, 0.601103230595, 0.401656390637, 0.491675257072, 91.3164370865, 3.14005265569e-06, 1.46784926338e-05
1.02332273766e-07, 2.18911257455e-08, 0.699108312316, 0.303059449722, 0.296346010992, 0.602672720541, 0.19037193274, 0.901463013751, 0.803210190307, 0.601103230595, 0.401656390637, 0.491675257072, 91.3164370865, 3.14005265569e-06, 1.46784926338e-05
0.999999999985, 0.00097075366428, 0.605175817165, 0.2948057124, 0.697026289668, 0.501015821894, 0.403849799954, 0.592087274039, 0.498019567738, 0.601103230595, 0.401656390637, 0.704431065348, 1.17720053978e-09, 1.79506303904e-12, 51.027276794
0.999999996129, 0.999997618539, 0.392470858284, 0.707023340558, 0.799159836532, 0.501015821894, 0.473836054416, 0.901463013751, 0.0605760077849, 0.601103230595, 0.397714694787, 0.498079997915, 8.24184709055e-12, 2.20323691736e-06, 362.308036387
0.333622702645, 5.79107317655e-11, 0.699108312316, 0.40158665593, 0.704542455879, 0.501015821894, 0.893234555187, 0.297142164818, 0.594237838932, 0.601103230595, 0.394390732074, 0.599262958557, 53.7598071658, 4.89031272304e-09, 31.0708290219
0.333622702645, 5.79107317655e-11, 0.699108312316, 0.40158665593, 0.704542455879, 0.501015821894, 0.893234555187, 0.297142164818, 0.594237838932, 0.601103230595, 0.394390732074, 0.599262958557, 53.7598071658, 4.89031272304e-09, 31.0708290219
1.10095216832e-07, 0.999997942007, 0.402012890155, 0.2948057124, 0.704542455879, 0.395529020819, 0.396181312059, 0.592087274039, 0.594237838932, 0.601103230595, 0.401656390637, 0.491675257072, 0.000213047507558, 65.9041541274, 1.13972773919e-05
4.16821593907e-07, 0.492599000536, 0.203030987746, 0.707023340558, 0.404718446665, 0.501015821894, 0.396181312059, 0.592087274039, 0.594237838932, 0.601103230595, 0.401656390637, 0.498079997915, 42.0099862784, 41.0443971352, 3.84544846954e-05
2.56020094014e-09, 0.999998100401, 0.912088628054, 0.00467050005762, 0.799159836532, 0.301585314499, 0.396181312059, 0.407222697946, 0.50953782641, 0.592386116039, 0.401656390637, 0.498079997915, 0.000401255309842, 134.474208514, 5.40795322432e-07
0.463063795646, 0.458387534143, 0.392470858284, 0.2948057124, 0.407949607471, 0.400463379543, 0.403849799954, 0.500945339437, 0.594237838932, 0.601103230595, 0.401656390637, 0.498079997915, 28.9781120976, 25.417487184, 34.3138019852
0.463063795646, 0.458387534143, 0.392470858284, 0.2948057124, 0.407949607471, 0.400463379543, 0.403849799954, 0.500945339437, 0.594237838932, 0.601103230595, 0.401656390637, 0.498079997915, 28.9781120976, 25.417487184, 34.3138019852
0.463063795646, 0.458387534143, 0.392470858284, 0.2948057124, 0.407949607471, 0.400463379543, 0.403849799954, 0.500945339437, 0.594237838932, 0.601103230595, 0.401656390637, 0.498079997915, 28.9781120976, 25.417487184, 34.3138019852
3.54843544603e-06, 0.407772456334, 0.699108312316, 0.2948057124, 0.601748113025, 0.501015821894, 0.396181312059, 0.592087274039, 0.594237838932, 0.601103230595, 0.401656390637, 0.498079997915, 35.4526954951, 26.4251638205, 0.000246462290961
0.999999996129, 0.999999850039, 0.392470858284, 0.707023340558, 0.833013640789, 0.301585314499, 0.127842992557, 0.901463013751, 0.623705132449, 0.601103230595, 0.311846584778, 0.260857648269, 9.26694079548e-13, 3.93402504592e-06, 646.924930426
0.463063795646, 1.09616373247e-05, 0.699108312316, 0.497726738344, 0.407949607471, 0.602672720541, 0.403849799954, 0.592087274039, 0.498019567738, 0.504312548888, 0.401656390637, 0.704431065348, 39.1521922503, 0.000674142008442, 34.8536065759
0.463063795646, 1.09616373247e-05, 0.699108312316, 0.497726738344, 0.407949607471, 0.602672720541, 0.403849799954, 0.592087274039, 0.498019567738, 0.504312548888, 0.401656390637, 0.704431065348, 39.1521922503, 0.000674142008442, 34.8536065759
0.463063795646, 1.09616373247e-05, 0.699108312316, 0.497726738344, 0.407949607471, 0.602672720541, 0.403849799954, 0.592087274039, 0.498019567738, 0.504312548888, 0.401656390637, 0.704431065348, 39.1521922503, 0.000674142008442, 34.8536065759
0.463063795646, 1.09616373247e-05, 0.699108312316, 0.497726738344, 0.407949607471, 0.602672720541, 0.403849799954, 0.592087274039, 0.498019567738, 0.504312548888, 0.401656390637, 0.704431065348, 39.1521922503, 0.000674142008442, 34.8536065759
3.54843544603e-06, 0.999988885205, 0.402012890155, 0.2948057124, 0.394866077167, 0.395529020819, 0.504234466876, 0.592087274039, 0.594237838932, 0.601103230595, 0.401656390637, 0.491675257072, 0.00110892904879, 63.5158973207, 0.000354029314292
3.12168735306e-10, 3.41480452071e-06, 0.402012890155, 0.2948057124, 0.407949607471, 0.395529020819, 0.403849799954, 0.592087274039, 0.594237838932, 0.504312548888, 0.401656390637, 0.704431065348, 67.6735652576, 0.000362998459373, 3.31839697687e-08
8.27069362108e-07, 0.999999912541, 0.402012890155, 0.2948057124, 0.704542455879, 0.395529020819, 0.518451885975, 0.592087274039, 0.594237838932, 0.601103230595, 0.401656390637, 0.491675257072, 1.67608713492e-05, 122.003653042, 0.00015850196283
8.27069362108e-07, 0.999999912541, 0.402012890155, 0.2948057124, 0.704542455879, 0.395529020819, 0.518451885975, 0.592087274039, 0.594237838932, 0.601103230595, 0.401656390637, 0.491675257072, 1.67608713492e-05, 122.003653042, 0.00015850196283
0.999999988244, 0.999983849372, 0.402012890155, 0.697461187275, 0.704542455879, 0.501015821894, 0.396181312059, 0.294031107558, 0.594237838932, 0.601103230595, 0.401656390637, 0.498079997915, 1.98459945003e-11, 7.82282435147e-07, 42.3642654133
0.999999988244, 0.999983849372, 0.402012890155, 0.697461187275, 0.704542455879, 0.501015821894, 0.396181312059, 0.294031107558, 0.594237838932, 0.601103230595, 0.401656390637, 0.498079997915, 1.98459945003e-11, 7.82282435147e-07, 42.3642654133
4.16821593907e-07, 0.858886863766, 0.392470858284, 0.707023340558, 0.404718446665, 0.501015821894, 0.396181312059, 0.397678075036, 0.594237838932, 0.601103230595, 0.401656390637, 0.498079997915, 10.8603299924, 48.1903699749, 3.23435738646e-05
2.56020094014e-09, 0.999999912541, 0.435095957164, 0.0239354188113, 0.404718446665, 0.501015821894, 0.396181312059, 0.397678075036, 0.1982874704, 0.870430597851, 0.401656390637, 0.260857648269, 8.58293824428e-05, 624.758580757, 2.51250051481e-06
0.999999999985, 7.34031980199e-08, 0.392470858284, 0.60328649856, 0.397900693363, 0.395529020819, 0.893234555187, 0.00590547319903, 0.49696427013, 0.504312548888, 0.394390732074, 0.498079997915, 2.12909217902e-09, 2.4548746615e-16, 92.2881411978
4.30158242359e-10, 1.44595849183e-08, 0.392470858284, 0.2948057124, 0.799159836532, 0.306998583262, 0.188897963518, 0.901463013751, 0.594237838932, 0.592386116039, 0.428957502638, 0.74303709767, 435.586339153, 9.8934999094e-06, 2.94321763443e-07
0.999999996129, 0.999999850039, 0.392470858284, 0.707023340558, 0.799159836532, 0.301585314499, 0.137424738282, 0.901463013751, 0.0605760077849, 0.601103230595, 0.210356632615, 0.260857648269, 9.34025342531e-13, 3.96514790818e-06, 652.042883481
4.30158242359e-10, 2.61992229211e-06, 0.609052719985, 0.2948057124, 0.402122221092, 0.395529020819, 0.403849799954, 0.592087274039, 0.594237838932, 0.504312548888, 0.185303493306, 0.704431065348, 119.714958598, 0.000492670668343, 8.08903185393e-08
0.999999996129, 0.999997618539, 0.392470858284, 0.707023340558, 0.799159836532, 0.301585314499, 0.473836054416, 0.901463013751, 0.0605760077849, 0.601103230595, 0.401656390637, 0.498079997915, 8.32514326069e-12, 2.2255039159e-06, 365.96970003
2.56020094014e-09, 0.999999469905, 0.402012890155, 0.0239354188113, 0.704542455879, 0.501015821894, 0.19037193274, 0.478938629275, 0.1982874704, 0.908858742845, 0.401656390637, 0.260857648269, 0.000380025281674, 456.39282049, 1.83540847898e-06
0.038807521716, 0.999999995745, 0.402012890155, 0.2948057124, 0.704542455879, 0.395529020819, 0.518451885975, 0.592087274039, 0.594237838932, 0.601103230595, 0.401656390637, 0.440089062914, 1.93610080951e-06, 289.675478678, 17.6801492717
0.999999996129, 0.999988885205, 0.392470858284, 0.707023340558, 0.704542455879, 0.301585314499, 0.473836054416, 0.297142164818, 0.594237838932, 0.601103230595, 0.401656390637, 0.485507550184, 2.14038501037e-11, 1.2259438482e-06, 201.598523031
1.72214376093e-09, 5.79107317655e-11, 0.904779599673, 0.697461187275, 0.799159836532, 0.821205677925, 0.473836054416, 0.592087274039, 0.50953782641, 0.601103230595, 0.401656390637, 0.485507550184, 302.047898662, 2.74760784993e-08, 8.170809748e-07
4.30158242359e-10, 0.805279886262, 0.699108312316, 0.2948057124, 0.309681196923, 0.305891270896, 0.403849799954, 0.309759303864, 0.701000626294, 0.504312548888, 0.681813721533, 0.714281508428, 55.4914087688, 175.730892051, 1.24519129909e-07
5.79510276433e-08, 2.02235090174e-07, 0.402012890155, 0.2948057124, 0.404718446665, 0.501015821894, 0.552222863143, 0.901463013751, 0.498019567738, 0.501801672222, 0.396414522925, 0.498079997915, 239.301589166, 7.60189685656e-05, 2.17834469031e-05
1.02332273766e-07, 2.18911257455e-08, 0.378467060164, 0.303059449722, 0.296346010992, 0.602672720541, 0.19037193274, 0.901463013751, 0.803210190307, 0.601103230595, 0.401656390637, 0.491675257072, 167.059848954, 5.74460348108e-06, 2.68537279872e-05
2.56020094014e-09, 0.999999610588, 0.435095957164, 0.0239354188113, 0.404718446665, 0.229237450788, 0.396181312059, 0.397678075036, 0.1982874704, 0.870430597851, 0.401656390637, 0.415266969104, 0.000378122876899, 618.164777075, 2.48598317571e-06
0.999999999065, 0.999162633361, 0.605175817165, 0.697992302478, 0.300164786035, 0.395529020819, 0.403849799954, 0.309759303864, 0.498019567738, 0.498969112803, 0.401656390637, 0.823829698702, 2.94284799554e-10, 2.23734031637e-07, 152.377708588
1.78568039244e-08, 2.18911257455e-08, 0.7848663263, 0.303059449722, 0.368144792962, 0.602672720541, 0.19037193274, 0.901463013751, 0.803210190307, 0.601103230595, 0.401656390637, 0.387650521782, 290.441736478, 9.98727474537e-06, 8.14671702776e-06
3.54843544603e-06, 0.999988885205, 0.402012890155, 0.2948057124, 0.704542455879, 0.395529020819, 0.504234466876, 0.592087274039, 0.594237838932, 0.601103230595, 0.401656390637, 0.491675257072, 0.00114325543541, 65.4820025914, 0.000364988128229
3.54843544603e-06, 0.999999912541, 0.402012890155, 0.2948057124, 0.404718446665, 0.395529020819, 0.518451885975, 0.592087274039, 0.594237838932, 0.601103230595, 0.401656390637, 0.491675257072, 1.63544036688e-05, 119.044943986, 0.000663540966289
5.34878119574e-09, 4.2742879966e-06, 0.402012890155, 0.2948057124, 0.404718446665, 0.501015821894, 0.188897963518, 0.592087274039, 0.594237838932, 0.601103230595, 0.396414522925, 0.803496118573, 87.5609358237, 0.000587887265229, 7.35673485735e-07
0.778126358052, 0.469275945568, 0.402012890155, 0.707023340558, 0.404718446665, 0.501015821894, 0.396181312059, 0.693165848253, 0.594237838932, 0.601103230595, 0.401656390637, 0.498079997915, 12.5715430101, 11.4131143762, 46.7303457812
5.52410844956e-07, 7.72826802553e-11, 0.392470858284, 0.2948057124, 0.404718446665, 0.395529020819, 0.19037193274, 0.693165848253, 0.594237838932, 0.601103230595, 0.401656390637, 0.498079997915, 83.9219160212, 1.01877303907e-08, 7.2821138381e-05
2.56020094014e-09, 0.999998100401, 0.912088628054, 0.00467050005762, 0.799159836532, 0.301585314499, 0.396181312059, 0.407222697946, 0.50953782641, 0.592386116039, 0.401656390637, 0.305404233663, 0.000427422173544, 143.243608443, 5.76061939834e-07
0.778126358052, 0.858886863766, 0.402012890155, 0.707023340558, 0.404718446665, 0.501015821894, 0.396181312059, 0.693165848253, 0.594237838932, 0.601103230595, 0.401656390637, 0.498079997915, 3.73292777791, 16.5640612056, 46.7303457812
0.732513575184, 0.000255178597692, 0.696350231056, 0.2948057124, 0.29617280498, 0.602672720541, 0.403849799954, 0.704905401478, 0.594237838932, 0.504312548888, 0.401656390637, 0.497199263142, 21.7322258941, 0.00871100689311, 48.6427157892
0.463063795646, 0.458387534143, 0.699108312316, 0.2948057124, 0.407949607471, 0.400463379543, 0.403849799954, 0.592087274039, 0.594237838932, 0.601103230595, 0.401656390637, 0.498079997915, 31.6512304277, 27.7621516904, 37.479116991
0.999999996998, 0.999944468487, 0.392470858284, 0.697461187275, 0.704542455879, 0.395529020819, 0.19037193274, 0.294031107558, 0.594237838932, 0.601103230595, 0.401656390637, 0.498079997915, 3.32955896947e-11, 3.81704542599e-07, 80.9432617481
0.0259591043763, 0.99999992287, 0.402012890155, 0.2948057124, 0.704542455879, 0.395529020819, 0.518451885975, 0.592087274039, 0.594237838932, 0.601103230595, 0.401656390637, 0.491675257072, 1.47690611787e-05, 121.902238129, 4.97349926224
0.463063795646, 0.458387534143, 0.699108312316, 0.2948057124, 0.407949607471, 0.400463379543, 0.403849799954, 0.592087274039, 0.594237838932, 0.601103230595, 0.401656390637, 0.498079997915, 31.6512304277, 27.7621516904, 37.479116991
4.16821593907e-07, 0.492599000536, 0.203030987746, 0.707023340558, 0.404718446665, 0.501015821894, 0.396181312059, 0.592087274039, 0.594237838932, 0.504312548888, 0.401656390637, 0.498079997915, 43.7182353683, 42.7133825423, 4.00181566768e-05
0.0358780284648, 0.999999808079, 0.402012890155, 0.697461187275, 0.704542455879, 0.395529020819, 0.396181312059, 0.294031107558, 0.1982874704, 0.601103230595, 0.401656390637, 0.498079997915, 1.48937383376e-05, 49.4040001989, 2.78721643014
0.382437247618, 0.999894476649, 0.699108312316, 0.707023340558, 0.397900693363, 0.602672720541, 0.403849799954, 0.294031107558, 0.498019567738, 0.501801672222, 0.401656390637, 0.498079997915, 0.0057479636536, 34.6773225163, 23.76126652
3.54843544603e-06, 0.407772456334, 0.402012890155, 0.2948057124, 0.601748113025, 0.501015821894, 0.396181312059, 0.592087274039, 0.594237838932, 0.601103230595, 0.192699809447, 0.498079997915, 48.2082880798, 35.9327236541, 0.000335137426296
0.999999999985, 2.02235090174e-07, 0.392470858284, 0.60328649856, 0.397900693363, 0.395529020819, 0.893234555187, 0.40067875269, 0.49696427013, 0.504312548888, 0.394390732074, 0.498079997915, 1.43374015456e-09, 4.55456431027e-16, 62.1472452571
0.463063795646, 0.652337787775, 0.699108312316, 0.497726738344, 0.407949607471, 0.602672720541, 0.403849799954, 0.592087274039, 0.498019567738, 0.504312548888, 0.401656390637, 0.704431065348, 20.3342389227, 33.4576282168, 34.8536065759
4.30158242359e-10, 2.18911257455e-08, 0.523123336433, 0.2948057124, 0.799159836532, 0.306998583262, 0.188897963518, 0.901463013751, 0.50953782641, 0.592386116039, 0.311846584778, 0.182494725245, 294.895871568, 1.01404368613e-05, 1.99258482534e-07
1.10095216832e-07, 0.389339164765, 0.402012890155, 0.2948057124, 0.404718446665, 0.501015821894, 0.396181312059, 0.901463013751, 0.594237838932, 0.601103230595, 0.396414522925, 0.899916633597, 54.3907371136, 38.1421642058, 1.14885177599e-05
0.999999999985, 0.00097075366428, 0.605175817165, 0.2948057124, 0.697026289668, 0.501015821894, 0.403849799954, 0.592087274039, 0.498019567738, 0.504312548888, 0.401656390637, 0.704431065348, 1.23229699119e-09, 1.87907727465e-12, 53.4155035928
4.07571565356e-05, 0.705048684657, 0.402012890155, 0.2948057124, 0.404718446665, 0.501015821894, 0.396181312059, 0.693165848253, 0.498019567738, 0.601103230595, 0.394390732074, 0.498079997915, 19.8873252855, 39.8083990154, 0.00284891738562
