0.186214484352, 0.000406941613344, 0.508968260808, 0.0727367797124, 0.444030265824, 0.597982919695, 0.486569956626, 0.286740360115, 0.604704895735, 0.603307801131, 0.584102511655, 0.208855103615, 0.370575272132, 0.532181699661, 1.18965392586, 2.79864281801e-114, 8.72188955202e-30, 0.0, 1.87450410181e-73
0.603634266656, 0.279400331606, 0.853008692748, 0.994435713898, 0.469510679067, 0.536446313916, 0.67753126069, 0.440959143523, 0.463544436387, 0.723198291701, 0.790117352357, 0.677634726824, 0.229018994838, 0.464833998021, 0.795849103954, 1.00097266135, 2.50188429215e-07, 8.42584076588e-56, 2.40054624003e-22
0.00429254902091, 0.0264104275502, 0.401784953345, 0.710013194393, 0.469510679067, 0.123738116471, 0.373135092336, 0.256538028408, 0.509721548285, 0.57351352344, 0.951758609972, 0.258759398802, 0.730798419117, 0.486461253267, 1.53910386401, 3.23615822752e-15, 6.0639367822e-40, 3.63857220542e-158, 4.51766637938e-237
0.0128827957521, 0.166984536433, 0.0439469661444, 0.41942960351, 0.349305162058, 0.693176028783, 0.42272814249, 0.598633803064, 0.569597716591, 0.216583768938, 0.605853024635, 0.0549409847287, 0.338791444275, 0.997634178173, 1.64380444516, 4.76297186994e-38, 5.06827233549e-136, 4.78184565168e-78, 2.58810664632e-189
0.370518332484, 0.0295811910783, 0.363357194868, 0.000608480434155, 0.524731599549, 0.536446313916, 0.614883353883, 0.214535744396, 0.392531476446, 0.779442977152, 0.129119101767, 0.633985370945, 0.517374542703, 0.408936482167, 1.35036503239, 5.68175492717e-322, 2.29059059e-44, 2.68001198524e-153, 1.61265380169e-43
0.209503637399, 0.997205575762, 0.231217031138, 0.114597590016, 0.469510679067, 0.439689775192, 0.393505428499, 0.155277178391, 0.68144207265, 0.501070118856, 0.519912397011, 0.787866577029, 0.428588334354, 0.303715703165, 0.484281407214, 6.29167274961e-95, 1.91955128847e-64, 1.20055997243, 2.675451928e-68
0.0148723954817, 0.97294528662, 0.00407941529385, 0.174561761139, 0.996644008118, 0.404414930304, 0.533232652621, 0.50719065716, 0.417584712331, 0.159850276632, 0.838791200234, 0.0821532972908, 0.372227591504, 0.766394978674, 1.74713359027, 4.29890129176e-76, 3.14947354694e-239, 0.177326030808, 4.7726985316e-183
0.143340227409, 0.998482254847, 0.231217031138, 0.0313036537417, 0.444030265824, 0.473791621148, 0.393505428499, 0.155277178391, 0.858413459275, 0.814236500207, 0.519912397011, 0.761637354811, 0.428588334354, 0.611999075191, 0.317839366474, 1.81063399602e-151, 1.25982322748e-64, 1.41237169347, 9.85383604823e-85
0.0147825384722, 0.0181253519129, 0.0374814880765, 0.00222126428306, 0.202037495152, 0.466939703708, 0.657463235844, 0.578699869451, 0.615959687794, 0.510402836207, 0.394643795671, 0.512513656699, 0.369030812545, 0.568477411179, 1.16751645107, 8.38313048061e-266, 4.41636909292e-143, 1.23602604767e-174, 1.73095062587e-183
0.0268762263349, 0.0315928540939, 0.660723171715, 0.992194200983, 0.469510679067, 0.685830195281, 0.278576763935, 0.571010744694, 0.509721548285, 0.435435811766, 0.347643664545, 0.514642513555, 0.148577371336, 0.198641299316, 1.00329838168, 0.875434735315, 2.10100580166e-18, 1.90265322288e-150, 1.80843307913e-157
0.990367850322, 0.997205575762, 0.360493883929, 0.0607764166536, 0.469510679067, 0.439689775192, 0.722695016382, 0.57932236876, 0.303904803958, 0.63701741301, 0.711645118743, 0.0134631085951, 0.730798419117, 0.486461253267, 0.449507091161, 1.66865093504e-122, 3.45657926393e-45, 1.11435254984, 0.816290973125
0.223652092835, 0.0118827224693, 0.0347150204548, 0.327339734416, 0.469510679067, 0.569218855504, 0.475654344068, 0.256538028408, 0.509721548285, 0.582381552261, 0.997441056284, 0.258759398802, 0.730798419117, 0.486461253267, 1.43156435995, 7.10891508203e-49, 2.53322230604e-146, 6.97470990326e-193, 2.03810897128e-65
0.733531739771, 0.701361542294, 0.577106248887, 0.992194200983, 0.469019871559, 0.685830195281, 0.540798725158, 0.384471162045, 0.509721548285, 0.435435811766, 0.596471835958, 0.605739519044, 0.501681180828, 0.486461253267, 0.810332163331, 0.707060766644, 2.25571441335e-24, 6.63592218504e-16, 5.88298133715e-14
0.0640100187801, 0.00399781948181, 0.0645173742483, 0.998474833248, 0.458967319034, 0.659216628795, 0.327733779901, 0.550934582439, 0.45949692928, 0.422666642831, 0.947031137891, 0.446752592494, 0.157964394326, 0.541744340258, 0.306163616296, 1.35414822189, 2.02432500371e-119, 3.31840845602e-240, 9.19194253843e-120
0.990367850322, 0.97294528662, 0.00622346686233, 0.561132255438, 0.469510679067, 0.404414930304, 0.533232652621, 0.50719065716, 0.416562141373, 0.159850276632, 0.838791200234, 0.0235825176013, 0.372227591504, 0.627460270942, 1.24118710669, 1.57210127453e-25, 4.93395604124e-221, 0.125974787701, 0.847517043436
0.00429254902091, 0.963221676499, 0.401784953345, 0.320592309941, 0.524731599549, 0.569218855504, 0.629048340038, 0.660308094784, 0.156299416183, 0.410624780906, 0.347643664545, 0.315787217432, 0.369030812545, 0.812626190183, 1.3449844729, 8.32045772314e-50, 5.29912308548e-40, 0.0498494804539, 3.95058658886e-237
0.00626404671597, 0.997205575762, 0.0377725676826, 0.0526909906721, 0.684482143621, 0.644637588898, 0.23351740488, 0.78384004446, 0.563678002123, 0.520514413306, 0.344273411541, 0.211767251055, 0.679999829099, 0.303715703165, 0.519711151103, 1.21763835047e-128, 4.26120784873e-143, 1.2883922363, 1.05779967091e-220
0.027792034646, 0.0765346599808, 0.196556962272, 0.994375822284, 0.788171522385, 0.287039208416, 0.535466904728, 0.187907897304, 0.463544436387, 0.283389224827, 0.516778866887, 0.00107466035495, 0.480073069196, 0.464833998021, 0.956219664318, 1.1894385378, 5.35252840315e-71, 5.82816082958e-112, 5.91221293268e-156
0.782010103481, 0.110814889443, 0.0164535420785, 0.0313036537417, 0.684979741647, 0.721167378597, 0.705813494357, 0.660308094784, 0.296659474667, 0.435435811766, 0.394643795671, 0.674439478499, 0.780785009725, 0.568477411179, 1.32176473651, 7.52969084106e-151, 8.77434404461e-179, 5.98529815036e-96, 4.35021229228e-11
0.0640100187801, 0.00399781948181, 0.0645173742483, 0.0313393049639, 0.458967319034, 0.659216628795, 0.327733779901, 0.550934582439, 0.45949692928, 0.422666642831, 0.947031137891, 0.446752592494, 0.157964394326, 0.541744340258, 1.38832761508, 8.86232953221e-151, 2.02432500371e-119, 3.31840845602e-240, 9.19194253843e-120
0.00626404671597, 0.0675727274477, 0.246004585497, 0.994260133429, 0.0313866925309, 0.409869563579, 0.815675207519, 0.586199958266, 0.509721548285, 0.435435811766, 0.347643664545, 0.514642513555, 0.148577371336, 0.303715703165, 0.967431761081, 1.17823274406, 2.97558807389e-61, 2.27194309036e-117, 1.16078387298e-220
0.654567208066, 0.196527910293, 0.0112304261656, 0.997317021992, 0.788171522385, 0.346054847064, 0.544573759551, 0.187907897304, 0.502432176049, 0.530119367998, 0.629116118127, 0.00142902387344, 0.262917424231, 0.0285095105446, 0.633234624169, 1.63227147503, 3.01286586435e-195, 6.05033931144e-71, 1.08337938097e-18
0.027792034646, 0.000122290769255, 0.0177313728545, 0.0125647680994, 0.634474649492, 0.409869563579, 0.705813494357, 0.183198086704, 0.463544436387, 0.51265544242, 0.279285406454, 0.107955223279, 0.0499492781339, 0.568477411179, 1.58006758885, 2.04288203846e-190, 1.85794033966e-175, 0.0, 6.12110447164e-156
0.0490379096352, 0.558438719647, 0.764571726881, 0.992194200983, 0.604477280868, 0.751473899332, 0.633858979682, 0.621393656736, 0.482452192144, 0.774181274077, 0.610831995144, 0.363625271527, 0.370575272132, 0.720404440566, 0.963337262334, 0.840566392481, 4.4120977946e-12, 1.00086149333e-25, 2.26995167396e-131
0.603634266656, 0.279400331606, 0.978148427968, 0.997562929472, 0.469510679067, 0.536446313916, 0.67753126069, 0.440959143523, 0.463544436387, 0.552089977686, 0.790117352357, 0.677634726824, 0.229018994838, 0.464833998021, 0.404780122038, 1.14392472716, 0.211321862294, 8.11547742597e-56, 2.31212283287e-22
0.584631244357, 0.0366125023051, 0.134993272836, 0.990879135512, 0.679973807909, 0.680120162407, 0.533232652621, 0.762246612587, 0.563678002123, 0.520514413306, 0.523989141448, 0.208855103615, 0.544595633662, 0.565160678383, 0.995699230763, 0.723436292397, 2.07733673773e-87, 4.45897908534e-144, 9.42966772138e-24
0.0047563941181, 0.0181253519129, 0.0439469661444, 0.41942960351, 0.349305162058, 0.693176028783, 0.42272814249, 0.497452427391, 0.125553234055, 0.216583768938, 0.394643795671, 0.0332288017732, 0.338791444275, 0.997634178173, 1.78914173793, 5.18409096302e-38, 5.51638462918e-136, 1.89412816327e-174, 1.50157822602e-232
0.779155826774, 0.693157841426, 0.0175682059123, 0.994375822284, 0.943061698161, 0.402795211642, 0.460134702466, 0.662646189695, 0.56453026603, 0.222127426607, 0.347643664545, 0.507321193925, 0.49433451424, 0.719239001768, 0.868746549651, 1.08063101429, 6.46833559575e-176, 2.63794234823e-16, 3.16580032944e-11
0.0031383427907, 0.350932778815, 0.00622346686233, 0.597040337317, 0.684979741647, 0.404414930304, 0.940118357941, 0.294626928003, 0.560484534827, 0.603307801131, 0.524863275887, 0.121980062381, 0.369030812545, 0.812626190183, 1.55197247737, 9.7134003776e-23, 6.16938730611e-221, 8.11703508642e-46, 1.14035935588e-250
0.00429254902091, 0.363064966076, 0.333771972612, 0.710013194393, 0.469510679067, 0.409869563579, 0.562320489237, 0.511713010493, 0.392531476446, 0.61807620454, 0.951758609972, 0.102824578096, 0.730798419117, 0.803572923474, 1.54582419347, 3.2502885601e-15, 5.37361467658e-48, 2.41943717638e-44, 4.5373922778e-237
0.0545250800108, 0.264027302955, 0.00267740980304, 0.814075241516, 0.338910252427, 0.647095535985, 0.47237044513, 0.434239177005, 0.417584712331, 0.00447788772803, 0.610831995144, 0.740787282674, 0.289479460381, 0.532181699661, 1.42062613105, 2.60048497983e-09, 1.3185135386e-257, 3.26199744509e-58, 1.01913291893e-126
0.0102347062868, 0.166984536433, 0.0439469661444, 0.523633657263, 0.349305162058, 0.693176028783, 0.42272814249, 0.598633803064, 0.463544436387, 0.735506726063, 0.519912397011, 0.223407112255, 0.628148449665, 0.837595073966, 1.33981049371, 1.68235876901e-28, 4.13098071372e-136, 3.89752382184e-78, 2.14141895025e-199
0.000810427554896, 0.693157841426, 0.00622346686233, 0.561132255438, 0.684979741647, 0.312739442481, 0.533232652621, 0.571010744694, 0.362653567156, 0.159850276632, 0.584102511655, 0.381042417507, 0.741695189293, 0.532181699661, 1.29067319843, 1.63478090395e-25, 5.1306727167e-221, 2.4555581864e-16, 1.50784274114e-309
0.370518332484, 0.168018206817, 0.363357194868, 0.000608480434155, 0.524731599549, 0.536446313916, 0.614883353883, 0.214535744396, 0.601414055928, 0.779442977152, 0.605853024635, 0.633985370945, 0.517374542703, 0.408936482167, 1.22275258173, 5.13828271675e-322, 2.07412476658e-44, 6.59315069392e-78, 1.46025448834e-43
0.752311213368, 0.997205575762, 0.231217031138, 0.114597590016, 0.469510679067, 0.439689775192, 0.393505428499, 0.155277178391, 0.617143943415, 0.501070118856, 0.519912397011, 0.787866577029, 0.428588334354, 0.303715703165, 0.477099412515, 6.19836592499e-95, 1.89108394083e-64, 1.18275541659, 8.73987039446e-13
0.209503637399, 0.997205575762, 0.577106248887, 0.992194200983, 0.469510679067, 0.439689775192, 0.722695016382, 0.670170796375, 0.531534668843, 0.63701741301, 0.60216612572, 0.326190655078, 0.196163466194, 0.486461253267, 0.348404828995, 0.304002971422, 9.69851414034e-25, 1.14628788964, 2.55450640935e-68
0.992652263798, 0.006349541256, 0.508968260808, 0.0313036537417, 0.866502704841, 0.0433606453191, 0.486569956626, 0.286740360115, 0.690403587852, 0.504142624354, 0.610831995144, 0.315787217432, 0.511924019321, 0.514246188947, 1.07522155618, 6.125209487e-151, 7.88293423242e-30, 3.17579730171e-220, 1.0043570905
0.603634266656, 0.0304386728387, 0.853008692748, 0.997562929472, 0.469510679067, 0.536446313916, 0.67753126069, 0.440959143523, 0.463544436387, 0.723198291701, 0.790117352357, 0.677634726824, 0.229018994838, 0.464833998021, 0.426585744938, 1.20554828491, 2.50188429215e-07, 4.42071790293e-152, 2.40054624003e-22
0.0147825384722, 0.00584172670756, 0.0374814880765, 0.00222126428306, 0.202037495152, 0.466939703708, 0.657463235844, 0.578699869451, 0.711971078171, 0.510402836207, 0.394643795671, 0.512513656699, 0.369030812545, 0.568477411179, 1.19900153986, 8.60920319013e-266, 4.53546786269e-143, 8.49304015053e-224, 1.77763016867e-183
0.562916898439, 0.0746465054, 0.577106248887, 0.996721860239, 0.511847232237, 0.439689775192, 0.722695016382, 0.670170796375, 0.352984521934, 0.63701741301, 0.60216612572, 0.504169690272, 0.196163466194, 0.486461253267, 0.521675331518, 1.10911012144, 2.57081970457e-24, 3.84983418216e-113, 2.1326645326e-25
0.00429254902091, 0.0669920451091, 0.401784953345, 0.173285222532, 0.469510679067, 0.123738116471, 0.373135092336, 0.511713010493, 0.509721548285, 0.57351352344, 0.951758609972, 0.258759398802, 0.730798419117, 0.486461253267, 1.47996732701, 1.7479332536e-76, 5.83094391521e-40, 9.30455489875e-118, 4.34408540722e-237
0.584631244357, 0.0366125023051, 0.134993272836, 0.989525196424, 0.684482143621, 0.680120162407, 0.533232652621, 0.762246612587, 0.563678002123, 0.520514413306, 0.508227857847, 0.208855103615, 0.544595633662, 0.565160678383, 1.05148874799, 0.641828886866, 2.07925296247e-87, 4.4630922394e-144, 9.43836605241e-24
0.000810427554896, 0.939174151736, 0.193870231868, 0.0397049217256, 0.524731599549, 0.569218855504, 0.643567585246, 0.936234778652, 0.416562141373, 0.159850276632, 0.460109218103, 0.315787217432, 0.0555454401334, 0.812626190183, 1.66977236432, 2.01007177237e-140, 1.47873420175e-71, 0.00493618625253, 1.95073791216e-309
0.209503637399, 0.997205575762, 0.401784953345, 0.114597590016, 0.524731599549, 0.439689775192, 0.393505428499, 0.155277178391, 0.531534668843, 0.501070118856, 0.519912397011, 0.787866577029, 0.428588334354, 0.486461253267, 0.457874709716, 5.94860300426e-95, 1.80398695554e-40, 1.13509633177, 2.52956598508e-68
0.370518332484, 0.00472579889822, 0.00134844049436, 0.000608480434155, 0.524731599549, 0.409869563579, 0.56333333346, 0.371006618567, 0.392531476446, 0.779442977152, 0.129119101767, 0.633985370945, 0.517374542703, 0.803572923474, 1.3669865271, 5.73116149176e-322, 2.06567847638e-287, 6.01738476673e-233, 1.63250378002e-43
0.990367850322, 0.363064966076, 0.189699029232, 0.0115697483532, 0.469510679067, 0.439689775192, 0.476377455687, 0.670170796375, 0.389045695613, 0.470549824342, 0.711645118743, 0.0235825176013, 0.544595633662, 0.416942665867, 1.09842690696, 3.70921781545e-194, 1.10510077374e-72, 1.71919608029e-44, 0.746202823869
0.584631244357, 0.065121536301, 0.0167956955952, 0.218025460935, 0.367411258846, 0.680120162407, 0.533232652621, 0.762246612587, 0.563678002123, 0.520514413306, 0.523989141448, 0.208855103615, 0.544595633662, 0.565160678383, 1.21595198546, 1.35443333894e-66, 6.32172780678e-178, 4.50298043612e-119, 9.31619264825e-24
0.0268762263349, 0.00092177846811, 0.660723171715, 0.992194200983, 0.728417369729, 0.435343590348, 0.278576763935, 0.571010744694, 0.442075248446, 0.404831002407, 0.305265392352, 0.514642513555, 0.148577371336, 0.198641299316, 1.03626422847, 0.90419930614, 2.17003953741e-18, 6.26858872649e-304, 1.86785361534e-157
0.557557576725, 0.997205575762, 0.154534486024, 0.992194200983, 0.684482143621, 0.680120162407, 0.24508932442, 0.670170796375, 0.352984521934, 0.520514413306, 0.523989141448, 0.211767251055, 0.196163466194, 0.486461253267, 0.382953625645, 0.33414875577, 6.37867890615e-82, 1.2599570007, 9.08206165934e-26
0.0014732923988, 0.900838533294, 0.401784953345, 0.175986535346, 0.524731599549, 0.569218855504, 0.772759979361, 0.936234778652, 0.156299416183, 0.410624780906, 0.347643664545, 0.446752592494, 0.369030812545, 0.532181699661, 1.44045603923, 7.99031730312e-76, 5.67527284136e-40, 6.59652735308e-05, 1.52586005924e-283
0.897526881108, 0.590770262864, 0.234228093541, 0.997727025373, 0.673786497929, 0.0103829929614, 0.546535534706, 0.662646189695, 0.392531476446, 0.61807620454, 0.357764438832, 0.507321193925, 0.535060668923, 0.531438609666, 0.423182767414, 1.27831339755, 1.9464235512e-63, 2.93225435865e-23, 4.26663469472e-05
0.308376883268, 0.000122290769255, 0.0177313728545, 0.0125647680994, 0.560984988956, 0.324191478453, 0.284222376173, 0.712192240763, 0.463544436387, 0.51265544242, 0.282490973369, 0.580058194526, 0.289479460381, 0.568477411179, 1.23043004807, 1.59083286217e-190, 1.4468150841e-175, 0.0, 1.56443772903e-51
6.13039597794e-05, 0.997205575762, 0.193870231868, 0.020963051548, 0.524731599549, 0.569218855504, 0.643567585246, 0.487306736504, 0.416562141373, 0.57351352344, 0.460109218103, 0.315787217432, 0.0555454401334, 0.0348819223751, 0.556625769506, 1.22217504455e-168, 4.92942379771e-72, 1.37990558493, 0.0
0.0545250800108, 0.0295811910783, 0.011733599, 0.0313036537417, 0.0328421878554, 0.203328438948, 0.399096424481, 0.200277783142, 0.417584712331, 0.943701989382, 0.610831995144, 0.290359313563, 0.535060668923, 0.532181699661, 1.6684269713, 9.50451993287e-151, 2.29906513338e-193, 3.31125597325e-153, 1.19690100873e-126
0.298138151279, 0.110814889443, 0.0164535420785, 0.50122414368, 0.684979741647, 0.130770368245, 0.705813494357, 0.660308094784, 0.296659474667, 0.435435811766, 0.394643795671, 0.00238156349122, 0.780785009725, 0.568477411179, 1.62637522482, 2.57358716026e-30, 1.07964567173e-178, 7.36465450772e-96, 7.06473766142e-53
0.027792034646, 0.196527910293, 0.196556962272, 0.994375822284, 0.788171522385, 0.287039208416, 0.533232652621, 0.187907897304, 0.463544436387, 0.385158908343, 0.516778866887, 0.00107466035495, 0.480073069196, 0.464833998021, 0.93498857173, 1.16302925061, 5.23368539004e-71, 5.15689246902e-71, 5.7809431577e-156
0.00957934701978, 0.24144335275, 0.161330340668, 0.232579611292, 0.808867593143, 0.436242267375, 0.286495041887, 0.571010744694, 0.618132889161, 0.306704689472, 0.406322340311, 0.633985370945, 0.49433451424, 0.412253761226, 1.23586867184, 8.81568848896e-64, 1.14735361249e-79, 3.71208165815e-62, 2.64047963678e-202
0.168887018269, 0.000184763896047, 0.622145400185, 0.0081082856264, 0.462094638411, 0.653132655395, 0.6876054494, 0.94469464321, 0.563678002123, 0.0124453234851, 0.587751840552, 0.181295510228, 0.171893332948, 0.358885359698, 1.73644027147, 2.13149158445e-209, 6.68296488628e-21, 0.0, 1.56821841026e-77
0.0198500812154, 0.0873334673367, 0.0400342289379, 0.997317021992, 0.788171522385, 0.346054847064, 0.671052325312, 0.670170796375, 0.502432176049, 0.627604023129, 0.451035155147, 0.00142902387344, 0.0555454401334, 0.464833998021, 0.589903508825, 1.52057805073, 4.48455411263e-140, 3.36234852452e-106, 1.53038686574e-170
0.733531739771, 0.974293534301, 0.0645173742483, 0.992194200983, 0.469019871559, 0.685830195281, 0.540798725158, 0.384471162045, 0.509721548285, 0.435435811766, 0.596471835958, 0.605739519044, 0.501681180828, 0.486461253267, 0.804870204329, 0.702294897665, 1.55753423764e-119, 0.124655419272, 5.88298133715e-14
0.020791104675, 0.0187427109934, 0.0167956955952, 0.844592460995, 0.991751556094, 0.262985255175, 0.544573759551, 0.495504796417, 0.846949176882, 0.520514413306, 0.331628996468, 0.290359313563, 0.544595633662, 0.362805590106, 1.51390627046, 1.0988512722e-07, 7.8707905257e-178, 4.56519906987e-173, 1.45873148564e-168
0.027792034646, 0.468966751428, 0.196556962272, 0.997541536763, 0.788171522385, 0.287039208416, 0.535466904728, 0.333887214743, 0.463544436387, 0.385158908343, 0.282490973369, 0.290359313563, 0.262917424231, 0.464833998021, 0.443766887541, 1.24366679831, 4.63117266891e-71, 2.6980696156e-33, 5.11542898689e-156
0.0931065802623, 0.196527910293, 0.196556962272, 0.992194200983, 0.529166841337, 0.204751403793, 0.535466904728, 0.336351385123, 0.463544436387, 0.429063895883, 0.453479281766, 0.0821532972908, 0.262917424231, 0.464833998021, 1.02220259164, 0.891929730567, 4.75798964814e-71, 4.68817652488e-71, 1.6850697836e-103
0.00626404671597, 0.997205575762, 0.488221682051, 0.998916786495, 0.684482143621, 0.287039208416, 0.535466904728, 0.78384004446, 0.563678002123, 0.520514413306, 0.344273411541, 0.211767251055, 0.679999829099, 0.303715703165, 0.0807642281126, 0.496226796282, 5.7435930273e-32, 1.24636022927, 1.02329042601e-220
0.646433222586, 0.0168980840659, 0.0351597227496, 0.99319906242, 0.588523945916, 0.680120162407, 0.23351740488, 0.762246612587, 0.50916983969, 0.520514413306, 0.596471835958, 0.211767251055, 0.369030812545, 0.303715703165, 0.931493955826, 0.947414122243, 8.39595655195e-146, 1.26844790698e-177, 2.35446823382e-19
0.0268762263349, 0.00676650278257, 0.660723171715, 0.994435713898, 0.469510679067, 0.685830195281, 0.278576763935, 0.571010744694, 0.509721548285, 0.435435811766, 0.347643664545, 0.514642513555, 0.148577371336, 0.198641299316, 0.828672009236, 1.04225540036, 2.10100580166e-18, 2.27457330576e-217, 1.80843307913e-157
0.00626404671597, 0.0675727274477, 0.246004585497, 0.997317021992, 0.0313866925309, 0.409869563579, 0.815675207519, 0.586199958266, 0.509721548285, 0.435435811766, 0.347643664545, 0.514642513555, 0.148577371336, 0.303715703165, 0.55139283761, 1.42131015269, 2.97558807389e-61, 2.27194309036e-117, 1.16078387298e-220
0.654567208066, 0.196527910293, 0.0112304261656, 0.994260133429, 0.788171522385, 0.346054847064, 0.544573759551, 0.187907897304, 0.502432176049, 0.530119367998, 0.629116118127, 0.00142902387344, 0.262917424231, 0.0285095105446, 1.11102510924, 1.35311472688, 3.01286586435e-195, 6.05033931144e-71, 1.08337938097e-18
0.568320720355, 0.998580561149, 0.911468362421, 0.0617555855271, 0.684482143621, 0.409869563579, 0.23351740488, 0.539444922214, 0.690562092386, 0.520514413306, 0.344273411541, 0.211767251055, 0.679999829099, 0.568477411179, 0.267604653729, 4.91176880236e-122, 3.96071329885e-05, 1.26794697277, 5.86183074814e-25
0.0380574785704, 0.00144495606621, 0.154689500087, 0.992194200983, 0.627069137537, 0.301554169093, 0.278576763935, 0.893491229587, 0.509721548285, 0.435435811766, 0.903034317171, 0.514642513555, 0.493101529214, 0.413830084688, 1.08033487389, 0.942653443529, 1.98923156174e-81, 2.17804078018e-284, 2.4923148081e-142
0.469553417859, 0.144700821133, 0.227423916879, 0.997317021992, 0.788171522385, 0.287039208416, 0.535466904728, 0.187907897304, 0.463544436387, 0.319560085363, 0.451035155147, 0.748858009689, 0.262917424231, 0.481567187518, 0.499780407961, 1.28827021227, 1.04757272331e-64, 2.41919145599e-84, 3.19942024784e-33
0.576172792691, 0.0366125023051, 0.134993272836, 0.990879135512, 0.679973807909, 0.680120162407, 0.533232652621, 0.762246612587, 0.563678002123, 0.520514413306, 0.523989141448, 0.0332288017732, 0.544595633662, 0.565160678383, 1.10338653433, 0.801677694245, 2.30200577933e-87, 4.94122856344e-144, 2.43314735912e-24
0.0047563941181, 0.0181253519129, 0.0439469661444, 0.85614630193, 0.503294660332, 0.693176028783, 0.42272814249, 0.322052500221, 0.125553234055, 0.216583768938, 0.394643795671, 0.787926793606, 0.338791444275, 0.997634178173, 1.66312896807, 4.69725693451e-07, 5.12785481513e-136, 1.76072099308e-174, 1.39581911962e-232
0.935472400952, 0.997205575762, 0.134993272836, 0.992194200983, 0.684482143621, 0.680120162407, 0.23351740488, 0.670170796375, 0.352984521934, 0.520514413306, 0.523989141448, 0.211767251055, 0.196163466194, 0.486461253267, 0.384653550668, 0.335632036755, 8.61639830871e-88, 1.26554992969, 0.0027179052039
0.00803374439813, 0.144700821133, 0.0439469661444, 0.41942960351, 0.349305162058, 0.287039208416, 0.42272814249, 0.598633803064, 0.569597716591, 0.216583768938, 0.605853024635, 0.0549409847287, 0.338791444275, 0.997634178173, 1.65183976581, 4.78625444857e-38, 5.09304729793e-136, 2.89192719684e-84, 8.05172257719e-210
0.000810427554896, 0.693157841426, 0.00622346686233, 0.603052620848, 0.684979741647, 0.468283041265, 0.568621298075, 0.354135231257, 0.362653567156, 0.159850276632, 0.584102511655, 0.381042417507, 0.741695189293, 0.532181699661, 1.27645112574, 2.17593035601e-22, 5.07413725879e-221, 2.42850011542e-16, 1.49122765292e-309
0.0276944423995, 0.149999115272, 0.011733599, 0.0444531098346, 0.567590692056, 0.751473899332, 0.399096424481, 0.723743833612, 0.162228679193, 0.660122185931, 0.00539714758328, 0.315787217432, 0.262917424231, 0.532181699661, 1.60358917832, 1.55391712308e-135, 2.20971971299e-193, 1.02348797272e-82, 4.36994067762e-156
0.0198500812154, 0.196527910293, 0.0167956955952, 0.997317021992, 0.764199640929, 0.346054847064, 0.671052325312, 0.513663855195, 0.502432176049, 0.627604023129, 0.47539971423, 0.00142902387344, 0.535060668923, 0.464833998021, 0.503057653678, 1.29671787842, 7.23117216136e-178, 4.8065430755e-71, 1.30508263535e-170
0.603634266656, 0.0240071515716, 0.853008692748, 0.997562929472, 0.788171522385, 0.536446313916, 0.67753126069, 0.440959143523, 0.463544436387, 0.723198291701, 0.790117352357, 0.677634726824, 0.229018994838, 0.464833998021, 0.453977370962, 1.2829581097, 2.66253353958e-07, 2.31213312605e-162, 2.5546884392e-22
0.00779354168449, 0.196527910293, 0.100581114473, 0.997541536763, 0.788171522385, 0.49559661145, 0.535466904728, 0.295019003748, 0.711971078171, 0.385158908343, 0.282490973369, 0.290359313563, 0.262917424231, 0.464833998021, 0.448032789037, 1.25562208431, 3.73806681462e-100, 4.6070862408e-71, 3.12240315123e-211
0.562916898439, 0.0746465054, 0.577106248887, 0.99883901542, 0.511847232237, 0.439689775192, 0.895854856847, 0.670170796375, 0.352984521934, 0.63701741301, 0.60216612572, 0.504169690272, 0.196163466194, 0.486461253267, 0.228468111074, 1.31305113355, 2.79547644959e-24, 4.18626042579e-113, 2.31903212239e-25
0.733531739771, 0.0669920451091, 0.281874275715, 0.992194200983, 0.469019871559, 0.659216628795, 0.540798725158, 0.384471162045, 0.767491235395, 0.471867315382, 0.768604592498, 0.446752592494, 0.501681180828, 0.486461253267, 0.895772533867, 0.781612335281, 1.89140887461e-55, 7.4741995983e-118, 6.5032752463e-14
0.0230432648949, 0.997205575762, 0.115600259932, 0.00629842165405, 0.521299207887, 0.567847364727, 0.731102593296, 0.155277178391, 0.227561039022, 0.501070118856, 0.126316122839, 0.518284355786, 0.0555454401334, 0.257495033914, 0.616444294321, 8.11310074369e-221, 1.91379218032e-94, 1.52819896442, 4.64983633166e-164
0.584631244357, 0.0366125023051, 0.0971340148914, 0.989525196424, 0.684482143621, 0.680120162407, 0.533232652621, 0.762246612587, 0.563678002123, 0.520514413306, 0.508227857847, 0.0785287809872, 0.544595633662, 0.565160678383, 1.1307603487, 0.690216283633, 1.1360425649e-101, 4.79956418608e-144, 1.01499232483e-23
0.159532187349, 0.997205575762, 0.401784953345, 0.114597590016, 0.524731599549, 0.439689775192, 0.827613228009, 0.155277178391, 0.531534668843, 0.501070118856, 0.519912397011, 0.787866577029, 0.428588334354, 0.486461253267, 0.493783457, 6.41512119677e-95, 1.94546432984e-40, 1.22411607113, 3.99494789961e-80
0.244351567639, 0.065121536301, 0.0167956955952, 0.218025460935, 0.367411258846, 0.680120162407, 0.533232652621, 0.762246612587, 0.563678002123, 0.53179818158, 0.80290511892, 0.208855103615, 0.544595633662, 0.486461253267, 1.30365568447, 1.45212536569e-66, 6.77769886439e-178, 4.82776961e-119, 1.29656931389e-61
0.273212735566, 0.279400331606, 0.455268700887, 0.996721860239, 0.58060455463, 0.60439352591, 0.722695016382, 0.670170796375, 0.352984521934, 0.63701741301, 0.347643664545, 0.326190655078, 0.196163466194, 0.565160678383, 0.547488105683, 1.16398948292, 1.35596268698e-34, 8.47539687347e-56, 9.02739185811e-57
0.000483131175842, 0.350932778815, 0.00622346686233, 0.597040337317, 0.684979741647, 0.404414930304, 0.940118357941, 0.294626928003, 0.563678002123, 0.404831002407, 0.591662558811, 0.121980062381, 0.171893332948, 0.88999143965, 1.70339671001, 1.0661126075e-22, 6.7713275804e-221, 8.90900519363e-46, 0.0
0.0079359033615, 0.00378183935402, 0.622145400185, 0.0081082856264, 0.462094638411, 0.653132655395, 0.826330854098, 0.94469464321, 0.560484534827, 0.520514413306, 0.524863275887, 0.576346999658, 0.369030812545, 0.358885359698, 1.37672411534, 1.68993769275e-209, 5.29854039446e-21, 1.2743082043e-242, 1.97062440893e-210
0.308376883268, 0.997205575762, 0.200224508682, 0.0068549453743, 0.521299207887, 0.346054847064, 0.704549451378, 0.155277178391, 0.563678002123, 0.501070118856, 0.451035155147, 0.764351574118, 0.262917424231, 0.303715703165, 0.507229292541, 3.17485603224e-217, 1.1299204483e-70, 1.25744902942, 1.72396482365e-51
0.308376883268, 0.590770262864, 0.234228093541, 0.997727025373, 0.673786497929, 0.0103829929614, 0.546535534706, 0.662646189695, 0.392531476446, 0.61807620454, 0.748968225979, 0.507321193925, 0.535060668923, 0.531438609666, 0.436305046378, 1.31795202723, 2.00677930004e-63, 3.02317927964e-23, 1.76515453526e-51
0.0276944423995, 0.149999115272, 0.011733599, 0.0255334223671, 0.567590692056, 0.751473899332, 0.399096424481, 0.150341608685, 0.162228679193, 0.159850276632, 0.00539714758328, 0.315787217432, 0.741695189293, 0.532181699661, 1.76806000253, 1.42731491653e-159, 2.43635782416e-193, 1.128461187e-82, 4.81814010097e-156
