0.990922317474, 0.042427790692, 0.996352572816, 0.130259314584, 0.000253515784746, 0.403968415635, 0.575641550353, 0.300138765271, 0.384509402991, 0.921912081595, 0.56172182652, 0.618870378845, 0.810493904165, 0.972140387423, 0.396181044883, 0.639521658067, 0.5509617987, 0.597979795832, 9.72791586874e-25, 4.05086238666e-40, 0.0, 2.84240035737e-89, 1.14636841002, 1.18235001411e-137, 0.944844833622
0.134415886074, 0.998453620447, 0.51111271022, 0.0122235538095, 0.945681586134, 0.00930564458198, 0.9993725484, 0.159516096579, 0.82935536091, 0.728281743269, 0.538556050551, 0.317618963282, 0.280359112082, 0.51638138727, 0.416137398643, 0.493380373595, 0.52253031268, 0.0291350241618, 0.303956987027, 3.59388433894e-204, 0.00180059603221, 2.51579007528e-192, 3.40873808465e-30, 1.33282943163, 1.50336006063e-87
0.989275226563, 0.730990581145, 0.999618885691, 0.79317725065, 8.98344255805e-05, 0.0106500141005, 0.130614905793, 0.78436523641, 0.929841277744, 0.439045140671, 0.874707902652, 0.355855516263, 0.580820313424, 0.252897723848, 0.829883279422, 0.130379263802, 0.944577264207, 0.098090783952, 6.1238174295e-90, 8.37078833205e-199, 0.0, 1.33282472576e-11, 1.66771299619, 6.45905858774e-14, 0.988637651686
0.990922317474, 0.475829074264, 0.995908371583, 0.998641019956, 0.567407234517, 0.0585015448956, 0.143478678323, 0.418053403739, 0.98314928805, 0.728281743269, 0.407013034929, 0.472241367853, 0.983347855142, 0.681637419908, 0.0013398363802, 0.190461974967, 0.914000130237, 0.168296913555, 1.26163222521e-85, 1.37698600673e-124, 6.48161019801e-26, 0.831408053077, 1.45329403029, 1.46972259535e-32, 1.22968558031
0.134415886074, 0.49963852357, 0.995908371583, 0.684273972737, 0.000618469539321, 0.999939840088, 0.00245640252608, 0.631626072454, 0.498384522611, 0.551864688724, 0.541220302148, 0.453663073039, 0.392852563593, 0.309095496013, 0.615803528643, 0.575456981433, 0.683216051161, 0.00534058805126, 8.98798811026e-264, 0.566815657244, 1.20552017585e-321, 2.96881493847e-17, 0.971136174371, 1.29615266306e-30, 1.2363016499e-87
0.00456712420145, 0.98961977318, 0.51111271022, 0.0300500774712, 0.296265000306, 0.0607962137145, 0.0135456542778, 0.515921554572, 0.389742207367, 0.551864688724, 0.578896006739, 0.446666147047, 0.962702126174, 0.508872658509, 0.140583697074, 0.458930459349, 0.895381711597, 1.29792184631, 3.08579536459e-187, 4.97761976538e-122, 3.00194872434e-53, 1.2414465263e-152, 1.44889368911e-29, 0.801657787922, 2.207111194e-234
0.250711056038, 0.98961977318, 0.60097138507, 0.79317725065, 0.997773814441, 0.999930991016, 0.265926710922, 0.476066252628, 0.338937150586, 0.0939453037959, 0.98102780966, 0.574224680398, 0.00232225083395, 0.252897723848, 0.829883279422, 0.130379263802, 0.00565388133875, 0.0063178558992, 2.97088473462e-60, 0.584803587465, 1.80207855644, 2.57432374043e-10, 2.28569134101e-22, 1.1701965137, 2.89174765612e-60
0.998457889534, 0.719635628565, 0.156388419672, 0.995614625868, 0.889014580805, 0.189997736663, 0.627126494063, 0.287161039008, 0.389742207367, 0.728281743269, 0.585869485374, 0.223734097745, 0.0967961984725, 0.813436811428, 0.895164435897, 0.0708756585181, 0.235236884747, 0.220137310923, 1.88073845226e-21, 2.59212703538e-73, 2.6896881345e-06, 0.352186121539, 1.71778128835e-81, 3.355632859e-15, 1.81763748796
0.586044456155, 0.998563061952, 0.884904501977, 0.0823301431155, 0.997773814441, 0.0106500141005, 0.130614905793, 0.948214267219, 0.958638818121, 0.935338985824, 0.460057153542, 0.560606576868, 0.000297073473068, 0.253622056189, 0.532313726158, 0.712707148532, 0.196513591917, 0.132465821537, 8.26985445585e-90, 1.13042562068e-198, 0.408171037732, 2.42434099444e-109, 3.29873272909e-06, 2.00952309192, 2.00425215295e-23
0.128085419601, 0.593568207491, 0.991520365627, 0.266225828919, 0.992544370331, 0.999939840088, 0.408183779875, 0.287161039008, 0.523108765196, 0.0761529417099, 0.265704741404, 0.386979203814, 0.110884667736, 0.488068560642, 0.782384613123, 0.511948165338, 0.665442092555, 0.00843660842289, 1.61384593298e-41, 0.895407341331, 0.822913608942, 6.39918345991e-58, 0.964135605821, 5.42079054489e-23, 1.37078399685e-89
0.668150080968, 0.0977464852691, 0.0244104655505, 0.0521955546405, 0.986750957967, 0.274388788432, 0.0322829849589, 0.418053403739, 0.515019395587, 0.551864688724, 0.587509085353, 0.446666147047, 0.529428678642, 0.422136156397, 0.737089732695, 0.0659129691778, 0.173287527672, 1.26205958793, 1.56519378478e-149, 1.36093048779e-56, 0.554363745475, 1.25562900997e-128, 1.23912717606e-161, 2.21628022609e-101, 6.65138663777e-18
0.0103519829031, 0.98961977318, 0.999618885691, 0.79317725065, 0.000900080206175, 0.628775929623, 0.265926710922, 0.78436523641, 0.929841277744, 0.439045140671, 0.569375429863, 0.355855516263, 0.515280653581, 0.417452219096, 0.715931208174, 0.946821416832, 0.944577264207, 0.0872175968055, 4.10128738411e-59, 9.68979950576e-22, 3.67151332591e-306, 1.1850834998e-11, 1.4828500072, 0.917461021859, 8.71957263128e-199
0.989275226563, 0.949396925306, 0.991520365627, 0.0629750505406, 0.00230413757822, 0.999939840088, 0.535407347735, 0.63743957038, 0.855831783203, 0.935338985824, 0.258529036138, 0.331145477496, 0.0879850865127, 0.813436811428, 0.528723677951, 0.512660226898, 0.181364063408, 0.0113878475769, 1.32127805454e-29, 1.20863287842, 3.38278384655e-264, 1.56778328222e-120, 0.958221499747, 0.0134623351106, 0.912829890673
0.997283781383, 0.98961977318, 0.999618885691, 0.815398508033, 0.000900080206175, 0.0104929352311, 0.0299755633934, 0.78436523641, 0.929841277744, 0.439045140671, 0.982686801186, 0.208375373215, 0.767314024664, 0.448393718879, 0.829883279422, 0.130379263802, 0.944577264207, 0.0384171219945, 2.86668615474e-154, 7.41897516759e-200, 1.61720777128e-306, 8.27248428564e-11, 0.653157524543, 0.404118128599, 1.95905027273
0.231540277415, 0.482277079266, 0.393317129944, 0.995614625868, 0.525862380295, 0.0465271399114, 0.0520572403379, 0.624896953077, 0.408184709902, 0.999968241009, 0.986711443925, 0.988066211916, 0.580820313424, 0.0804181245203, 0.829883279422, 0.999799284021, 0.800159077269, 1.26169217067, 8.81429209747e-129, 1.16871589682e-133, 2.42261038896e-28, 2.01851503622, 1.1144347764e-40, 7.98786512179e-32, 1.08498427104e-63
0.00176235326609, 0.012105217094, 0.985081283604, 0.996712818906, 0.000386347736484, 0.056120353679, 0.01575646636, 0.981305121073, 0.287545567714, 0.420084607678, 0.428514845843, 0.574779227322, 0.285925204745, 0.541253964701, 0.00575326009941, 0.733523318757, 0.150275076085, 0.706384376929, 6.18078476471e-181, 9.06151675735e-126, 0.0, 1.49782112157, 0.60337929345, 5.48927198205e-192, 1.12603859578e-275
0.987313453574, 0.994662329507, 0.977765086257, 0.864411017008, 0.10381626392, 0.00821844462121, 0.0234398575526, 0.483707528383, 0.544327956992, 0.551864688724, 0.477797870905, 0.266003968637, 0.181903733653, 0.504802374467, 0.662777477669, 0.302178112166, 0.27647364943, 0.691123891392, 1.07441630801e-163, 3.27068779549e-209, 4.5942576985e-99, 5.10158492674e-07, 0.11564673372, 0.919838911567, 0.541776492079
0.134415886074, 0.49963852357, 0.995908371583, 0.999254337131, 0.000900080206175, 0.999488635074, 0.00677449918636, 0.631626072454, 0.42088701968, 0.740657689067, 0.48920427518, 0.453663073039, 0.392852563593, 0.441680118215, 0.0724213227461, 0.575456981433, 0.683216051161, 0.00586939052167, 1.1283202394e-219, 0.0747827426144, 3.15773668953e-306, 0.66154097992, 1.1406435314, 1.5223901548e-30, 1.45209242229e-87
0.989275226563, 0.0977464852691, 0.985081283604, 0.0545381086514, 0.000386347736484, 0.0167157528205, 0.0240018877626, 0.772714752999, 0.408184709902, 0.402871226125, 0.98102780966, 0.0568651599843, 0.767314024664, 0.0231386519427, 0.0100322386584, 0.946821416832, 0.151637366311, 1.92439418382, 3.19855608209e-162, 6.20880419251e-178, 0.0, 1.41390813227e-126, 0.70115706777, 3.29303566268e-101, 1.21206929523
0.0255938412389, 0.944712720832, 0.0491462244664, 0.988921367332, 0.999662328259, 0.996808365419, 0.0520572403379, 0.784882540667, 0.661359759772, 0.744830731956, 0.939224359015, 0.0415400141094, 0.493113054469, 0.584799959945, 0.0853005031877, 0.493380373595, 0.340176118558, 0.0335511717238, 2.34391426578e-130, 0.0731968065079, 1.54217673435, 0.875153441962, 3.92951030739e-131, 0.00944719488876, 1.81499636766e-159
0.989275226563, 0.98961977318, 0.988069298377, 0.058751666711, 0.000386347736484, 0.0167157528205, 0.265926710922, 0.681242379654, 0.408184709902, 0.402871226125, 0.984888600501, 0.0568651599843, 0.217636171441, 0.0231386519427, 0.0100322386584, 0.946821416832, 0.759685627532, 1.49685006703, 7.03873131187e-58, 4.82938945142e-178, 0.0, 1.87636502391e-123, 0.766005090754, 1.03855202642, 1.16957279918
0.250711056038, 0.584356739824, 0.60097138507, 0.79317725065, 0.999466797525, 0.999930991016, 0.265926710922, 0.476066252628, 0.338937150586, 0.0939453037959, 0.98102780966, 0.27743354851, 0.00232225083395, 0.252897723848, 0.467055200947, 0.370264926181, 0.00565388133875, 0.0017988471738, 8.458831119e-61, 0.166507799057, 2.03655913093, 2.77644285605e-10, 2.46514892249e-22, 1.49372113458e-23, 2.6534591273e-60
0.00737885365236, 0.989707785475, 0.985081283604, 0.0521955546405, 0.995575638569, 0.999488635074, 0.0214508560812, 0.761958226248, 0.408184709902, 0.509918643174, 0.472583798971, 0.562948451776, 0.510852854964, 0.538565609902, 0.553664944353, 0.58152689379, 0.407342411662, 0.0366388549226, 8.02647171656e-169, 0.466820881529, 0.742586969308, 7.99676095434e-129, 0.319862872208, 0.583498587743, 1.08899606205e-213
0.987964281109, 0.983915675109, 0.000644386608076, 0.0190499212241, 0.00010659691858, 0.999924981688, 0.6067392673, 0.551505204977, 0.193308325009, 0.804181338098, 0.592773721561, 0.103551235958, 0.987542476655, 0.00790067202585, 0.595829740956, 0.458169122945, 0.396626912895, 0.0185220634744, 5.80790524806e-24, 1.57758948673, 0.0, 2.418032989e-172, 2.03609393308e-319, 0.506058790921, 0.837466592753
0.987313453574, 0.134282246083, 0.99121622485, 0.991266979454, 0.998629930817, 0.0205952287435, 0.212106824139, 0.402877211198, 0.528018500428, 0.509918643174, 0.612605453425, 0.435440110504, 0.178921852683, 0.0192706964553, 0.55374869466, 0.247407058848, 0.863286551964, 0.178483086358, 1.26818052447e-68, 6.67388825611e-170, 0.874880916235, 0.683600288384, 0.855001693313, 1.40610389503e-87, 0.661867690256
0.059262887554, 0.14893272305, 0.422079801987, 0.000990553984096, 0.10381626392, 0.0106782382994, 0.998663653521, 0.411343441731, 0.82935536091, 0.670084710077, 0.521864976814, 0.453663073039, 0.280359112082, 0.51638138727, 0.085671138496, 0.108060084202, 0.00414672747303, 0.345291827853, 1.73350075117, 1.96541246787e-197, 1.17498527784e-98, 1.07475077143e-300, 9.61501285078e-38, 5.52720875986e-83, 5.26955207108e-123
0.586044456155, 0.990730832565, 0.999752797539, 0.0521955546405, 0.999471762419, 0.0106500141005, 0.129342638149, 0.950232090791, 0.338937150586, 0.935338985824, 0.977875835522, 0.530707883125, 0.00227961980804, 0.253622056189, 0.968509599241, 0.389318574719, 0.00565388133875, 0.00613437782174, 1.43900360171e-91, 5.23490344615e-200, 0.0757150303682, 6.9194947864e-130, 1.97934239047, 1.41111012846, 2.37217132117e-23
0.990922317474, 0.99623660444, 0.996787344997, 0.131020541936, 0.460953014708, 0.0138353028568, 0.0520572403379, 0.723320152293, 0.671199830965, 0.101559964654, 0.587509085353, 0.2597221515, 0.983347855142, 0.0368282149262, 0.483413561026, 0.309548336358, 0.895381711597, 0.311444411752, 2.17577796005e-129, 6.14281526657e-187, 1.13544574619e-34, 2.65118214068e-89, 0.675172618919, 1.38260719975, 1.14719387576
0.990922317474, 0.042427790692, 0.996352572816, 0.130259314584, 0.000253515784746, 0.403968415635, 0.998663653521, 0.300138765271, 0.384509402991, 0.921912081595, 0.56172182652, 0.669936732268, 0.810493904165, 0.972140387423, 0.396181044883, 0.639521658067, 0.5509617987, 0.117891157266, 0.591859966532, 4.08816946398e-40, 0.0, 2.86857790669e-89, 1.15692607671, 1.19323905925e-137, 0.9535465361
0.983879949975, 0.492292970524, 0.817371178631, 0.00612238318487, 0.987247813411, 0.999939840088, 0.0520572403379, 0.287161039008, 0.128043855737, 0.551864688724, 0.48920427518, 0.386979203814, 0.38668371612, 0.200326503724, 0.599171571358, 0.00152495546854, 0.605529650495, 0.0127873374146, 8.93334600478e-131, 1.35716572622, 0.631096001541, 1.15698580811e-221, 4.10401817053e-09, 3.92320253318e-31, 0.478246609666
0.250711056038, 0.98961977318, 0.806243293246, 0.79317725065, 0.000182396953017, 0.149109933922, 0.265926710922, 0.476066252628, 0.408184709902, 0.974760148345, 0.989411662412, 0.355855516263, 0.00232225083395, 0.193199518613, 0.66610726742, 0.130379263802, 0.00565388133875, 1.91012676782, 8.98210808578e-58, 6.72728524694e-83, 0.0, 2.5954162898e-10, 1.3298221567e-09, 1.17978444056, 2.9154409971e-60
0.987964281109, 0.99623660444, 0.000644386608076, 0.0190499212241, 0.00010659691858, 0.999924981688, 0.6067392673, 0.624926539672, 0.193308325009, 0.494000826176, 0.592773721561, 0.00246979487286, 0.250856626666, 0.0190444795016, 0.595829740956, 0.458169122945, 0.396626912895, 0.00834134487006, 2.61556930273e-24, 0.710461768496, 0.0, 1.08895248612e-172, 9.16936432117e-320, 1.32118479389, 0.758235027016
0.996089181245, 0.367707998056, 0.222052337534, 0.131020541936, 0.701043969397, 0.999891610743, 0.724307812626, 0.515921554572, 0.389742207367, 0.791731328614, 0.265704741404, 0.80173933892, 0.986312141032, 0.175265400257, 0.586848969387, 0.579843996908, 0.361283946687, 0.0133621818959, 2.06212137297e-16, 0.788965209145, 4.6533506448e-16, 6.71705884404e-89, 5.47992910706e-66, 4.40096224543e-44, 1.41319684856
0.0587331413172, 0.971507985122, 0.0720931976251, 0.988921367332, 0.995575638569, 0.959843775573, 0.000111569018324, 0.35023968649, 0.523108765196, 0.814729491188, 0.578896006739, 0.720829813157, 0.580820313424, 0.501675400147, 0.140481162568, 0.289800343915, 0.720875770133, 0.649642203788, 0.0, 0.0169413423354, 1.03058868962, 0.690461557424, 1.35458608304e-114, 0.122495222028, 1.70748061266e-123
0.548284613578, 0.299739508143, 0.989661986634, 0.0300500774712, 0.296265000306, 0.0607962137145, 0.0052373129277, 0.0673957164843, 0.389742207367, 0.551864688724, 0.578896006739, 0.621051033576, 0.446879854008, 0.508872658509, 0.140583697074, 0.458930459349, 0.895381711597, 1.28534357862, 1.64433943365e-228, 4.92938124156e-122, 2.97285659158e-53, 1.22941556559e-152, 0.798094748918, 1.12291740724e-52, 1.89040402924e-26
0.432630017937, 0.98961977318, 0.661174873654, 0.995614625868, 0.824330096349, 0.0205952287435, 0.132629635586, 0.297760366458, 0.528018500428, 0.999784595968, 0.919413546933, 0.574224680398, 0.336027864657, 0.851944493755, 0.902719657578, 0.351808337936, 0.491807607289, 0.815255405564, 2.35218350367e-88, 3.04842525304e-169, 5.21830176088e-09, 1.30428430384, 2.59862063239e-18, 0.950012650172, 1.16130772964e-36
0.254497631166, 0.99623660444, 0.993805734604, 0.600425857936, 0.000386347736484, 0.999980571201, 0.0322949162952, 0.471518177307, 0.528018500428, 0.129753607107, 0.454439477681, 0.714908071998, 0.767314024664, 9.11906075425e-05, 0.782384613123, 0.458169122945, 0.818389193353, 0.00162304175564, 2.08865107451e-152, 0.532328994688, 0.0, 5.86463174908e-23, 0.598516862393, 1.48944626454, 9.83288766163e-60
0.128085419601, 0.593568207491, 0.991520365627, 0.266225828919, 0.999516615867, 0.997451356571, 0.408183779875, 0.287161039008, 0.523108765196, 0.0761529417099, 0.265704741404, 0.386979203814, 0.465602058013, 0.488068560642, 0.782384613123, 0.511948165338, 0.665442092555, 0.028189141953, 5.39232471328e-41, 0.0763249097549, 1.0954073881, 5.77975029454e-58, 0.870808453394, 4.8960646221e-23, 1.23809377542e-89
0.33345100301, 0.986880267121, 0.678220735147, 0.994331117445, 0.986750957967, 0.999704928654, 0.0108335663293, 0.631449558371, 0.852463030641, 0.551864688724, 0.942747215651, 0.510721352289, 0.451228282459, 0.358217331991, 0.571779874642, 0.428971961301, 0.514246759162, 0.0330184868938, 1.55604342e-198, 0.722331471227, 0.317617740188, 0.974365501416, 2.70151525809e-17, 0.559117459114, 4.3357372604e-48
0.994508449753, 0.99623660444, 0.000130189205713, 0.0078939920104, 0.999142746538, 0.996974041291, 0.030831482759, 0.919108344808, 0.932423747333, 0.98146285003, 0.98101575935, 0.355855516263, 0.447858247922, 0.488068560642, 0.169257025414, 0.332869090429, 0.228646661668, 0.0309553678512, 3.85742058832e-153, 0.0710916334751, 0.597270537976, 5.07678131453e-211, 0.0, 1.11993612136, 1.62121202028
0.84903076041, 0.99623660444, 0.000644386608076, 0.0190499212241, 0.00010659691858, 0.999924981688, 0.6067392673, 0.624926539672, 0.193308325009, 0.787495301603, 0.592773721561, 0.00246979487286, 0.987542476655, 0.0190444795016, 0.595829740956, 0.458169122945, 0.27647364943, 0.0110006788454, 3.44944830185e-24, 0.936966624557, 0.0, 1.43612532083e-172, 1.20927507476e-319, 1.7423964408, 2.42533248213e-07
0.00176235326609, 0.012105217094, 0.985081283604, 0.996712818906, 0.999533456333, 0.056120353679, 0.01575646636, 0.981305121073, 0.287545567714, 0.420084607678, 0.428514845843, 0.574779227322, 0.285925204745, 0.541253964701, 0.00575326009941, 0.733523318757, 0.150275076085, 0.0505463086854, 4.4227458143e-182, 6.48409333692e-127, 0.704573600589, 1.49782112157, 0.60337929345, 5.48927198205e-192, 1.12603859578e-275
0.990159978894, 0.969478263183, 0.408145152277, 0.510212636878, 0.995575638569, 0.189997736663, 0.999899799573, 0.287161039008, 0.369802980091, 0.946114515945, 0.547777288756, 0.153531280322, 0.841834829997, 0.681637419908, 0.807391623847, 0.769118825975, 0.66656041455, 0.0120101418467, 0.766788397219, 9.03007636023e-73, 1.21616448338, 1.34563884869e-29, 2.72440505194e-39, 0.101939191609, 0.95328371253
0.190967457013, 0.0965863284355, 0.97143746146, 0.000446539318013, 0.995575638569, 0.0138353028568, 0.998663653521, 0.0843798952816, 0.569179789758, 0.562946717906, 0.541066732581, 1.02281624745e-05, 0.331758568648, 0.675563579009, 0.483413561026, 0.538265839341, 0.372377694568, 0.156780509332, 0.787099805941, 1.58294440803e-186, 1.27274754737, 0.0, 0.13065622238, 7.35790736744e-102, 2.95886442814e-72
0.694735107541, 0.482277079266, 0.996787344997, 0.15827902677, 0.0631149288349, 0.00878521858768, 0.0156024350379, 0.953737930744, 0.789509359647, 0.698456099813, 0.924306950097, 0.0131322369419, 0.392852563593, 0.253622056189, 0.881594999343, 0.232895178841, 0.00565388133875, 0.954877630978, 3.12828203135e-181, 3.55897366555e-206, 1.54624134964e-120, 1.31342330108e-80, 2.07005554291, 7.64988937485e-32, 5.44399275491e-16
0.994804601661, 0.0977464852691, 0.985081283604, 0.058751666711, 0.00010659691858, 0.0167157528205, 0.0240018877626, 0.681242379654, 0.408184709902, 0.402871226125, 0.997974355761, 0.0568651599843, 0.629479535144, 0.0231386519427, 0.0100322386584, 0.130379263802, 0.151637366311, 1.25157557649, 2.0802571043e-162, 4.03804363569e-178, 0.0, 1.56890305063e-123, 0.456014193288, 2.14170414906e-101, 1.7974894638
0.432630017937, 0.0303793329957, 0.992546553864, 0.996674222291, 0.995575638569, 0.0205952287435, 0.132629635586, 0.515921554572, 0.0363614034081, 0.0303800203183, 0.919413546933, 0.27743354851, 0.021867810319, 0.0051376401783, 0.322638627398, 0.351808337936, 0.491807607289, 0.369901120455, 1.06724261819e-88, 1.38314436068e-169, 0.5866095984, 1.45399830859, 1.48091323106, 6.22339414991e-152, 1.40562292706e-36
0.964898063, 0.367707998056, 0.288747222769, 0.131020541936, 0.992544370331, 0.999932613391, 0.724307812626, 0.297760366458, 0.389742207367, 0.253656499654, 0.541066732581, 0.80173933892, 0.994834142302, 0.0969810057311, 0.586848969387, 0.00292984081875, 0.137914770092, 0.0155163057384, 2.39455696247e-16, 1.47070852367, 1.35165263484, 1.70041828017e-88, 3.53507146558e-54, 1.11410020758e-43, 0.0881133102423
0.235174917937, 0.996860763835, 0.00518393157364, 0.999287970171, 0.240281794023, 0.659001232211, 0.256448968272, 0.11713178945, 0.871146410739, 0.460953930392, 0.998982644076, 0.44500729395, 0.810493904165, 0.358217331991, 0.198507962748, 0.0722721597932, 0.799867160347, 0.0894472977673, 1.11630461468e-60, 1.08720080805e-19, 1.65872232258e-63, 0.825043393657, 3.81118595517e-229, 1.83962586999, 4.36689724468e-63
0.586044456155, 0.656313341795, 0.999752797539, 0.0521955546405, 0.999471762419, 0.0106500141005, 0.129342638149, 0.950232090791, 0.338937150586, 0.935338985824, 0.783401902886, 0.530707883125, 0.00227961980804, 0.253622056189, 0.968509599241, 0.389318574719, 0.00565388133875, 0.0070733258704, 1.65926222664e-91, 6.03617498803e-200, 0.0873042219837, 7.97861542033e-130, 2.28230704787, 1.84474706398e-18, 2.22776686305e-23
0.668150080968, 0.701185942066, 0.995908371583, 0.0521955546405, 0.954071060369, 0.274388788432, 0.000111569018324, 0.306905697579, 0.515019395587, 0.551864688724, 0.720431607515, 0.446666147047, 0.529428678642, 0.762338480094, 0.737089732695, 0.458930459349, 0.670559177564, 0.629209617172, 0.0, 6.78502472793e-57, 0.00897463813851, 5.7320647341e-129, 1.07809874734, 7.51212790936e-16, 6.02345220459e-18
0.84903076041, 0.983915675109, 0.000644386608076, 0.0495394935124, 0.998762133183, 0.287759134149, 0.42636125978, 0.483707528383, 0.528018500428, 0.460953930392, 0.627467518, 0.446666147047, 0.987542476655, 0.680091173471, 0.204408975304, 0.0532643232367, 0.27647364943, 0.282224916, 4.21200526523e-38, 3.54508811248e-55, 1.52498477446, 7.6182346108e-131, 2.00150933787e-319, 0.497456714663, 1.99666795102e-07
0.995391137322, 0.972417252924, 0.984914807803, 0.995614625868, 0.997773814441, 0.274388788432, 0.00623821025757, 0.64107643092, 0.528018500428, 0.728281743269, 0.428514845843, 0.453663073039, 0.810493904165, 0.127989646792, 0.615803528643, 0.351808337936, 0.749448651912, 0.118900965805, 5.98833526065e-222, 1.28215775974e-57, 0.366373227724, 0.616235791463, 0.259969682868, 0.0741702815549, 1.1806016223
0.134415886074, 0.49963852357, 0.857357611975, 0.684273972737, 0.000618469539321, 0.999939840088, 0.00245640252608, 0.631626072454, 0.498384522611, 0.551864688724, 0.541220302148, 0.757219405554, 0.392852563593, 0.309095496013, 0.37681332613, 0.575456981433, 0.683216051161, 0.0112140584883, 1.88727951667e-263, 1.19018802264, 2.52961610671e-321, 6.23385740324e-17, 3.87217997156e-07, 1.37197552503e-30, 1.30862332312e-87
0.994508449753, 0.299739508143, 0.989661986634, 0.236937470658, 0.995575638569, 0.886001991516, 0.00168796339101, 0.566838936828, 0.495272164417, 0.402871226125, 0.416941542139, 0.889282803911, 0.47778020842, 0.488068560642, 0.533249136419, 0.248266321744, 0.0861856826201, 0.393962517739, 3.37191882775e-278, 3.42802980235e-06, 0.624767489323, 3.37216119308e-63, 0.458615650891, 6.45271126415e-53, 1.10842920117
0.00456712420145, 0.996949467526, 0.51111271022, 0.0300500774712, 0.296265000306, 0.0607962137145, 0.0135456542778, 0.515921554572, 0.0388937990196, 0.551864688724, 0.578896006739, 0.446666147047, 0.962702126174, 0.508872658509, 0.140583697074, 0.458930459349, 0.895381711597, 0.693577198572, 1.64897240186e-187, 2.65991637496e-122, 1.60416683978e-53, 6.63398190217e-153, 7.7425280172e-30, 1.58051131677, 2.49713555764e-234
0.250711056038, 0.134282246083, 0.661174873654, 0.995614625868, 0.995575638569, 0.0396614893209, 0.132629635586, 0.297760366458, 0.528018500428, 0.999784595968, 0.919413546933, 0.27743354851, 0.336027864657, 0.851944493755, 0.902719657578, 0.130379263802, 0.491807607289, 0.555965498583, 1.60407752645e-88, 5.9988713303e-141, 0.881680751459, 1.66757420431, 3.32242956585e-18, 1.95740810442e-87, 2.55370257069e-60
0.0255938412389, 0.948284962593, 0.718968638146, 0.559009207265, 0.780380658424, 0.996808365419, 0.0344802865391, 0.919108344808, 0.0592834985416, 0.301372797583, 0.939224359015, 0.749796841243, 0.767314024664, 0.584799959945, 0.0853005031877, 0.839564123391, 0.994764187888, 0.948077021065, 8.51236275949e-147, 2.06836920144, 6.07867193259e-11, 1.97267307448e-25, 1.67553563919e-14, 0.017662578811, 2.32658679811e-159
0.989275226563, 0.991839936653, 0.991520365627, 0.0629750505406, 0.00230413757822, 0.999939840088, 0.0299755633934, 0.63743957038, 0.855831783203, 0.935338985824, 0.258529036138, 0.331145477496, 0.0066571063283, 0.813436811428, 0.528723677951, 0.512660226898, 0.658492193341, 0.00875305978915, 6.53153438012e-155, 0.928993453466, 2.60011464527e-264, 1.20504781199e-120, 0.736519348536, 0.983034324623, 0.911415001131
0.999660388858, 0.492292970524, 0.652182376062, 0.864411017008, 0.0968808514535, 0.999488635074, 0.0322829849589, 0.515921554572, 0.650743713694, 0.431061872736, 0.584389602396, 0.574224680398, 0.445188948319, 0.488068560642, 0.459936357707, 0.610847085567, 0.665442092555, 0.00445058734265, 5.51957428477e-152, 0.0567055687469, 3.75728225603e-103, 4.19863823984e-08, 2.44334609007e-20, 1.49087959166e-32, 1.08327812798
0.989206370554, 0.262624817181, 0.985562883121, 0.378281258068, 0.995575638569, 0.959843775573, 0.0983766147091, 0.35023968649, 0.152795286581, 0.112522238771, 0.587509085353, 0.155689837521, 0.580820313424, 0.630454409002, 0.599171571358, 0.999784012994, 0.202446145195, 0.768833191363, 2.35038699199e-101, 0.0200495999456, 1.21967259301, 1.36943316746e-42, 0.554136524846, 2.0823193295e-58, 0.906435372191
0.987964281109, 0.0213193074593, 0.503024735143, 0.990438877542, 0.999787573937, 0.0146770486829, 0.0516555508584, 0.328419233134, 0.250810483274, 0.935338985824, 0.418168718509, 0.178422840604, 0.580820313424, 0.826631682555, 0.540779187818, 0.652991393307, 0.00565388133875, 0.0431047234317, 1.38785618494e-130, 3.12261337904e-185, 1.30496323058, 0.895213808976, 3.58559634878e-30, 1.87472071387e-167, 0.800176443679
0.987313453574, 0.641452175252, 0.934276428904, 0.999254337131, 0.999944090365, 0.056120353679, 0.132629635586, 0.361848501718, 0.528018500428, 0.431061872736, 0.587509085353, 0.315613201542, 0.178921852683, 0.0192706964553, 0.678325794475, 0.351808337936, 0.150275076085, 0.00140868565087, 4.06435471292e-91, 1.80706553657e-128, 0.160841398419, 1.41852282503, 0.00250190047109, 1.16723759666e-19, 0.668874292758
0.990922317474, 0.278268504695, 0.996352572816, 0.0429000104029, 0.998762133183, 0.432649997093, 0.0344802865391, 0.572131082015, 0.716096547518, 0.921912081595, 0.413291660355, 0.669936732268, 0.810493904165, 0.0624839750593, 0.396181044883, 0.622043273596, 0.790624105071, 0.113091043785, 1.01539428566e-147, 7.29824776198e-38, 0.611080418926, 1.71897968631e-137, 1.19137591778, 5.89975978127e-56, 0.98194033522
0.995171710904, 0.146688623336, 0.999618885691, 0.697501302351, 0.000442887658968, 0.628775929623, 0.0516527622829, 0.784882540667, 0.929841277744, 0.439045140671, 0.578896006739, 0.355855516263, 0.580820313424, 0.584799959945, 0.829883279422, 0.493380373595, 0.649271137543, 0.0479791472738, 1.53648231844e-130, 5.33044172929e-22, 0.0, 1.704804907e-17, 0.815728493861, 5.59833279542e-84, 1.18753473887
0.989275226563, 0.98961977318, 0.999618885691, 0.991266979454, 0.000900080206175, 0.0167157528205, 0.0275510135898, 0.78436523641, 0.929841277744, 0.439045140671, 0.98102780966, 0.355855516263, 0.767314024664, 0.0231386519427, 0.553664944353, 0.130379263802, 0.944577264207, 0.0736486959732, 1.19410643091e-157, 2.37617810413e-179, 3.10031666321e-306, 0.0563850301337, 1.57698737607, 0.975705191004, 1.09879738558
0.902032896848, 0.0836488311557, 0.700123798631, 0.0282301825288, 0.000253515784746, 0.999985052188, 0.11981006501, 0.202917902566, 0.364055949047, 0.935338985824, 0.979179099347, 0.172544547058, 0.835280937295, 0.320959990951, 0.926196538352, 0.228368425695, 0.984938105254, 0.00532168686333, 5.90880387643e-95, 2.2681528261, 0.0, 4.19915595742e-155, 1.17294441449e-15, 6.27741831913e-108, 0.000118585346635
0.999301436393, 0.250494030577, 0.620526318399, 0.0145828348931, 0.804368708586, 0.441912736831, 0.00419302353685, 0.885548258465, 0.00762241836272, 0.0908901078884, 0.911235207569, 0.0103582135614, 0.0771923647495, 0.989624649075, 0.645257566199, 0.077898746994, 0.665442092555, 0.276456405111, 7.77099373019e-239, 1.48387881123e-36, 1.5249769304e-10, 1.05182238004e-184, 8.19911787821e-22, 3.29218791422e-61, 2.59778760672
0.250711056038, 0.994669532338, 0.60097138507, 0.79317725065, 0.999466797525, 0.999930991016, 0.265926710922, 0.488342397734, 0.338937150586, 0.0939453037959, 0.98102780966, 0.560994798933, 0.00232225083395, 0.252897723848, 0.467055200947, 0.370264926181, 0.00565388133875, 0.00106447707474, 5.00555685689e-61, 0.0985318471987, 1.20514434901, 1.64297435194e-10, 1.45876456435e-22, 1.58944574729, 2.59339673521e-60
0.994508449753, 0.079183969287, 0.000644386608076, 0.0078939920104, 0.999142746538, 0.996974041291, 0.030831482759, 0.919108344808, 0.932423747333, 0.98146285003, 0.98101575935, 0.355855516263, 0.445188948319, 0.488068560642, 0.322638627398, 0.332869090429, 0.228646661668, 0.0628937888408, 7.8373417211e-153, 0.144440932042, 1.21350866438, 1.03147865508e-210, 1.57923143037e-319, 1.40449046964e-110, 1.56011550426
0.987964281109, 0.0189316091011, 0.4370648151, 0.995614625868, 0.0283829109538, 0.0937714021306, 0.0305464455739, 0.5850836589, 0.715454158003, 0.728281743269, 0.160369516695, 0.328709367287, 0.674525359126, 0.665691746702, 0.240656608565, 0.827433499778, 0.335998489136, 0.714172006521, 3.5155310824e-152, 1.80702304417e-103, 2.26785962189e-155, 1.1425662829, 2.39995185461e-36, 1.1075689899e-172, 0.681045925999
0.42993129163, 0.492292970524, 0.98226575861, 0.40650511932, 0.996481386631, 0.999763608395, 0.00623821025757, 0.631626072454, 0.369802980091, 0.730707960279, 0.797340950526, 0.453663073039, 0.879960216855, 0.904391670206, 0.314176959116, 0.289313755106, 0.117443604806, 0.0272801610675, 1.37393964239e-222, 0.74297171806, 1.47596556023, 2.09363313244e-39, 0.443948656112, 4.48530822003e-31, 5.87941868195e-37
0.059262887554, 0.14893272305, 0.422079801987, 0.000990553984096, 0.10381626392, 0.0106782382994, 0.0520572403379, 0.411343441731, 0.777826162763, 0.590415383539, 0.521864976814, 0.453663073039, 0.280359112082, 0.51638138727, 0.085671138496, 0.108060084202, 0.00414672747303, 1.71551373207, 1.1984729305e-128, 1.90754558801e-197, 1.14039064032e-98, 1.04310729976e-300, 9.33192174266e-38, 5.36447328806e-83, 5.11440268561e-123
0.586044456155, 0.482277079266, 0.996787344997, 0.0823301431155, 0.997773814441, 0.999978489396, 0.998663653521, 0.657551538957, 0.338937150586, 0.670084710077, 0.407459440274, 0.989666565854, 0.00232225083395, 0.0476093886889, 0.972280123512, 0.232895178841, 0.00565388133875, 0.000197715900366, 0.000992611565509, 0.299858589969, 0.923968821615, 5.48793345131e-109, 2.1058925243, 7.7823249243e-32, 2.2620559702e-23
0.994508449753, 0.99623660444, 0.000644386608076, 0.0078939920104, 0.000253515784746, 0.996974041291, 0.030831482759, 0.323680786063, 0.929841277744, 0.989590014886, 0.98101575935, 0.597521695326, 0.445188948319, 0.488068560642, 0.829883279422, 0.228368425695, 0.228646661668, 0.228239823666, 2.84414967742e-152, 0.524172155423, 0.0, 4.81905943822e-211, 7.37837635499e-320, 1.06308276868, 1.53891148814
0.275226925025, 0.99623660444, 0.996787344997, 0.131020541936, 0.460953014708, 0.0138353028568, 0.0520572403379, 0.978102428265, 0.671199830965, 0.101559964654, 0.587509085353, 0.2597221515, 0.983347855142, 0.0368282149262, 0.483413561026, 0.309548336358, 0.895381711597, 0.421194680872, 2.94250296023e-129, 8.30748929255e-187, 1.53556683204e-34, 3.58543538924e-89, 0.913097506418, 1.86982580613, 3.10580907213e-56
0.756403075736, 0.0977464852691, 0.985081283604, 0.815398508033, 0.000386347736484, 0.0167157528205, 0.0118438662119, 0.681242379654, 0.408184709902, 0.402871226125, 0.428514845843, 0.0568651599843, 0.767314024664, 0.0231386519427, 0.0100322386584, 0.946821416832, 0.863286551964, 1.99447812157, 7.00323097231e-193, 6.43492078034e-178, 0.0, 4.29477484573e-09, 0.726692297869, 3.41296374619e-101, 2.50233397833e-12
0.501682680329, 0.0977464852691, 0.993805734604, 0.058751666711, 0.997773814441, 0.469627190388, 0.00981559039857, 0.851483704705, 0.929841277744, 0.402871226125, 0.428514845843, 0.0568651599843, 0.580820313424, 0.0231386519427, 0.145160183406, 0.946821416832, 0.479885043521, 0.42652542126, 1.04161568352e-201, 1.00320148064e-33, 1.31426598797, 1.73207584093e-123, 1.55353887937, 3.34281655624e-101, 3.60502545851e-30
0.413368388666, 0.971507985122, 0.0720931976251, 0.988921367332, 0.621526746833, 0.959843775573, 0.000111569018324, 0.601414411967, 0.523108765196, 0.698456099813, 0.578896006739, 0.720829813157, 0.709119236383, 0.889690337337, 0.140481162568, 0.999784012994, 0.670559177564, 1.48060658221, 0.0, 0.0386111967897, 5.16047240609e-21, 0.839356005761, 1.64669553561e-114, 0.148910680372, 1.15495675557e-38
0.989275226563, 0.997815973959, 0.240286368136, 0.999585026992, 0.986750957967, 0.00930564458198, 0.000761634054538, 0.211991744093, 0.582670847538, 0.045893881876, 0.592773721561, 0.487740773556, 0.336027864657, 0.851944493755, 0.322638627398, 0.220340436233, 0.313298682302, 0.0244286240881, 5.73659648461e-314, 2.87517973589e-205, 0.0107303519389, 0.417224511026, 7.76764273858e-63, 1.31197450764, 0.814877925054
0.994508449753, 0.98961977318, 0.728065378697, 0.00203876945445, 0.995575638569, 0.886001991516, 0.00168796339101, 0.566838936828, 0.495272164417, 0.402871226125, 0.961191144988, 0.446666147047, 0.859547441945, 0.488068560642, 0.757113964582, 0.248266321744, 0.137914770092, 0.453564274302, 3.88204929975e-278, 3.94664918508e-06, 0.719287242168, 1.15485985326e-269, 2.2016862972e-14, 0.525216134497, 1.27425336178
0.983879949975, 0.079183969287, 0.503024735143, 0.431911480138, 0.702288091354, 0.0585015448956, 0.0236331229109, 0.893907727101, 0.0592834985416, 0.698456099813, 0.923541260645, 0.355527611941, 0.447858247922, 0.871725453871, 0.969847104033, 0.0494130547183, 0.376153401014, 2.06615444514, 7.30119627925e-163, 1.69050382364e-123, 1.4548327767e-15, 1.12397700637e-36, 4.67968655863e-30, 2.37142536453e-110, 0.660172273369
0.22741212474, 0.98961977318, 0.0720931976251, 0.0300500774712, 0.296265000306, 0.999891610743, 0.0135456542778, 0.515921554572, 0.389742207367, 0.474595174111, 0.0132133745167, 0.446666147047, 0.745430810154, 0.488068560642, 0.140583697074, 0.446630713813, 0.508544810063, 0.0208235192714, 4.95076952629e-189, 1.22951718253, 2.84414417176e-53, 1.17618694606e-152, 1.18944844744e-114, 0.759516745499, 1.0900637877e-64
0.989297877485, 0.339754367968, 0.0720931976251, 0.00399582717011, 0.701043969397, 0.966756073838, 0.857829146013, 0.609447446831, 0.369802980091, 0.711363300589, 0.265704741404, 0.757219405554, 0.110884667736, 0.438147579002, 0.312882754805, 0.610847085567, 0.361283946687, 1.21635767343, 4.18081519978e-07, 0.0650557517531, 7.18335320366e-16, 2.76994412603e-240, 1.17823064939e-114, 2.50210962209e-47, 0.722870289879
0.989206370554, 0.26245793963, 0.652182376062, 0.0555393666077, 0.989617411304, 0.959843775573, 0.0983766147091, 0.515921554572, 0.152795286581, 0.112522238771, 0.587509085353, 0.155689837521, 0.580820313424, 0.630454409002, 0.599171571358, 0.999972027383, 0.656880233115, 1.25088269072, 3.82405239239e-101, 0.0326204667145, 0.77263862095, 6.66368556665e-126, 6.31725061086e-19, 1.86034612973e-58, 0.86295482559
0.0255938412389, 0.968607756176, 0.0636062759691, 0.99931047411, 0.999662328259, 0.996808365419, 0.0156024350379, 0.287161039008, 0.661359759772, 0.698456099813, 0.939224359015, 0.0424838687096, 0.756827504187, 0.584799959945, 0.0853005031877, 0.503899306305, 0.766988896109, 0.00414488815477, 1.35791003118e-183, 0.00904268198916, 0.190519428991, 1.81556280194, 6.41966872404e-120, 0.118281426845, 1.87056385927e-159
0.0443290545821, 0.991999702688, 0.0720931976251, 0.0264912343161, 0.995575638569, 0.959843775573, 0.00608016183452, 0.380623800866, 0.338937150586, 0.935338985824, 0.578896006739, 0.7208970141, 0.00232225083395, 0.256318900029, 0.140481162568, 0.637660014885, 0.944577264207, 0.787861149097, 3.04848075915e-222, 0.020545810235, 1.24985843672, 4.74127704333e-158, 1.42923880151e-114, 1.25347074075, 1.41984788049e-135
0.989275226563, 0.532634549364, 0.890385049486, 0.991266979454, 0.000386347736484, 0.0167157528205, 0.265926710922, 0.681242379654, 0.929841277744, 0.402871226125, 0.687439420336, 0.0568651599843, 0.217636171441, 0.0231386519427, 0.0100322386584, 0.946821416832, 0.759685627532, 1.55308633385, 7.30317461239e-58, 5.01082835418e-178, 0.0, 1.18903421951, 2.78786304346e-05, 1.35026458665e-27, 1.15752812922
0.983879949975, 0.00971785212224, 0.452180842192, 0.466232802475, 0.997661492833, 0.999815049675, 0.527912358398, 0.611371781004, 0.187580665353, 0.935338985824, 0.712478197012, 0.348597185191, 0.451228282459, 0.434854019229, 0.225082485766, 0.838500325856, 0.996141420158, 0.0159864991155, 4.52956126221e-30, 0.555173284296, 1.63276561629, 1.96382088635e-33, 9.20524065992e-35, 1.54827433322e-201, 0.551053708265
0.983879949975, 0.99623660444, 0.503024735143, 0.434794319169, 0.192074889279, 0.0167157528205, 0.0520572403379, 0.886603469475, 0.0592834985416, 0.98146285003, 0.923541260645, 0.355527611941, 0.197031698105, 0.871725453871, 0.969847104033, 0.00479035871198, 0.0571651526884, 1.20362982872, 8.40866348718e-129, 3.88335299993e-178, 4.20408966665e-72, 1.27349995561e-36, 2.7261322813e-30, 2.23813286983, 0.811974315477
0.0275512960729, 0.0129711769592, 0.982464972957, 0.0131279966664, 0.995575638569, 0.758988328682, 0.627126494063, 0.63743957038, 0.528018500428, 0.76761529864, 0.24613910039, 0.134194563152, 0.767314024664, 0.136449635199, 0.0169360253046, 0.220340436233, 0.944577264207, 1.02997105402, 8.79953588001e-21, 1.7078693963e-12, 1.63338490464, 2.00331581318e-188, 0.529872579603, 6.24606072551e-189, 3.24990870665e-156
0.33345100301, 0.650209005113, 0.990543656451, 0.337965065768, 0.1519538372, 0.999984116775, 0.0309870358041, 0.683340266776, 0.065227167054, 0.985227072156, 0.48920427518, 0.684396069571, 0.445188948319, 0.813436811428, 0.215580398945, 0.512660226898, 0.783395140674, 0.00359219984279, 7.40429582281e-154, 1.44092848382, 3.35684127454e-82, 1.74560013618e-47, 1.00155032517, 5.56737255204e-19, 5.54057827596e-48
